0 0.000062 0.010810 100.000000 6.289308
0 0.000053 0.005175 200.000000 6.666667
0 0.000017 0.004529 300.000000 7.194244
0 0.000011 0.004479 400.000000 7.312614
0 0.000003 0.004544 500.000000 7.587254
10 0.000049 0.010504 100.000000 6.211180
10 0.000046 0.005151 200.000000 6.666667
10 0.000012 0.005169 300.000000 7.194244
10 0.000008 0.004876 400.000000 7.299270
10 0.000001 0.005175 500.000000 7.575758
20 0.000036 0.010588 100.000000 6.134969
20 0.000045 0.004830 200.000000 6.666667
20 0.000014 0.005052 300.000000 7.194244
20 0.000006 0.004989 400.000000 7.299270
20 0.000005 0.005364 500.000000 7.552870
30 0.000046 0.011747 100.000000 5.952381
30 0.000035 0.005455 200.000000 6.688963
30 0.000013 0.005649 300.000000 7.211538
30 0.000004 0.005557 400.000000 7.312614
30 0.000003 0.005844 500.000000 7.541478
40 0.000055 0.012443 100.000000 5.847953
40 0.000038 0.005659 200.000000 6.734007
40 0.000017 0.005792 300.000000 7.246377
40 0.000006 0.005632 400.000000 7.326007
40 0.000003 0.005859 500.000000 7.518797
50 0.000034 0.010099 100.000000 5.847953
50 0.000039 0.004733 200.000000 6.779661
50 0.000015 0.004852 300.000000 7.281553
50 0.000007 0.004741 400.000000 7.366483
50 0.000006 0.004970 500.000000 7.485030
60 0.000066 0.008320 100.000000 5.988024
60 0.000047 0.003546 200.000000 6.896552
60 0.000016 0.004315 300.000000 7.352941
60 0.000010 0.004096 400.000000 7.434944
60 0.000009 0.004528 500.000000 7.429420
70 0.000068 0.007502 100.000000 6.211180
70 0.000046 0.002717 200.000000 7.042253
70 0.000018 0.003980 300.000000 7.481297
70 0.000012 0.003813 400.000000 7.518797
70 0.000013 0.004350 500.000000 7.418397
80 0.000091 0.006766 100.000000 6.451613
80 0.000054 0.002435 200.000000 7.220217
80 0.000025 0.004347 300.000000 7.614213
80 0.000016 0.004033 400.000000 7.619048
80 0.000012 0.004558 500.000000 7.440476
90 0.000099 0.006771 100.000000 6.711410
90 0.000053 0.002928 200.000000 7.380074
90 0.000025 0.004790 300.000000 7.751938
90 0.000020 0.004667 400.000000 7.722008
90 0.000018 0.005311 500.000000 7.440476
100 0.000068 0.007436 100.000000 6.896552
100 0.000036 0.002368 200.000000 7.518797
100 0.000018 0.004037 300.000000 7.832898
100 0.000016 0.004345 400.000000 7.797271
100 0.000017 0.004955 500.000000 7.342144
110 0.000053 0.007243 100.000000 6.896552
110 0.000016 0.003697 200.000000 7.547170
110 0.000015 0.004697 300.000000 7.894737
110 0.000016 0.005405 400.000000 7.858546
120 0.000073 0.005917 100.000000 6.849315
120 0.000011 0.003978 200.000000 7.575758
120 0.000019 0.004940 300.000000 7.894737
120 0.000020 0.005721 400.000000 7.905138
130 0.000086 0.005032 100.000000 6.849315
130 0.000018 0.004066 200.000000 7.575758
130 0.000022 0.005061 300.000000 7.812500
130 0.000016 0.005500 400.000000 7.920792
140 0.000081 0.005229 100.000000 6.896552
140 0.000011 0.004428 200.000000 7.633588
140 0.000019 0.005277 300.000000 7.751938
140 0.000014 0.005734 400.000000 7.936508
150 0.000093 0.005050 100.000000 6.993007
150 0.000009 0.004702 200.000000 7.662835
150 0.000018 0.005558 300.000000 7.712082
150 0.000015 0.006033 400.000000 7.968128
160 0.000080 0.004000 100.000000 7.042253
160 0.000014 0.004596 200.000000 7.722008
160 0.000015 0.005389 300.000000 7.712082
160 0.000014 0.006111 400.000000 7.984032
170 0.000075 0.004277 100.000000 7.142857
170 0.000012 0.004895 200.000000 7.782101
170 0.000017 0.005715 300.000000 7.731959
170 0.000014 0.006676 400.000000 8.000000
180 0.000087 0.003080 100.000000 7.246377
180 0.000010 0.003647 200.000000 7.843137
180 0.000016 0.004731 300.000000 7.772021
180 0.000013 0.005846 400.000000 8.000000
190 0.000099 0.003160 100.000000 7.407407
190 0.000013 0.002578 200.000000 7.936508
190 0.000016 0.003833 300.000000 7.832898
190 0.000011 0.004995 400.000000 8.032128
200 0.000072 0.005713 100.000000 7.575758
200 0.000018 0.003728 200.000000 8.064516
200 0.000017 0.004895 300.000000 7.915567
200 0.000013 0.006045 400.000000 8.064516
210 0.000056 0.007735 100.000000 7.812500
210 0.000015 0.004955 200.000000 8.163265
210 0.000014 0.005726 300.000000 7.978724
210 0.000012 0.006974 400.000000 8.080808
220 0.000049 0.006973 100.000000 8.000000
220 0.000008 0.004273 200.000000 8.264462
220 0.000005 0.004983 300.000000 8.021390
220 0.000005 0.005981 400.000000 8.016032
230 0.000027 0.008982 100.000000 8.064516
230 0.000012 0.006034 200.000000 8.298756
230 0.000017 0.007272 300.000000 8.064516
230 0.000010 0.007676 400.000000 7.782101
240 0.000017 0.010234 100.000000 8.130081
240 0.000016 0.007190 200.000000 8.368201
240 0.000018 0.008311 300.000000 8.108109
240 0.000012 0.008552 400.000000 7.575758
250 0.000016 0.011057 100.000000 8.196721
250 0.000018 0.008155 200.000000 8.438819
250 0.000022 0.009307 300.000000 8.174387
260 0.000038 0.010478 100.000000 8.333333
260 0.000019 0.008227 200.000000 8.510638
260 0.000021 0.009331 300.000000 8.264462
270 0.000054 0.009992 100.000000 8.333333
270 0.000021 0.008675 200.000000 8.438819
270 0.000021 0.009501 300.000000 8.310249
280 0.000057 0.009996 100.000000 8.403361
280 0.000019 0.009498 200.000000 8.230453
280 0.000023 0.009991 300.000000 8.333333
290 0.000077 0.010729 100.000000 8.403361
290 0.000025 0.010102 200.000000 8.130081
290 0.000024 0.010546 300.000000 8.333333
300 0.000072 0.012704 100.000000 8.403361
300 0.000034 0.011782 200.000000 8.064516
300 0.000030 0.012403 300.000000 8.310249
310 0.000075 0.012669 100.000000 8.403361
310 0.000036 0.012069 200.000000 8.000000
310 0.000032 0.012974 300.000000 8.287292
320 0.000075 0.012437 100.000000 8.474576
320 0.000034 0.012244 200.000000 8.000000
320 0.000028 0.013255 300.000000 8.241758
330 0.000050 0.010556 100.000000 8.474576
330 0.000026 0.010558 200.000000 8.032128
330 0.000020 0.011349 300.000000 8.196721
340 0.000053 0.009941 100.000000 8.474576
340 0.000024 0.010327 200.000000 8.000000
340 0.000018 0.011048 300.000000 8.064516
350 0.000057 0.010493 100.000000 8.403361
350 0.000030 0.011172 200.000000 8.000000
350 0.000018 0.011437 300.000000 7.751938
360 0.000038 0.010261 100.000000 8.474576
360 0.000033 0.010732 200.000000 8.032128
360 0.000017 0.010562 300.000000 7.425743
370 0.000028 0.009320 100.000000 8.547009
370 0.000031 0.009575 200.000000 8.130081
380 0.000032 0.008088 100.000000 8.547009
380 0.000029 0.008282 200.000000 8.196721
390 0.000038 0.007899 100.000000 8.333333
390 0.000025 0.007760 200.000000 8.230453
400 0.000038 0.008506 100.000000 7.936508
400 0.000022 0.007794 200.000000 8.230453
410 0.000035 0.008770 100.000000 7.692307
410 0.000022 0.007979 200.000000 8.230453
420 0.000028 0.007856 100.000000 7.575758
420 0.000021 0.008001 200.000000 8.196721
430 0.000043 0.008078 100.000000 7.518797
430 0.000026 0.008631 200.000000 8.163265
440 0.000036 0.007862 100.000000 7.518797
440 0.000018 0.008655 200.000000 8.064516
450 0.000037 0.008080 100.000000 7.518797
450 0.000015 0.008838 200.000000 7.968128
460 0.000033 0.007717 100.000000 7.518797
460 0.000015 0.008340 200.000000 7.751938
470 0.000043 0.008335 100.000000 7.575758
470 0.000016 0.008084 200.000000 7.272727
480 0.000036 0.008414 100.000000 7.575758
480 0.000014 0.007892 200.000000 6.756757
490 0.000028 0.008182 100.000000 7.692307
500 0.000021 0.008196 100.000000 7.874016
510 0.000024 0.007797 100.000000 8.064516
520 0.000033 0.007761 100.000000 8.333333
530 0.000032 0.007838 100.000000 8.547009
540 0.000030 0.007772 100.000000 8.771930
550 0.000029 0.008633 100.000000 8.849558
560 0.000029 0.009260 100.000000 8.771930
570 0.000011 0.009046 100.000000 8.620689
580 0.000015 0.008679 100.000000 8.403361
590 0.000017 0.008967 100.000000 8.000000
600 0.000026 0.007743 100.000000 6.993007
610 0.000045 0.006499 100.000000 6.060606
