0 0.000040 0.005126 100.000000 13.513514
0 0.000018 0.003792 200.000000 13.605442
0 0.000023 0.003082 300.000000 14.084507
10 0.000038 0.004870 100.000000 13.513514
10 0.000015 0.003224 200.000000 13.698630
10 0.000020 0.002637 300.000000 14.150944
20 0.000029 0.005373 100.000000 13.513514
20 0.000027 0.003227 200.000000 13.698630
20 0.000022 0.002579 300.000000 14.285714
30 0.000030 0.005757 100.000000 13.513514
30 0.000025 0.004187 200.000000 13.793103
30 0.000018 0.003726 300.000000 14.354067
40 0.000018 0.006002 100.000000 13.333333
40 0.000034 0.003122 200.000000 13.888889
40 0.000021 0.003161 300.000000 14.492754
50 0.000029 0.005605 100.000000 13.333333
50 0.000043 0.002463 200.000000 13.986014
50 0.000022 0.002861 300.000000 14.563107
60 0.000044 0.004376 100.000000 13.333333
60 0.000046 0.002729 200.000000 13.986014
60 0.000024 0.002912 300.000000 14.634147
70 0.000057 0.002758 100.000000 13.333333
70 0.000053 0.002613 200.000000 14.184397
80 0.000070 0.003564 100.000000 13.513514
80 0.000053 0.003269 200.000000 14.285714
90 0.000072 0.003823 100.000000 13.513514
90 0.000042 0.003644 200.000000 14.492754
100 0.000065 0.004543 100.000000 13.698630
100 0.000036 0.004253 200.000000 14.705882
110 0.000067 0.005556 100.000000 14.084507
110 0.000030 0.005012 200.000000 14.814815
120 0.000074 0.005472 100.000000 14.285714
120 0.000025 0.004441 200.000000 15.037594
130 0.000057 0.006283 100.000000 14.492754
130 0.000017 0.005440 200.000000 15.151515
140 0.000046 0.006119 100.000000 14.705882
140 0.000017 0.005245 200.000000 15.384615
150 0.000043 0.004386 100.000000 14.925373
160 0.000019 0.005678 100.000000 15.151515
170 0.000037 0.006431 100.000000 15.384615
180 0.000038 0.006557 100.000000 15.384615
190 0.000062 0.007880 100.000000 15.625000
200 0.000048 0.006743 100.000000 15.625000
