0 0.000046 0.006027 100.000000 5.780347
0 0.000061 0.004248 200.000000 6.369427
0 0.000032 0.003590 300.000000 6.726458
0 0.000011 0.002134 400.000000 6.908463
0 0.000007 0.002044 500.000000 6.297229
0 0.000013 0.001624 600.000000 6.741573
10 0.000053 0.005447 100.000000 6.097561
10 0.000048 0.004523 200.000000 6.451613
10 0.000032 0.003876 300.000000 6.849315
10 0.000012 0.002344 400.000000 7.017544
10 0.000009 0.002103 500.000000 6.369427
10 0.000014 0.001564 600.000000 6.802721
20 0.000053 0.004345 100.000000 6.369427
20 0.000032 0.004312 200.000000 6.493506
20 0.000027 0.003685 300.000000 6.960557
20 0.000009 0.002417 400.000000 7.117438
20 0.000011 0.002174 500.000000 6.435007
20 0.000015 0.001658 600.000000 6.857143
30 0.000106 0.001431 100.000000 6.622517
30 0.000039 0.006497 200.000000 6.535948
30 0.000036 0.005932 300.000000 7.042253
30 0.000013 0.003876 400.000000 7.207207
30 0.000022 0.002652 500.000000 6.501951
30 0.000021 0.001042 600.000000 6.888634
40 0.000132 0.000687 100.000000 6.849315
40 0.000051 0.005689 200.000000 6.578948
40 0.000034 0.005896 300.000000 7.075472
40 0.000015 0.004114 400.000000 7.299270
40 0.000026 0.002883 500.000000 6.561680
40 0.000020 0.000876 600.000000 6.912442
50 0.000133 0.002242 100.000000 7.042253
50 0.000056 0.004483 200.000000 6.600660
50 0.000029 0.004555 300.000000 7.058824
50 0.000012 0.003817 400.000000 7.366483
50 0.000027 0.002687 500.000000 6.605020
50 0.000017 0.000968 600.000000 6.896552
60 0.000145 0.002293 100.000000 7.092198
60 0.000060 0.004004 200.000000 6.622517
60 0.000033 0.004872 300.000000 6.993007
60 0.000013 0.003984 400.000000 7.407407
60 0.000027 0.002675 500.000000 6.640106
60 0.000016 0.000935 600.000000 6.880734
70 0.000159 0.001657 100.000000 7.142857
70 0.000081 0.004736 200.000000 6.644518
70 0.000032 0.005096 300.000000 6.944445
70 0.000013 0.003947 400.000000 7.421150
70 0.000026 0.002601 500.000000 6.666667
70 0.000015 0.000812 600.000000 6.872852
80 0.000170 0.001740 100.000000 7.142857
80 0.000078 0.004184 200.000000 6.688963
80 0.000036 0.004898 300.000000 6.928406
80 0.000015 0.004224 400.000000 7.434944
80 0.000027 0.002572 500.000000 6.684492
80 0.000018 0.000764 600.000000 6.864988
90 0.000172 0.002147 100.000000 7.142857
90 0.000075 0.004722 200.000000 6.711410
90 0.000037 0.005120 300.000000 6.944445
90 0.000015 0.004446 400.000000 7.434944
90 0.000028 0.002404 500.000000 6.711410
90 0.000019 0.000738 600.000000 6.857143
100 0.000152 0.002322 100.000000 7.092198
100 0.000070 0.004925 200.000000 6.756757
100 0.000031 0.005070 300.000000 6.960557
100 0.000016 0.004334 400.000000 7.299270
100 0.000028 0.002152 500.000000 6.729475
100 0.000017 0.000763 600.000000 6.833713
110 0.000165 0.003026 100.000000 7.092198
110 0.000065 0.005399 200.000000 6.802721
110 0.000031 0.005040 300.000000 6.993007
110 0.000024 0.003793 400.000000 6.220840
110 0.000028 0.001984 500.000000 6.756757
110 0.000019 0.000740 600.000000 6.810442
120 0.000156 0.004130 100.000000 7.142857
120 0.000064 0.005013 200.000000 6.872852
120 0.000025 0.004745 300.000000 7.025761
120 0.000028 0.003845 400.000000 6.211180
120 0.000027 0.002003 500.000000 6.793478
120 0.000017 0.000935 600.000000 6.779661
130 0.000121 0.005475 100.000000 7.352941
130 0.000032 0.003116 200.000000 6.993007
130 0.000020 0.004007 300.000000 7.092198
130 0.000033 0.003542 400.000000 6.250000
130 0.000024 0.002699 500.000000 6.839945
130 0.000011 0.001643 600.000000 6.726458
140 0.000048 0.008617 100.000000 7.575758
140 0.000012 0.002106 200.000000 7.142857
140 0.000035 0.002944 300.000000 7.177033
140 0.000033 0.003901 400.000000 6.299212
140 0.000024 0.003786 500.000000 6.896552
140 0.000010 0.002185 600.000000 6.666667
150 0.000050 0.004804 100.000000 7.751938
150 0.000032 0.003203 200.000000 7.246377
150 0.000028 0.003043 300.000000 7.263923
150 0.000024 0.003611 400.000000 6.339144
150 0.000021 0.003255 500.000000 6.934813
150 0.000006 0.001634 600.000000 6.593407
160 0.000089 0.002042 100.000000 7.692307
160 0.000049 0.004562 200.000000 7.299270
160 0.000026 0.003306 300.000000 7.317073
160 0.000013 0.003510 400.000000 6.379585
160 0.000019 0.002867 500.000000 6.963789
160 0.000004 0.001154 600.000000 6.535948
170 0.000088 0.003977 100.000000 7.142857
170 0.000047 0.005498 200.000000 7.272727
170 0.000027 0.003468 300.000000 7.352941
170 0.000013 0.003520 400.000000 6.420546
170 0.000020 0.002712 500.000000 6.963789
180 0.000051 0.005323 100.000000 6.369427
180 0.000032 0.005382 200.000000 7.220217
180 0.000028 0.003522 300.000000 7.407407
180 0.000015 0.003645 400.000000 6.451613
180 0.000017 0.002782 500.000000 6.925208
190 0.000084 0.005045 100.000000 6.172840
190 0.000038 0.005121 200.000000 7.067138
190 0.000034 0.003687 300.000000 7.444169
190 0.000012 0.004011 400.000000 6.493506
190 0.000014 0.002864 500.000000 6.868132
200 0.000094 0.005101 100.000000 6.134969
200 0.000031 0.005194 200.000000 6.872852
200 0.000036 0.003886 300.000000 7.481297
200 0.000013 0.004305 400.000000 6.514658
200 0.000010 0.002874 500.000000 6.821282
210 0.000104 0.004364 100.000000 6.172840
210 0.000030 0.004852 200.000000 6.802721
210 0.000036 0.004178 300.000000 7.500000
210 0.000015 0.004583 400.000000 6.546645
210 0.000012 0.003032 500.000000 6.802721
220 0.000111 0.004327 100.000000 6.211180
220 0.000041 0.004737 200.000000 6.802721
220 0.000043 0.005144 300.000000 7.518797
220 0.000021 0.005250 400.000000 6.568144
220 0.000015 0.003321 500.000000 6.793478
230 0.000094 0.005234 100.000000 6.289308
230 0.000041 0.004553 200.000000 6.825939
230 0.000040 0.004894 300.000000 7.518797
230 0.000023 0.005110 400.000000 6.600660
230 0.000011 0.003147 500.000000 6.784261
240 0.000076 0.005634 100.000000 6.410256
240 0.000042 0.004569 200.000000 6.872852
240 0.000034 0.004698 300.000000 7.334963
240 0.000024 0.004876 400.000000 6.633499
240 0.000010 0.002897 500.000000 6.765900
250 0.000081 0.007235 100.000000 6.493506
250 0.000051 0.005498 200.000000 6.920415
250 0.000048 0.007014 300.000000 5.964215
250 0.000029 0.005855 400.000000 6.666667
250 0.000014 0.003199 500.000000 6.747638
260 0.000072 0.007720 100.000000 6.578948
260 0.000050 0.006311 200.000000 6.944445
260 0.000044 0.007582 300.000000 5.928854
260 0.000027 0.006028 400.000000 6.700168
260 0.000014 0.003198 500.000000 6.693440
270 0.000070 0.008492 100.000000 6.666667
270 0.000059 0.006925 200.000000 6.968641
270 0.000043 0.008155 300.000000 5.940594
270 0.000032 0.006489 400.000000 6.722689
270 0.000015 0.003011 500.000000 6.510417
280 0.000070 0.009641 100.000000 6.756757
280 0.000064 0.007517 200.000000 7.017544
280 0.000045 0.008385 300.000000 5.976096
280 0.000033 0.006893 400.000000 6.756757
280 0.000015 0.002886 500.000000 6.377551
290 0.000067 0.010699 100.000000 6.849315
290 0.000069 0.007913 200.000000 7.117438
290 0.000044 0.008789 300.000000 6.024096
290 0.000040 0.007571 400.000000 6.791172
290 0.000017 0.002650 500.000000 6.321113
300 0.000067 0.010299 100.000000 7.092198
300 0.000069 0.007924 200.000000 7.246377
300 0.000043 0.008734 300.000000 6.109980
300 0.000039 0.007514 400.000000 6.837607
310 0.000070 0.008879 100.000000 7.407407
310 0.000065 0.006814 200.000000 7.462687
310 0.000040 0.007873 300.000000 6.198347
310 0.000039 0.006832 400.000000 6.908463
320 0.000062 0.007022 100.000000 7.751938
320 0.000056 0.004432 200.000000 7.692307
320 0.000034 0.005667 300.000000 6.315790
320 0.000036 0.004978 400.000000 6.993007
330 0.000055 0.007723 100.000000 8.130081
330 0.000038 0.003465 200.000000 7.905138
330 0.000032 0.003400 300.000000 6.410256
330 0.000032 0.002903 400.000000 7.054674
340 0.000026 0.008142 100.000000 8.264462
340 0.000040 0.004159 200.000000 8.097166
340 0.000033 0.003952 300.000000 6.507592
340 0.000029 0.003269 400.000000 7.079646
350 0.000081 0.007701 100.000000 8.130081
350 0.000046 0.005452 200.000000 8.230453
350 0.000036 0.005176 300.000000 6.578948
350 0.000029 0.004203 400.000000 7.042253
360 0.000075 0.008040 100.000000 7.751938
360 0.000049 0.006444 200.000000 8.333333
360 0.000037 0.006307 300.000000 6.622517
360 0.000020 0.004704 400.000000 6.993007
370 0.000099 0.010105 100.000000 7.518797
370 0.000065 0.009633 200.000000 8.368201
370 0.000047 0.008941 300.000000 6.651885
370 0.000024 0.006554 400.000000 6.968641
380 0.000094 0.009487 100.000000 7.407407
380 0.000057 0.009484 200.000000 8.333333
380 0.000047 0.008523 300.000000 6.666667
380 0.000021 0.005857 400.000000 6.932409
390 0.000116 0.008077 100.000000 7.352941
390 0.000057 0.007859 200.000000 8.196721
390 0.000047 0.007615 300.000000 6.681514
390 0.000023 0.005043 400.000000 6.884682
400 0.000114 0.006761 100.000000 7.299270
400 0.000062 0.007309 200.000000 5.747127
400 0.000046 0.006863 300.000000 6.696429
400 0.000021 0.004128 400.000000 6.814310
410 0.000101 0.007286 100.000000 7.246377
410 0.000081 0.008430 200.000000 5.617978
410 0.000047 0.007253 300.000000 6.711410
410 0.000020 0.004277 400.000000 6.700168
420 0.000109 0.006795 100.000000 7.194244
420 0.000072 0.007872 200.000000 5.617978
420 0.000045 0.006884 300.000000 6.726458
420 0.000017 0.003586 400.000000 6.400000
430 0.000111 0.006404 100.000000 7.246377
430 0.000072 0.008089 200.000000 5.633803
430 0.000046 0.007586 300.000000 6.726458
430 0.000022 0.003911 400.000000 6.230530
440 0.000104 0.005984 100.000000 7.352941
440 0.000066 0.008052 200.000000 5.698006
440 0.000049 0.007707 300.000000 6.741573
450 0.000092 0.004942 100.000000 7.575758
450 0.000055 0.006424 200.000000 5.763689
450 0.000043 0.005835 300.000000 6.741573
460 0.000060 0.003216 100.000000 7.874016
460 0.000045 0.003140 200.000000 5.865103
460 0.000034 0.002664 300.000000 6.726458
470 0.000035 0.005425 100.000000 8.196721
470 0.000032 0.002348 200.000000 5.952381
470 0.000027 0.001041 300.000000 6.726458
480 0.000051 0.005079 100.000000 8.620689
480 0.000018 0.001903 200.000000 6.060606
480 0.000012 0.001349 300.000000 6.741573
490 0.000051 0.005192 100.000000 8.928572
490 0.000030 0.003625 200.000000 6.172840
490 0.000015 0.001666 300.000000 6.756757
500 0.000044 0.005068 100.000000 9.259259
500 0.000028 0.003208 200.000000 6.250000
500 0.000012 0.001117 300.000000 6.787330
510 0.000042 0.005352 100.000000 9.433962
510 0.000027 0.004085 200.000000 6.309148
510 0.000011 0.001583 300.000000 6.787330
520 0.000050 0.005334 100.000000 9.345795
520 0.000024 0.003821 200.000000 6.349206
520 0.000015 0.001351 300.000000 6.741573
530 0.000052 0.004257 100.000000 8.196721
530 0.000022 0.001069 200.000000 6.369427
530 0.000011 0.000744 300.000000 6.681514
540 0.000082 0.002573 100.000000 4.608295
540 0.000025 0.001331 200.000000 6.410256
540 0.000012 0.000869 300.000000 6.593407
550 0.000069 0.002851 100.000000 4.566210
550 0.000027 0.001021 200.000000 6.451613
550 0.000012 0.001387 300.000000 6.410256
560 0.000060 0.003397 100.000000 4.566210
560 0.000035 0.000910 200.000000 6.472492
560 0.000018 0.002006 300.000000 6.072875
570 0.000077 0.003671 100.000000 4.587156
570 0.000051 0.002539 200.000000 6.472492
570 0.000019 0.003702 300.000000 5.870842
580 0.000074 0.003683 100.000000 4.629630
580 0.000048 0.001983 200.000000 6.349206
590 0.000080 0.003616 100.000000 4.651163
590 0.000040 0.001986 200.000000 6.153846
600 0.000089 0.003953 100.000000 4.672897
600 0.000030 0.003045 200.000000 5.988024
610 0.000077 0.005133 100.000000 4.694836
610 0.000028 0.003354 200.000000 5.934718
620 0.000084 0.005926 100.000000 4.739336
620 0.000029 0.003882 200.000000 5.899705
630 0.000088 0.007157 100.000000 4.807693
630 0.000031 0.004377 200.000000 5.899705
640 0.000096 0.008958 100.000000 4.950495
640 0.000036 0.005718 200.000000 5.952381
650 0.000086 0.008090 100.000000 5.154639
650 0.000031 0.004821 200.000000 6.079027
660 0.000079 0.007675 100.000000 5.405406
660 0.000028 0.004082 200.000000 6.230530
670 0.000080 0.008845 100.000000 5.714286
670 0.000028 0.004752 200.000000 6.430868
680 0.000087 0.008310 100.000000 6.060606
680 0.000028 0.004556 200.000000 6.644518
690 0.000088 0.008275 100.000000 6.451613
690 0.000029 0.004500 200.000000 6.872852
700 0.000087 0.007946 100.000000 6.896552
700 0.000029 0.004278 200.000000 7.117438
710 0.000087 0.008004 100.000000 7.407407
710 0.000029 0.004244 200.000000 7.380074
720 0.000085 0.005937 100.000000 8.000000
720 0.000030 0.003263 200.000000 7.633588
730 0.000081 0.003219 100.000000 8.695652
730 0.000031 0.002315 200.000000 7.936508
740 0.000067 0.002846 100.000000 9.345795
740 0.000027 0.002060 200.000000 8.163265
750 0.000085 0.005733 100.000000 10.101010
750 0.000046 0.005239 200.000000 8.333333
760 0.000092 0.007745 100.000000 10.526316
760 0.000050 0.006631 200.000000 8.333333
770 0.000077 0.006619 100.000000 10.869565
770 0.000036 0.005819 200.000000 7.843137
780 0.000096 0.006719 100.000000 10.869565
780 0.000042 0.006359 200.000000 7.092198
790 0.000068 0.004534 100.000000 10.526316
800 0.000026 0.005887 100.000000 9.433962
810 0.000055 0.005410 100.000000 8.403361
820 0.000072 0.004672 100.000000 8.000000
830 0.000072 0.004816 100.000000 7.692307
840 0.000066 0.004785 100.000000 7.352941
850 0.000054 0.005664 100.000000 6.993007
860 0.000070 0.007287 100.000000 6.134969
870 0.000070 0.009955 100.000000 5.208333
880 0.000087 0.013578 100.000000 4.830918
