0.000000 -0.000000 0.078181 -0.018983
-0.140643 2.574964 0.045641 2.066662
-0.281220 5.148987 -0.016744 4.291656
-0.421837 7.724036 -0.114287 6.656567
-0.562431 10.298960 -0.246466 9.098680
-0.701879 12.869650 -0.374463 11.628936
-0.854664 15.479570 -0.540456 14.228909
-1.011589 18.173180 -0.713246 16.904539
-1.171840 20.913680 -0.890690 19.624249
-1.334841 23.709530 -1.082787 22.385056
-1.487044 26.544710 -1.253542 25.185280
-1.633363 29.422930 -1.433587 28.032394
-1.768976 32.357140 -1.583848 30.941195
-1.929780 35.330970 -1.771600 33.871151
-2.126953 38.471510 -1.976560 36.855598
-2.329940 41.561110 -2.195154 39.824165
-2.535885 44.597900 -2.421680 42.819721
-2.728914 47.592750 -2.629143 45.752426
-2.937935 50.537730 -2.854360 48.650120
-3.130185 53.464980 -3.067667 51.570881
-3.310922 56.350390 -3.281953 54.432854
-3.511313 59.225400 -3.500337 57.257629
-3.703384 62.006320 -3.729237 60.026337
-3.912602 64.697860 -3.975772 62.713772
-4.114442 67.264550 -4.215004 65.276421
-4.313021 69.714240 -4.445304 67.696358
-4.514875 72.037350 -4.692555 70.008095
-4.709494 74.175390 -4.912924 72.128433
-4.891889 76.138280 -5.133010 74.086357
-5.039038 77.925340 -5.297602 75.883644
-5.159772 79.592300 -5.451576 77.550331
-5.235209 81.135380 -5.539680 79.096474
-5.207469 82.555940 -5.516238 80.521324
-5.029560 83.885300 -5.339876 81.869514
-4.680938 85.118200 -5.007948 83.091148
-4.130089 86.200010 -4.491535 84.177811
-3.393066 87.095580 -3.780338 85.076859
-2.508137 87.820100 -2.906391 85.793716
-1.511055 88.343490 -1.911446 86.342255
-0.450022 88.747950 -0.878447 86.751068
0.676345 89.023150 0.217840 87.042023
1.832910 89.277150 1.362341 87.298477
3.089762 89.418990 2.610025 87.450851
4.475771 89.556060 3.978601 87.597740
5.974572 89.621010 5.467862 87.683388
7.614093 89.671530 7.112698 87.755371
9.420230 89.707860 8.928316 87.816933
11.388370 89.721450 10.902538 87.862640
13.505010 89.738680 13.028955 87.930115
15.773680 89.805260 15.291371 88.042511
18.156510 89.929480 17.681828 88.205360
20.581930 90.082780 20.093369 88.378662
23.034320 90.227690 22.546059 88.555199
25.478370 90.365000 24.988661 88.744301
27.909920 90.499220 27.427998 88.924408
30.340320 90.588890 29.878593 89.042046
32.740690 90.598330 32.269909 89.091248
35.110390 90.529620 34.634392 89.058899
37.430830 90.386730 36.951244 88.953270
39.683630 90.176290 39.225266 88.793304
41.863240 89.910310 41.414726 88.562263
43.959460 89.634420 43.516045 88.322990
45.922800 89.378560 45.456573 88.105408
47.726310 89.193250 47.264591 87.950966
49.366470 89.121130 48.899448 87.907379
50.939410 89.191540 50.446949 88.006317
52.464070 89.450930 51.948853 88.268997
53.889450 89.945260 53.344978 88.770226
55.133190 90.660970 54.593620 89.525108
56.158450 91.620300 55.590340 90.504974
56.967930 92.764920 56.385941 91.653870
57.539920 94.061200 56.947784 92.940399
57.927200 95.446880 57.277977 94.236664
58.277310 96.884370 57.601227 95.651962
58.589460 98.403450 57.879807 97.137779
58.940360 100.002400 58.189362 98.730553
59.343230 101.692600 58.567307 100.410461
59.798800 103.499800 58.991714 102.219452
60.309140 105.392300 59.462158 104.122185
60.819120 107.363700 59.943657 106.081482
61.355080 109.477800 60.437454 108.209869
61.874140 111.669200 60.917694 110.404587
62.417580 113.964900 61.418724 112.709656
62.973720 116.373200 61.923248 115.091850
63.512460 118.836400 62.418091 117.531204
64.057360 121.342700 62.914158 120.034859
64.655860 123.876700 63.470734 122.537369
65.262090 126.422600 64.046913 125.035507
65.864770 128.941000 64.597572 127.524521
66.510510 131.382800 65.177719 129.971710
67.135460 133.867500 65.728378 132.456772
67.748220 136.262500 66.253700 134.848297
68.311480 138.668800 66.763519 137.273224
68.830800 141.066900 67.223190 139.680618
69.359830 143.451000 67.686478 142.069641
69.844620 145.829800 68.130981 144.437210
70.257380 148.240700 68.514473 146.835403
70.634070 150.615300 68.865654 149.188843
70.952630 153.048800 69.142136 151.625732
71.236680 155.482600 69.377167 154.069519
71.430750 157.958600 69.540169 156.549103
71.592060 160.420500 69.666962 159.002182
71.705560 162.889100 69.752831 161.466461
71.811250 165.386800 69.845741 163.934341
71.901490 167.846500 69.901817 166.363602
71.944200 170.358200 69.911758 168.867752
71.944230 172.867000 69.884827 171.344131
71.880770 175.411200 69.785690 173.859665
71.759300 177.947700 69.631592 176.372009
71.629380 180.489300 69.471382 178.894073
71.495820 183.069400 69.297546 181.456223
71.389860 185.611000 69.161842 183.985550
71.229200 188.181800 68.958443 186.537491
71.075770 190.694700 68.750397 189.065918
70.908190 193.208300 68.539955 191.567352
70.732240 195.676300 68.341980 194.014404
70.587330 197.902600 68.143829 196.413910
70.462020 200.022200 67.959053 198.682068
70.336670 202.141700 67.809479 200.741196
70.211280 204.261000 67.655678 202.765900
70.085900 206.379000 67.552643 204.753616
69.986060 208.445300 67.492516 206.699020
70.007780 210.375700 67.506531 208.639069
70.026080 212.295900 67.501801 210.574875
70.017620 214.252400 67.478455 212.530518
70.013230 216.217200 67.457291 214.486694
69.972110 218.270700 67.413490 216.517761
69.934360 220.317400 67.351845 218.580154
69.972850 222.305500 67.285782 220.649445
69.981630 224.353700 67.251091 222.730423
69.981870 226.399100 67.186668 224.827560
69.949190 228.454500 67.093903 226.902283
69.907170 230.454300 67.010330 228.936035
69.859830 232.418200 66.922241 230.915039
69.810200 234.247600 66.838394 232.742554
69.754960 235.896800 66.730835 234.411713
69.602960 237.437200 66.543831 235.931747
69.315000 238.920100 66.222916 237.374115
68.846420 240.276600 65.725777 238.670135
68.166090 241.479400 65.073746 239.797241
67.318270 242.492800 64.242111 240.767975
66.332240 243.344200 63.260345 241.607239
65.260110 243.991900 62.188049 242.190536
64.140300 244.474300 61.042679 242.633820
62.867510 244.772700 59.785728 242.905518
61.458940 244.926000 58.379841 243.024979
59.947420 244.952000 56.878601 243.008469
58.335370 244.902100 55.284546 242.914978
56.595980 244.824000 53.519703 242.782455
54.694040 244.743800 51.615746 242.655212
52.650420 244.604800 49.527969 242.527435
50.451970 244.390700 47.237038 242.374969
48.058070 244.235000 44.768650 242.251389
45.515050 244.100900 42.128696 242.122238
42.921790 243.969200 39.451508 241.976181
40.316590 243.840300 36.798550 241.833511
37.706940 243.722400 34.143730 241.668335
35.094890 243.629800 31.517405 241.470993
32.472950 243.489000 28.911432 241.244370
29.851950 243.348200 26.350101 241.031479
27.264200 243.258500 23.803558 240.850586
24.724050 243.174900 21.298443 240.692261
22.210390 243.091000 18.832485 240.537857
19.736330 242.979500 16.360296 240.368362
17.311070 242.850400 13.953058 240.168579
14.901790 242.682800 11.582554 239.934265
12.542000 242.455300 9.232101 239.666702
10.258080 242.218100 6.955063 239.395447
8.077281 241.997300 4.779156 239.138229
6.032146 241.805400 2.739681 238.903580
4.114420 241.647100 0.817278 238.709396
2.325909 241.523700 -0.975958 238.560181
0.684853 241.422100 -2.630513 238.437256
-0.804697 241.361800 -4.116705 238.352112
-2.147061 241.322400 -5.465235 238.294006
-3.335045 241.321100 -6.658623 238.264435
-4.362696 241.347700 -7.668719 238.269791
-5.195608 241.375100 -8.508521 238.279373
-5.787975 241.411000 -9.086686 238.297653
-6.148943 241.435700 -9.446858 238.305252
-6.347609 241.453500 -9.636040 238.310135
-6.441034 241.457400 -9.722744 238.308609
-6.441440 241.456100 -9.716982 238.313568
-6.439927 241.462600 -9.722757 238.308289
-6.440440 241.482800 -9.727713 238.314743
-6.480607 241.498100 -9.768478 238.317551
-6.560264 241.507700 -9.852643 238.313629
-6.742488 241.516100 -10.016626 238.321838
-7.099251 241.541700 -10.376933 238.341370
-7.627305 241.597900 -10.904073 238.387894
-8.293171 241.705000 -11.569254 238.498245
-9.050632 241.890800 -12.304211 238.678650
-9.863606 242.207700 -13.121872 238.983841
-10.727660 242.661600 -13.944244 239.395660
-11.566170 243.294100 -14.792931 240.022446
-12.317670 244.121800 -15.537781 240.848846
-12.969870 245.164100 -16.220200 241.916229
-13.469580 246.441200 -16.743988 243.207779
-13.828110 247.877300 -17.119312 244.696838
-14.057520 249.558000 -17.368681 246.376816
-14.176210 251.405900 -17.528528 248.219421
-14.264690 253.405000 -17.639313 250.215927
-14.328890 255.544200 -17.728380 252.335892
-14.399650 257.837600 -17.830040 254.598450
-14.471380 260.263200 -17.924646 256.999207
-14.561590 262.807800 -18.057280 259.507294
-14.652820 265.491700 -18.193533 262.178314
-14.739760 268.254400 -18.319395 264.909180
-14.858340 271.134800 -18.463062 267.745728
-14.973530 274.134700 -18.623308 270.717926
-15.069550 277.175700 -18.774977 273.757660
-15.175210 280.293600 -18.942677 276.853638
-15.297230 283.446400 -19.108772 279.980927
-15.436590 286.619600 -19.314413 283.131104
-15.585790 289.810900 -19.547646 286.284821
-15.736240 292.959600 -19.779697 289.408051
-15.885310 296.071900 -19.995882 292.497406
-16.046970 299.165600 -20.223469 295.562744
-16.219660 302.246300 -20.450441 298.630127
-16.389710 305.314100 -20.681337 301.658173
-16.559690 308.378300 -20.905102 304.680634
-16.709350 311.458900 -21.113106 307.729279
-16.839300 314.563300 -21.324196 310.801758
-16.972270 317.709200 -21.522636 313.894287
-17.118400 320.893100 -21.723228 317.062653
-17.281700 324.127200 -21.932642 320.279877
-17.454380 327.375400 -22.137281 323.510101
-17.614190 330.593900 -22.333672 326.707794
-17.775860 333.802500 -22.532038 329.886749
-17.959610 336.995200 -22.718744 333.035431
-18.128440 340.134300 -22.912630 336.140717
-18.295640 343.191900 -23.114799 339.177307
-18.453080 346.169000 -23.326427 342.127289
-18.632610 349.056200 -23.536797 344.981415
-18.817710 351.841100 -23.757442 347.762512
-18.986450 354.488400 -23.956861 350.409241
-19.124870 356.982400 -24.132740 352.885376
-19.220930 359.289500 -24.273432 355.203217
-19.310450 361.377700 -24.401304 357.297913
-19.390050 363.254000 -24.512983 359.184174
-19.458340 364.945900 -24.611166 360.885193
-19.552440 366.417400 -24.741184 362.356354
-19.716910 367.755600 -24.914684 363.704529
-19.992010 369.044200 -25.200840 364.960968
-20.413100 370.267200 -25.658615 366.152618
-20.994480 371.390500 -26.241135 367.208740
-21.767920 372.412000 -26.918060 368.119507
-22.740410 373.381300 -27.877274 369.042297
-23.931400 374.199500 -29.054413 369.817261
-25.311900 374.775400 -30.455414 370.354645
-26.849130 375.102700 -32.036617 370.654236
-28.541320 375.088500 -33.735348 370.608398
-30.331610 374.930400 -35.496681 370.403809
-32.178580 374.714400 -37.331184 370.143372
-34.124600 374.519300 -39.268494 369.909515
-36.192510 374.312000 -41.329662 369.667572
-38.360350 374.089000 -43.479229 369.412018
-40.674090 373.890900 -45.778477 369.179382
-43.125350 373.717400 -48.234856 368.956329
-45.733890 373.570600 -50.833107 368.754517
-48.422050 373.450300 -53.516464 368.565796
-51.153580 373.336900 -56.253242 368.391205
-53.919190 373.217300 -59.027992 368.207123
-56.668140 373.082400 -61.777538 368.006134
-59.399580 372.949600 -64.502686 367.795685
-62.128270 372.797100 -67.232574 367.569794
-64.827270 372.599800 -69.942970 367.298004
-67.509200 372.402100 -72.631592 367.031769
-70.186170 372.208700 -75.297714 366.752075
-72.845340 372.028400 -77.953926 366.504364
-75.495320 371.886100 -80.617584 366.301361
-78.116050 371.787300 -83.251556 366.155762
-80.717850 371.718500 -85.869415 366.028259
-83.311780 371.694800 -88.464569 365.941681
-85.842710 371.709900 -91.009109 365.905243
-88.215690 371.734100 -93.385666 365.870758
-90.402660 371.755300 -95.576813 365.839752
-92.376860 371.747200 -97.559937 365.789337
-94.181170 371.700000 -99.365997 365.700745
-95.954170 371.610100 -101.157227 365.563263
-97.692900 371.484000 -102.899704 365.385681
-99.428840 371.332400 -104.644714 365.185944
-101.212400 371.150100 -106.426819 364.956512
-103.049100 370.929900 -108.253296 364.682098
-104.963700 370.712900 -110.177422 364.430817
-106.999900 370.469800 -112.212601 364.143372
-109.147400 370.218500 -114.353226 363.849487
-111.413900 369.990500 -116.605537 363.580078
-113.850400 369.787500 -119.033295 363.332916
-116.381500 369.587900 -121.553864 363.076355
-119.079000 369.402000 -124.241020 362.839508
-121.870500 369.312400 -127.043930 362.691101
-124.798000 369.251000 -129.949402 362.611664
-127.749200 369.222000 -132.885269 362.534332
-130.738100 369.191300 -135.851059 362.465942
-133.724900 369.151000 -138.836533 362.361115
-136.693200 369.116700 -141.802200 362.248779
-139.640200 369.026200 -144.728470 362.088776
-142.545400 368.909400 -147.648300 361.905823
-145.452900 368.800400 -150.559067 361.727753
-148.326000 368.653700 -153.438217 361.493896
-151.184500 368.483700 -156.301529 361.254883
-154.029500 368.306700 -159.136810 361.006226
-156.834000 368.110800 -161.942413 360.760315
-159.601600 367.929800 -164.700531 360.525635
-162.352900 367.769700 -167.447464 360.302917
-165.025300 367.622800 -170.116806 360.094543
-167.587100 367.473600 -172.656189 359.896667
-169.989700 367.347100 -175.049911 359.741638
-172.229800 367.237400 -177.286469 359.597412
-174.255000 367.118500 -179.316696 359.434143
-176.113500 366.976300 -181.164444 359.254517
-177.851600 366.825100 -182.915604 359.066711
-179.482200 366.619100 -184.538147 358.805908
-181.041000 366.257200 -186.072632 358.385712
-182.506900 365.700900 -187.464478 357.843353
-183.830900 364.922700 -188.693924 357.081726
-184.967900 363.901900 -189.818207 356.061462
-185.900600 362.645300 -190.704849 354.767029
-186.575700 361.163300 -191.334885 353.285767
-186.999600 359.497900 -191.731018 351.631409
-187.152300 357.675600 -191.852402 349.837555
-187.206000 355.773500 -191.860855 347.949036
-187.197400 353.800900 -191.811768 345.970032
-187.078300 351.712900 -191.652740 343.891479
-186.904300 349.515700 -191.432983 341.691803
-186.700200 347.199500 -191.196381 339.369507
-186.441500 344.761700 -190.890366 336.907959
-186.138100 342.245600 -190.562271 334.386627
-185.836200 339.600700 -190.221268 331.730072
-185.558800 336.870000 -189.883392 328.996216
-185.300200 334.088400 -189.563431 326.210175
-185.053400 331.295700 -189.266266 323.419678
-184.825700 328.513100 -188.983109 320.636505
-184.626700 325.706700 -188.731903 317.853577
-184.418100 322.895600 -188.464722 315.080353
-184.219300 320.049800 -188.212387 312.219269
-184.077900 317.187100 -188.003265 309.342163
-183.933200 314.300800 -187.818100 306.420166
-183.761600 311.460200 -187.594406 303.587250
-183.601800 308.616200 -187.372940 300.739288
-183.458100 305.794900 -187.159439 297.940948
-183.343100 303.000200 -186.978577 295.164978
-183.261300 300.211900 -186.809647 292.378967
-183.178800 297.450000 -186.652176 289.587921
-183.090500 294.684900 -186.476578 286.820465
-182.927300 291.908300 -186.232925 284.030365
-182.766600 289.099200 -185.996658 281.213074
-182.613800 286.267300 -185.763794 278.383850
-182.441900 283.385600 -185.515564 275.491089
-182.300400 280.490600 -185.303268 272.604126
-182.149900 277.557000 -185.099350 269.675140
-182.001400 274.627800 -184.891434 266.711975
-181.823500 271.689000 -184.643890 263.745422
-181.638500 268.767800 -184.395752 260.796204
-181.424600 265.787800 -184.121780 257.807648
-181.219800 262.838200 -183.837372 254.827713
-181.009300 259.844900 -183.555725 251.820831
-180.770400 256.828000 -183.248047 248.793427
-180.561000 253.860400 -182.964188 245.827789
-180.372700 250.908200 -182.696243 242.869766
-180.191000 247.979500 -182.442551 239.950485
-180.025600 245.104800 -182.203751 237.075012
-179.890000 242.301100 -182.001709 234.274643
-179.765100 239.629200 -181.814087 231.562973
-179.603400 237.077700 -181.584824 229.007889
-179.486600 234.610600 -181.403366 226.517197
-179.426200 232.293500 -181.283051 224.180511
-179.384800 230.153000 -181.185852 222.013931
-179.372900 228.203000 -181.115585 220.048752
-179.353200 226.445600 -181.051941 218.273880
-179.284500 224.889700 -180.939621 216.713394
-179.159500 223.520400 -180.785660 215.338013
-178.892900 222.222300 -180.459763 214.064972
-178.440800 221.019500 -179.970627 212.899292
-177.799300 219.912400 -179.325272 211.874619
-176.993100 218.868700 -178.476776 210.849503
-175.953700 217.908600 -177.404205 209.862396
-174.646400 217.098800 -176.087173 209.032547
-173.037500 216.423500 -174.526215 208.386780
-171.242400 215.987700 -172.757401 207.991669
-169.251700 215.748100 -170.851013 207.823151
-167.160900 215.651300 -168.833771 207.803940
-164.983800 215.579200 -166.703644 207.820190
-162.753200 215.542200 -164.489014 207.865814
-160.419600 215.517400 -162.198853 207.929123
-157.986900 215.494400 -159.803665 208.010925
-155.493900 215.476600 -157.340240 208.115494
-152.924600 215.528800 -154.801804 208.247055
-150.250300 215.556200 -152.151505 208.389526
-147.567100 215.656900 -149.443604 208.537842
-144.855900 215.751900 -146.736313 208.750046
-142.145800 215.896800 -144.035172 208.988617
-139.455100 216.087400 -141.364212 209.291290
-136.768400 216.330800 -138.699722 209.623947
-134.103700 216.562300 -136.076675 209.945282
-131.505400 216.803000 -133.451035 210.276733
-128.992800 217.018200 -130.929184 210.558334
-126.584900 217.191000 -128.549484 210.816605
-124.357100 217.330100 -126.310265 211.024704
-122.326100 217.418900 -124.262100 211.171478
-120.463500 217.466200 -122.396889 211.260788
-118.653600 217.497200 -120.556168 211.325424
-116.849600 217.495900 -118.746078 211.369263
-115.067800 217.514000 -116.945801 211.417908
-113.324000 217.535300 -115.184616 211.461777
-111.616000 217.623100 -113.472710 211.585327
-109.927700 217.875300 -111.780464 211.845367
-108.290900 218.301300 -110.161697 212.253326
-106.749500 218.945400 -108.636772 212.897247
-105.349200 219.793800 -107.233444 213.747696
-104.115500 220.834900 -106.050438 214.777527
-103.036000 222.051200 -105.044342 215.979614
-102.179100 223.400100 -104.259544 217.322906
-101.543200 224.848700 -103.683586 218.727997
-101.115700 226.383800 -103.290169 220.190216
-100.830600 227.968600 -103.027100 221.758820
-100.531100 229.501100 -102.750671 223.264938
-100.252100 231.017900 -102.471718 224.792252
-99.883990 232.463500 -102.116844 226.224060
-99.425550 233.824100 -101.656876 227.539017
-98.775880 234.872900 -101.003845 228.589264
-98.086100 235.806300 -100.321747 229.500717
-97.174270 236.468700 -99.397697 230.222565
-96.254150 236.931100 -98.437714 230.732849
-95.283150 237.358800 -97.417145 231.164993
-94.185080 237.674800 -96.250061 231.476593
-92.955310 237.898800 -94.973419 231.706055
-91.596850 238.102700 -93.578255 231.920563
-90.074690 238.248300 -92.017593 232.085602
-88.387450 238.391700 -90.294647 232.256653
-86.486290 238.540100 -88.433167 232.444153
-84.443490 238.650800 -86.410454 232.642014
-82.253860 238.746800 -84.268196 232.833817
-79.940140 238.872300 -81.983116 233.021225
-77.539590 239.011100 -79.626129 233.188797
-75.087440 239.150700 -77.205254 233.342896
-72.574930 239.313900 -74.709282 233.502396
-69.991910 239.446400 -72.124146 233.652466
-67.351620 239.548800 -69.502632 233.803528
-64.666360 239.657700 -66.858528 233.997711
-61.998030 239.808800 -64.256752 234.200806
-59.311750 239.952600 -61.637947 234.438583
-56.701950 240.109100 -59.088562 234.663910
-54.151130 240.267600 -56.536949 234.884140
-51.625940 240.427100 -54.025898 235.106659
-49.127390 240.564300 -51.546165 235.329422
-46.665870 240.712700 -49.146130 235.553452
-44.240570 240.886300 -46.730469 235.800323
-41.878960 241.088900 -44.388283 236.044388
-39.649020 241.312800 -42.143883 236.287643
-37.552430 241.539400 -40.028015 236.543884
-35.488740 241.743100 -37.964149 236.780365
-33.456700 241.939000 -35.932396 236.990372
-31.533090 242.124800 -33.995419 237.183136
-29.764560 242.287900 -32.217216 237.345413
-28.172420 242.408100 -30.614861 237.463547
-26.747170 242.468900 -29.190197 237.532547
-25.460260 242.473300 -27.897276 237.546753
-24.318710 242.437400 -26.758703 237.523697
-23.324200 242.322300 -25.785358 237.457809
-22.483780 242.186900 -24.951561 237.356903
-21.843230 242.069500 -24.321386 237.260437
-21.357270 241.937100 -23.836849 237.145966
-20.874950 241.791000 -23.356689 236.999969
-20.410090 241.641000 -22.881371 236.844498
-19.938580 241.453200 -22.450813 236.693695
-19.330890 241.150500 -21.834190 236.401215
-18.603550 240.674100 -21.115913 235.964142
-17.817550 240.000300 -20.334648 235.350586
-17.047940 239.130000 -19.545349 234.481720
-16.371440 238.041100 -18.841560 233.376907
-15.819140 236.731500 -18.267624 232.045013
-15.431720 235.164300 -17.871166 230.476334
-15.160930 233.366900 -17.584503 228.689865
-14.985430 231.359800 -17.380072 226.687759
-14.879450 229.166100 -17.253792 224.485275
-14.834570 226.783800 -17.177372 222.090042
-14.805910 224.227300 -17.088350 219.548645
-14.776150 221.503700 -16.994673 216.815430
-14.726190 218.625200 -16.882105 213.937943
-14.646810 215.602400 -16.737226 210.946655
-14.509690 212.459600 -16.550381 207.848099
-14.353480 209.201300 -16.328331 204.606400
-14.179740 205.869600 -16.097921 201.294724
-13.962380 202.478800 -15.815165 197.915146
-13.739120 199.045100 -15.543896 194.494171
-13.514930 195.572200 -15.249966 191.037170
-13.275440 192.054900 -14.959024 187.539688
-13.052000 188.499600 -14.693025 183.988434
-12.854570 184.884700 -14.420047 180.386795
-12.675140 181.220200 -14.180250 176.720001
-12.508030 177.502000 -13.962152 172.999756
-12.341190 173.718700 -13.726814 169.205032
-12.175010 169.898000 -13.503030 165.380905
-12.018250 166.028100 -13.284255 161.489243
-11.841350 162.134100 -13.060869 157.619980
-11.655180 158.220500 -12.827369 153.689209
-11.466580 154.287300 -12.577692 149.783249
-11.281310 150.320000 -12.331654 145.891617
-11.057620 146.379100 -12.072115 142.027130
-10.815240 142.443600 -11.795357 138.168259
-10.570550 138.517900 -11.515117 134.325760
-10.333980 134.639100 -11.235142 130.532394
-10.123240 130.785800 -10.958665 126.744171
-9.914350 127.027500 -10.669363 123.029892
-9.696148 123.395700 -10.389443 119.467422
-9.493383 119.914400 -10.135041 116.025627
-9.310280 116.607700 -9.913551 112.757828
-9.151332 113.442300 -9.706652 109.652214
-9.017561 110.482000 -9.528650 106.723465
-8.888960 107.744800 -9.364664 104.042313
-8.774269 105.222900 -9.227545 101.577072
-8.679794 102.918000 -9.094760 99.330719
-8.504861 100.812800 -8.886477 97.288055
-8.163715 98.919720 -8.537372 95.480042
-7.618518 97.243660 -7.984411 93.872742
-6.858427 95.725240 -7.239470 92.439941
-5.899838 94.392380 -6.288322 91.169670
-4.759829 93.253900 -5.164940 90.135284
-3.450087 92.348760 -3.890263 89.257278
-1.973871 91.691730 -2.437115 88.678459
-0.436803 91.261860 -0.989485 88.316093
1.138073 91.026340 0.523055 88.168968
2.751248 90.881970 2.086186 88.085976
4.431705 90.766140 3.740233 88.049904
6.211745 90.683570 5.507937 88.038078
8.081090 90.578530 7.376783 88.013206
10.076580 90.469280 9.373579 87.979881
12.205890 90.365360 11.508921 87.947647
14.489810 90.290310 13.788685 87.949081
16.910510 90.321490 16.203686 88.041893
19.453620 90.459650 18.748247 88.233040
22.045730 90.671110 21.332897 88.500023
24.644280 90.895340 23.948294 88.767731
27.207850 91.064010 26.520727 88.972107
29.764780 91.130150 29.092201 89.073044
32.287690 91.085550 31.634584 89.074379
34.803420 90.937800 34.162407 88.985634
37.325120 90.728940 36.688175 88.835564
39.896170 90.508470 39.268261 88.684349
42.547960 90.289960 41.938316 88.544861
45.244630 90.097810 44.639820 88.411491
47.943020 89.903610 47.326019 88.290268
50.617990 89.629730 50.025475 88.091896
53.252150 89.185630 52.656719 87.715363
55.814150 88.557720 55.208790 87.167915
58.313300 87.791630 57.713303 86.469009
60.805470 86.920740 60.204201 85.654526
63.322020 85.994100 62.710793 84.795937
65.833720 85.055040 65.203232 83.916359
68.406220 84.080780 67.761307 83.005081
70.998610 83.045350 70.349831 82.029755
73.578520 81.879280 72.942329 80.924606
76.170160 80.586970 75.530731 79.693939
78.819830 79.219290 78.183907 78.380653
81.480420 77.842690 80.834015 77.063545
84.108690 76.469870 83.446991 75.767761
86.695220 75.055290 86.034897 74.429077
89.188920 73.556030 88.526749 72.996773
91.573040 71.968490 90.931870 71.467911
93.850380 70.285940 93.223450 69.848831
96.020560 68.521450 95.408287 68.146408
98.103890 66.740880 97.512306 66.426895
100.107700 65.034010 99.554901 64.770325
101.996900 63.459780 101.461182 63.259506
103.764900 62.070330 103.246246 61.914486
105.408600 60.801050 104.910400 60.691467
107.003200 59.530310 106.524475 59.466034
108.589500 58.247390 108.102112 58.229500
110.134700 56.970520 109.652863 56.999336
111.717500 55.637520 111.259216 55.704269
113.353400 54.247110 112.918678 54.349739
115.077800 52.831180 114.668076 52.988075
116.904200 51.439420 116.500641 51.640770
118.836800 50.054850 118.438782 50.299072
120.853600 48.602090 120.450829 48.889709
122.938000 47.083700 122.585953 47.402725
125.092700 45.485300 124.771881 45.850674
127.330000 43.820780 127.045380 44.233311
129.637600 42.087830 129.374466 42.544651
131.967100 40.344760 131.737915 40.837570
134.297900 38.609850 134.090851 39.158092
136.621900 36.849050 136.464401 37.436638
138.949900 35.131110 138.823364 35.762146
141.293500 33.464730 141.193054 34.127090
143.603900 31.795640 143.563705 32.490723
145.871800 30.121580 145.856781 30.850891
148.133300 28.418200 148.142654 29.192432
150.347600 26.750990 150.368530 27.583149
152.506100 25.137140 152.545410 26.022575
154.521200 23.603510 154.578217 24.548515
156.409800 22.104300 156.497528 23.088531
158.102600 20.729550 158.208496 21.768326
159.605700 19.470090 159.749557 20.569260
161.034400 18.328640 161.178619 19.484772
162.527500 17.369930 162.649017 18.586311
164.102000 16.690040 164.202576 17.953964
165.725700 16.231240 165.817596 17.507118
167.465400 15.980230 167.531693 17.318289
169.275300 15.912810 169.332443 17.261557
171.157200 15.957740 171.198547 17.300390
173.098700 15.972680 173.130737 17.312265
175.120500 15.945180 175.156921 17.299681
177.167200 15.872150 177.193420 17.233681
179.305300 15.756280 179.329193 17.135254
181.477000 15.604010 181.472061 16.985371
183.703700 15.412020 183.691895 16.825008
185.980700 15.238130 185.944763 16.669630
188.280500 15.072990 188.239334 16.539616
190.577500 14.896800 190.547928 16.389982
192.894300 14.714610 192.879715 16.256855
195.244200 14.510220 195.229279 16.101055
197.633500 14.283820 197.608612 15.918120
200.090000 14.030130 200.052795 15.711754
202.592100 13.785300 202.560989 15.499002
205.104900 13.534110 205.066422 15.297140
207.640700 13.310070 207.570496 15.127174
210.148900 13.111090 210.056015 14.975626
212.697300 12.915740 212.598145 14.823441
215.224700 12.737830 215.102386 14.668242
217.808000 12.513180 217.680832 14.480892
220.389500 12.282700 220.256775 14.281088
223.037500 12.068550 222.923996 14.088062
225.699900 11.872960 225.575256 13.932150
228.380800 11.657570 228.239395 13.747494
231.063800 11.400770 230.919662 13.538746
233.768800 11.157120 233.629730 13.337610
236.452700 10.908570 236.335861 13.138569
239.115400 10.628320 239.003098 12.900848
241.756200 10.390980 241.660553 12.691648
244.376200 10.177670 244.325684 12.492836
246.942400 9.977031 246.931686 12.325748
249.503100 9.796410 249.530075 12.178789
251.962400 9.616742 252.022629 12.045453
254.329800 9.452561 254.376160 11.923615
256.557200 9.297183 256.589294 11.807884
258.681500 9.140396 258.717499 11.684263
260.487900 8.870715 260.737732 11.528059
262.171000 8.558198 262.641907 11.310457
263.852900 8.246051 264.432343 11.022717
265.533700 7.934305 266.051544 10.697571
267.212200 7.623220 267.504211 10.374268
268.719700 7.309828 268.762726 10.056023
269.768600 7.040605 269.812042 9.815895
270.654800 6.869143 270.697968 9.662888
271.433400 6.780906 271.484589 9.577606
272.188300 6.798910 272.237671 9.612669
272.939800 6.915555 272.952118 9.754633
273.674100 7.139266 273.654236 9.998608
274.435500 7.486302 274.380219 10.386581
275.206100 8.021776 275.106659 10.888756
275.841400 9.123003 275.782959 11.669907
276.399700 10.403880 276.391602 12.633354
276.938800 11.672800 276.893951 13.793686
277.461700 12.927990 277.302856 15.160995
277.969300 14.165350 277.707367 16.755928
278.402000 15.600760 278.030731 18.576408
278.675500 17.540870 278.246887 20.557449
278.887100 19.689590 278.409271 22.736282
279.050300 22.004090 278.515564 25.090960
279.153100 24.513040 278.599030 27.612122
279.310000 27.147550 278.716583 30.276886
279.492000 29.910160 278.863403 33.074959
279.682000 32.722430 279.035065 35.903351
279.891600 35.618700 279.234222 38.792107
280.117300 38.587970 279.439026 41.769501
280.340800 41.563150 279.639923 44.747208
280.553900 44.602790 279.815430 47.794621
280.757500 47.669170 279.991119 50.843952
280.966700 50.717990 280.164520 53.868332
281.189800 53.763250 280.348236 56.882652
281.387500 56.840290 280.543243 59.910217
281.609200 59.915920 280.731659 62.948746
281.892800 62.993940 280.978058 65.973129
282.168100 66.061440 281.223450 69.007706
282.386200 69.137860 281.419739 72.024384
282.581400 72.205720 281.586304 75.041634
282.741100 75.260420 281.738159 78.079514
282.945600 78.300480 281.916321 81.093452
283.185400 81.322840 282.116425 84.077042
283.441700 84.363870 282.323120 87.103195
283.683800 87.353300 282.532593 90.063339
283.940100 90.352150 282.757324 93.072357
284.231300 93.355260 283.028137 96.084610
284.541900 96.345100 283.319916 99.083458
284.938000 99.320580 283.697876 102.084595
285.395000 102.259500 284.119080 105.021507
285.844100 105.163200 284.542755 107.936584
286.321900 108.053700 284.963196 110.801147
286.793800 110.912200 285.423309 113.688263
287.216900 113.736500 285.810608 116.484138
287.630900 116.518500 286.194519 119.254883
288.058700 119.219300 286.586212 121.973785
288.448800 121.780900 286.929382 124.561020
288.846400 124.280600 287.283630 127.050217
289.285300 126.630100 287.683777 129.434204
289.743500 128.835400 288.106079 131.642792
290.213000 130.821100 288.552490 133.640472
290.683600 132.626000 288.990051 135.454208
291.166200 134.262000 289.439972 137.108459
291.580800 135.832500 289.844238 138.695129
291.961700 137.426400 290.192993 140.291443
292.194000 139.020100 290.414948 141.879898
292.237900 140.604400 290.431488 143.453110
291.762300 142.158200 290.198059 145.025177
290.662500 143.578100 289.716736 146.541565
289.562400 144.964600 288.936707 148.032486
288.468100 146.318100 287.852264 149.375137
287.386000 147.641500 286.482056 150.589951
286.399400 148.976200 284.874023 151.604843
284.571900 149.919400 283.063782 152.511032
282.598600 150.835500 281.088135 153.428848
280.553400 151.805400 279.042908 154.383331
278.418500 152.847000 276.907288 155.401764
276.187000 153.972900 274.686096 156.490173
273.848800 155.201700 272.342957 157.675049
271.423500 156.516000 269.905853 158.956909
268.909500 157.880900 267.377502 160.271545
266.393100 159.278800 264.855896 161.626816
263.831700 160.712200 262.307281 163.035355
261.343100 162.229400 259.797791 164.530350
258.927700 163.839100 257.371033 166.080750
256.567900 165.515700 255.008881 167.704514
254.220600 167.219800 252.643860 169.375137
251.812400 168.915300 250.216568 171.024750
249.342900 170.564800 247.707764 172.609009
246.829700 172.171100 245.175095 174.161316
244.268800 173.728400 242.604752 175.658020
241.687800 175.211100 240.020599 177.078018
239.066600 176.646400 237.390594 178.454117
236.435100 178.027700 234.737640 179.773529
233.828600 179.391700 232.113556 181.084656
231.251200 180.752600 229.502411 182.399185
228.707700 182.113100 226.955414 183.715332
226.214900 183.484500 224.440170 185.040268
223.769900 184.811700 222.001160 186.313034
221.367300 186.107100 219.583405 187.555573
219.059200 187.344000 217.262421 188.738388
216.843700 188.521200 215.033386 189.873032
214.730300 189.612200 212.912827 190.921753
212.761600 190.600600 210.932816 191.878937
210.934100 191.518800 209.079712 192.761383
209.293500 192.364900 207.420517 193.569794
207.831400 193.113300 205.933914 194.292343
206.576700 193.798300 204.660034 194.949478
205.539900 194.395600 203.603439 195.533127
204.729700 194.901600 202.776978 196.020493
204.122300 195.321500 202.148331 196.440155
203.546300 195.745200 201.559723 196.841827
203.042900 196.282400 201.001297 197.262146
202.515700 196.788100 200.423828 197.685669
201.945400 197.325500 199.833786 198.178009
201.195300 198.000000 199.061340 198.809128
200.227400 198.808500 198.070648 199.586838
199.076800 199.760000 196.893723 200.516327
197.730700 200.791700 195.533890 201.507080
196.253000 201.872000 194.036453 202.555176
194.623700 202.967100 192.395172 203.623779
192.619800 204.117900 190.620056 204.704697
190.615300 205.269000 188.682617 205.796021
188.611600 206.419500 186.669983 206.905273
186.608000 207.569800 184.582062 208.023712
184.604500 208.720100 182.410339 209.168167
182.452000 209.923800 180.147491 210.352997
180.162600 211.202300 177.852386 211.600281
177.855000 212.473600 175.524155 212.840073
175.554100 213.761200 173.226166 214.085190
173.260900 215.031900 170.908493 215.328262
171.006800 216.296100 168.633514 216.553741
168.770100 217.549300 166.377045 217.758438
166.635700 218.725900 164.214294 218.901337
164.640400 219.823800 162.190155 219.962143
162.800000 220.792300 160.336685 220.885742
161.109900 221.618400 158.625046 221.676819
159.510500 222.334400 157.022034 222.355270
157.845500 222.860900 155.344421 222.865601
156.181300 223.202900 153.716492 223.158615
154.511100 223.364000 152.057190 223.275208
152.786900 223.350100 150.331741 223.212357
150.969000 223.245000 148.496246 223.071381
149.048400 223.060600 146.557755 222.865738
146.999200 222.886700 144.471497 222.669785
144.811400 222.709100 142.273712 222.465424
142.452400 222.507300 139.885330 222.237946
139.985700 222.307100 137.397415 222.009003
137.342300 222.162600 134.741760 221.823776
134.568800 222.029900 131.998383 221.656570
131.695500 221.932100 129.097473 221.506683
128.711000 221.803000 126.088493 221.338989
125.647300 221.650100 123.012573 221.151596
122.615400 221.500000 119.960289 220.964310
119.543800 221.309500 116.882736 220.734314
116.511500 221.102100 113.832184 220.494324
113.516800 220.903600 110.819931 220.257278
110.545200 220.708000 107.833130 220.028290
107.636200 220.532300 104.915871 219.815353
104.717200 220.373700 101.989449 219.621155
101.840600 220.218600 99.100845 219.421616
98.994700 220.067300 96.248848 219.243729
96.181550 219.895100 93.440033 219.028671
93.438620 219.686500 90.690865 218.804520
90.855460 219.500600 88.061646 218.552383
88.388610 219.326300 85.581612 218.311127
86.123680 219.157800 83.285461 218.096756
84.049970 219.045300 81.197464 217.938278
82.152880 219.016300 79.270096 217.879913
80.388010 219.115100 77.484261 217.921570
78.664760 219.366200 75.752129 218.162964
77.016290 219.796000 74.055321 218.548813
75.461480 220.446100 72.466064 219.162689
74.069090 221.411200 71.077988 220.073303
72.862850 222.604000 69.835602 221.269165
71.841850 224.015300 68.781708 222.613998
71.023420 225.699900 67.958916 224.254242
70.421670 227.540000 67.304535 226.059189
70.034550 229.518400 66.888145 228.017166
69.813760 231.610700 66.630959 230.114471
69.670080 233.800300 66.473663 232.315109
69.603690 236.022800 66.380913 234.581451
69.545910 238.342600 66.277008 236.927994
69.499400 240.719700 66.170097 239.346008
69.469400 243.192800 66.092506 241.784302
69.384530 245.776400 65.954918 244.351120
69.232580 248.432800 65.769516 246.987946
69.094640 251.146000 65.569458 249.699860
68.950990 253.982700 65.376999 252.512146
68.811860 256.917100 65.184189 255.449020
68.650580 259.920100 65.010849 258.427368
68.462200 263.082100 64.806656 261.550903
68.288560 266.252800 64.608398 264.658356
68.096650 269.464100 64.386414 267.832184
67.903830 272.683000 64.162056 271.021576
67.721470 275.872400 63.939507 274.190552
67.525460 279.043300 63.698036 277.335480
67.317450 282.219100 63.452698 280.469971
67.111650 285.343500 63.205177 283.571594
66.901350 288.508400 62.985611 286.668701
66.688140 291.652400 62.744705 289.736145
66.478800 294.782200 62.509033 292.828003
66.289190 297.878200 62.321606 295.835999
66.078070 300.944500 62.075844 298.881134
65.826270 304.008500 61.811073 301.900635
65.573590 307.018200 61.542847 304.855438
65.274710 310.032300 61.227337 307.808289
64.924470 313.030600 60.865540 310.745605
64.540610 315.995300 60.445026 313.699585
64.089990 318.947600 59.968166 316.596924
63.671720 321.903700 59.532299 319.513977
63.304260 324.895900 59.142319 322.462769
62.967580 327.898100 58.782597 325.422394
62.699080 330.909200 58.491768 328.397583
62.553590 333.929000 58.269188 331.408295
62.402330 336.963400 58.035362 334.432587
62.266570 340.021300 57.825085 337.470795
62.116500 343.035800 57.622185 340.484802
61.993500 346.032900 57.441925 343.491913
61.866370 348.989100 57.264641 346.446533
61.760870 351.857800 57.119896 349.278595
61.679290 354.611700 56.971588 352.012421
61.586300 357.261400 56.839954 354.636322
61.550600 359.776900 56.755051 357.140045
61.577240 362.145700 56.735210 359.514099
61.603020 364.290800 56.729179 361.664917
61.628690 366.323100 56.721710 363.700989
61.649880 368.352400 56.700489 365.726257
61.624730 370.355800 56.633980 367.713013
61.511180 372.339500 56.475487 369.661407
61.271590 374.388200 56.185505 371.684601
60.966710 376.528400 55.820938 373.810150
60.637150 378.796200 55.447144 376.055115
60.324540 381.208000 55.092899 378.440735
60.065570 383.741300 54.789860 380.964142
59.884830 386.413700 54.564865 383.634125
59.789830 389.195600 54.426262 386.399963
59.765420 392.106700 54.328876 389.335266
59.766400 395.121300 54.249714 392.351685
59.728620 398.268800 54.133247 395.499878
59.673270 401.492900 54.005554 398.699615
59.575390 404.694600 53.834450 401.885254
59.425140 407.916600 53.618698 405.083710
59.267000 411.104300 53.401329 408.249237
59.084670 414.257800 53.165855 411.378479
58.913680 417.417100 52.942482 414.505768
58.748810 420.528100 52.718571 417.605377
58.574140 423.604200 52.512459 420.661774
58.437200 426.635400 52.334095 423.681976
58.286850 429.523300 52.121574 426.561462
58.117570 432.280500 51.914215 429.319458
57.924100 434.902000 51.664646 431.928802
57.663190 437.382700 51.378052 434.384888
57.368250 439.710400 51.053028 436.712921
57.036690 441.889000 50.685974 438.876678
56.656850 443.874800 50.278114 440.854401
56.323860 445.645400 49.920792 442.608612
56.148660 447.270100 49.723026 444.223969
56.616130 448.530800 49.780880 445.724213
57.333540 449.649800 50.092983 447.060913
58.025620 450.723300 50.683151 448.202026
58.683230 451.752100 51.508621 449.205902
59.300760 452.745900 52.518921 449.963867
60.051910 453.493100 53.625748 450.532471
61.232100 453.863600 54.812347 450.900360
62.575150 454.072200 56.128288 451.094421
64.075560 454.193600 57.629135 451.216156
65.729870 454.237800 59.259735 451.281555
67.536180 454.320400 61.048470 451.387115
69.481920 454.413600 62.987267 451.520538
71.568440 454.517900 65.054352 451.672760
73.783230 454.637300 67.257416 451.849121
76.158670 454.789800 69.602303 452.067444
78.646770 454.943100 72.070602 452.290100
81.225870 455.115600 74.627625 452.530670
83.916780 455.302300 77.293961 452.782104
86.702020 455.456700 80.064240 453.010223
89.526350 455.578300 82.875336 453.207642
92.412350 455.733700 85.715897 453.434418
95.328570 455.895400 88.604683 453.668823
98.249890 456.054300 91.506699 453.911926
101.184100 456.224200 94.408951 454.137787
104.093100 456.393100 97.320175 454.364349
106.998900 456.525600 100.203674 454.566620
109.897200 456.654500 103.079849 454.755188
112.749700 456.816600 105.920334 454.976990
115.610200 456.965500 108.777695 455.200531
118.400100 457.099300 111.557556 455.404541
121.145900 457.258900 114.297798 455.625031
123.876500 457.448100 117.021385 455.867676
126.583800 457.666500 119.725670 456.141144
129.241600 457.972700 122.369324 456.502106
131.877300 458.360200 124.981659 456.953278
134.472300 458.810900 127.553024 457.463684
137.047800 459.328100 130.111206 458.027496
139.578900 459.909300 132.621796 458.643890
142.082300 460.548100 135.111328 459.336487
144.536100 461.240400 137.566727 460.093170
146.935100 462.035700 139.933350 460.933533
149.323900 462.890800 142.306747 461.819885
151.645200 463.789700 144.611954 462.757568
153.953700 464.746000 146.891205 463.753143
156.216300 465.719100 149.138260 464.786560
158.442000 466.755000 151.332932 465.872620
160.610800 467.844100 153.479141 467.026398
162.721500 468.976400 155.553268 468.205688
164.765200 470.136200 157.570145 469.426147
166.772400 471.335900 159.526321 470.675659
168.632200 472.526000 161.349594 471.926392
170.346500 473.697400 163.027786 473.149109
171.909300 474.797000 164.560165 474.280579
173.302800 475.783300 165.937332 475.308411
174.556500 476.625400 167.202118 476.149323
175.656700 477.273900 168.318207 476.813354
176.667400 477.791400 169.348038 477.337952
177.693700 478.199200 170.377014 477.770508
178.769200 478.445200 171.461304 478.041992
179.820200 478.560500 172.502655 478.177002
180.911200 478.531600 173.621902 478.172058
182.068600 478.323700 174.782837 477.988129
183.262200 477.935100 176.006958 477.606476
184.488300 477.285200 177.267563 476.955963
185.759400 476.306800 178.589569 475.974487
187.077400 475.006900 179.946716 474.694489
188.478700 473.464500 181.351624 473.184875
189.953700 471.703500 182.874527 471.443695
191.518900 469.725200 184.474854 469.523468
193.208300 467.608400 186.198746 467.442932
195.017400 465.320900 188.035248 465.191223
196.863700 462.933100 189.914337 462.850494
198.729100 460.522700 191.822968 460.512451
200.614200 458.121400 193.746140 458.157135
202.510500 455.730200 195.674515 455.827454
204.411000 453.358300 197.615540 453.522522
206.321800 451.001000 199.571991 451.221436
208.222000 448.665100 201.523270 448.934570
210.114400 446.337900 203.429962 446.679565
211.976500 444.014500 205.337463 444.403687
213.836200 441.706600 207.225754 442.145752
215.683700 439.420500 209.122757 439.910645
217.555600 437.143300 211.045074 437.692200
219.471300 434.824100 213.015350 435.423981
221.450500 432.447100 215.061554 433.101562
223.466700 430.017100 217.153687 430.728821
225.486700 427.604100 219.204285 428.332397
227.506500 425.191500 221.278198 425.929199
229.526100 422.779100 223.352631 423.564880
231.545400 420.367100 225.412842 421.238037
233.564400 417.955300 227.447784 418.953125
235.559300 415.588300 229.464081 416.706726
237.436800 413.389000 231.380280 414.546326
238.780200 411.507400 233.154327 412.518280
239.937800 409.690800 234.742584 410.607300
241.095100 407.877000 236.088715 408.851562
242.251200 406.068000 237.139252 407.184967
243.408000 404.262500 237.882660 405.539795
244.011000 402.484000 238.296600 403.840332
244.001400 400.839200 238.318893 402.150146
243.616800 399.284000 237.972290 400.551117
242.890100 397.828700 237.273773 399.063721
241.873600 396.462000 236.303848 397.657227
240.631500 395.201500 235.071320 396.348114
239.221600 394.033800 233.688736 395.130890
237.618600 392.957600 232.085938 393.983093
235.793400 391.994800 230.249481 393.003967
233.764600 391.138800 228.197784 392.091797
231.526900 390.407500 225.955078 391.325592
229.101900 389.773400 223.507996 390.627136
226.502900 389.204300 220.904327 390.001587
223.725900 388.759000 218.106384 389.485504
220.797800 388.372500 215.168182 389.038757
217.710700 387.983400 212.069611 388.589844
214.530600 387.607200 208.856506 388.168365
211.281800 387.245500 205.620514 387.754669
207.989900 386.906600 202.337799 387.357269
204.658000 386.595500 198.991776 386.990204
201.286800 386.304300 195.629272 386.625427
197.918900 386.031200 192.261551 386.316864
194.555800 385.786300 188.897934 386.032715
191.207200 385.554600 185.563080 385.761780
187.886200 385.358400 182.238892 385.507477
184.599200 385.187900 178.961105 385.273041
181.348200 385.028900 175.712326 385.057037
178.125300 384.880300 172.491577 384.837128
174.940200 384.732200 169.318787 384.606842
171.787000 384.605200 166.182098 384.410461
168.667500 384.479200 163.089508 384.205719
165.610000 384.375800 160.055786 384.027985
162.651900 384.300900 157.113708 383.879669
159.841600 384.253100 154.312286 383.768219
157.212800 384.244100 151.694870 383.699677
154.757500 384.238100 149.252457 383.621002
152.465500 384.177300 146.966370 383.504120
150.349500 384.033300 144.880173 383.299988
148.462800 383.774700 143.038483 383.005005
146.861800 383.342900 141.461990 382.511841
145.493000 382.652100 140.172653 381.813965
144.342900 381.710300 139.052094 380.863159
143.476000 380.548800 138.213776 379.675812
142.885900 379.215000 137.660049 378.340149
142.512900 377.743300 137.312515 376.853943
142.317800 376.136600 137.158859 375.286316
142.188100 374.395800 137.062073 373.583313
142.147200 372.567400 137.052490 371.765442
142.122900 370.607400 137.068024 369.822937
142.117600 368.494900 137.089493 367.726685
142.130800 366.233800 137.141754 365.480133
142.204400 363.814600 137.253906 363.070129
142.299400 361.231000 137.404739 360.491272
142.415300 358.474700 137.581024 357.739441
142.582500 355.558100 137.829483 354.834747
142.739700 352.539000 138.063065 351.831207
142.891900 349.439100 138.278809 348.755676
143.064500 346.281300 138.518768 345.607269
143.227100 343.091000 138.747208 342.417908
143.425200 339.887400 139.014038 339.231293
143.616200 336.700500 139.276489 336.077850
143.795900 333.502200 139.512527 332.885254
144.005700 330.337500 139.763763 329.758209
144.230000 327.130600 140.003418 326.573639
144.419100 323.896200 140.223511 323.376129
144.587400 320.591100 140.438263 320.104370
144.754600 317.239000 140.656570 316.785004
144.941900 313.833000 140.885437 313.432037
145.157300 310.363000 141.146271 310.008575
145.368500 306.861100 141.389954 306.547394
145.569800 303.322100 141.615448 303.029602
145.779600 299.781500 141.852676 299.508270
145.995800 296.224300 142.108353 295.970886
146.232800 292.723700 142.382507 292.492065
146.466500 289.221500 142.651901 289.005005
146.685200 285.746000 142.939362 285.538818
146.893800 282.281200 143.223877 282.068909
147.103700 278.834100 143.485519 278.641418
147.309200 275.380000 143.755417 275.189667
147.469000 272.014900 143.976608 271.854279
147.644100 268.640500 144.197113 268.495880
147.828000 265.287400 144.448944 265.169312
148.018700 262.011300 144.690018 261.908325
148.191600 258.776500 144.903717 258.675415
148.362500 255.568000 145.106216 255.453445
148.542700 252.484800 145.327118 252.372726
148.699400 249.530100 145.518600 249.414398
148.855100 246.697000 145.710999 246.606476
149.012000 244.059600 145.924759 243.975845
149.177500 241.565300 146.131897 241.494751
149.354100 239.240800 146.339355 239.146210
149.518500 237.141100 146.549011 237.086975
149.688400 235.241100 146.747787 235.203903
149.831600 233.536700 146.924210 233.510727
149.906300 232.004900 147.031433 231.958618
149.838700 230.619900 147.002899 230.573624
149.635100 229.344100 146.827850 229.261276
149.241300 228.150200 146.479126 228.082825
148.716100 227.039600 145.967926 226.938034
148.000700 226.008200 145.265930 225.854279
147.075700 225.048900 144.353989 224.868988
145.937600 224.217300 143.245041 223.986954
144.564400 223.496400 141.910553 223.224976
143.010800 222.963900 140.377563 222.629883
141.316600 222.568700 138.701721 222.183273
139.454500 222.334500 136.863861 221.885910
137.425000 222.166300 134.874222 221.656860
135.205500 222.050100 132.665619 221.481766
132.804000 221.961500 130.310745 221.320709
130.267400 221.919300 127.751526 221.201294
127.508700 221.882500 124.960800 221.064651
124.622700 221.854300 122.078339 220.912979
121.664000 221.830100 119.117828 220.777313
118.657200 221.763300 116.103424 220.609787
115.641600 221.685500 113.101105 220.406509
112.627300 221.570300 110.083328 220.177521
109.673500 221.356100 107.126556 219.946930
106.754900 221.166500 104.202972 219.711288
103.815900 220.977200 101.264694 219.494507
100.933900 220.822800 98.377831 219.281479
98.075460 220.656000 95.521805 219.083939
95.253020 220.487500 92.699753 218.869904
92.486910 220.344500 89.948051 218.637024
89.875370 220.223200 87.336899 218.431427
87.458400 220.103100 84.930214 218.237549
85.308900 219.940400 82.734932 218.067734
83.404740 219.814900 80.835670 217.961441
81.811460 219.719400 79.203285 217.915344
80.386560 219.682400 77.753700 217.909119
79.003730 219.767200 76.363831 217.955200
77.660700 220.007600 75.018478 218.158371
76.371580 220.406400 73.708191 218.480560
75.155860 220.960300 72.527092 218.963608
74.011040 221.726500 71.357544 219.688278
72.923470 222.715600 70.221870 220.617554
71.978870 223.872400 69.245430 221.719345
71.184520 225.266700 68.446510 223.000732
70.559680 226.755300 67.741890 224.430908
70.106430 228.212400 67.350647 225.875763
69.780350 229.717400 67.019897 227.366638
69.611080 231.273600 66.841728 228.915222
69.507330 232.885000 66.720383 230.522232
69.413710 234.508900 66.609344 232.144455
69.343880 236.144900 66.517426 233.738754
69.165330 237.775100 66.314293 235.337646
68.850580 239.377200 65.982971 236.879074
68.411010 240.827300 65.497070 238.283615
67.727420 242.111200 64.772423 239.547028
66.803100 243.182900 63.819611 240.652100
65.701790 244.107800 62.694916 241.584213
64.448250 244.782200 61.444504 242.232315
63.080800 245.260000 60.054298 242.700424
61.580750 245.474700 58.538948 242.893326
60.021940 245.545100 56.990944 242.921753
58.373630 245.501300 55.364983 242.835876
56.557790 245.387700 53.564079 242.737793
54.575700 245.267600 51.603958 242.618790
52.422320 245.171900 49.454330 242.517578
50.087930 245.081900 47.115715 242.402786
47.581640 245.008900 44.610001 242.281860
44.918970 244.937600 41.921253 242.144958
42.122820 244.817200 39.090233 241.962082
39.164720 244.672400 36.116264 241.765076
36.057060 244.510700 32.994110 241.544373
32.840100 244.318200 29.768147 241.287720
29.595440 244.119000 26.521402 241.018631
26.356030 243.938500 23.278887 240.791290
23.136280 243.778100 20.046436 240.569962
19.923890 243.574600 16.835121 240.302917
16.771670 243.333700 13.686205 240.011383
13.661940 243.082500 10.591272 239.701279
10.666390 242.818300 7.615459 239.393997
7.814747 242.555200 4.789410 239.091141
5.139292 242.325200 2.134720 238.823975
2.679849 242.118700 -0.314707 238.588501
0.450309 241.930700 -2.540665 238.372086
-1.528966 241.776000 -4.514636 238.190018
-3.228819 241.670700 -6.202553 238.062546
-4.618300 241.633500 -7.572825 238.004791
-5.727634 241.635600 -8.677711 237.993332
-6.594910 241.676300 -9.534382 238.027008
-7.316062 241.736500 -10.256040 238.082764
-7.999830 241.824600 -10.932566 238.169037
-8.668434 241.971800 -11.579422 238.313461
-9.310473 242.159800 -12.215160 238.497391
-10.040280 242.489600 -12.933434 238.802826
-10.900630 242.986700 -13.784805 239.261520
-11.788840 243.696900 -14.689102 239.938812
-12.605680 244.629900 -15.526688 240.848328
-13.325190 245.805400 -16.299278 242.022079
-13.876090 247.212100 -16.869011 243.480576
-14.262280 248.903900 -17.265709 245.185654
-14.456720 250.843200 -17.470457 247.133041
-14.534350 252.994100 -17.564142 249.294235
-14.597030 255.350200 -17.649725 251.661728
-14.667090 257.910700 -17.755920 254.210449
-14.735990 260.649600 -17.869762 256.945496
-14.849520 263.575900 -18.032761 259.867554
-14.957480 266.729800 -18.218010 263.012909
-15.059630 270.015600 -18.399908 266.296967
-15.182710 273.477200 -18.608126 269.716431
-15.303150 277.021400 -18.819672 273.254211
-15.440230 280.658500 -19.043514 276.855347
-15.590580 284.351600 -19.275703 280.521637
-15.764490 288.068200 -19.528896 284.186310
-15.946800 291.811700 -19.801212 287.900757
-16.099940 295.543400 -20.036827 291.608765
-16.260060 299.308400 -20.278517 295.357483
-16.425310 303.105800 -20.525364 299.129883
-16.590140 306.893300 -20.766464 302.891541
-16.756680 310.705900 -21.005352 306.676453
-16.910250 314.536100 -21.242088 310.448395
-17.062160 318.371600 -21.490618 314.244049
-17.211700 322.183300 -21.747208 318.048279
-17.359600 325.995800 -22.005402 321.842316
-17.503240 329.777900 -22.249586 325.620941
-17.652950 333.537700 -22.480991 329.376312
-17.803470 337.274400 -22.709280 333.074951
-17.965510 340.928300 -22.942858 336.714813
-18.139020 344.467400 -23.191818 340.245789
-18.309560 347.827300 -23.430902 343.599487
-18.498430 351.069300 -23.678543 346.810883
-18.657830 354.177800 -23.885967 349.927155
-18.779270 357.113600 -24.062607 352.869598
-18.870160 359.864000 -24.197622 355.619659
-18.946200 362.402300 -24.316147 358.139526
-18.990920 364.711200 -24.415737 360.435120
-19.050610 366.784400 -24.499516 362.479614
-19.150770 368.599600 -24.648697 364.254181
-19.288630 370.232600 -24.830578 365.840942
-19.600770 371.746300 -25.167793 367.289032
-20.181060 373.134000 -25.772110 368.607605
-21.046240 374.352900 -26.588516 369.724213
-22.127780 375.353800 -27.630249 370.647736
-23.457040 376.098400 -28.915771 371.345306
-24.934490 376.556700 -30.404785 371.747131
-26.555040 376.670400 -32.019531 371.794769
-28.276760 376.521700 -33.701218 371.568512
-30.056280 376.231600 -35.464287 371.208069
-31.975970 375.881500 -37.363949 370.833649
-34.041570 375.538800 -39.406929 370.458069
-36.312400 375.174700 -41.654411 370.052612
-38.740670 374.815500 -44.059734 369.638947
-41.349510 374.513500 -46.637138 369.286133
-44.097790 374.260800 -49.387596 369.002197
-47.011360 374.040700 -52.305061 368.754089
-50.040150 373.823900 -55.338608 368.482117
-53.185680 373.618900 -58.466576 368.230225
-56.406270 373.421900 -61.671253 367.978363
-59.653410 373.251300 -64.901627 367.736786
-62.943060 373.083600 -68.177071 367.497650
-66.219570 372.909300 -71.460342 367.245972
-69.486870 372.732000 -74.713776 366.983093
-72.726120 372.532900 -77.937614 366.719177
-75.949990 372.348800 -81.153976 366.459076
-79.132360 372.198800 -84.345993 366.239227
-82.276670 372.085900 -87.475937 366.037659
-85.318380 372.021300 -90.516098 365.892822
-88.202870 371.999200 -93.414734 365.793335
-90.927450 371.989600 -96.144264 365.707916
-93.555550 371.974900 -98.789253 365.626221
-96.169310 371.894100 -101.407219 365.478271
-98.735200 371.699400 -103.972313 365.212067
-101.335900 371.405700 -106.565414 364.856873
-104.006100 371.090100 -109.218231 364.481842
-106.771100 370.792200 -111.982162 364.121979
-109.682200 370.477800 -114.872818 363.751709
-112.739100 370.228500 -117.910980 363.438934
-115.931600 370.036400 -121.087936 363.168060
-119.286600 369.828600 -124.420944 362.905212
-122.729500 369.724600 -127.858536 362.722626
-126.288700 369.671200 -131.382202 362.575256
-129.839700 369.662300 -134.906860 362.487030
-133.385600 369.650900 -138.436386 362.391937
-136.894400 369.634000 -141.938263 362.308014
-140.398100 369.514400 -145.415359 362.113464
-143.862100 369.340500 -148.878098 361.859894
-147.327600 369.166400 -152.329132 361.611084
-150.737000 368.971100 -155.732178 361.343964
-154.158600 368.781900 -159.150452 361.092255
-157.533900 368.539100 -162.512482 360.783478
-160.863100 368.281900 -165.827972 360.451141
-164.185700 368.025000 -169.133911 360.128906
-167.432800 367.748600 -172.392609 359.794006
-170.642400 367.488400 -175.606506 359.480225
-173.841400 367.227100 -178.803406 359.161560
-177.023700 366.951400 -181.974365 358.827606
-180.244500 366.730400 -185.193314 358.539795
-183.473900 366.580900 -188.410507 358.310059
-186.744800 366.472000 -191.658478 358.135559
-190.033500 366.367300 -194.946609 357.960388
-193.355400 366.250500 -198.236130 357.766113
-196.716900 366.188600 -201.605148 357.618835
-200.121200 366.182600 -205.011963 357.547089
-203.540500 366.199800 -208.419357 357.482910
-206.952700 366.227500 -211.830505 357.444092
-210.347900 366.285500 -215.227722 357.422577
-213.706200 366.365900 -218.577347 357.413879
-217.009500 366.481900 -221.902252 357.450745
-220.179700 366.654500 -225.068466 357.541687
-223.191200 366.879000 -228.046768 357.697113
-226.097000 367.114900 -230.980286 357.873047
-228.814800 367.345400 -233.704819 358.025330
-231.386300 367.584000 -236.268555 358.206421
-233.712600 367.887700 -238.622467 358.463470
-235.782000 368.275800 -240.699677 358.805450
-237.675400 368.737900 -242.608902 359.244385
-239.369400 369.206200 -244.317749 359.670959
-240.923900 369.617600 -245.891968 360.041016
-242.343700 369.946600 -247.327774 360.347046
-243.617800 370.200700 -248.604431 360.569611
-244.859400 370.340600 -249.838013 360.677063
-246.077300 370.391700 -251.042267 360.705505
-247.267700 370.379800 -252.225372 360.661011
-248.493500 370.333700 -253.449265 360.594147
-249.783700 370.306600 -254.735947 360.545288
-251.078800 370.299200 -256.025818 360.513214
-252.358200 370.349900 -257.321045 360.532684
-253.632100 370.436500 -258.594360 360.595825
-254.850600 370.581800 -259.821259 360.722778
-255.940600 370.729900 -260.904816 360.844147
-256.915700 370.895600 -261.885712 360.998047
-257.880300 371.026600 -262.850555 361.126648
-258.825300 371.074700 -263.785004 361.160950
-259.790200 371.036700 -264.753693 361.148132
-260.853800 370.865000 -265.817017 360.963928
-261.981300 370.525600 -266.926453 360.600555
-263.149900 369.955400 -268.102112 360.021332
-264.334300 369.128800 -269.236664 359.182648
-265.453200 367.983800 -270.343231 358.008179
-266.451000 366.525200 -271.319702 356.518982
-267.251800 364.723800 -272.076324 354.781799
-267.949500 362.709300 -272.686615 352.781708
-268.506500 360.485200 -273.175934 350.540497
-268.941500 358.026800 -273.524445 348.088593
-269.220400 355.348600 -273.704407 345.432159
-269.448800 352.477300 -273.849365 342.569855
-269.718000 349.407100 -274.023560 339.512421
-269.985700 346.177700 -274.176331 336.296661
-270.257600 342.841000 -274.314697 332.959198
-270.518100 339.408900 -274.439301 329.522186
-270.754500 335.850800 -274.541565 325.963654
-270.955500 332.279200 -274.591858 322.405670
-271.100700 328.699800 -274.614014 318.836975
-271.205200 325.126400 -274.591614 315.291748
-271.267700 321.587300 -274.512604 311.773224
-271.275200 318.070500 -274.388336 308.276215
-271.222900 314.582000 -274.207275 304.796478
-271.120000 311.120600 -273.976257 301.358063
-270.978000 307.683800 -273.699158 297.941589
-270.782700 304.265600 -273.376801 294.567841
-270.528600 300.853100 -272.999847 291.192017
-270.242000 297.429400 -272.608002 287.781555
-269.919600 293.989900 -272.167267 284.388397
-269.545200 290.528500 -271.678741 280.978210
-269.141700 287.042100 -271.155548 277.532959
-268.688300 283.528200 -270.601471 274.077484
-268.188900 279.998100 -269.996216 270.594696
-267.644900 276.438400 -269.354431 267.069336
-267.060700 272.864800 -268.669159 263.535919
-266.415600 269.267600 -267.906921 260.004730
-265.703700 265.659900 -267.122467 256.483887
-264.933700 262.028500 -266.263275 252.921646
-264.083600 258.356100 -265.326538 249.323914
-263.198600 254.694500 -264.327515 245.721039
-262.249500 251.044300 -263.290863 242.154388
-261.237300 247.429800 -262.193939 238.600006
-260.189300 243.839800 -261.071899 235.083344
-259.094000 240.246100 -259.895538 231.560333
-257.955600 236.666200 -258.686646 228.073471
-256.772700 233.104800 -257.432617 224.620468
-255.531300 229.548500 -256.120636 221.134644
-254.248400 226.028100 -254.752609 217.722519
-252.919100 222.544000 -253.363983 214.299271
-251.574800 219.079600 -251.939621 210.921600
-250.208800 215.633800 -250.508347 207.545044
-248.823500 212.212300 -249.056183 204.203094
-247.396200 208.816100 -247.557785 200.868759
-245.924600 205.438400 -246.036438 197.554932
-244.407500 202.096000 -244.456604 194.275314
-242.864900 198.761700 -242.856842 191.018295
-241.279000 195.474400 -241.240356 187.840744
-239.649300 192.235800 -239.556000 184.686218
-237.983200 189.035400 -237.837753 181.579498
-236.298900 185.858800 -236.097229 178.448349
-234.588400 182.702700 -234.320374 175.348083
-232.835600 179.589900 -232.524384 172.322830
-231.009300 176.491000 -230.652847 169.264664
-229.111700 173.245900 -228.738251 166.230698
-227.176300 170.021800 -226.802002 163.179214
-225.177100 166.838100 -224.772522 160.125244
-223.121100 163.678300 -222.683563 157.087494
-221.021800 160.583500 -220.557068 154.107330
-218.906700 157.528200 -218.408798 151.131195
-216.758300 154.516100 -216.208328 148.196320
-214.598900 151.542200 -214.012054 145.290741
-212.419400 148.613400 -211.803604 142.451492
-210.228200 145.723000 -209.590302 139.634338
-207.984500 142.875200 -207.327530 136.870941
-205.709300 140.044600 -205.030365 134.112595
-203.367700 137.252600 -202.666473 131.388092
-200.986900 134.476000 -200.265442 128.686600
-198.545200 131.709700 -197.820435 125.988670
-196.059300 128.939500 -195.301193 123.285095
-193.510200 126.196800 -192.725296 120.603615
-190.897300 123.468900 -190.104370 117.972252
-188.227400 120.762000 -187.442688 115.340347
-185.497000 118.076800 -184.716568 112.714958
-182.724000 115.414700 -181.944366 110.116165
-179.874900 112.756200 -179.095886 107.526352
-176.963500 110.129700 -176.196945 104.972397
-174.022700 107.478800 -173.266129 102.409424
-171.062700 104.830200 -170.293610 99.841393
-168.072200 102.205400 -167.296326 97.290489
-165.063500 99.572080 -164.275009 94.739731
-162.094200 96.925240 -161.294128 92.183090
-159.158100 94.245620 -158.340332 89.558823
-156.222000 91.591220 -155.404816 87.000015
-153.302600 88.949020 -152.456497 84.426086
-150.415700 86.290970 -149.574310 81.862106
-147.525700 83.616700 -146.684296 79.274750
-144.616800 80.967880 -143.765381 76.704285
-141.680000 78.334030 -140.820312 74.148430
-138.744900 75.701910 -137.893417 71.590790
-135.803000 73.066790 -134.973724 69.028854
-132.863800 70.434610 -132.050369 66.476913
-129.933000 67.796650 -129.119751 63.911949
-127.009300 65.165490 -126.188850 61.346916
-124.094300 62.565200 -123.259651 58.797962
-121.185800 59.961850 -120.339737 56.244911
-118.275800 57.358150 -117.428421 53.697025
-115.383500 54.746480 -114.535065 51.150158
-112.487100 52.132910 -111.626602 48.604954
-109.563100 49.507800 -108.705261 46.069405
-106.649400 46.882310 -105.782356 43.506035
-103.717200 44.240620 -102.829918 40.946251
-100.776700 41.607720 -99.882332 38.401203
-97.815960 38.955960 -96.930511 35.832352
-94.863170 36.299440 -93.978065 33.257904
-91.884440 33.643060 -90.976250 30.663500
-88.909720 30.989760 -88.006432 28.084015
-85.917480 28.322680 -85.024391 25.503208
-82.929050 25.668410 -82.033966 22.930569
-79.941980 23.038030 -79.044998 20.370972
-76.962720 20.421650 -76.090080 17.837265
-74.007520 17.823510 -73.142403 15.316719
-71.092400 15.226900 -70.232834 12.785316
-68.209240 12.634500 -67.339279 10.238888
-65.354250 10.051970 -64.490204 7.740730
-62.542350 7.481356 -61.660873 5.232924
-59.754040 4.927046 -58.857262 2.732059
-57.009180 2.422195 -56.110413 0.304117
-54.340090 0.009828 -53.463097 -2.055170
-51.766990 -2.296378 -50.894848 -4.300697
-49.260900 -4.526641 -48.373791 -6.499235
-46.853800 -6.677798 -45.955208 -8.629177
-44.569730 -8.685225 -43.643360 -10.609058
-42.404320 -10.528340 -41.462296 -12.421149
-40.364200 -12.198710 -39.393108 -14.063398
-38.389800 -13.695430 -37.386162 -15.552472
-36.423220 -15.003710 -35.402954 -16.827972
-34.423200 -16.097900 -33.400562 -17.893421
-32.364650 -16.913830 -31.342422 -18.697634
-30.265120 -17.411740 -29.280285 -19.169474
-28.163420 -17.604910 -27.209528 -19.318111
-26.110560 -17.459960 -25.208387 -19.137655
-24.143360 -16.987220 -23.298508 -18.667862
-22.296980 -16.217800 -21.497911 -17.873022
-20.604650 -15.231400 -19.824205 -16.879547
-19.008910 -14.153640 -18.236601 -15.782944
-17.427180 -13.090130 -16.658403 -14.694883
-15.874640 -12.069320 -15.117975 -13.640463
-14.363580 -11.106930 -13.609488 -12.646316
-12.922670 -10.242620 -12.162527 -11.743938
-11.574780 -9.466819 -10.804847 -10.928858
-10.317910 -8.788752 -9.552791 -10.212389
-9.188230 -8.193104 -8.417070 -9.571137
-8.211014 -7.716742 -7.442517 -9.058156
-7.426664 -7.335419 -6.655177 -8.644182
-6.732949 -7.004384 -5.972825 -8.289280
-6.081177 -6.624412 -5.322502 -7.910778
-5.489078 -6.233971 -4.725901 -7.517190
-4.934984 -5.802268 -4.166896 -7.083055
-4.339961 -5.285216 -3.570844 -6.558483
-3.697865 -4.592905 -2.971552 -5.868657
-3.037676 -3.769289 -2.297085 -5.049267
-2.408137 -2.790908 -1.718797 -4.065526
-1.801721 -1.625169 -1.117529 -2.908578
-1.269630 -0.215074 -0.616399 -1.521804
-0.812186 1.417145 -0.164098 0.101867
-0.577413 3.304554 0.093423 1.930242
-0.470925 5.426109 0.212073 3.968837
-0.476637 7.694492 0.188794 6.152408
-0.570738 10.119870 0.055052 8.548217
-0.648451 12.686750 -0.058830 11.081604
-0.748385 15.378500 -0.208760 13.757419
-0.860824 18.191740 -0.361112 16.560108
-0.998219 21.084400 -0.524132 19.460278
-1.176238 24.100490 -0.731157 22.465609
-1.395968 27.224660 -0.984818 25.563921
-1.640741 30.420880 -1.269138 28.739573
-1.879320 33.664680 -1.547052 31.971832
-2.150183 36.923590 -1.869314 35.210735
-2.397389 40.249040 -2.171801 38.488014
-2.638864 43.594280 -2.472775 41.815960
-2.848280 46.962570 -2.733119 45.172073
-3.041372 50.356970 -2.987374 48.554043
-3.212653 53.820380 -3.233397 51.976223
-3.380992 57.307360 -3.460877 55.420139
-3.567609 60.834770 -3.698565 58.923126
-3.786600 64.385720 -3.976285 62.462883
-3.981904 67.973540 -4.233626 66.031288
-4.173959 71.565920 -4.501969 69.610733
-4.396788 75.106490 -4.761994 73.133224
-4.593996 78.623730 -5.006882 76.660652
-4.800834 82.136440 -5.248448 80.168137
-5.016400 85.597270 -5.517520 83.625298
-5.214554 89.008160 -5.780850 87.002785
-5.369648 92.435540 -5.991058 90.387665
-5.524006 95.827610 -6.184088 93.750565
