0.000000 -0.000000 0.000000 0.000000
0.287920 2.986691 0.268297 3.056670
0.971569 5.887651 0.956390 6.081232
2.050498 8.646240 2.067927 8.938464
3.483068 11.215600 3.543243 11.593440
5.252124 13.530580 5.393586 14.031242
7.315983 15.554830 7.548552 16.161724
9.617499 17.248350 9.977488 17.977249
12.138440 18.605410 12.592698 19.411049
14.845670 19.655580 15.416059 20.534504
17.710960 20.442900 18.400499 21.385204
20.708720 20.958900 21.541441 21.959963
23.853650 21.214680 24.840668 22.243540
27.127230 21.215640 28.306061 22.281164
30.502910 21.029600 31.908201 22.128229
33.942320 20.718590 35.548386 21.847893
37.526800 20.278900 39.335644 21.448351
41.305500 19.746480 43.293629 20.965345
45.281370 19.137530 47.488815 20.402447
49.442010 18.473180 51.815807 19.746220
53.784140 17.768220 56.292442 19.110054
58.319700 17.046980 60.973358 18.467752
63.045640 16.314830 65.845367 17.815283
67.933580 15.564290 70.908890 17.141190
72.949570 14.807080 76.025490 16.458185
78.112070 14.037650 81.269577 15.817392
83.403150 13.249300 86.625824 15.104316
88.827470 12.428430 92.081757 14.421103
94.384170 11.569350 97.658875 13.683098
100.052700 10.639880 103.326042 12.876232
105.791000 9.611618 109.111237 11.950530
111.620600 8.486629 114.992699 10.922194
117.518200 7.246929 120.896645 9.833643
123.481700 5.883248 126.848785 8.646060
129.500400 4.402279 132.825531 7.331071
135.583700 2.806947 138.880585 5.885579
141.730400 1.132152 144.972900 4.383945
147.930500 -0.644931 151.091721 2.800601
154.181200 -2.533182 157.258011 1.120889
160.473700 -4.525316 163.478989 -0.681912
166.825700 -6.614701 169.765152 -2.579552
173.224500 -8.806086 176.055374 -4.590002
179.671400 -11.085600 182.333725 -6.661771
186.169900 -13.447970 188.712265 -8.820902
192.708700 -15.908790 195.183487 -11.095671
199.295800 -18.474840 201.670090 -13.468361
205.877000 -21.127230 208.164276 -15.910480
212.474400 -23.878960 214.692947 -18.470388
219.085400 -26.695130 221.254272 -21.090292
225.674300 -29.566300 227.802368 -23.771757
232.258400 -32.511370 234.270645 -26.494232
238.826600 -35.515520 240.765686 -29.294136
245.357100 -38.591140 247.248337 -32.177639
251.842400 -41.746310 253.641800 -35.122597
258.295100 -44.977770 260.047455 -38.172066
264.734000 -48.300070 266.443085 -41.334408
271.174400 -51.720410 272.841187 -44.584400
277.658000 -55.253110 279.333160 -47.926632
284.188500 -58.892510 285.824799 -51.415539
290.770400 -62.649290 292.295410 -54.980461
297.421200 -66.505210 298.885651 -58.660561
304.114100 -70.451700 305.519135 -62.420803
310.871400 -74.512450 312.148804 -66.258911
317.638300 -78.729880 318.857880 -70.351463
324.412000 -83.100090 325.576294 -74.585083
331.147700 -87.570510 332.198853 -78.870697
337.838900 -92.151540 338.853912 -83.308372
344.489200 -96.836160 345.479309 -87.863762
351.109400 -101.590900 351.962921 -92.356369
357.680900 -106.441100 358.546051 -97.047455
364.205100 -111.363100 365.114777 -101.828300
370.654300 -116.349400 371.567749 -106.645218
377.044400 -121.373300 377.996094 -111.551224
383.353100 -126.497900 384.365601 -116.586182
389.648900 -131.627300 390.688690 -121.599617
395.838500 -136.824400 396.870422 -126.696190
401.977500 -142.068800 402.988159 -131.849854
408.063900 -147.386100 409.134216 -137.119232
414.119900 -152.725600 415.239258 -142.412964
420.140100 -158.070100 421.263245 -147.661560
426.135700 -163.442300 427.268646 -152.990723
432.096100 -168.831000 433.248291 -158.284302
438.042000 -174.202900 439.201172 -163.535751
444.039200 -179.520000 445.213989 -168.754913
450.064000 -184.791600 451.211670 -173.918488
456.158000 -189.992400 457.296997 -179.009033
462.246200 -195.183000 463.394897 -184.110245
468.350900 -200.337600 469.492615 -189.128174
474.468300 -205.478700 475.569458 -194.134323
480.606000 -210.588600 481.671814 -199.112549
486.757700 -215.677000 487.794281 -204.032227
492.916600 -220.757600 493.979675 -209.038055
499.072200 -225.827000 500.154144 -213.985474
505.239000 -230.914300 506.275330 -218.926010
511.393900 -235.996900 512.368042 -223.873199
517.549300 -241.076200 518.492859 -228.813934
523.710600 -246.155700 524.590698 -233.719696
529.865100 -251.222800 530.721558 -238.628433
536.037700 -256.292500 536.877441 -243.511032
542.213600 -261.366100 543.021912 -248.478333
548.376000 -266.436600 549.158203 -253.401520
554.549300 -271.525400 555.332947 -258.300140
560.720400 -276.614600 561.486694 -263.300354
566.895900 -281.702100 567.671570 -268.309204
573.077300 -286.787100 573.864136 -273.275787
579.254000 -291.852900 579.979919 -278.210724
585.438300 -296.913900 586.191711 -283.173645
591.610800 -301.938300 592.328735 -288.032135
597.802700 -306.948800 598.507874 -292.896271
604.002400 -311.952300 604.695923 -297.788727
610.204100 -316.963500 610.847168 -302.696106
616.401400 -321.978100 617.019104 -307.654266
622.606700 -326.989100 623.212708 -312.581879
628.813800 -331.994200 629.395386 -317.488953
635.032400 -336.999800 635.564270 -322.421783
641.237400 -341.988600 641.747925 -327.339294
647.445400 -346.968600 647.919312 -332.219238
653.662300 -351.935500 654.117737 -337.139343
659.877900 -356.880600 660.343872 -342.048920
666.112000 -361.828900 666.536133 -346.923401
672.350500 -366.769500 672.731689 -351.813141
678.587600 -371.720300 678.911011 -356.691498
684.819800 -376.684200 685.088745 -361.584991
691.040800 -381.648800 691.305664 -366.501556
697.271000 -386.614300 697.483765 -371.373932
703.506500 -391.568600 703.607239 -376.215942
709.744100 -396.517700 709.790527 -381.076080
715.983900 -401.433800 715.984070 -385.944092
722.229600 -406.329600 722.204895 -390.840118
728.498300 -411.207700 728.385315 -395.659180
734.766400 -416.073400 734.643799 -400.550934
741.047900 -420.934000 740.862183 -405.390717
747.328900 -425.791700 747.083496 -410.259888
753.611600 -430.654100 753.284058 -415.111572
759.909100 -435.497600 759.487061 -419.922089
766.234600 -440.329500 765.765076 -424.763885
772.573000 -445.140400 772.051697 -429.580811
778.917600 -449.932200 778.344421 -434.360016
785.270600 -454.711000 784.649902 -439.144623
791.604400 -459.487600 790.913635 -443.896698
797.914000 -464.271400 797.114075 -448.643738
804.202800 -469.044800 803.345398 -453.399872
810.490200 -473.819600 809.587708 -458.167633
816.791500 -478.590500 815.798279 -462.915649
823.116400 -483.340400 822.047180 -467.661011
829.464500 -488.061400 828.354858 -472.378265
835.854100 -492.776100 834.705505 -477.104858
842.262300 -497.485400 841.037598 -481.787903
848.682700 -502.196400 847.415161 -486.510803
855.114700 -506.913500 853.775146 -491.235962
861.557000 -511.637000 860.105591 -495.939911
868.011600 -516.355400 866.566589 -500.720917
874.441900 -521.049300 872.949463 -505.441925
880.882200 -525.706500 879.322327 -510.123932
887.323800 -530.307900 885.700195 -514.758728
893.755000 -534.861900 892.189148 -519.426086
900.174200 -539.374300 898.573303 -523.989929
906.591000 -543.848100 904.953674 -528.518555
912.989900 -548.291900 911.293701 -532.975220
919.400600 -552.731200 917.637695 -537.420288
925.806600 -557.125700 923.945129 -541.842590
932.226300 -561.535200 930.265503 -546.282898
938.632500 -565.932700 936.613953 -550.677734
945.057500 -570.322000 942.951538 -555.076355
951.507700 -574.710200 949.319824 -559.487366
957.980400 -579.074900 955.714233 -563.888855
964.464000 -583.424600 962.081238 -568.234070
970.963300 -587.758200 968.388733 -572.531250
977.455300 -592.093300 974.776123 -576.870850
983.961700 -596.421100 981.227539 -581.195740
990.461700 -600.766400 987.648438 -585.577454
996.966300 -605.096100 994.115234 -589.962646
1003.471000 -609.407800 1000.446838 -594.228455
1009.973000 -613.695400 1006.698669 -598.440308
1016.458000 -617.959200 1013.004578 -602.668396
1022.925000 -622.217200 1019.385254 -606.921753
1029.367000 -626.452700 1025.726562 -611.163025
1035.804000 -630.641600 1032.057617 -615.374512
1042.231000 -634.798800 1038.358398 -619.534119
1048.656000 -638.946200 1044.588745 -623.667114
1055.084000 -643.051500 1050.844849 -627.754822
1061.525000 -647.144100 1057.070801 -631.794373
1067.966000 -651.185500 1063.350464 -635.840515
1074.401000 -655.235300 1069.633911 -639.900146
1080.840000 -659.293400 1075.901123 -643.956055
1087.270000 -663.328400 1082.245239 -648.046204
1093.718000 -667.347400 1088.536377 -652.083740
1100.195000 -671.340900 1094.847168 -656.087708
1106.668000 -675.317100 1101.146973 -660.097656
1113.157000 -679.272000 1107.453491 -664.091980
1119.659000 -683.201000 1113.782959 -668.044861
1126.198000 -687.131900 1120.190186 -672.025818
1132.753000 -691.046400 1126.600342 -675.975342
1139.341000 -694.955400 1132.999390 -679.894836
1145.954000 -698.852200 1139.419189 -683.796387
1152.585000 -702.740800 1145.910522 -687.746338
1159.229000 -706.637800 1152.457275 -691.713440
1165.886000 -710.538400 1158.996094 -695.662781
1172.562000 -714.459000 1165.507568 -699.588623
1179.271000 -718.394000 1172.086060 -703.576233
1186.021000 -722.344800 1178.684570 -707.571045
1192.784000 -726.294800 1185.311890 -711.579224
1199.585000 -730.258400 1192.002563 -715.591614
1206.417000 -734.212600 1198.722900 -719.606384
1213.283000 -738.159200 1205.438354 -723.577820
1220.173000 -742.105200 1212.163208 -727.557983
1227.101000 -746.027900 1218.920410 -731.502014
1234.074000 -749.929400 1225.743530 -735.482483
1241.082000 -753.823500 1232.524048 -739.399719
1248.123000 -757.717500 1239.377930 -743.370056
1255.209000 -761.611600 1246.203369 -747.311584
1262.318000 -765.501500 1253.102783 -751.250000
1269.473000 -769.393200 1260.077515 -755.264404
1276.670000 -773.287000 1267.003906 -759.225220
1283.885000 -777.170800 1274.078125 -763.237610
1291.103000 -781.040700 1281.114380 -767.221680
1298.329000 -784.899000 1288.181885 -771.184814
1305.561000 -788.742100 1295.276367 -775.142700
1312.794000 -792.571300 1302.389648 -779.119263
1320.032000 -796.384600 1309.483032 -783.029053
1327.287000 -800.172300 1316.642090 -787.003784
1334.542000 -803.950000 1323.762329 -790.923706
1341.797000 -807.723100 1330.874023 -794.834839
1349.058000 -811.481900 1337.901733 -798.687134
1356.319000 -815.232700 1344.938477 -802.554749
1363.568000 -818.960500 1352.085571 -806.403931
1370.797000 -822.663500 1359.223267 -810.269592
1378.014000 -826.342400 1366.309937 -814.117004
1385.241000 -830.002800 1373.390991 -817.932861
1392.473000 -833.639800 1380.480591 -821.721802
1399.712000 -837.258600 1387.518799 -825.451172
1406.940000 -840.856000 1394.537354 -829.138489
1414.145000 -844.419900 1401.554077 -832.811218
1421.338000 -847.958700 1408.531006 -836.428650
1428.540000 -851.473700 1415.501831 -840.052124
1435.735000 -854.974700 1422.521484 -843.652283
1442.936000 -858.462100 1429.476196 -847.221191
1450.116000 -861.922600 1436.398438 -850.765198
1457.288000 -865.353900 1443.375366 -854.310364
1464.432000 -868.758100 1450.348877 -857.820557
1471.550000 -872.135000 1457.278442 -861.341492
1478.642000 -875.485100 1464.196899 -864.860474
1485.696000 -878.796500 1471.040161 -868.354919
1492.712000 -882.085000 1477.867920 -871.815735
1499.686000 -885.346400 1484.664062 -875.279175
1506.608000 -888.579300 1491.289185 -878.696411
1513.510000 -891.787400 1498.029297 -882.090881
1520.388000 -894.966500 1504.677246 -885.493835
1527.242000 -898.117000 1511.283203 -888.850525
1534.067000 -901.240100 1517.895508 -892.189331
1540.873000 -904.334900 1524.470825 -895.512512
1547.641000 -907.393900 1531.048096 -898.820068
1554.374000 -910.425200 1537.511475 -902.093506
1561.071000 -913.426300 1544.004395 -905.346313
1567.716000 -916.424100 1550.463989 -908.623718
1574.331000 -919.426300 1556.896240 -911.872742
1580.910000 -922.431500 1563.282104 -915.125610
1587.477000 -925.449400 1569.658447 -918.391846
1593.998000 -928.484000 1575.944214 -921.678284
1600.456000 -931.552300 1582.142822 -924.929688
1606.851000 -934.653500 1588.248901 -928.232910
1613.177000 -937.795300 1594.391602 -931.649902
1619.446000 -940.960600 1600.489258 -935.111023
1625.639000 -944.138700 1606.435913 -938.534363
1631.780000 -947.302000 1612.377075 -941.990601
1637.876000 -950.461600 1618.262451 -945.402039
1643.920000 -953.598100 1624.127563 -948.817139
1649.931000 -956.702500 1629.932129 -952.171997
1655.907000 -959.742900 1635.732300 -955.479919
1661.857000 -962.732200 1641.468140 -958.706909
1667.828000 -965.652000 1647.244263 -961.907104
1673.786000 -968.517000 1652.989868 -965.024048
1679.740000 -971.331200 1658.729126 -968.101501
1685.682000 -974.128800 1664.464478 -971.168518
1691.585000 -976.910500 1670.202393 -974.232300
1697.460000 -979.678900 1675.906006 -977.294006
1703.321000 -982.431100 1681.556641 -980.296631
1709.144000 -985.145100 1687.207397 -983.279053
1714.950000 -987.831400 1692.840820 -986.228943
1720.748000 -990.466700 1698.401367 -989.054382
1726.528000 -993.063100 1704.031860 -991.930969
1732.261000 -995.615600 1709.590332 -994.726501
1737.915000 -998.126400 1715.088501 -997.514404
1743.475000 -1000.590000 1720.415527 -1000.209961
1748.971000 -1002.990000 1725.648682 -1002.830566
1754.388000 -1005.375000 1730.910889 -1005.437195
1759.751000 -1007.751000 1736.127808 -1008.081482
1764.998000 -1010.123000 1741.279175 -1010.706665
1770.113000 -1012.467000 1746.292969 -1013.296753
1775.097000 -1014.785000 1751.143677 -1015.841858
1779.954000 -1017.080000 1755.894775 -1018.338745
1784.649000 -1019.347000 1760.442871 -1020.788330
1789.178000 -1021.604000 1764.892700 -1023.237854
1793.508000 -1023.881000 1769.123291 -1025.705322
1797.645000 -1026.269000 1773.156494 -1028.275635
1801.573000 -1028.814000 1777.001831 -1030.982178
1805.302000 -1031.525000 1780.633789 -1033.852905
1808.823000 -1034.439000 1784.032227 -1036.911621
1812.120000 -1037.563000 1787.209595 -1040.163574
1815.169000 -1040.921000 1790.130981 -1043.645386
1817.931000 -1044.484000 1792.761108 -1047.329956
1820.326000 -1048.207000 1795.073975 -1051.194946
1822.465000 -1052.152000 1797.028809 -1055.200806
1824.255000 -1056.260000 1798.637939 -1059.390137
1825.688000 -1060.491000 1799.872314 -1063.660767
1826.758000 -1064.825000 1800.743896 -1068.043701
1827.464000 -1069.230000 1801.261230 -1072.494751
1827.812000 -1073.687000 1801.411011 -1076.990356
1827.812000 -1078.165000 1801.218384 -1081.492920
1827.468000 -1082.643000 1800.677490 -1085.970093
1826.704000 -1087.072000 1799.774902 -1090.427612
1825.633000 -1091.489000 1798.499634 -1094.809937
1824.183000 -1095.811000 1796.853027 -1099.077271
1822.357000 -1099.995000 1794.831177 -1103.214233
1820.139000 -1103.994000 1792.449097 -1107.163818
1817.589000 -1107.799000 1789.715576 -1110.870483
1814.723000 -1111.351000 1786.664429 -1114.338989
1811.551000 -1114.626000 1783.304565 -1117.526367
1808.088000 -1117.606000 1779.651123 -1120.436401
1804.284000 -1120.246000 1775.735718 -1122.989624
1800.315000 -1122.623000 1771.606201 -1125.216919
1796.124000 -1124.692000 1767.207764 -1127.167725
1791.742000 -1126.471000 1762.663086 -1128.793457
1787.194000 -1127.955000 1757.947754 -1130.127808
1782.506000 -1129.180000 1753.066772 -1131.203491
1777.702000 -1130.193000 1748.122681 -1132.030762
1772.797000 -1131.038000 1743.081665 -1132.667847
1767.796000 -1131.740000 1737.920898 -1133.194946
1762.736000 -1132.348000 1732.740112 -1133.614868
1757.655000 -1132.885000 1727.553711 -1133.946411
1752.565000 -1133.366000 1722.380737 -1134.219116
1747.458000 -1133.818000 1717.197876 -1134.450806
1742.342000 -1134.251000 1712.010620 -1134.682495
1737.220000 -1134.667000 1706.831299 -1134.888794
1732.115000 -1135.064000 1701.676514 -1135.088379
1727.075000 -1135.441000 1696.601440 -1135.252441
1722.082000 -1135.788000 1691.578003 -1135.382080
1717.161000 -1136.086000 1686.636963 -1135.458130
1712.341000 -1136.271000 1681.797363 -1135.441284
1707.613000 -1136.285000 1677.044922 -1135.269531
1703.031000 -1136.085000 1672.405762 -1134.869141
1698.586000 -1135.613000 1667.907593 -1134.194946
1694.241000 -1134.791000 1663.561401 -1133.207031
1689.991000 -1133.671000 1659.336060 -1131.872925
1685.870000 -1132.171000 1655.286499 -1130.158447
1681.961000 -1130.284000 1651.458984 -1128.071045
1678.306000 -1127.996000 1647.813599 -1125.580322
1674.826000 -1125.267000 1644.535522 -1122.745483
1671.787000 -1122.274000 1641.538330 -1119.546631
1669.099000 -1118.972000 1638.935059 -1116.077881
1666.783000 -1115.408000 1636.705078 -1112.330078
1664.817000 -1111.609000 1634.853516 -1108.365601
1663.209000 -1107.637000 1633.381104 -1104.238770
1661.958000 -1103.507000 1632.234009 -1099.926758
1661.115000 -1099.284000 1631.546997 -1095.566528
1660.724000 -1094.939000 1631.301025 -1091.065430
1660.665000 -1090.516000 1631.529541 -1086.604858
1661.140000 -1086.159000 1632.196899 -1082.122681
1662.049000 -1081.841000 1633.299561 -1077.641479
1663.374000 -1077.556000 1634.820679 -1073.293091
1665.055000 -1073.325000 1636.726074 -1068.981689
1667.040000 -1069.131000 1638.948364 -1064.751709
1669.233000 -1064.989000 1641.382812 -1060.560669
1671.640000 -1060.840000 1644.010742 -1056.408203
1674.135000 -1056.683000 1646.756104 -1052.203369
1676.716000 -1052.451000 1649.567627 -1047.991089
1679.381000 -1048.145000 1652.441528 -1043.701050
