0.000000 -0.000000 10.280107 -3.820285
0.003267 4.566315 10.188567 0.739121
-0.031716 9.099118 10.075240 5.253515
-0.081952 13.587370 9.947634 9.726747
-0.172757 18.042800 9.797869 14.150722
-0.267875 22.451640 9.645718 18.551132
-0.358400 26.802010 9.492143 22.899958
-0.442803 31.082040 9.338326 27.171257
-0.523018 35.271990 9.191369 31.386305
-0.611006 39.330190 9.056256 35.434063
-0.673187 43.239550 8.947735 39.333096
-0.695957 46.977480 8.862732 43.074104
-0.690361 50.605530 8.837776 46.694485
-0.609462 54.132960 8.893976 50.250046
-0.411112 57.531050 9.055939 53.625805
-0.030280 60.807340 9.404491 56.940166
0.568852 63.940690 9.955935 60.049786
1.400581 66.903860 10.740751 63.039879
2.445156 69.702430 11.726640 65.868370
3.697183 72.300100 12.938196 68.494705
5.171922 74.740420 14.382172 70.986931
6.852965 76.941870 16.045734 73.258110
8.750799 78.905900 17.938251 75.298676
10.823450 80.634320 20.000343 77.082108
13.066210 82.178440 22.239233 78.663513
15.504950 83.526400 24.714062 80.014099
18.101340 84.588810 27.329729 81.094193
20.853170 85.339470 30.132633 81.890144
23.704110 85.757740 33.031254 82.341278
26.596700 85.903500 36.003746 82.539558
29.539120 85.860020 39.040115 82.525993
32.495530 85.669740 42.037857 82.384720
35.473920 85.419290 45.073395 82.163628
38.479390 85.150930 48.105103 81.926498
41.523140 84.840110 51.155163 81.680664
44.591610 84.512730 54.226692 81.419838
47.698590 84.159740 57.338745 81.146194
50.851300 83.780360 60.513107 80.829666
54.021280 83.370120 63.683933 80.481285
57.236480 82.963200 66.890884 80.152313
60.484150 82.564450 70.130768 79.806282
63.801630 82.126570 73.417671 79.458130
67.115350 81.671290 76.716064 79.084152
70.485000 81.248710 80.030411 78.749687
73.889090 80.831410 83.445839 78.402596
77.339480 80.402860 86.917236 78.017410
80.814430 79.981940 90.384583 77.680611
84.311560 79.560560 93.944138 77.320946
87.843140 79.132970 97.537079 76.958427
91.452740 78.712050 101.157990 76.591309
95.109110 78.302620 104.810608 76.268021
98.802080 77.939830 108.514206 75.956909
102.537600 77.577720 112.252457 75.628761
106.283100 77.182590 116.025055 75.291092
110.001900 76.763780 119.788445 74.921585
113.690700 76.253080 123.495041 74.463852
117.341000 75.581300 127.160782 73.877808
120.903700 74.751300 130.713257 73.137550
124.437500 73.785660 134.257324 72.250946
127.882800 72.651860 137.709732 71.189362
131.253600 71.361680 141.108932 69.966736
134.528800 69.931300 144.425476 68.616913
137.742000 68.328450 147.671814 67.080002
140.926800 66.546730 150.914978 65.367645
144.031200 64.574810 154.063293 63.447277
147.051200 62.406270 157.163437 61.313492
149.969500 60.049300 160.128906 59.012001
152.781800 57.504160 163.001099 56.530499
155.436800 54.746640 165.726349 53.811726
157.947400 51.752940 168.241974 50.865795
160.279800 48.634580 170.557114 47.763863
162.349000 45.353340 172.619461 44.473869
164.179800 41.946720 174.469849 41.099800
165.830900 38.447790 176.151489 37.612717
167.335400 34.861970 177.712189 34.040577
168.691200 31.242820 179.111221 30.452419
169.969500 27.582240 180.509033 26.824867
171.127300 23.900190 181.838196 23.193768
172.263200 20.221330 183.130753 19.544895
173.377000 16.599090 184.440903 15.924736
174.627000 13.004350 185.803696 12.362385
175.942500 9.442182 187.199890 8.854099
177.356800 5.917093 188.698288 5.404327
178.928800 2.434985 190.350891 1.980057
180.675800 -0.971876 192.126099 -1.354546
182.554400 -4.252484 194.025818 -4.536217
184.560700 -7.384682 196.056458 -7.561913
186.750900 -10.368790 198.258759 -10.429001
189.116500 -13.135630 200.650269 -13.127815
191.665700 -15.656880 203.210754 -15.609833
194.385900 -17.931220 205.940582 -17.805641
197.226100 -19.980800 208.847397 -19.791153
200.271800 -21.743030 211.939682 -21.516968
203.448300 -23.203180 215.190826 -22.962532
206.758900 -24.325190 218.547760 -24.024317
210.184300 -25.068170 221.999771 -24.717003
213.630700 -25.424490 225.472672 -25.037567
217.117000 -25.407460 228.928604 -24.960405
220.571900 -25.039820 232.403244 -24.571312
224.021200 -24.363710 235.828308 -23.846069
227.429900 -23.372920 239.207901 -22.802795
230.747500 -22.058700 242.478439 -21.442543
233.928400 -20.443850 245.602722 -19.784729
237.019600 -18.526770 248.579163 -17.826118
239.961000 -16.355940 251.458527 -15.608391
242.779800 -13.984550 254.156418 -13.172592
245.458500 -11.414060 256.758667 -10.570717
247.997000 -8.674394 259.216034 -7.771942
250.390600 -5.759310 261.495544 -4.807289
252.655600 -2.686673 263.711792 -1.664726
254.806500 0.534019 265.800049 1.606598
256.864000 3.862410 267.788910 4.990173
258.884400 7.263272 269.735962 8.442055
260.877600 10.718320 271.650391 11.933792
262.828700 14.222610 273.520569 15.484856
264.741600 17.745920 275.360962 19.046066
266.637600 21.266150 277.171204 22.596672
268.527700 24.786100 278.969818 26.141563
270.375000 28.334210 280.789246 29.692917
272.219500 31.917810 282.628235 33.291786
274.124700 35.502240 284.480316 36.914139
276.050500 39.060050 286.338318 40.569397
277.989700 42.665330 288.210236 44.263580
279.912600 46.301830 290.070312 47.929436
281.775800 49.949900 291.910828 51.608643
283.563100 53.532720 293.705292 55.243118
285.356500 57.056770 295.449585 58.843956
287.075600 60.536460 297.125000 62.374405
288.712000 63.954910 298.736755 65.846237
290.293900 67.289100 300.304474 69.243698
291.871100 70.559820 301.870544 72.581161
293.538100 73.753600 303.526093 75.824341
295.351100 76.864560 305.299805 79.002831
297.261700 79.892800 307.212830 82.098251
299.367900 82.771990 309.321411 85.033653
301.654700 85.444430 311.591431 87.745575
304.129900 87.873730 314.056549 90.251198
306.795800 90.009740 316.713898 92.451309
309.610300 91.815310 319.539001 94.335312
312.540600 93.287990 322.516022 95.888763
315.589700 94.424870 325.571991 97.118530
318.731100 95.231100 328.765259 97.979492
321.947000 95.719040 331.997620 98.526825
325.202000 95.875140 335.255615 98.720238
328.404100 95.672520 338.500244 98.557655
331.635400 95.086030 341.667328 98.054230
334.756200 94.171900 344.763123 97.187767
337.636900 92.963350 347.748932 95.987625
340.363200 91.461070 350.613953 94.441422
342.964100 89.692180 353.309753 92.572189
345.403300 87.579170 355.837952 90.360733
347.592200 85.092570 358.135529 87.837013
349.463400 82.321490 360.087982 85.058678
351.002500 79.397790 361.712982 82.108093
352.204000 76.402830 362.994110 79.023804
353.107800 73.306490 363.991760 75.874481
353.811200 70.096650 364.775330 72.677376
354.464700 66.889050 365.468933 69.460075
355.047400 63.664610 366.093170 66.269783
355.500500 60.449100 366.626526 63.045734
355.866900 57.296080 367.092712 59.856434
356.198500 54.208160 367.512207 56.762417
356.525800 51.221050 367.944580 53.764801
356.961300 48.369400 368.450531 50.919250
357.538900 45.752540 369.069855 48.315285
358.275300 43.388830 369.844879 45.989830
359.266800 41.238890 370.857880 43.913628
360.571800 39.373830 372.154480 42.113052
362.156300 37.835540 373.703308 40.637711
363.974400 36.638300 375.510132 39.482498
366.080400 35.761110 377.567780 38.673996
368.547300 35.234490 379.935181 38.191078
371.148400 35.045060 382.472229 38.064629
373.899500 35.175270 385.151062 38.246780
376.698100 35.611110 387.915314 38.724487
379.470900 36.322790 390.721252 39.493187
382.212100 37.294470 393.441498 40.504372
384.867700 38.517990 396.096008 41.778320
387.364100 39.991850 398.586700 43.313477
389.701500 41.780710 400.889008 45.160995
391.802700 43.839190 402.968262 47.255325
393.689400 46.099010 404.815704 49.554443
395.383900 48.474340 406.485321 51.956985
396.942200 50.928340 408.013184 54.439209
398.325500 53.450140 409.362885 56.991776
399.544900 56.052550 410.550171 59.630569
400.579700 58.728940 411.564362 62.324249
401.390700 61.486590 412.373596 65.106720
401.978000 64.333130 412.923340 67.952362
402.335300 67.250270 413.250244 70.892921
402.474600 70.259740 413.341156 73.919197
402.447300 73.356030 413.230652 77.022423
402.341800 76.540880 413.041229 80.222832
402.228800 79.805450 412.802704 83.492126
402.075400 83.156280 412.526825 86.841721
401.927800 86.597120 412.214050 90.281281
401.721900 90.113350 411.868622 93.775696
401.455800 93.737450 411.486267 97.358047
401.169200 97.438860 411.087982 101.045319
400.835400 101.196700 410.645569 104.789856
400.479100 104.981000 410.196167 108.538589
400.086700 108.745200 409.706635 112.303421
399.638200 112.493800 409.162292 116.021637
399.138700 116.226700 408.591675 119.739586
398.603300 119.924700 407.955353 123.415909
398.025400 123.612000 407.303497 127.066826
397.409200 127.314800 406.626587 130.757828
396.829000 131.013100 406.000397 134.390396
396.222300 134.687900 405.330994 138.032440
395.601900 138.281700 404.667450 141.674103
395.033400 141.881600 404.061829 145.332153
394.483600 145.487500 403.449036 148.946472
393.961300 149.091800 402.866760 152.574280
393.456700 152.724500 402.288940 156.207047
392.964400 156.362200 401.723053 159.874817
392.473900 160.012200 401.139984 163.545746
391.988000 163.681600 400.565369 167.239594
391.511200 167.360500 399.987732 170.937943
391.037700 171.040400 399.412506 174.638947
390.574400 174.743200 398.863922 178.361084
390.110100 178.440800 398.293640 182.089081
389.662900 182.147700 397.758881 185.799942
389.244100 185.891700 397.280457 189.557999
388.894800 189.677500 396.872040 193.320770
388.606000 193.461200 396.519623 197.105865
388.392800 197.250000 396.232208 200.874222
388.242200 201.058600 395.991943 204.675461
388.167200 204.843700 395.834961 208.451157
388.164900 208.656700 395.736633 212.227081
388.225800 212.467100 395.707428 216.059158
388.337900 216.277100 395.715118 219.877716
388.518500 220.100100 395.794678 223.729553
388.781300 223.924000 395.945343 227.582138
389.110400 227.762200 396.179169 231.446259
389.519500 231.600300 396.475830 235.334167
390.000700 235.455300 396.853088 239.213608
390.533100 239.323100 397.289825 243.088882
391.126500 243.191800 397.796173 246.991394
391.817200 247.082900 398.394867 250.910065
392.446500 250.991000 399.040100 254.848907
393.192700 254.933200 399.803284 258.779205
394.129800 258.841200 400.716827 262.697296
395.212400 262.725700 401.719208 266.645294
396.381300 266.559900 402.773560 270.519623
397.591700 270.309200 403.888794 274.329620
398.915600 273.988100 405.068481 278.077393
400.261600 277.620100 406.293945 281.763275
401.674900 281.230100 407.570618 285.428711
403.099300 284.836200 408.872253 289.091705
404.552600 288.368900 410.185364 292.676178
405.981400 291.858600 411.485016 296.222961
407.396700 295.286300 412.789276 299.722412
408.787500 298.654400 414.068604 303.154846
410.160300 301.970700 415.324341 306.526184
411.532700 305.248600 416.599243 309.864502
412.910200 308.514300 417.870483 313.152710
414.286500 311.815200 419.143616 316.483887
415.632400 315.158100 420.432251 319.878235
416.955300 318.554600 421.759949 323.297363
418.356500 321.950200 423.196777 326.704010
419.919100 325.360500 424.761292 330.151123
421.619500 328.772700 426.410095 333.589478
423.465300 332.205100 428.194855 337.036011
425.389400 335.648500 430.054413 340.531525
427.393700 339.062100 431.997894 344.003479
429.441400 342.427400 433.980743 347.432617
431.502800 345.736000 435.979797 350.806549
433.555500 349.037600 437.975281 354.158508
435.647400 352.345100 439.995178 357.527496
437.737700 355.673900 442.017273 360.913025
439.858900 359.019800 444.062714 364.306793
441.938400 362.354800 446.083130 367.710358
444.011500 365.707600 448.092010 371.095825
446.074200 369.043000 450.106323 374.507141
448.108100 372.393000 452.076538 377.872375
450.106200 375.748500 454.044342 381.252747
452.077600 379.076100 456.050476 384.636658
454.072700 382.382200 458.073608 388.011078
456.149900 385.671800 460.116333 391.373993
458.224600 388.968400 462.166687 394.724945
460.351800 392.205600 464.238770 398.012024
462.503100 395.388100 466.328125 401.255005
464.568500 398.419600 468.366272 404.343353
466.632000 401.347200 470.381592 407.310242
468.654400 404.221700 472.329071 410.231812
470.657600 407.038900 474.292786 413.100464
472.677800 409.783700 476.226990 415.930847
474.657200 412.487100 478.163574 418.703552
476.592600 415.139500 480.027130 421.411499
478.496300 417.710700 481.857483 424.020081
480.372100 420.213300 483.664124 426.543671
482.195400 422.602900 485.428864 428.985748
483.955500 424.843700 487.116119 431.260895
485.628500 426.923600 488.752533 433.381012
487.190800 428.865800 490.264557 435.368073
488.699400 430.731200 491.728760 437.260468
490.108000 432.491800 493.089417 439.044678
491.375400 434.138900 494.307495 440.713257
492.521700 435.661300 495.418152 442.253967
493.585300 437.088500 496.453674 443.696686
494.601900 438.498800 497.437347 445.117004
495.493900 439.942600 498.289856 446.550964
496.198400 441.455900 498.950134 448.041351
496.643000 443.038900 499.390656 449.562897
496.894900 444.688300 499.603271 451.173981
496.838300 446.434300 499.623566 452.928436
496.587000 448.236400 499.312256 454.728760
496.020500 450.035800 498.748047 456.550476
495.316800 451.880800 497.969055 458.339783
494.382600 453.714700 496.975708 460.125610
493.357500 455.591800 495.897736 461.968048
492.259600 457.525200 494.769775 463.859131
491.138900 459.531700 493.577393 465.853119
489.968800 461.583000 492.345093 467.891235
488.778600 463.722100 491.069427 470.020203
487.527700 465.987400 489.739075 472.249268
486.241900 468.332900 488.361206 474.557983
484.929200 470.750300 486.939880 476.898560
483.595100 473.196800 485.481964 479.320648
482.240900 475.680400 484.021515 481.768738
480.881200 478.179700 482.549957 484.222656
479.506700 480.715200 481.062683 486.719299
478.139700 483.249600 479.569031 489.177307
476.741800 485.776600 478.054199 491.679260
475.327000 488.358200 476.533234 494.212463
473.905700 490.923000 475.017944 496.713440
472.463600 493.499100 473.476105 499.228210
471.030900 496.048700 471.953278 501.712799
469.654400 498.493900 470.489960 504.098053
468.311000 500.883700 469.060059 506.443970
467.003300 503.201000 467.667694 508.681458
465.767600 505.385700 466.356720 510.820557
464.618000 507.421200 465.139160 512.818115
463.563200 509.303500 464.017120 514.629395
462.581700 511.077100 462.970795 516.369263
461.620900 512.827500 461.943542 518.082153
460.698800 514.516100 460.953064 519.737610
459.825600 516.111800 460.019226 521.297119
459.035800 517.582500 459.174011 522.728088
458.312900 518.912300 458.394592 524.024841
457.589200 520.176600 457.616943 525.260010
456.756600 521.359000 456.754791 526.391174
455.798000 522.446500 455.758850 527.428772
454.695200 523.354600 454.684937 528.253113
453.456700 523.963300 453.476807 528.912109
452.010000 524.448000 452.063965 529.392029
450.370300 524.664900 450.456055 529.568359
448.645800 524.629300 448.725006 529.509827
446.853700 524.242200 446.937897 529.043762
445.001300 523.578900 445.141174 528.340027
443.053700 522.715000 443.284546 527.403137
441.070200 521.621600 441.390442 526.228516
439.068600 520.385000 439.427673 524.929016
437.067600 519.079900 437.477539 523.550537
435.131900 517.711100 435.570404 522.106262
433.248700 516.276400 433.773468 520.598083
431.409100 514.772600 431.981995 519.034363
429.653800 513.188400 430.276123 517.394287
427.979000 511.552500 428.629913 515.693787
426.376200 509.872800 427.072235 513.953857
424.896200 508.159600 425.601868 512.187500
423.477300 506.386900 424.201569 510.368958
422.151700 504.603800 422.886169 508.533295
420.895300 502.757100 421.673462 506.640411
419.698800 500.847600 420.485229 504.686829
418.553100 498.879100 419.363892 502.665314
417.436100 496.852200 418.275269 500.596893
416.341100 494.769800 417.222351 498.461029
415.299400 492.613200 416.208618 496.270386
414.283100 490.400400 415.200073 494.014648
413.291100 488.174100 414.231079 491.736908
412.307400 485.928500 413.297302 489.466400
411.321100 483.659600 412.372131 487.180939
410.385800 481.369500 411.469666 484.856537
409.484300 479.070200 410.608826 482.528198
408.605900 476.771200 409.784302 480.180450
407.747600 474.482200 408.988647 477.838928
406.916200 472.194500 408.213379 475.509430
406.106200 469.923800 407.459991 473.215302
405.321800 467.714100 406.735321 470.984314
404.581200 465.613200 406.070312 468.868469
403.881000 463.647100 405.417236 466.875305
403.196100 461.842900 404.805603 465.031097
402.563700 460.074300 404.183594 463.240143
401.946900 458.305600 403.588898 461.464325
401.296600 456.548600 402.959778 459.685242
400.651300 454.770400 402.339081 457.891907
399.996700 452.984700 401.697205 456.093933
399.329600 451.125900 401.058533 454.206024
398.618400 449.218000 400.376099 452.285126
397.822000 447.249700 399.632904 450.292358
396.969800 445.208000 398.826477 448.223358
396.116100 443.116600 398.012970 446.121460
395.211200 440.967800 397.140198 443.974518
394.287700 438.749400 396.255005 441.777313
393.341900 436.497700 395.347900 439.546204
392.358600 434.221800 394.435425 437.275360
391.343800 431.907700 393.489044 434.972687
390.285600 429.531900 392.497437 432.604828
389.177900 427.104300 391.450806 430.176727
388.002000 424.633000 390.340759 427.714508
386.786000 422.153600 389.187714 425.231995
385.529200 419.645500 387.999695 422.729126
384.252800 417.122900 386.794586 420.195801
382.927300 414.575600 385.537903 417.627808
381.591500 412.030100 384.235687 415.054779
380.224100 409.463100 382.925995 412.473328
378.830100 406.889400 381.574707 409.860901
377.404400 404.303400 380.206665 407.253784
375.940700 401.722300 378.803955 404.640625
374.431300 399.137000 377.353516 402.014587
372.878200 396.550200 375.869690 399.398376
371.286300 393.960100 374.328064 396.757996
369.662600 391.367800 372.763519 394.129700
368.012000 388.798400 371.171936 391.514832
366.357200 386.258300 369.532776 388.889313
364.686300 383.683500 367.894470 386.254608
362.990500 381.103100 366.210968 383.589600
361.274100 378.545400 364.530151 380.989380
359.479500 376.079600 362.861115 378.465210
357.743100 373.713700 361.217255 376.043396
356.046500 371.424400 359.588196 373.710510
354.349500 369.168400 357.925110 371.377533
352.662900 366.944000 356.308624 369.084808
351.018900 364.780500 354.713776 366.859192
349.445300 362.679200 353.196381 364.701324
347.970100 360.669800 351.745941 362.632446
346.587900 358.760700 350.364929 360.667877
345.269200 357.004900 349.048462 358.851715
343.987600 355.420000 347.796478 357.223053
342.722300 353.942300 346.552582 355.718628
341.428400 352.599100 345.288422 354.362061
340.132200 351.423100 343.999634 353.175049
338.769300 350.441200 342.651001 352.165466
337.341700 349.681300 341.232117 351.367584
335.777200 349.128400 339.689362 350.825745
334.132400 348.908200 338.057831 350.538086
332.452400 349.031300 336.364716 350.594208
330.797800 349.428100 334.698578 350.931335
329.211100 350.167300 333.106934 351.615082
327.641800 351.098300 331.542908 352.505341
326.094800 352.236000 329.977448 353.624115
324.512700 353.489700 328.371490 354.835876
322.875800 354.863500 326.683624 356.185028
321.135500 356.302000 324.894318 357.566254
319.250000 357.710100 322.968231 358.896240
317.242300 359.002400 320.928894 360.117462
315.093800 360.160000 318.742188 361.211304
312.852600 361.167400 316.479919 362.119812
310.509200 362.008200 314.135193 362.869232
308.069100 362.662200 311.707520 363.428467
305.560600 363.146700 309.171112 363.849915
302.953900 363.438100 306.589447 364.064575
300.313300 363.558500 303.943024 364.097351
297.631800 363.522600 301.256104 364.003540
294.885100 363.381000 298.530151 363.785736
292.104200 363.172300 295.735718 363.519073
289.300900 362.939000 292.938782 363.201355
286.491000 362.678500 290.127625 362.848938
283.693500 362.370200 287.332916 362.444763
280.920600 362.098000 284.582458 362.080261
278.169000 361.857400 281.812286 361.739258
275.446800 361.657400 279.112091 361.444031
272.737000 361.519800 276.396790 361.228607
270.035600 361.455000 273.690094 361.079315
267.327700 361.497700 270.966675 361.035645
264.630400 361.676000 268.240173 361.125519
261.940300 361.979900 265.554321 361.337585
259.250900 362.413000 262.858551 361.667877
256.573600 362.959900 260.159637 362.133881
253.917300 363.655300 257.478821 362.728943
251.288400 364.497000 254.821838 363.467072
248.680300 365.504900 252.157196 364.381622
246.094700 366.666900 249.541306 365.467712
243.562600 367.994000 246.959686 366.731934
241.083300 369.508300 244.454239 368.165222
238.697300 371.174900 242.030365 369.753235
236.432200 372.983900 239.739807 371.497131
234.282400 374.915600 237.551453 373.361389
232.221400 376.965100 235.458038 375.339905
230.283900 379.136000 233.488800 377.445374
228.445400 381.408600 231.627930 379.660950
226.762700 383.789500 229.914886 381.974487
225.240300 386.284200 228.336151 384.424194
223.870500 388.875300 226.912125 386.970612
222.651800 391.576800 225.633911 389.625275
221.610300 394.407600 224.503174 392.439697
220.731600 397.346700 223.541260 395.345764
220.036100 400.374900 222.753326 398.360260
219.492700 403.546000 222.135681 401.527924
219.131100 406.829700 221.677200 404.820831
218.954900 410.176200 221.433182 408.139374
218.961000 413.566100 221.373169 411.533813
219.145900 416.967900 221.484924 414.926849
219.451900 420.389700 221.723694 418.352051
219.829800 423.806600 222.021729 421.757904
220.310500 427.237200 222.413345 425.199799
220.868900 430.684800 222.876572 428.649353
221.441400 434.161900 223.333679 432.139313
222.038500 437.663400 223.835968 435.627563
222.674200 441.192400 224.352783 439.157867
223.324700 444.766400 224.862274 442.740967
223.976800 448.390400 225.383820 446.340302
224.645100 452.052600 225.915695 449.985626
225.326300 455.738000 226.464630 453.645508
226.013500 459.438200 227.022293 457.333466
226.742700 463.131400 227.626801 461.009338
227.489100 466.830800 228.244049 464.709045
228.247700 470.527000 228.881454 468.402618
229.012100 474.215100 229.520676 472.107208
229.762000 477.897100 230.160645 475.780029
230.499300 481.567900 230.771072 479.443481
231.252900 485.238400 231.402374 483.117676
232.010300 488.886300 232.025269 486.778107
232.763300 492.531800 232.663055 490.407288
233.545900 496.169700 233.307190 494.058289
234.328200 499.811600 233.952286 497.706787
235.108100 503.420000 234.599579 501.322968
235.907500 507.019800 235.273407 504.945892
236.703700 510.603300 235.950653 508.563477
237.481000 514.162500 236.594025 512.135742
238.249000 517.704200 237.243088 515.708618
239.014400 521.230500 237.880112 519.207397
239.746800 524.741600 238.474823 522.712463
240.436600 528.231300 239.065964 526.212036
241.102000 531.689500 239.621948 529.675415
241.740900 535.133300 240.172485 533.093872
242.359400 538.550300 240.704941 536.519531
242.993900 541.935900 241.249054 539.904419
243.655500 545.295800 241.824921 543.278076
244.307800 548.630700 242.404877 546.614746
244.986700 551.924500 243.012787 549.915710
245.686600 555.189800 243.648621 553.186279
246.402300 558.403000 244.291077 556.401917
247.160300 561.604000 244.978897 559.603455
247.954300 564.747800 245.703796 562.733765
248.799800 567.843200 246.475983 565.845581
249.719700 570.881500 247.318665 568.890259
250.691800 573.875500 248.214264 571.903076
251.722500 576.816900 249.158157 574.866211
252.792400 579.719200 250.148254 577.797729
253.899200 582.619100 251.160080 580.705200
254.999400 585.538800 252.161987 583.625305
256.084000 588.464600 253.135529 586.574890
257.132200 591.413100 254.069565 589.524170
258.142200 594.337700 254.982086 592.435913
259.143500 597.295100 255.877426 595.414062
260.132300 600.227900 256.763306 598.380493
261.124300 603.146400 257.660706 601.309937
262.175000 606.016800 258.634338 604.189941
263.321800 608.844200 259.686646 607.045776
264.592700 611.600700 260.889252 609.832397
266.012800 614.279900 262.226135 612.540466
267.588100 616.881700 263.723053 615.197205
269.323800 619.428300 265.393433 617.779846
271.210100 621.881800 267.203613 620.295837
273.238300 624.254900 269.144165 622.714172
275.373300 626.509900 271.208801 625.037598
277.623300 628.637000 273.387634 627.245605
279.976600 630.608900 275.680450 629.301819
282.453700 632.438800 278.095154 631.212524
285.065600 634.108700 280.679352 632.975830
287.781800 635.684200 283.344910 634.634888
290.614800 637.170400 286.136353 636.214478
293.572000 638.551300 289.035400 637.682495
296.640000 639.897800 292.042206 639.115723
299.815900 641.203200 295.157715 640.547485
303.076400 642.494500 298.333435 641.933350
306.357100 643.765800 301.537598 643.313354
309.674900 645.021300 304.777191 644.663757
312.999700 646.243800 308.037048 645.994019
316.341000 647.457400 311.304169 647.320984
319.656500 648.689200 314.528839 648.648315
322.948500 649.961000 317.727020 650.025635
326.166800 651.311700 320.881378 651.476440
329.336100 652.739100 323.982513 653.016968
332.444200 654.205600 327.018250 654.565796
335.400500 655.659200 329.926086 656.112549
338.177900 657.091100 332.692627 657.621704
340.853600 658.520100 335.364990 659.113281
343.392000 659.901300 337.909729 660.562988
345.797500 661.222900 340.298981 661.960754
348.061700 662.470200 342.549072 663.245850
350.227800 663.663600 344.716553 664.486816
352.269800 664.764500 346.768494 665.633301
354.171500 665.743600 348.639221 666.672363
355.867200 666.596600 350.327759 667.576477
357.385800 667.323400 351.819702 668.356689
358.688300 667.945100 353.091187 669.040161
359.785500 668.454700 354.178650 669.553467
360.684700 668.879300 355.067932 670.012695
361.448900 669.240500 355.835938 670.397217
362.202200 669.609800 356.549988 670.783142
362.884200 670.041700 357.180756 671.244812
363.544500 670.582800 357.830383 671.786438
364.209800 671.330500 358.506042 672.519287
364.845000 672.309500 359.007294 673.583679
365.349200 673.552400 359.504761 674.835083
365.693100 675.079000 359.645630 676.267029
365.765200 676.782400 359.589844 677.880920
365.523700 678.539500 359.254181 679.696960
365.089100 680.489300 358.700562 681.554321
364.466100 682.514600 357.957886 683.479065
363.616300 684.610800 356.989929 685.471924
362.501500 686.760700 355.842133 687.551575
361.240200 688.988000 354.507935 689.713867
359.916600 691.336700 353.094879 692.004272
358.517400 693.800300 351.602692 694.408936
357.035700 696.407500 350.015381 696.917114
355.508800 699.115600 348.360962 699.541687
353.904300 701.929300 346.621094 702.292603
352.257400 704.823800 344.847351 705.066772
350.567500 707.796400 343.017212 707.928589
348.841400 710.853200 341.138580 710.885986
347.061700 713.947900 339.171600 713.905090
345.240600 717.126500 337.193726 716.983887
343.396200 720.384700 335.174896 720.143799
341.517100 723.688800 333.126404 723.357117
339.619000 727.060600 331.065186 726.625488
337.697800 730.488300 328.981171 729.907593
335.746300 733.965100 326.812622 733.323120
333.767200 737.500800 324.625793 736.777954
331.787300 741.093200 322.477417 740.231201
329.802100 744.697600 320.316895 743.720337
327.822700 748.252900 318.169556 747.120483
325.882900 751.750500 316.049561 750.484375
323.953700 755.221900 313.930939 753.847046
322.019400 758.698600 311.820679 757.201782
320.037700 762.177600 309.654053 760.569092
318.097700 765.622300 307.524719 763.908508
316.183200 769.057500 305.423828 767.223633
314.250000 772.494900 303.295868 770.546387
312.275800 775.931500 301.121674 773.876221
310.254000 779.359500 298.887695 777.189209
308.122800 782.782800 296.562347 780.488831
305.862800 786.166800 294.133423 783.752991
303.500700 789.503100 291.589691 786.979309
300.970800 792.776600 288.909973 790.103394
298.346100 795.948700 286.132690 793.118103
295.632400 799.046800 283.262512 796.046021
292.854400 802.131000 280.332642 798.954590
290.021900 805.167500 277.332275 801.826416
287.126600 808.146600 274.293762 804.605103
284.119000 811.063300 271.139282 807.331848
281.041800 813.860300 267.917603 809.916565
277.869300 816.545900 264.632812 812.420654
274.646800 819.105600 261.306763 814.793274
271.386100 821.531200 257.926880 817.052185
268.116800 823.813700 254.523056 819.176270
264.867100 825.970500 251.183212 821.135193
261.611600 828.060300 247.809280 823.051025
258.412200 830.064600 244.492386 824.873840
255.270800 831.964500 241.217468 826.610291
252.165400 833.785500 238.017487 828.253906
249.035500 835.465400 234.896667 829.803772
245.676600 836.941500 231.855240 831.256714
242.526400 838.395100 228.917938 832.646118
239.649200 839.782300 226.117569 833.954712
236.954200 841.095200 223.474854 835.178772
234.477400 842.339200 221.002731 836.335022
232.193600 843.528700 218.694550 837.450378
230.093400 844.639300 216.575089 838.474731
228.164600 845.633300 214.634094 839.380127
226.339700 846.487500 212.788300 840.141907
224.559800 847.148600 211.007614 840.695862
222.862900 847.611100 209.318878 841.066345
221.160000 847.853200 207.630493 841.182312
219.343600 847.650900 205.945190 841.039307
217.613700 847.228800 204.259338 840.560303
215.983200 846.459000 202.644257 839.760315
214.496600 845.376700 201.173401 838.646118
213.166300 844.015600 199.893219 837.234497
211.989600 842.443000 198.750824 835.611328
210.942500 840.673500 197.802505 833.797241
210.015200 838.668700 196.980835 831.807678
209.177100 836.492300 196.287796 829.602539
208.420100 834.203400 195.661606 827.270874
207.685300 831.756600 195.063980 824.775452
206.966400 829.169500 194.495041 822.147095
206.234900 826.499600 193.941467 819.457153
205.491300 823.727800 193.342346 816.617188
204.726900 820.872900 192.732468 813.715942
203.960100 817.947300 192.110336 810.747742
203.188700 814.944500 191.473526 807.673401
202.387700 811.853000 190.816071 804.536865
201.557100 808.685000 190.148056 801.313049
200.707000 805.446700 189.475845 798.032654
199.837600 802.169300 188.765778 794.686523
198.959100 798.853000 188.064438 791.295471
198.078300 795.512000 187.356918 787.887817
197.208100 792.134200 186.641129 784.442688
196.331500 788.727300 185.927643 780.982544
195.393800 785.296400 185.178619 777.497192
194.407000 781.832200 184.370895 773.977600
193.372100 778.361600 183.527374 770.440369
192.268500 774.862700 182.611725 766.878906
191.104500 771.351900 181.640274 763.303345
189.900200 767.803200 180.628235 759.679138
188.697400 764.215300 179.601425 756.009705
187.525500 760.573100 178.627975 752.283020
186.417200 756.874800 177.723175 748.520447
185.391100 753.140200 176.886032 744.712891
184.425300 749.376100 176.121643 740.890930
183.505800 745.586000 175.407623 737.025513
182.630800 741.760500 174.744766 733.136475
181.799600 737.920600 174.122131 729.247314
180.995700 734.046000 173.528870 725.352661
180.235100 730.165100 172.958130 721.448303
179.509000 726.267300 172.405731 717.519958
178.782600 722.358000 171.846741 713.566406
178.060700 718.433400 171.339035 709.635376
177.362100 714.485400 170.852997 705.657593
176.683600 710.485300 170.379547 701.629395
176.012100 706.523900 169.926697 697.624084
175.366700 702.573200 169.497711 693.609680
174.771600 698.664000 169.106293 689.641541
174.208700 694.786000 168.741486 685.746643
173.664500 690.971400 168.397675 681.890198
173.120400 687.194400 168.036621 678.087952
172.609800 683.452500 167.685852 674.312195
172.111300 679.757200 167.363190 670.604919
171.620100 676.075400 167.027405 666.909668
171.116500 672.425100 166.699646 663.244385
170.597300 668.791300 166.350769 659.581665
170.061700 665.158300 166.008469 655.927002
169.508500 661.515700 165.660324 652.262634
168.924400 657.855800 165.289581 648.561340
168.353600 654.164700 164.933533 644.860046
167.787000 650.469600 164.599976 641.153198
167.241700 646.760000 164.288376 637.428772
166.711700 643.033600 163.964218 633.651855
166.161900 639.298500 163.621613 629.910095
165.603300 635.547200 163.299805 626.161804
165.019900 631.781100 162.945801 622.357117
164.407900 627.989800 162.551178 618.555176
163.795100 624.165700 162.180145 614.718445
163.188600 620.333500 161.793686 610.863831
162.585900 616.485800 161.407730 606.984924
162.003800 612.637200 161.036240 603.109131
161.404000 608.796100 160.669281 599.229553
160.758000 604.972100 160.293304 595.313538
160.133600 601.135300 159.925079 591.426575
159.495800 597.273400 159.542953 587.522278
158.840300 593.366000 159.187241 583.583374
158.208600 589.447000 158.812500 579.610168
157.580800 585.515400 158.439865 575.632874
156.942900 581.558400 158.071930 571.634827
156.315100 577.584700 157.685760 567.608154
155.693100 573.602200 157.321686 563.584717
155.097900 569.612100 156.953812 559.583801
154.494600 565.631700 156.601181 555.584473
153.882900 561.635800 156.223358 551.568420
153.275400 557.661700 155.843674 547.566101
152.657100 553.699500 155.463547 543.550903
152.007000 549.736100 155.083710 539.532288
151.335500 545.780700 154.690063 535.530518
150.702300 541.830000 154.301529 531.496033
150.111100 537.863200 153.942535 527.515320
149.565800 533.878000 153.574585 523.494873
149.070700 529.886400 153.224670 519.477661
148.583300 525.892200 152.884796 515.470398
148.098100 521.899600 152.550079 511.468781
147.615200 517.906000 152.231857 507.457367
147.078600 513.924800 151.875778 503.446716
146.557400 509.928000 151.514435 499.426361
145.990800 505.947400 151.148193 495.447540
145.414200 501.983900 150.800873 491.465424
144.839400 498.023200 150.409119 487.460266
144.237000 494.066600 149.992172 483.476074
143.642200 490.086700 149.585648 479.489594
143.093600 486.100600 149.190613 475.498779
142.520000 482.109500 148.788864 471.484314
141.953600 478.120000 148.414398 467.482635
141.409200 474.120700 148.053680 463.481476
140.866200 470.116800 147.699371 459.470459
140.329900 466.129000 147.353424 455.486877
139.802900 462.170200 147.009094 451.534912
139.285200 458.259400 146.679413 447.639740
138.767400 454.380800 146.362534 443.774780
138.265200 450.537100 146.043427 439.934784
137.781900 446.703500 145.743179 436.101929
137.326700 442.890000 145.474442 432.299622
136.905100 439.064700 145.222198 428.440033
136.518100 435.237300 145.019211 424.626587
136.143200 431.414200 144.823624 420.802856
135.825400 427.592200 144.667831 416.989288
135.543200 423.737300 144.577133 413.122681
135.270100 419.908100 144.506454 409.294556
135.035900 416.031200 144.500122 405.416840
134.860400 412.167200 144.528915 401.548248
134.729600 408.319200 144.602463 397.709503
134.657500 404.515600 144.732361 393.907135
134.622800 400.768700 144.887939 390.170959
134.596400 397.079600 145.048416 386.501160
134.623000 393.460300 145.256332 382.866913
134.664700 389.903700 145.486023 379.313416
134.742900 386.395400 145.735931 375.831726
134.849100 382.945500 146.007843 372.395874
134.972000 379.565400 146.276581 369.041565
135.131800 376.244700 146.583435 365.735413
135.333900 373.018200 146.924957 362.523926
135.556500 369.861200 147.301041 359.395538
135.838900 366.777100 147.722748 356.360962
136.225700 363.791900 148.249603 353.412109
136.738700 360.891300 148.875229 350.570648
137.359000 358.081000 149.637115 347.788239
138.112400 355.303200 150.525909 345.043884
138.966200 352.534800 151.491959 342.303406
139.893600 349.805900 152.517456 339.625153
140.896000 347.157200 153.623016 337.060852
141.971400 344.579000 154.772614 334.582733
143.130500 342.084500 156.031708 332.148010
144.392300 339.674500 157.378571 329.818237
145.777400 337.332100 158.851608 327.562256
147.331500 335.073900 160.489227 325.397217
149.057400 332.893100 162.273712 323.343475
150.967000 330.772000 164.249786 321.375244
153.050000 328.762800 166.395493 319.508606
155.286900 326.913400 168.709198 317.777893
157.696000 325.210700 171.132065 316.238953
160.258100 323.696400 173.729019 314.872742
162.973100 322.395300 176.453995 313.737793
165.832800 321.314600 179.298065 312.852966
168.823000 320.455500 182.289032 312.158966
171.915000 319.751800 185.370346 311.629425
175.093600 319.154400 188.562439 311.196167
178.356600 318.621500 191.829498 310.829651
181.670600 318.107800 195.184372 310.501434
184.954100 317.552100 198.612244 310.209595
188.360600 317.014600 202.149216 309.910950
191.810500 316.498600 205.685791 309.595825
195.303300 315.956300 209.287628 309.231781
198.810200 315.370500 212.864441 308.827789
202.319700 314.727700 216.439621 308.361298
205.854900 314.018600 220.009644 307.838623
209.382100 313.210000 223.597412 307.210297
212.873900 312.313500 227.143555 306.489563
216.282400 311.315800 230.593689 305.667297
219.602300 310.211800 233.941711 304.733429
222.828600 308.969500 237.197449 303.670593
225.892800 307.618500 240.333008 302.487396
228.857400 306.132600 243.336853 301.160828
231.705300 304.510000 246.248627 299.697754
234.404500 302.795000 249.029999 298.121094
236.964200 301.022400 251.674469 296.488861
239.357400 299.191600 254.172165 294.773682
241.573300 297.348000 256.464996 293.048370
243.583200 295.531300 258.580017 291.324158
245.364000 293.745300 260.467773 289.619202
246.928300 292.003400 262.114166 287.939911
248.255900 290.313300 263.515533 286.313232
249.318200 288.712300 264.659912 284.757202
250.170400 287.137600 265.615021 283.199463
250.789300 285.600000 266.281616 281.704132
251.165900 284.019700 266.748230 280.116577
251.314100 282.347000 267.012543 278.489105
251.208600 280.685900 267.002747 276.839539
250.772400 279.031200 266.672607 275.071808
249.999900 277.363100 265.988647 273.338013
248.862600 275.742500 264.927216 271.669556
247.391400 274.199800 263.517700 270.060852
245.604100 272.717600 261.799438 268.488525
243.606700 271.249000 259.906036 266.922577
241.483200 269.657000 257.844147 265.210724
239.255900 267.931300 255.717499 263.387665
236.942400 266.062700 253.490906 261.400543
234.573400 264.060900 251.224991 259.278137
232.194200 261.911300 248.971313 257.019531
229.828600 259.643500 246.728180 254.641678
227.459400 257.285700 244.458679 252.165039
225.117700 254.818300 242.248306 249.599884
222.794900 252.268100 240.025070 246.940872
220.539900 249.684100 237.893250 244.252579
218.379000 247.150200 235.860992 241.619141
216.331900 244.688600 233.938507 239.052231
214.447100 242.296600 232.165192 236.560593
212.738900 239.986300 230.542648 234.162216
211.155100 237.800000 229.042755 231.900604
209.645500 235.806000 227.606796 229.813339
208.153800 234.063200 226.167206 227.978699
206.642600 232.599300 224.708191 226.428940
205.050700 231.388700 223.169296 225.154694
203.386000 230.453900 221.538803 224.124405
201.568800 229.804200 219.717133 223.357651
199.652600 229.469400 217.752731 222.919083
197.649300 229.448700 215.710251 222.845123
195.695200 229.808500 213.672104 223.125534
193.757500 230.545900 211.685989 223.777298
191.873400 231.575500 209.694733 224.729721
190.008500 232.786900 207.702667 225.854492
188.027800 234.075600 205.586182 227.078888
185.893500 235.390300 203.342316 228.281982
183.609800 236.705800 200.913452 229.533035
181.165200 238.005100 198.356262 230.712524
178.517300 239.254000 195.632355 231.819611
175.726900 240.407000 192.784668 232.812729
172.707400 241.421200 189.755249 233.692871
169.603600 242.357600 186.672684 234.508179
166.445500 243.209000 183.528259 235.221558
163.269700 243.975200 180.312805 235.814392
160.018600 244.710100 177.045364 236.423080
156.736700 245.397400 173.785095 236.972305
153.408400 246.036100 170.465363 237.475494
150.090200 246.634600 167.153946 237.922546
146.806300 247.228400 163.836258 238.357788
143.505000 247.801600 160.527176 238.769745
140.209300 248.367500 157.257797 239.178375
136.935100 248.926700 153.983994 239.574951
133.701200 249.482000 150.743073 239.989395
130.512300 250.041400 147.551971 240.418320
127.368600 250.623000 144.363831 240.894928
124.279500 251.271600 141.251297 241.440948
121.226800 251.988400 138.178375 242.050018
118.235900 252.796200 135.140167 242.755310
115.296000 253.710500 132.140381 243.554306
112.410900 254.793600 129.185150 244.488571
109.550100 256.073600 126.250282 245.625061
106.765300 257.559400 123.402489 246.947601
104.058300 259.195200 120.618980 248.436798
101.451300 260.983800 117.920715 250.073914
98.958900 262.930000 115.323792 251.879913
96.560750 265.038400 112.819626 253.848999
94.233290 267.302400 110.400688 255.961029
91.992660 269.682500 108.060394 258.235657
89.872160 272.215300 105.828560 260.678864
87.867480 274.902800 103.701462 263.268982
85.990600 277.735000 101.683235 266.000763
84.244040 280.710100 99.795876 268.890167
82.619100 283.777000 98.021217 271.879333
81.079690 286.968600 96.325623 275.007202
79.784310 290.233300 94.868179 278.197174
78.568560 293.653400 93.474113 281.534698
77.471470 297.091000 92.200836 284.874329
76.507590 300.590600 91.070641 288.285553
75.684350 304.118500 90.070717 291.750549
74.993740 307.691900 89.197708 295.273895
74.448540 311.297700 88.484032 298.840576
74.042020 314.935900 87.907516 302.448639
73.771590 318.594800 87.467545 306.056335
73.715910 322.261900 87.105583 309.697754
73.769420 325.907700 86.824387 313.330475
73.817040 329.552100 86.587204 316.975311
74.000290 333.173500 86.409180 320.588013
74.172500 336.809200 86.268997 324.192047
74.344680 340.442200 86.157356 327.794525
74.514430 344.091300 86.101982 331.403168
74.662940 347.746700 86.022278 335.006561
74.736070 351.400000 85.866211 338.594788
74.769320 355.000700 85.713440 342.171234
74.814470 358.586500 85.560539 345.721771
74.746920 362.178000 85.380684 349.265137
74.686830 365.745600 85.189941 352.837799
74.555740 369.317000 84.952583 356.385162
74.360040 372.935200 84.653183 359.933746
74.109450 376.533900 84.286385 363.464325
73.828330 380.133100 83.869621 367.011108
73.476450 383.716600 83.379303 370.515564
73.062260 387.295400 82.843132 374.039734
72.635640 390.839200 82.273842 377.537567
72.123690 394.365700 81.599869 381.010681
71.585570 397.910500 80.907921 384.491180
70.976400 401.435000 80.121902 387.951080
70.311850 404.959700 79.284950 391.455933
69.602670 408.449900 78.420769 394.917786
68.879140 411.948200 77.551750 398.399017
68.139490 415.452800 76.655045 401.878876
67.432580 418.981100 75.768799 405.330322
66.735590 422.501800 74.883621 408.775238
66.031790 425.991100 74.036469 412.248047
65.337700 429.457600 73.184235 415.713257
64.678150 432.971500 72.350395 419.222961
64.092350 436.564700 71.610130 422.781097
63.538820 440.165700 70.903580 426.323914
63.089490 443.780200 70.282036 429.897980
62.687700 447.405600 69.731049 433.463715
62.395430 451.016900 69.286270 437.029388
62.179910 454.600300 68.909126 440.586639
62.016060 458.184800 68.577866 444.150330
61.878910 461.762700 68.268524 447.701904
61.782260 465.339800 67.998421 451.256012
61.711200 468.924000 67.740898 454.815308
61.669710 472.506000 67.512962 458.376892
61.695530 476.094800 67.347137 461.932220
61.729390 479.666900 67.199089 465.496307
61.822870 483.270300 67.106079 469.080078
61.924810 486.878100 67.018044 472.667542
62.056550 490.478600 66.957069 476.262939
62.176020 494.117900 66.887764 479.908264
62.266690 497.773900 66.804207 483.525696
62.330910 501.484400 66.694183 487.207245
62.383600 505.245100 66.625053 490.859314
62.456820 509.016300 66.568901 494.603180
62.639660 512.800600 66.641777 498.373077
62.868350 516.638100 66.743286 502.187195
63.106400 520.456700 66.852036 505.966431
63.367240 524.259400 66.965607 509.752930
63.593570 528.081800 67.047928 513.530640
63.801530 531.888200 67.099297 517.320374
64.024540 535.667900 67.160934 521.076965
64.206830 539.467500 67.174347 524.832214
64.344710 543.234900 67.140053 528.530090
64.496310 546.996900 67.113701 532.244995
64.631930 550.743000 67.068130 535.947876
64.749170 554.462700 67.007324 539.641907
64.914610 558.167300 66.996231 543.334167
65.103700 561.867200 67.007790 547.034424
65.335960 565.517200 67.060265 550.660522
65.569200 569.190200 67.109055 554.294312
65.794250 572.863800 67.161194 557.934509
65.979210 576.521900 67.178490 561.558594
66.180050 580.172300 67.230888 565.142395
66.362280 583.853000 67.260010 568.803711
66.538350 587.515200 67.277596 572.426636
66.682270 591.168900 67.259544 576.056885
66.777600 594.811400 67.194649 579.657349
66.890400 598.420300 67.136200 583.250244
67.026690 602.042900 67.099670 586.854980
67.177460 605.622900 67.086411 590.427246
67.323020 609.198300 67.066933 593.985535
67.450500 612.758000 67.038055 597.547546
67.653570 616.289300 67.095688 601.079041
67.878290 619.813700 67.171936 604.621582
68.154010 623.308500 67.297600 608.079712
68.437020 626.799600 67.442291 611.562744
68.771410 630.257700 67.633293 615.032776
69.202550 633.695200 67.912148 618.461792
69.600670 637.103300 68.174797 621.822510
70.036830 640.488700 68.475479 625.208374
70.506270 643.807100 68.805992 628.531311
70.892770 647.161500 69.039597 631.901917
71.232770 650.443300 69.240067 635.216370
71.580170 653.720500 69.439537 638.431763
71.988160 656.939000 69.638321 641.708252
72.305150 660.204100 69.788078 644.927979
72.604120 663.408400 69.880676 648.157043
72.917010 666.635000 69.967491 651.390869
73.242550 669.852400 70.060455 654.642578
73.637330 673.050100 70.185226 657.881897
74.027710 676.284300 70.354805 661.144470
74.459600 679.526800 70.601913 664.393494
74.950660 682.820100 70.911690 667.675171
75.485380 686.101000 71.228256 670.986328
75.997000 689.438300 71.564171 674.309692
76.620780 692.817900 71.958214 677.688965
77.255750 696.266300 72.394089 681.120850
77.860920 699.720200 72.820709 684.579468
78.456960 703.252300 73.221275 688.133362
79.046650 706.838300 73.627007 691.738159
79.748960 710.431700 74.041168 695.354370
80.377820 714.087800 74.435509 699.048645
80.984990 717.795000 74.864563 702.744141
81.568530 721.524100 75.304962 706.501099
82.226950 725.230100 75.778023 710.238037
82.971570 728.932500 76.289192 713.968933
83.716810 732.637800 76.840500 717.689209
84.461420 736.340000 77.431870 721.457214
85.205890 740.041500 78.094025 725.153137
85.988280 743.734800 78.773041 728.851135
86.881120 747.371500 79.488937 732.524963
87.770200 751.019300 80.202522 736.201355
88.659140 754.657900 80.949394 739.846619
89.568830 758.256300 81.706451 743.478271
90.529500 761.919200 82.521729 747.172546
91.504420 765.495400 83.356445 750.813660
92.518360 769.126400 84.202988 754.440186
93.541990 772.703400 85.067451 758.069336
94.615270 776.302000 85.992981 761.697693
95.687250 779.833200 86.920982 765.259338
96.764590 783.369100 87.871315 768.831421
97.857970 786.887700 88.839912 772.373230
98.977700 790.363900 89.812172 775.874878
100.102700 793.842400 90.815781 779.367493
101.281700 797.278800 91.855881 782.837402
102.480100 800.701200 92.920685 786.312134
103.706800 804.080200 93.978607 789.714905
104.948300 807.449200 95.092697 793.166809
106.192400 810.798000 96.172028 796.555176
107.467000 814.117100 97.306671 799.947327
108.775000 817.411500 98.442963 803.300232
110.077600 820.689800 99.589539 806.637695
111.337000 823.916800 100.697922 809.942993
112.595900 827.082700 101.811554 813.172729
113.862500 830.153000 102.951050 816.293335
115.118400 833.166500 104.066666 819.360779
116.423500 836.128900 105.240402 822.383484
117.895400 839.037200 106.538651 825.387573
119.447600 841.885100 107.958221 828.326355
121.088600 844.701900 109.477127 831.250061
122.872100 847.290700 111.043182 834.064209
124.724400 849.810800 112.747406 836.872314
126.575500 852.329600 114.491333 839.560669
128.426600 854.848600 116.266876 842.166626
130.276800 857.367000 118.053345 844.637695
132.127400 859.883600 119.828491 847.019470
133.992200 862.014800 121.588715 849.263916
135.814600 864.035300 123.308807 851.404480
137.604800 865.988300 124.988129 853.445923
139.298200 867.835900 126.610046 855.402893
140.919200 869.609300 128.172699 857.264221
142.486000 871.338400 129.656982 859.089294
143.940800 872.954000 131.026093 860.797058
145.300100 874.412900 132.322144 862.327759
146.559000 875.661600 133.511566 863.644470
147.650800 876.418400 134.605133 864.700073
148.685500 877.020600 135.567078 865.527710
149.713200 877.623900 136.483673 866.261597
150.732500 878.227900 137.507812 866.826904
151.742600 878.831700 138.547882 867.307373
152.808100 879.342000 139.701462 867.650757
154.068700 879.516900 140.944244 867.856873
155.413300 879.479400 142.334641 867.947754
156.888700 879.272300 143.868271 867.840881
158.478100 878.881900 145.460846 867.491150
160.134900 878.287500 147.149109 866.975037
161.860100 877.489100 148.902084 866.243958
163.672500 876.562600 150.782486 865.390076
165.594100 875.530000 152.765289 864.447021
167.624000 874.437100 154.850845 863.438171
169.770000 873.289900 157.041962 862.382935
172.035600 872.094100 159.338226 861.303345
174.385300 870.862300 161.733810 860.159058
176.854600 869.589200 164.239670 858.999084
179.401000 868.288100 166.835617 857.803955
181.975500 866.969700 169.423935 856.582397
184.536700 865.639500 172.026093 855.352234
187.062400 864.284700 174.598145 854.088745
189.538900 862.924800 177.123032 852.820618
191.918900 861.611300 179.552841 851.613342
194.206900 860.315700 181.879700 850.420288
196.343300 858.956400 184.084976 849.302002
198.368400 857.888200 186.233673 848.274048
200.275000 856.919100 188.287949 847.385742
202.193600 856.085800 190.256226 846.650696
204.073500 855.496400 192.159683 846.174622
205.960400 855.183900 193.926056 845.935913
207.864300 855.202100 195.744232 846.011475
209.713700 855.529100 197.526749 846.378052
211.499200 856.220700 199.269653 847.117310
213.188100 857.107700 200.857300 848.217773
214.784400 858.522000 202.345459 849.637451
216.227100 860.190500 203.657745 851.351929
217.589200 862.100400 204.915314 853.308960
218.870200 864.194100 206.047836 855.456604
220.036500 866.491500 207.098022 857.791199
221.092500 868.955100 208.033401 860.316284
222.159200 871.551200 208.965637 862.970337
223.261300 874.233400 209.959442 865.725159
224.402100 877.003500 210.965942 868.573181
225.538100 879.835200 211.937836 871.477234
226.647400 882.714200 212.902069 874.418152
227.713000 885.605500 213.834702 877.371704
228.729800 888.498800 214.719833 880.333130
229.740400 891.364700 215.592117 883.253723
230.756400 894.190300 216.481476 886.143921
231.798000 896.975600 217.385620 889.007385
232.862200 899.689300 218.325409 891.790466
234.006400 902.314400 219.349899 894.484314
235.284000 904.779800 220.551163 897.071411
236.717300 907.106500 221.877869 899.488586
238.297800 909.282700 223.358551 901.743103
240.026200 911.279800 224.978333 903.801941
241.899800 913.107900 226.762573 905.734741
243.969200 914.753500 228.689148 907.482178
246.167200 916.200700 230.747528 909.025879
248.519300 917.425900 232.963989 910.360107
250.970500 918.372900 235.342773 911.497437
253.540200 919.159700 237.879211 912.426636
256.240400 919.688000 240.576157 913.103943
259.064500 919.965800 243.421249 913.530579
262.004800 920.092700 246.379333 913.829651
265.032800 920.081200 249.447372 913.973022
268.210100 920.078400 252.605942 913.963074
271.495300 919.927300 255.851746 913.877686
274.820000 919.698100 259.145508 913.748047
278.229300 919.336300 262.486755 913.528625
281.674700 918.885400 265.870941 913.241211
285.133600 918.345800 269.335175 912.876099
288.622600 917.728600 272.863190 912.438171
292.132800 917.013700 276.408142 911.912537
295.617300 916.238200 279.931091 911.312988
299.090900 915.358200 283.450562 910.646118
302.533100 914.353500 286.908630 909.889465
305.943200 913.309900 290.367920 909.062500
309.311700 912.191400 293.786865 908.167847
312.679900 911.045400 297.165894 907.215698
316.061700 909.902400 300.580261 906.250793
319.450400 908.753400 304.010620 905.273865
322.840000 907.560400 307.433655 904.268066
326.249400 906.356000 310.880554 903.253845
329.691100 905.139800 314.359772 902.217102
333.195400 903.900600 317.924957 901.155762
336.754600 902.625300 321.525665 900.058838
340.384100 901.328400 325.215027 898.935791
344.064600 899.969000 328.932739 897.753845
347.769700 898.590900 332.672943 896.562866
351.401700 897.220500 336.343475 895.362793
354.975200 895.841100 339.948120 894.158875
358.485000 894.463600 343.509735 892.951782
361.949500 893.084300 347.018921 891.747253
365.336200 891.732700 350.465027 890.572815
368.619200 890.389400 353.810242 889.397095
371.749500 889.112100 356.999908 888.282593
374.681800 887.918900 360.000183 887.238708
377.389200 886.824500 362.781647 886.273438
379.874900 885.837000 365.305237 885.394165
382.177900 884.931600 367.642487 884.587708
384.328100 884.100300 369.804047 883.842712
386.400700 883.311200 371.889801 883.132385
388.376900 882.536800 373.916260 882.440308
390.309000 881.774800 375.899231 881.766785
392.306100 880.993700 377.937775 881.080200
394.377700 880.162100 380.067993 880.363586
396.550200 879.262200 382.297791 879.576965
398.842300 878.314900 384.634216 878.763306
401.259600 877.339000 387.102966 877.927063
403.789800 876.325100 389.696350 877.051758
406.435900 875.291100 392.383057 876.163574
409.217000 874.214500 395.188629 875.233093
412.118100 873.111300 398.118378 874.263184
415.118700 871.959800 401.082245 873.277405
418.218100 870.771000 404.194153 872.248047
421.393100 869.520300 407.383331 871.161987
424.627300 868.193200 410.661987 869.995056
427.914800 866.771900 414.009155 868.742126
431.247800 865.254500 417.425964 867.398987
434.552400 863.690400 420.808380 866.007935
437.807500 862.081600 424.156921 864.578979
440.966600 860.444200 427.396210 863.114563
444.049200 858.816700 430.555115 861.634277
447.069000 857.193700 433.658112 860.162354
450.037100 855.607100 436.692749 858.728271
452.944600 854.081100 439.633667 857.363708
455.777600 852.654400 442.500732 856.107727
458.467600 851.383400 445.185333 854.979858
460.990700 850.198200 447.732147 853.931702
463.426800 849.070300 450.180725 852.948975
465.787600 847.990900 452.561401 851.995911
468.094900 846.950600 454.904846 851.079285
470.366800 845.937300 457.200653 850.190430
472.708100 844.897600 459.586700 849.265869
475.121700 843.800400 462.054260 848.297729
477.587500 842.683800 464.549683 847.325867
480.152400 841.532300 467.173218 846.304504
482.766300 840.339500 469.852905 845.237122
485.445100 839.143200 472.551270 844.176880
488.188300 837.891400 475.302979 843.091064
490.987500 836.623000 478.090881 841.993408
493.803100 835.351100 480.890381 840.885559
496.624700 834.094400 483.798035 839.744080
499.474300 832.809600 486.733215 838.609192
502.358500 831.502600 489.673889 837.441833
505.286800 830.236700 492.656677 836.275757
508.248000 828.948300 495.661591 835.110352
511.244100 827.658100 498.683441 833.943970
514.267100 826.347100 501.729065 832.777039
517.327800 825.031500 504.805115 831.608887
520.388500 823.719100 507.883240 830.445496
523.389100 822.420300 510.900208 829.305298
526.283400 821.190400 513.827026 828.208923
529.057000 820.023600 516.618774 827.179993
531.704800 818.934000 519.272217 826.226746
534.226500 817.916400 521.865173 825.318176
536.656700 816.946600 524.339722 824.468201
539.023500 815.952900 526.747437 823.583252
541.317300 814.866300 529.104370 822.617249
543.532000 813.688600 531.384705 821.538513
545.686900 812.396800 533.593872 820.342529
547.734700 810.971800 535.721130 819.001953
549.629400 809.339400 537.699829 817.444580
551.297600 807.502100 539.476440 815.662659
552.779900 805.465100 541.080139 813.641846
554.025400 803.122900 542.484070 811.379395
555.053800 800.603800 543.635254 808.870117
555.833800 797.890700 544.540894 806.167603
556.486200 795.031700 545.347046 803.318481
557.103100 792.043700 546.098877 800.372498
557.706900 788.950900 546.849609 797.314575
558.314100 785.757400 547.604248 794.169128
558.963000 782.480200 548.400146 790.937988
559.664300 779.132300 549.242126 787.635620
560.383500 775.702500 550.102356 784.253052
561.143700 772.190100 551.009277 780.836914
561.955700 768.606200 551.944946 777.338013
562.794300 764.921400 552.904724 773.750488
563.665600 761.194600 553.893799 770.082825
564.512000 757.439400 554.885864 766.389526
565.360500 753.691900 555.882446 762.718689
566.202300 749.955700 556.864807 759.047607
567.038700 746.210000 557.859497 755.371338
567.914000 742.455400 558.874023 751.661743
568.809800 738.700200 559.918335 747.967896
569.651600 734.948800 560.909607 744.242920
570.504400 731.165000 561.924561 740.507690
571.381700 727.390900 562.964050 736.767273
572.231200 723.645800 563.960693 733.062195
573.054100 719.904800 564.945557 729.374817
573.889700 716.163100 565.924316 725.694092
574.718600 712.404800 566.914795 721.977234
575.527100 708.639600 567.872498 718.264832
576.261300 704.869800 568.768921 714.526489
576.930700 701.064300 569.582825 710.764160
577.575900 697.234700 570.367554 706.965881
578.192400 693.375300 571.118530 703.154968
578.778500 689.496000 571.846558 699.328674
579.345900 685.591800 572.553650 695.455933
579.857300 681.665400 573.222656 691.545227
580.310600 677.720500 573.861633 687.588989
580.758800 673.746400 574.482605 683.631775
581.155000 669.796200 575.052185 679.701843
581.510700 665.865700 575.571777 675.806396
581.822900 661.969700 576.044922 671.922913
582.077900 658.112900 576.469360 668.100647
582.273900 654.274900 576.825928 664.254700
582.437900 650.427100 577.158936 660.395020
582.599800 646.577200 577.483765 656.533386
582.753900 642.693800 577.787781 652.667358
582.851400 638.813400 578.013977 648.773315
582.898800 634.890000 578.234985 644.858826
582.982400 630.949500 578.482056 640.925110
583.073100 627.003400 578.742676 636.986023
583.192100 623.061600 579.027283 633.012024
583.328900 619.143000 579.329468 629.061279
583.475300 615.223700 579.631226 625.134521
583.625900 611.282200 579.946716 621.186279
583.720700 607.341100 580.279114 617.243530
583.834500 603.396300 580.609436 613.263977
583.934300 599.462000 580.929932 609.324463
584.036500 595.562800 581.261047 605.420593
584.162200 591.689200 581.590088 601.532837
584.227300 587.867900 581.911499 597.666748
584.317600 584.024500 582.246582 593.800659
584.499000 580.192700 582.638367 589.990112
584.808000 576.397200 583.146973 586.214966
585.238500 572.636300 583.759216 582.488525
585.796800 568.901300 584.493530 578.784912
586.480500 565.193700 585.356323 575.093872
587.248500 561.507600 586.272705 571.399597
588.029900 557.836500 587.201782 567.748352
588.838600 554.171600 588.136841 564.136963
589.673700 550.509400 589.105347 560.532227
590.516100 546.866500 590.071106 556.924988
591.343500 543.261900 591.028259 553.370300
592.132200 539.698600 591.950989 549.843628
592.828000 536.162600 592.777100 546.341248
593.460000 532.659000 593.540894 542.874817
594.031700 529.277200 594.230652 539.521851
594.554500 526.081000 594.887451 536.363342
595.075800 523.072600 595.527771 533.422546
595.617300 520.255100 596.162598 530.652405
596.166400 517.626800 596.806213 528.051758
596.704800 515.143200 597.442078 525.582397
597.194900 512.833500 598.023315 523.303162
597.576200 510.694300 598.490967 521.161865
597.786600 508.667900 598.787231 519.120422
597.747500 506.649500 598.891418 517.101257
597.514600 504.697700 598.753296 515.118347
597.070500 502.800000 598.390259 513.200378
596.402400 500.998300 597.794739 511.363770
595.438900 499.228700 596.888916 509.506714
594.162500 497.526700 595.676697 507.722870
592.513700 495.900800 594.163269 506.099701
590.635600 494.532500 592.358215 504.670349
588.500500 493.343000 590.281616 503.405884
586.178900 492.278900 587.988220 502.249268
583.738500 491.279000 585.558167 501.147247
581.166800 490.215600 583.015991 499.975830
578.490800 489.083700 580.358704 498.737701
575.723500 487.861500 577.604370 497.404694
572.904600 486.554700 574.815002 495.983704
570.042200 485.190900 572.007446 494.509094
567.169200 483.760200 569.188477 492.966034
564.280500 482.280300 566.346558 491.397522
561.350400 480.769600 563.467957 489.777435
558.405800 479.261600 560.568848 488.170715
555.376800 477.743300 557.604309 486.497314
552.348800 476.229900 554.639832 484.849854
549.309400 474.657200 551.661682 483.163177
546.268100 473.067100 548.703491 481.455444
543.205700 471.460400 545.710999 479.727020
540.123400 469.844900 542.691162 477.993164
537.055800 468.227900 539.701843 476.266052
534.039300 466.620500 536.730713 474.552612
531.070100 465.041900 533.808411 472.858368
528.189800 463.496400 530.957703 471.194489
525.392500 461.985300 528.221802 469.570770
522.696400 460.482700 525.572205 467.961273
520.138600 459.018200 523.065308 466.381073
517.756100 457.609300 520.725891 464.892548
515.544600 456.272300 518.529785 463.465546
513.468500 454.993400 516.461304 462.096558
511.515000 453.792000 514.501526 460.806000
509.647000 452.752700 512.653687 459.677795
507.816400 451.952700 510.824310 458.775085
506.024700 451.375100 509.017090 458.124573
504.164400 451.057300 507.138489 457.715820
502.213400 450.955500 505.201935 457.564789
500.360000 451.174600 503.329895 457.711761
498.532400 451.717400 501.445740 458.151917
496.762400 452.594900 499.621277 458.954956
495.085200 453.803100 497.886414 460.105743
493.512800 455.370800 496.267212 461.603546
492.140200 457.192000 494.793213 463.422943
490.899800 459.329000 493.411560 465.577362
489.697100 461.689000 492.058929 467.927002
488.436200 464.216900 490.632599 470.439789
487.065300 466.910000 489.100830 473.182251
485.589500 469.753000 487.477661 475.982697
484.009700 472.740300 485.747253 478.935059
482.314200 475.837000 483.924103 482.013184
480.567300 479.018100 482.052338 485.134521
478.766800 482.282500 480.128998 488.354736
476.977200 485.484200 478.158203 491.548096
475.149800 488.770200 476.158386 494.824097
473.326600 492.020400 474.163635 498.072021
471.475600 495.302800 472.139709 501.314484
469.568200 498.617300 470.094452 504.628601
467.651300 501.958900 468.034882 507.913147
465.708000 505.334400 465.941772 511.256836
463.769100 508.731500 463.869141 514.574463
461.845200 512.161900 461.800842 517.949341
459.919600 515.621400 459.735352 521.346741
457.939000 519.112900 457.667145 524.751648
455.953400 522.620500 455.619812 528.155212
453.935100 526.117100 453.506409 531.553589
451.928900 529.614300 451.451874 534.971191
449.964500 533.134600 449.352356 538.399048
448.010500 536.687300 447.277924 541.846436
446.054100 540.236000 445.215515 545.304382
444.056100 543.807900 443.142181 548.784180
442.049300 547.417800 441.057129 552.301147
440.037800 551.028500 438.955872 555.806396
438.025200 554.634600 436.852905 559.296448
435.977800 558.237500 434.728210 562.803284
433.919500 561.855000 432.553833 566.336792
431.843000 565.470100 430.391266 569.885681
429.767800 569.108300 428.213379 573.441711
427.667800 572.747600 426.032104 576.960754
425.537800 576.435200 423.850159 580.498840
423.436400 580.100900 421.661804 584.033936
421.318500 583.767700 419.415894 587.599365
419.219900 587.449100 417.210632 591.153870
417.120400 591.134600 415.002441 594.737183
415.005200 594.832500 412.773407 598.307617
412.888500 598.541400 410.572510 601.873901
410.755500 602.261600 408.319580 605.469421
408.648800 605.999000 406.095886 609.083801
406.499300 609.720300 403.822205 612.654175
404.349900 613.457900 401.546722 616.287842
402.219500 617.158900 399.302063 619.857910
400.144400 620.804100 397.111328 623.392212
398.088300 624.376000 394.927979 626.833130
396.094000 627.872100 392.812653 630.245422
394.096100 631.363900 390.690186 633.636780
392.096200 634.841100 388.560547 637.036011
390.122200 638.266000 386.456207 640.369751
388.138200 641.719200 384.354309 643.715149
386.190000 645.182000 382.262451 647.025879
384.289400 648.626900 380.200134 650.361450
382.388400 652.005600 378.150635 653.625732
380.473700 655.356700 376.089661 656.865723
378.503900 658.701400 373.999878 660.105591
376.494800 662.062000 371.906281 663.343140
374.499000 665.373200 369.803650 666.629395
372.495100 668.759000 367.662231 669.929077
370.503500 672.182700 365.542664 673.265747
368.470500 675.625200 363.372864 676.619263
366.423200 679.124800 361.181396 680.049438
364.370700 682.649600 359.008423 683.453979
362.295100 686.175900 356.802002 686.871094
360.227100 689.735900 354.621307 690.316772
358.182300 693.297500 352.447601 693.835327
356.109700 696.850900 350.254486 697.261414
354.085800 700.357400 348.104095 700.690063
352.038300 703.859700 345.949280 704.011353
350.008800 707.353700 343.807129 707.370300
347.982700 710.855500 341.644897 710.747681
345.942000 714.320900 339.467773 714.102966
343.906200 717.779200 337.286530 717.451660
341.889600 721.226700 335.142578 720.803711
339.882000 724.654800 333.011292 724.097412
337.868700 728.103400 330.875854 727.452087
335.866200 731.571800 328.733276 730.820923
333.967500 735.105200 326.583374 734.222290
332.130600 738.707000 324.412231 737.661987
330.109000 742.325700 322.203125 741.222534
328.052600 745.993300 320.001221 744.762756
325.960300 749.694700 317.777740 748.333435
323.882400 753.400900 315.532410 751.945679
321.810400 757.046400 313.297668 755.472412
319.688500 760.664000 311.054871 758.999268
317.595700 764.288500 308.755981 762.503174
315.554700 767.892700 306.471954 765.966797
313.514600 771.526200 304.197418 769.392212
311.450700 775.119600 301.891174 772.824646
309.357300 778.629400 299.551636 776.202820
307.194900 782.050500 297.178406 779.514893
304.937400 785.448200 294.724091 782.760376
302.592400 788.799400 292.202545 785.987793
300.153800 792.111000 289.591095 789.154236
297.624000 795.374800 286.883331 792.265259
294.927000 798.539300 284.127472 795.285278
292.185800 801.678500 281.229370 798.277100
289.192200 804.695700 278.221985 801.200562
286.151300 807.624000 275.137726 804.027893
283.065000 810.476300 271.985413 806.768921
280.007100 813.213700 268.798828 809.371277
276.942200 815.904300 265.606140 811.838745
273.811500 818.493600 262.339355 814.221436
270.605600 820.960500 258.997314 816.508057
267.321200 823.303700 255.602783 818.645996
264.005200 825.567800 252.158127 820.743958
260.657900 827.735000 248.684586 822.714722
257.273000 829.813900 245.162415 824.599609
253.861800 831.809200 241.633347 826.409180
250.446800 833.761300 238.110580 828.170776
247.052800 835.652800 234.609497 829.889587
243.677200 837.476800 231.142700 831.548035
240.295500 839.294300 227.653397 833.206726
236.906500 841.089700 224.161331 834.847473
233.510200 842.896300 220.673935 836.473022
230.131200 844.723000 217.166306 838.147827
226.769300 846.514500 213.704956 839.761902
223.408300 848.268000 210.262741 841.345947
220.026300 849.991200 206.840225 842.903809
216.652600 851.728000 203.417267 844.444092
213.269900 853.442300 200.007080 845.954712
209.880600 855.139200 196.567947 847.444580
206.468800 856.885000 193.054474 848.997498
203.010300 858.620500 189.504105 850.556152
199.502700 860.363300 185.915207 852.141663
196.002500 862.107300 182.328888 853.725830
192.526600 863.893400 178.763382 855.353821
189.070200 865.686900 175.207855 857.012268
185.622800 867.526100 171.643646 858.718628
182.188500 869.362900 168.108398 860.396240
178.750800 871.210600 164.569794 862.055969
175.314500 873.051400 161.041992 863.734497
171.878500 874.938000 157.538147 865.448242
168.464000 876.882000 154.038269 867.239441
165.093500 878.898700 150.581894 869.125610
161.793700 881.039600 147.177399 871.117676
158.553600 883.315600 143.826691 873.240173
155.369300 885.727000 140.554077 875.489380
152.279000 888.277000 137.378387 877.880371
149.259200 890.897300 134.296692 880.321289
146.298100 893.633000 131.237701 882.891724
143.341500 896.377900 128.202179 885.481567
140.419600 899.149000 125.174377 888.109863
137.428800 901.883400 122.118164 890.709229
134.430600 904.585400 118.977905 893.340088
131.430500 907.268900 115.881561 895.911255
128.400000 909.942700 112.761444 898.468140
125.387100 912.605700 109.627869 901.037354
122.446000 915.311700 106.566315 903.621094
