0 0.000025 0.004227 100.000000 13.513514
0 0.000023 0.003222 200.000000 13.605442
0 0.000029 0.002715 300.000000 14.084507
10 0.000030 0.004201 100.000000 13.513514
10 0.000017 0.002810 200.000000 13.698630
10 0.000024 0.002456 300.000000 14.150944
20 0.000017 0.004753 100.000000 13.513514
20 0.000025 0.002990 200.000000 13.698630
20 0.000022 0.002837 300.000000 14.285714
30 0.000014 0.004926 100.000000 13.513514
30 0.000025 0.002679 200.000000 13.793103
30 0.000019 0.002882 300.000000 14.354067
40 0.000015 0.005888 100.000000 13.333333
40 0.000030 0.002569 200.000000 13.888889
40 0.000019 0.003157 300.000000 14.492754
50 0.000025 0.005093 100.000000 13.333333
50 0.000036 0.002213 200.000000 13.986014
50 0.000021 0.003083 300.000000 14.563107
60 0.000047 0.003869 100.000000 13.333333
60 0.000050 0.002853 200.000000 13.986014
60 0.000023 0.003404 300.000000 14.634147
70 0.000055 0.003433 100.000000 13.333333
70 0.000053 0.003396 200.000000 14.184397
80 0.000066 0.003548 100.000000 13.513514
80 0.000052 0.003640 200.000000 14.285714
90 0.000059 0.003817 100.000000 13.513514
90 0.000040 0.003974 200.000000 14.492754
100 0.000054 0.003888 100.000000 13.698630
100 0.000036 0.003985 200.000000 14.705882
110 0.000055 0.004831 100.000000 14.084507
110 0.000027 0.004882 200.000000 14.814815
120 0.000064 0.005353 100.000000 14.285714
120 0.000017 0.004727 200.000000 15.037594
130 0.000055 0.005600 100.000000 14.492754
130 0.000000 0.005404 200.000000 15.151515
140 0.000051 0.005821 100.000000 14.705882
140 0.000016 0.005010 200.000000 15.384615
150 0.000048 0.004911 100.000000 14.925373
160 0.000026 0.005615 100.000000 15.151515
170 0.000020 0.006123 100.000000 15.384615
180 0.000010 0.006543 100.000000 15.384615
190 0.000036 0.008032 100.000000 15.625000
200 0.000042 0.007153 100.000000 15.625000
