0 0.000015 0.009277 100.000000 9.090909
0 0.000054 0.004626 200.000000 7.633588
0 0.000047 0.003321 300.000000 7.159904
0 0.000012 0.002982 400.000000 6.896552
0 0.000015 0.002443 500.000000 7.278020
0 0.000012 0.002581 600.000000 7.272727
0 0.000012 0.002307 700.000000 7.186858
0 0.000012 0.001652 800.000000 7.305936
10 0.000021 0.009938 100.000000 8.849558
10 0.000053 0.004700 200.000000 7.722008
10 0.000032 0.003322 300.000000 7.075472
10 0.000011 0.003089 400.000000 6.932409
10 0.000013 0.002525 500.000000 7.320644
10 0.000011 0.002678 600.000000 7.290401
10 0.000014 0.002262 700.000000 7.201646
10 0.000013 0.001727 800.000000 7.332722
20 0.000091 0.009884 100.000000 8.196721
20 0.000053 0.004443 200.000000 7.782101
20 0.000026 0.003320 300.000000 7.042253
20 0.000012 0.003063 400.000000 6.968641
20 0.000010 0.002359 500.000000 7.352941
20 0.000010 0.002545 600.000000 7.299270
20 0.000011 0.002005 700.000000 7.209063
20 0.000012 0.001655 800.000000 7.352941
30 0.000064 0.008750 100.000000 7.751938
30 0.000047 0.004573 200.000000 7.782101
30 0.000019 0.003335 300.000000 7.009346
30 0.000013 0.002996 400.000000 6.980803
30 0.000010 0.002276 500.000000 7.374631
30 0.000007 0.002507 600.000000 7.299270
30 0.000011 0.001909 700.000000 7.194244
30 0.000013 0.001630 800.000000 7.359705
40 0.000070 0.009059 100.000000 7.575758
40 0.000047 0.004819 200.000000 7.692307
40 0.000015 0.003644 300.000000 6.993007
40 0.000013 0.003047 400.000000 6.956522
40 0.000012 0.002348 500.000000 7.374631
40 0.000006 0.002603 600.000000 7.281553
40 0.000013 0.001929 700.000000 7.150153
40 0.000011 0.001702 800.000000 7.352941
50 0.000058 0.008422 100.000000 7.407407
50 0.000049 0.005443 200.000000 7.575758
50 0.000015 0.004087 300.000000 6.976744
50 0.000015 0.003177 400.000000 6.932409
50 0.000016 0.002391 500.000000 7.363770
50 0.000008 0.002670 600.000000 7.194244
50 0.000013 0.002044 700.000000 7.113821
50 0.000009 0.001847 800.000000 7.332722
60 0.000061 0.007535 100.000000 7.194244
60 0.000051 0.005741 200.000000 7.407407
60 0.000009 0.004325 300.000000 6.944445
60 0.000016 0.003134 400.000000 6.920415
60 0.000016 0.002274 500.000000 7.352941
60 0.000006 0.002504 600.000000 7.050529
60 0.000013 0.002010 700.000000 7.099391
60 0.000009 0.001869 800.000000 7.305936
70 0.000072 0.006536 100.000000 6.944445
70 0.000060 0.005306 200.000000 7.220217
70 0.000019 0.003979 300.000000 6.849315
70 0.000014 0.002590 400.000000 6.908463
70 0.000013 0.002124 500.000000 7.331378
70 0.000010 0.002485 600.000000 6.993007
70 0.000012 0.001707 700.000000 7.092198
70 0.000011 0.001641 800.000000 7.252946
80 0.000069 0.006576 100.000000 6.711410
80 0.000060 0.005261 200.000000 6.968641
80 0.000043 0.004147 300.000000 6.622517
80 0.000016 0.002470 400.000000 6.896552
80 0.000011 0.002056 500.000000 7.278020
80 0.000010 0.002290 600.000000 6.960557
80 0.000012 0.001619 700.000000 7.092198
80 0.000012 0.001830 800.000000 7.111111
90 0.000078 0.007775 100.000000 6.535948
90 0.000060 0.005529 200.000000 6.711410
90 0.000019 0.004685 300.000000 6.396588
90 0.000016 0.002388 400.000000 6.884682
90 0.000012 0.001917 500.000000 7.173601
90 0.000010 0.001988 600.000000 6.936416
90 0.000011 0.001513 700.000000 7.085020
90 0.000012 0.001806 800.000000 7.048458
100 0.000086 0.008198 100.000000 6.451613
100 0.000067 0.006073 200.000000 6.578948
100 0.000023 0.004305 300.000000 6.342494
100 0.000016 0.002286 400.000000 6.884682
100 0.000018 0.001877 500.000000 7.002801
100 0.000012 0.001850 600.000000 6.928406
100 0.000013 0.001446 700.000000 7.085020
100 0.000010 0.001801 800.000000 7.023705
110 0.000091 0.008042 100.000000 6.535948
110 0.000062 0.005903 200.000000 6.451613
110 0.000013 0.003919 300.000000 6.369427
110 0.000018 0.002115 400.000000 6.920415
110 0.000012 0.001890 500.000000 6.983240
110 0.000012 0.001781 600.000000 6.936416
110 0.000012 0.001438 700.000000 7.099391
110 0.000010 0.001695 800.000000 7.029877
120 0.000098 0.006913 100.000000 6.756757
120 0.000051 0.005597 200.000000 6.410256
120 0.000012 0.003516 300.000000 6.437768
120 0.000016 0.001833 400.000000 6.993007
120 0.000010 0.001894 500.000000 7.022472
120 0.000014 0.001681 600.000000 6.968641
120 0.000014 0.001331 700.000000 7.135576
120 0.000010 0.001537 800.000000 7.060900
130 0.000095 0.009977 100.000000 6.993007
130 0.000050 0.007799 200.000000 6.451613
130 0.000010 0.004980 300.000000 6.521739
130 0.000016 0.002313 400.000000 7.067138
130 0.000004 0.001925 500.000000 7.072136
130 0.000013 0.001932 600.000000 7.009346
130 0.000011 0.002123 700.000000 7.179487
130 0.000008 0.002104 800.000000 7.098492
140 0.000097 0.011323 100.000000 7.299270
140 0.000049 0.008569 200.000000 6.535948
140 0.000017 0.005495 300.000000 6.607930
140 0.000017 0.002441 400.000000 7.142857
140 0.000008 0.002022 500.000000 7.122507
140 0.000012 0.002040 600.000000 7.050529
140 0.000011 0.002397 700.000000 7.231405
140 0.000009 0.002346 800.000000 7.130125
150 0.000065 0.010928 100.000000 7.575758
150 0.000032 0.007629 200.000000 6.622517
150 0.000020 0.004630 300.000000 6.681514
150 0.000014 0.002062 400.000000 7.220217
150 0.000010 0.001676 500.000000 7.173601
150 0.000006 0.001587 600.000000 7.083825
150 0.000008 0.001980 700.000000 7.268951
150 0.000007 0.002032 800.000000 7.162041
160 0.000023 0.011526 100.000000 7.751938
160 0.000027 0.007623 200.000000 6.666667
160 0.000027 0.004032 300.000000 6.741573
160 0.000019 0.001551 400.000000 7.272727
160 0.000014 0.001121 500.000000 7.204611
160 0.000003 0.000964 600.000000 7.092198
160 0.000003 0.001458 700.000000 7.299270
160 0.000006 0.001979 800.000000 7.174888
170 0.000032 0.011432 100.000000 7.751938
170 0.000022 0.007506 200.000000 6.711410
170 0.000028 0.003964 300.000000 6.756757
170 0.000020 0.001617 400.000000 7.312614
170 0.000015 0.001291 500.000000 7.215007
170 0.000008 0.001196 600.000000 7.083825
170 0.000007 0.001637 700.000000 7.314525
170 0.000009 0.002073 800.000000 7.162041
180 0.000038 0.010892 100.000000 7.692307
180 0.000026 0.006369 200.000000 6.734007
180 0.000024 0.003252 300.000000 6.772009
180 0.000016 0.001454 400.000000 7.326007
180 0.000015 0.001450 500.000000 7.173601
180 0.000005 0.000999 600.000000 7.058824
180 0.000004 0.001413 700.000000 7.314525
180 0.000009 0.001744 800.000000 7.117438
190 0.000030 0.011122 100.000000 7.575758
190 0.000030 0.006344 200.000000 6.756757
190 0.000023 0.003085 300.000000 6.787330
190 0.000018 0.001384 400.000000 7.352941
190 0.000014 0.001694 500.000000 7.072136
190 0.000004 0.001018 600.000000 7.058824
190 0.000005 0.001496 700.000000 7.306890
190 0.000009 0.001638 800.000000 7.085917
200 0.000041 0.010484 100.000000 7.518797
200 0.000029 0.005759 200.000000 6.779661
200 0.000023 0.002738 300.000000 6.818182
200 0.000018 0.001377 400.000000 7.366483
200 0.000009 0.001608 500.000000 6.993007
200 0.000003 0.001025 600.000000 7.075472
200 0.000008 0.001453 700.000000 7.306890
200 0.000009 0.001443 800.000000 7.079646
210 0.000054 0.010768 100.000000 7.407407
210 0.000026 0.005690 200.000000 6.779661
210 0.000026 0.002604 300.000000 6.864988
210 0.000019 0.001268 400.000000 7.393715
210 0.000010 0.001421 500.000000 6.983240
210 0.000004 0.000983 600.000000 7.100592
210 0.000008 0.001572 700.000000 7.291667
210 0.000009 0.001415 800.000000 7.092198
220 0.000073 0.010667 100.000000 7.352941
220 0.000030 0.005438 200.000000 6.688963
220 0.000027 0.002329 300.000000 6.912442
220 0.000020 0.001436 400.000000 7.421150
220 0.000007 0.001484 500.000000 6.993007
220 0.000005 0.001012 600.000000 7.125891
220 0.000007 0.001569 700.000000 7.231405
220 0.000010 0.001292 800.000000 7.104796
230 0.000074 0.009742 100.000000 7.142857
230 0.000019 0.004828 200.000000 6.514658
230 0.000026 0.001818 300.000000 6.944445
230 0.000020 0.001514 400.000000 7.407407
230 0.000007 0.001361 500.000000 7.002801
230 0.000006 0.000779 600.000000 7.151371
230 0.000011 0.001417 700.000000 7.150153
230 0.000009 0.001056 800.000000 7.123775
240 0.000068 0.007056 100.000000 6.896552
240 0.000046 0.004746 200.000000 6.329114
240 0.000030 0.000760 300.000000 6.976744
240 0.000026 0.001927 400.000000 7.352941
240 0.000005 0.001518 500.000000 7.012623
240 0.000007 0.000624 600.000000 7.168459
240 0.000011 0.001350 700.000000 7.121058
240 0.000010 0.000709 800.000000 7.136485
250 0.000065 0.006613 100.000000 6.711410
250 0.000052 0.003872 200.000000 6.269592
250 0.000030 0.000900 300.000000 7.009346
250 0.000033 0.002138 400.000000 7.194244
250 0.000005 0.001572 500.000000 7.012623
250 0.000007 0.000684 600.000000 7.185629
250 0.000012 0.001289 700.000000 7.106599
250 0.000011 0.000556 800.000000 7.142857
260 0.000044 0.007407 100.000000 6.369427
260 0.000047 0.002900 200.000000 6.269592
260 0.000030 0.001331 300.000000 7.042253
260 0.000030 0.002516 400.000000 7.092198
260 0.000007 0.001798 500.000000 7.012623
260 0.000005 0.000773 600.000000 7.194244
260 0.000011 0.001104 700.000000 7.099391
260 0.000011 0.000395 800.000000 7.149240
270 0.000047 0.006338 100.000000 5.952381
270 0.000050 0.002304 200.000000 6.269592
270 0.000032 0.001875 300.000000 7.058824
270 0.000029 0.002929 400.000000 7.067138
270 0.000007 0.002004 500.000000 6.993007
270 0.000004 0.000928 600.000000 7.202881
270 0.000010 0.001016 700.000000 7.099391
270 0.000012 0.000392 800.000000 7.155635
280 0.000078 0.005807 100.000000 5.813953
280 0.000052 0.001938 200.000000 6.289308
280 0.000029 0.002415 300.000000 7.075472
280 0.000024 0.003348 400.000000 7.067138
280 0.000007 0.002129 500.000000 6.983240
280 0.000003 0.000998 600.000000 7.211538
280 0.000008 0.000869 700.000000 7.099391
280 0.000012 0.000422 800.000000 7.168459
290 0.000068 0.005481 100.000000 5.813953
290 0.000053 0.001628 200.000000 6.309148
290 0.000034 0.002702 300.000000 7.109005
290 0.000024 0.003650 400.000000 7.067138
290 0.000005 0.001907 500.000000 6.963789
290 0.000002 0.000846 600.000000 7.220217
290 0.000009 0.000937 700.000000 7.092198
290 0.000013 0.000404 800.000000 7.181329
300 0.000060 0.004611 100.000000 5.882353
300 0.000051 0.001436 200.000000 6.329114
300 0.000033 0.002937 300.000000 7.159904
300 0.000023 0.003688 400.000000 7.067138
300 0.000006 0.001819 500.000000 6.944445
300 0.000004 0.000795 600.000000 7.237636
300 0.000010 0.000845 700.000000 7.063572
300 0.000013 0.000491 800.000000 7.200720
310 0.000071 0.004054 100.000000 5.952381
310 0.000048 0.001857 200.000000 6.369427
310 0.000033 0.003652 300.000000 7.194244
310 0.000025 0.004404 400.000000 7.017544
310 0.000005 0.002156 500.000000 6.934813
310 0.000006 0.000959 600.000000 7.246377
310 0.000014 0.000672 700.000000 7.028112
310 0.000013 0.000762 800.000000 7.220217
320 0.000082 0.002781 100.000000 6.024096
320 0.000042 0.002238 200.000000 6.410256
320 0.000027 0.003786 300.000000 7.246377
320 0.000023 0.004536 400.000000 6.932409
320 0.000001 0.002313 500.000000 6.944445
320 0.000008 0.001049 600.000000 7.255139
320 0.000013 0.000432 700.000000 7.007007
320 0.000012 0.000879 800.000000 7.246377
330 0.000094 0.002576 100.000000 6.097561
330 0.000050 0.002680 200.000000 6.472492
330 0.000032 0.004317 300.000000 7.299270
330 0.000023 0.004956 400.000000 6.861063
330 0.000005 0.002599 500.000000 6.973501
330 0.000015 0.001144 600.000000 7.263923
330 0.000015 0.000364 700.000000 7.007007
330 0.000012 0.001028 800.000000 7.266122
340 0.000109 0.003372 100.000000 6.172840
340 0.000055 0.003578 200.000000 6.535948
340 0.000034 0.005264 300.000000 7.352941
340 0.000026 0.005290 400.000000 6.849315
340 0.000007 0.002894 500.000000 7.012623
340 0.000014 0.001224 600.000000 7.263923
340 0.000017 0.000364 700.000000 7.028112
340 0.000014 0.001284 800.000000 7.292616
350 0.000115 0.003792 100.000000 6.134969
350 0.000051 0.004292 200.000000 6.622517
350 0.000033 0.005624 300.000000 7.389163
350 0.000025 0.005354 400.000000 6.872852
350 0.000006 0.003050 500.000000 7.052186
350 0.000016 0.001476 600.000000 7.228916
350 0.000016 0.000483 700.000000 7.049345
350 0.000013 0.001447 800.000000 7.326007
360 0.000136 0.004479 100.000000 6.024096
360 0.000057 0.004827 200.000000 6.734007
360 0.000034 0.006437 300.000000 7.444169
360 0.000023 0.005634 400.000000 6.920415
360 0.000008 0.003087 500.000000 7.092198
360 0.000010 0.001704 600.000000 7.168459
360 0.000016 0.000567 700.000000 7.077857
360 0.000014 0.001659 800.000000 7.359705
370 0.000125 0.003236 100.000000 5.917160
370 0.000053 0.005149 200.000000 6.825939
370 0.000036 0.006679 300.000000 7.481297
370 0.000019 0.005550 400.000000 6.956522
370 0.000008 0.003045 500.000000 7.142857
370 0.000008 0.001548 600.000000 7.142857
370 0.000016 0.000672 700.000000 7.113821
370 0.000014 0.001753 800.000000 7.400555
380 0.000115 0.002690 100.000000 5.813953
380 0.000050 0.005402 200.000000 6.944445
380 0.000036 0.006712 300.000000 7.500000
380 0.000019 0.005455 400.000000 7.005254
380 0.000007 0.003054 500.000000 7.194244
380 0.000007 0.001400 600.000000 7.142857
380 0.000015 0.000793 700.000000 7.150153
380 0.000013 0.001818 800.000000 7.434944
390 0.000107 0.003228 100.000000 5.813953
390 0.000056 0.005687 200.000000 7.067138
390 0.000039 0.007107 300.000000 7.444169
390 0.000017 0.005482 400.000000 7.054674
390 0.000009 0.003037 500.000000 7.235890
390 0.000009 0.001111 600.000000 7.159904
390 0.000016 0.000891 700.000000 7.179487
390 0.000014 0.001928 800.000000 7.476635
400 0.000113 0.004473 100.000000 5.847953
400 0.000053 0.006476 200.000000 7.168459
400 0.000043 0.007735 300.000000 7.317073
400 0.000016 0.005699 400.000000 7.092198
400 0.000010 0.003184 500.000000 7.278020
400 0.000012 0.001015 600.000000 7.168459
400 0.000017 0.001100 700.000000 7.209063
400 0.000014 0.002167 800.000000 7.511737
410 0.000117 0.004911 100.000000 5.988024
410 0.000059 0.006982 200.000000 7.299270
410 0.000049 0.007962 300.000000 7.317073
410 0.000015 0.005642 400.000000 7.142857
410 0.000009 0.002981 500.000000 7.331378
410 0.000015 0.000819 600.000000 7.202881
410 0.000017 0.001195 700.000000 7.246377
410 0.000015 0.002282 800.000000 7.547170
420 0.000125 0.004549 100.000000 6.211180
420 0.000061 0.007028 200.000000 7.462687
420 0.000048 0.007716 300.000000 7.371007
420 0.000015 0.005253 400.000000 7.194244
420 0.000010 0.002562 500.000000 7.396450
420 0.000016 0.000549 600.000000 7.246377
420 0.000018 0.001175 700.000000 7.284079
420 0.000016 0.002245 800.000000 7.597341
430 0.000112 0.003856 100.000000 6.410256
430 0.000056 0.005750 200.000000 7.633588
430 0.000040 0.006208 300.000000 7.462687
430 0.000011 0.003754 400.000000 7.259528
430 0.000011 0.001648 500.000000 7.462687
430 0.000016 0.000732 600.000000 7.290401
430 0.000016 0.000856 700.000000 7.329843
430 0.000014 0.001794 800.000000 7.648183
440 0.000109 0.004588 100.000000 6.622517
440 0.000053 0.005221 200.000000 7.782101
440 0.000034 0.005373 300.000000 7.537688
440 0.000013 0.003052 400.000000 7.312614
440 0.000014 0.001502 500.000000 7.518797
440 0.000016 0.000917 600.000000 7.334963
440 0.000014 0.000811 700.000000 7.376185
440 0.000013 0.001565 800.000000 7.684918
450 0.000090 0.004551 100.000000 6.756757
450 0.000044 0.004718 200.000000 7.905138
450 0.000018 0.004683 300.000000 7.575758
450 0.000013 0.002571 400.000000 7.326007
450 0.000012 0.001524 500.000000 7.552870
450 0.000014 0.000716 600.000000 7.352941
450 0.000011 0.000739 700.000000 7.399577
450 0.000011 0.001368 800.000000 7.714561
460 0.000077 0.004213 100.000000 6.802721
460 0.000042 0.004695 200.000000 7.936508
460 0.000012 0.004656 300.000000 7.575758
460 0.000018 0.002459 400.000000 7.299270
460 0.000014 0.001603 500.000000 7.564297
460 0.000016 0.000682 600.000000 7.343941
460 0.000011 0.000783 700.000000 7.415254
460 0.000011 0.001370 800.000000 7.722008
470 0.000079 0.003953 100.000000 6.802721
470 0.000047 0.004882 200.000000 7.968128
470 0.000014 0.004669 300.000000 7.537688
470 0.000018 0.002222 400.000000 7.233273
470 0.000016 0.001311 500.000000 7.564297
470 0.000017 0.000573 600.000000 7.290401
470 0.000012 0.000781 700.000000 7.430998
470 0.000047 0.001837 800.000000 7.707129
480 0.000074 0.003570 100.000000 6.756757
480 0.000049 0.004999 200.000000 8.000000
480 0.000019 0.004761 300.000000 7.371007
480 0.000019 0.001976 400.000000 7.207207
480 0.000008 0.000924 500.000000 7.552870
480 0.000012 0.000429 600.000000 7.211538
480 0.000013 0.000820 700.000000 7.438895
480 0.000010 0.001545 800.000000 7.677543
490 0.000072 0.003323 100.000000 6.802721
490 0.000044 0.004969 200.000000 8.032128
490 0.000007 0.004652 300.000000 7.159904
490 0.000019 0.001777 400.000000 7.207207
490 0.000010 0.000806 500.000000 7.530120
490 0.000011 0.000282 600.000000 7.177033
490 0.000012 0.000799 700.000000 7.454739
490 0.000010 0.001504 800.000000 7.504691
500 0.000082 0.003797 100.000000 6.896552
500 0.000048 0.005210 200.000000 8.064516
500 0.000005 0.003953 300.000000 7.092198
500 0.000018 0.001631 400.000000 7.233273
500 0.000009 0.000865 500.000000 7.518797
500 0.000011 0.000197 600.000000 7.177033
500 0.000013 0.000800 700.000000 7.478632
500 0.000011 0.001542 800.000000 7.469655
510 0.000094 0.004235 100.000000 7.092198
510 0.000049 0.005722 200.000000 8.163265
510 0.000011 0.004002 300.000000 7.125891
510 0.000020 0.001589 400.000000 7.299270
510 0.000009 0.000898 500.000000 7.485030
510 0.000012 0.000101 600.000000 7.211538
510 0.000014 0.000864 700.000000 7.518797
510 0.000012 0.001610 800.000000 7.483630
520 0.000104 0.004982 100.000000 7.407407
520 0.000049 0.006318 200.000000 8.298756
520 0.000012 0.004325 300.000000 7.211538
520 0.000022 0.001568 400.000000 7.366483
520 0.000014 0.000919 500.000000 7.440476
520 0.000013 0.000054 600.000000 7.255139
520 0.000014 0.000971 700.000000 7.567567
520 0.000012 0.001703 800.000000 7.518797
530 0.000138 0.011250 100.000000 7.692307
530 0.000065 0.011403 200.000000 8.438819
530 0.000034 0.008005 300.000000 7.299270
530 0.000035 0.003173 400.000000 7.448790
530 0.000033 0.001424 500.000000 7.418397
530 0.000018 0.000657 600.000000 7.308161
530 0.000017 0.002061 700.000000 7.616975
530 0.000016 0.003161 800.000000 7.561437
540 0.000082 0.007022 100.000000 8.130081
540 0.000036 0.007004 200.000000 8.620689
540 0.000027 0.004977 300.000000 7.389163
540 0.000026 0.002276 400.000000 7.532957
540 0.000023 0.001036 500.000000 7.440476
540 0.000009 0.000408 600.000000 7.361963
540 0.000009 0.001267 700.000000 7.675438
540 0.000008 0.001979 800.000000 7.604563
550 0.000053 0.007956 100.000000 8.547009
550 0.000019 0.007459 200.000000 8.695652
550 0.000026 0.005117 300.000000 7.500000
550 0.000025 0.002636 400.000000 7.619048
550 0.000017 0.000917 500.000000 7.473842
550 0.000003 0.000548 600.000000 7.416564
550 0.000005 0.001506 700.000000 7.726269
550 0.000004 0.002225 800.000000 7.648183
560 0.000028 0.009128 100.000000 8.849558
560 0.000004 0.009023 200.000000 8.620689
560 0.000029 0.005790 300.000000 7.556675
560 0.000022 0.003007 400.000000 7.692307
560 0.000015 0.000793 500.000000 7.485030
560 0.000005 0.000647 600.000000 7.453416
560 0.000005 0.001850 700.000000 7.777778
560 0.000004 0.002728 800.000000 7.684918
570 0.000039 0.009379 100.000000 9.090909
570 0.000015 0.009901 200.000000 8.298756
570 0.000029 0.005737 300.000000 7.594937
570 0.000022 0.002861 400.000000 7.736944
570 0.000009 0.000562 500.000000 7.485030
570 0.000007 0.000671 600.000000 7.481297
570 0.000006 0.001964 700.000000 7.812500
570 0.000004 0.002887 800.000000 7.707129
580 0.000040 0.007021 100.000000 9.259259
580 0.000023 0.007243 200.000000 8.097166
580 0.000023 0.003834 300.000000 7.575758
580 0.000020 0.001816 400.000000 7.751938
580 0.000010 0.000291 500.000000 7.485030
580 0.000003 0.000463 600.000000 7.490637
580 0.000003 0.001472 700.000000 7.838746
580 0.000002 0.002181 800.000000 7.722008
590 0.000035 0.008110 100.000000 9.345795
590 0.000015 0.007620 200.000000 8.032128
590 0.000024 0.003846 300.000000 7.537688
590 0.000022 0.001670 400.000000 7.751938
590 0.000012 0.000442 500.000000 7.473842
590 0.000006 0.000500 600.000000 7.500000
590 0.000004 0.001644 700.000000 7.856341
590 0.000003 0.002402 800.000000 7.736944
600 0.000017 0.008738 100.000000 9.345795
600 0.000022 0.007520 200.000000 8.000000
600 0.000026 0.003424 300.000000 7.481297
600 0.000023 0.001501 400.000000 7.766990
600 0.000013 0.000615 500.000000 7.462687
600 0.000003 0.000597 600.000000 7.509387
600 0.000004 0.001657 700.000000 7.865169
600 0.000004 0.002360 800.000000 7.751938
610 0.000018 0.008605 100.000000 9.523809
610 0.000021 0.007436 200.000000 7.968128
610 0.000028 0.003185 300.000000 7.425743
610 0.000024 0.001305 400.000000 7.766990
610 0.000013 0.000792 500.000000 7.429420
610 0.000004 0.000628 600.000000 7.528231
610 0.000002 0.001681 700.000000 7.865169
610 0.000003 0.002329 800.000000 7.759457
620 0.000013 0.007802 100.000000 9.615385
620 0.000025 0.006867 200.000000 7.874016
620 0.000029 0.002420 300.000000 7.352941
620 0.000021 0.000958 400.000000 7.766990
620 0.000006 0.000976 500.000000 7.342144
620 0.000004 0.000550 600.000000 7.547170
620 0.000030 0.001862 700.000000 7.838746
620 0.000003 0.002135 800.000000 7.774539
630 0.000015 0.007265 100.000000 9.615385
630 0.000028 0.006389 200.000000 7.518797
630 0.000028 0.001984 300.000000 7.334963
630 0.000020 0.000846 400.000000 7.736944
630 0.000004 0.001035 500.000000 7.267442
630 0.000003 0.000478 600.000000 7.556675
630 0.000002 0.001591 700.000000 7.769145
630 0.000004 0.002008 800.000000 7.789679
640 0.000020 0.006786 100.000000 9.615385
640 0.000038 0.005104 200.000000 7.220217
640 0.000024 0.001701 300.000000 7.334963
640 0.000025 0.001111 400.000000 7.707129
640 0.000006 0.001038 500.000000 7.225433
640 0.000003 0.000411 600.000000 7.566204
640 0.000002 0.001544 700.000000 7.567567
640 0.000002 0.001987 800.000000 7.797271
650 0.000010 0.006861 100.000000 9.433962
650 0.000051 0.004433 200.000000 7.117438
650 0.000028 0.001524 300.000000 7.334963
650 0.000028 0.001542 400.000000 7.561437
650 0.000005 0.001058 500.000000 7.215007
650 0.000002 0.000477 600.000000 7.575758
650 0.000002 0.001550 700.000000 7.534984
650 0.000002 0.002065 800.000000 7.804878
660 0.000012 0.007540 100.000000 9.174312
660 0.000048 0.004142 200.000000 7.067138
660 0.000031 0.001688 300.000000 7.334963
660 0.000023 0.002583 400.000000 7.299270
660 0.000007 0.001105 500.000000 7.215007
660 0.000003 0.000533 600.000000 7.585335
660 0.000005 0.001685 700.000000 7.526882
660 0.000003 0.002288 800.000000 7.812500
670 0.000035 0.008385 100.000000 8.403361
670 0.000045 0.003493 200.000000 7.017544
670 0.000031 0.001654 300.000000 7.334963
670 0.000019 0.002421 400.000000 7.194244
670 0.000005 0.000989 500.000000 7.215007
670 0.000003 0.000589 600.000000 7.604563
670 0.000005 0.001649 700.000000 7.526882
670 0.000005 0.002125 800.000000 7.827789
680 0.000070 0.008903 100.000000 7.407407
680 0.000040 0.003104 200.000000 6.968641
680 0.000029 0.001708 300.000000 7.334963
680 0.000010 0.002358 400.000000 7.142857
680 0.000006 0.000894 500.000000 7.204611
680 0.000002 0.000627 600.000000 7.623888
680 0.000004 0.001670 700.000000 7.534984
680 0.000003 0.002121 800.000000 7.835455
690 0.000073 0.007045 100.000000 7.092198
690 0.000039 0.002121 200.000000 6.896552
690 0.000026 0.001811 300.000000 7.317073
690 0.000007 0.002322 400.000000 7.117438
690 0.000007 0.000875 500.000000 7.204611
690 0.000001 0.000579 600.000000 7.633588
690 0.000006 0.001513 700.000000 7.534984
690 0.000004 0.001815 800.000000 7.850834
700 0.000065 0.006355 100.000000 6.944445
700 0.000038 0.001534 200.000000 6.825939
700 0.000030 0.002152 300.000000 7.317073
700 0.000010 0.002743 400.000000 7.092198
700 0.000003 0.001046 500.000000 7.204611
700 0.000001 0.000510 600.000000 7.643312
700 0.000005 0.001470 700.000000 7.543103
700 0.000003 0.001838 800.000000 7.858546
710 0.000057 0.006036 100.000000 6.849315
710 0.000039 0.001336 200.000000 6.711410
710 0.000030 0.002382 300.000000 7.299270
710 0.000013 0.002909 400.000000 7.054674
710 0.000003 0.000946 500.000000 7.215007
710 0.000001 0.000500 600.000000 7.633588
710 0.000005 0.001388 700.000000 7.551240
710 0.000005 0.001607 800.000000 7.866273
720 0.000073 0.005999 100.000000 6.666667
720 0.000037 0.001877 200.000000 6.578948
720 0.000030 0.003027 300.000000 7.281553
720 0.000009 0.003163 400.000000 6.956522
720 0.000004 0.000970 500.000000 7.215007
720 0.000058 0.001131 600.000000 7.604563
720 0.000007 0.001422 700.000000 7.559395
720 0.000004 0.001642 800.000000 7.866273
730 0.000076 0.005902 100.000000 6.250000
730 0.000041 0.002513 200.000000 6.514658
730 0.000031 0.003306 300.000000 7.246377
730 0.000008 0.003232 400.000000 6.837607
730 0.000004 0.000986 500.000000 7.225433
730 0.000005 0.000690 600.000000 7.547170
730 0.000007 0.001411 700.000000 7.567567
730 0.000004 0.001546 800.000000 7.858546
740 0.000085 0.005563 100.000000 5.780347
740 0.000042 0.002704 200.000000 6.514658
740 0.000036 0.003502 300.000000 7.194244
740 0.000010 0.003243 400.000000 6.791172
740 0.000003 0.000979 500.000000 7.235890
740 0.000003 0.000760 600.000000 7.308161
740 0.000003 0.001489 700.000000 7.575758
740 0.000005 0.001650 800.000000 7.858546
750 0.000103 0.003879 100.000000 5.649717
750 0.000038 0.003112 200.000000 6.535948
750 0.000038 0.003803 300.000000 7.109005
750 0.000010 0.002964 400.000000 6.791172
750 0.000004 0.000888 500.000000 7.256894
750 0.000004 0.000704 600.000000 7.272727
750 0.000005 0.001384 700.000000 7.592191
750 0.000004 0.001633 800.000000 7.850834
760 0.000096 0.003516 100.000000 5.649717
760 0.000039 0.002988 200.000000 6.600660
760 0.000032 0.004296 300.000000 6.912442
760 0.000007 0.002909 400.000000 6.814310
760 0.000004 0.000848 500.000000 7.288630
760 0.000003 0.000754 600.000000 7.272727
760 0.000003 0.001402 700.000000 7.616975
760 0.000006 0.001664 800.000000 7.850834
770 0.000092 0.003363 100.000000 5.714286
770 0.000044 0.003507 200.000000 6.666667
770 0.000030 0.005203 300.000000 6.802721
770 0.000005 0.003063 400.000000 6.849315
770 0.000001 0.000904 500.000000 7.331378
770 0.000003 0.000730 600.000000 7.299270
770 0.000003 0.001423 700.000000 7.650273
770 0.000004 0.001730 800.000000 7.850834
780 0.000088 0.003897 100.000000 5.813953
780 0.000043 0.004486 200.000000 6.756757
780 0.000027 0.006009 300.000000 6.802721
780 0.000007 0.003429 400.000000 6.896552
780 0.000004 0.001000 500.000000 7.396450
780 0.000003 0.000715 600.000000 7.343941
780 0.000004 0.001514 700.000000 7.700770
780 0.000005 0.001899 800.000000 7.843137
790 0.000094 0.004348 100.000000 5.988024
790 0.000047 0.005141 200.000000 6.896552
790 0.000027 0.006447 300.000000 6.864988
790 0.000008 0.003722 400.000000 6.968641
790 0.000006 0.001067 500.000000 7.462687
790 0.000005 0.000741 600.000000 7.398274
790 0.000005 0.001638 700.000000 7.751938
790 0.000013 0.002036 800.000000 7.835455
800 0.000102 0.006594 100.000000 6.211180
800 0.000050 0.007078 200.000000 7.042253
800 0.000018 0.007703 300.000000 6.928406
800 0.000017 0.004484 400.000000 7.042253
800 0.000014 0.001299 500.000000 7.541478
800 0.000009 0.000760 600.000000 7.462687
800 0.000010 0.001940 700.000000 7.812500
800 0.000009 0.002415 800.000000 7.835455
810 0.000108 0.007256 100.000000 6.451613
810 0.000054 0.007653 200.000000 7.220217
810 0.000024 0.008027 300.000000 7.009346
810 0.000017 0.004666 400.000000 7.117438
810 0.000015 0.001427 500.000000 7.621951
810 0.000009 0.000688 600.000000 7.518797
810 0.000011 0.001900 700.000000 7.874016
810 0.000013 0.002219 800.000000 7.812500
820 0.000094 0.006635 100.000000 6.622517
820 0.000050 0.006880 200.000000 7.326007
820 0.000026 0.007096 300.000000 7.075472
820 0.000017 0.004096 400.000000 7.181329
820 0.000014 0.001239 500.000000 7.692307
820 0.000010 0.000628 600.000000 7.566204
820 0.000010 0.001619 700.000000 7.918552
820 0.000016 0.001735 800.000000 7.782101
830 0.000085 0.005462 100.000000 6.666667
830 0.000048 0.005949 200.000000 7.407407
830 0.000029 0.006114 300.000000 7.109005
830 0.000014 0.003404 400.000000 7.220217
830 0.000014 0.000960 500.000000 7.739938
830 0.000010 0.000719 600.000000 7.604563
830 0.000010 0.001391 700.000000 7.963595
830 0.000016 0.001461 800.000000 7.766990
840 0.000078 0.003888 100.000000 6.622517
840 0.000047 0.004727 200.000000 7.462687
840 0.000027 0.005249 300.000000 7.109005
840 0.000014 0.002837 400.000000 7.246377
840 0.000011 0.000835 500.000000 7.776050
840 0.000008 0.000799 600.000000 7.633588
840 0.000011 0.001140 700.000000 7.990868
840 0.000015 0.001173 800.000000 7.766990
850 0.000066 0.004142 100.000000 6.535948
850 0.000046 0.004368 200.000000 7.490637
850 0.000028 0.005098 300.000000 7.109005
850 0.000014 0.002415 400.000000 7.272727
850 0.000013 0.000808 500.000000 7.788162
850 0.000008 0.000811 600.000000 7.653061
850 0.000012 0.000911 700.000000 8.009153
850 0.000015 0.001145 800.000000 7.782101
860 0.000091 0.004864 100.000000 6.451613
860 0.000049 0.004870 200.000000 7.518797
860 0.000029 0.005458 300.000000 7.075472
860 0.000014 0.002485 400.000000 7.299270
860 0.000014 0.000857 500.000000 7.800312
860 0.000007 0.000853 600.000000 7.682458
860 0.000013 0.000797 700.000000 8.027523
860 0.000015 0.001017 800.000000 7.804878
870 0.000091 0.005601 100.000000 6.410256
870 0.000046 0.005167 200.000000 7.575758
870 0.000029 0.005597 300.000000 7.009346
870 0.000016 0.002529 400.000000 7.352941
870 0.000067 0.000874 500.000000 7.800312
870 0.000008 0.000848 600.000000 7.712082
870 0.000012 0.000760 700.000000 8.064516
870 0.000016 0.001066 800.000000 7.835455
880 0.000092 0.006042 100.000000 6.578948
880 0.000041 0.005486 200.000000 7.692307
880 0.000017 0.005684 300.000000 7.009346
880 0.000017 0.002557 400.000000 7.421150
880 0.000009 0.000958 500.000000 7.836991
880 0.000009 0.001094 600.000000 7.772021
880 0.000013 0.001011 700.000000 8.101851
880 0.000016 0.001353 800.000000 7.881773
890 0.000102 0.006336 100.000000 6.802721
890 0.000038 0.005699 200.000000 7.843137
890 0.000010 0.005773 300.000000 7.042253
890 0.000014 0.002617 400.000000 7.518797
890 0.000008 0.000869 500.000000 7.861635
890 0.000006 0.000960 600.000000 7.832898
890 0.000010 0.000793 700.000000 8.158508
890 0.000015 0.001082 800.000000 7.936508
900 0.000059 0.006657 100.000000 7.042253
900 0.000021 0.005983 200.000000 8.000000
900 0.000015 0.005575 300.000000 7.109005
900 0.000015 0.002429 400.000000 7.604563
900 0.000009 0.000974 500.000000 7.788162
900 0.000010 0.001192 600.000000 7.905138
900 0.000014 0.001296 700.000000 8.215962
900 0.000011 0.001564 800.000000 7.984032
910 0.000086 0.006575 100.000000 7.352941
910 0.000023 0.005539 200.000000 8.163265
910 0.000021 0.004827 300.000000 7.177033
910 0.000022 0.002107 400.000000 7.692307
910 0.000015 0.001028 500.000000 7.704160
910 0.000013 0.001295 600.000000 7.968128
910 0.000017 0.001614 700.000000 8.264462
910 0.000016 0.002304 800.000000 8.040201
920 0.000073 0.006440 100.000000 7.575758
920 0.000025 0.006464 200.000000 8.196721
920 0.000023 0.004589 300.000000 7.228916
920 0.000023 0.001909 400.000000 7.766990
920 0.000019 0.001112 500.000000 7.704160
920 0.000015 0.001475 600.000000 8.021390
920 0.000018 0.002019 700.000000 8.293839
920 0.000016 0.002693 800.000000 8.080808
930 0.000073 0.007596 100.000000 7.751938
930 0.000030 0.007232 200.000000 8.000000
930 0.000027 0.004951 300.000000 7.263923
930 0.000025 0.001986 400.000000 7.812500
930 0.000021 0.001151 500.000000 7.704160
930 0.000018 0.001616 600.000000 8.053691
930 0.000019 0.002416 700.000000 8.303678
930 0.000015 0.002933 800.000000 8.105370
940 0.000050 0.006982 100.000000 7.874016
940 0.000037 0.007018 200.000000 7.575758
940 0.000029 0.004375 300.000000 7.299270
940 0.000024 0.001678 400.000000 7.858546
940 0.000021 0.001109 500.000000 7.704160
940 0.000017 0.001688 600.000000 8.086253
940 0.000019 0.002542 700.000000 8.293839
940 0.000014 0.002866 800.000000 8.130081
950 0.000035 0.005307 100.000000 7.936508
950 0.000032 0.006558 200.000000 7.380074
950 0.000024 0.003490 300.000000 7.317073
950 0.000020 0.001240 400.000000 7.905138
950 0.000018 0.001099 500.000000 7.727975
950 0.000015 0.001534 600.000000 8.119080
950 0.000016 0.002309 700.000000 8.235294
950 0.000013 0.002509 800.000000 8.154943
960 0.000021 0.004868 100.000000 8.064516
960 0.000033 0.006665 200.000000 7.299270
960 0.000024 0.003194 300.000000 7.334963
960 0.000020 0.000973 400.000000 7.952286
960 0.000016 0.001171 500.000000 7.751938
960 0.000015 0.001643 600.000000 8.141112
960 0.000016 0.002065 700.000000 8.101851
960 0.000011 0.002482 800.000000 8.171603
970 0.000017 0.005293 100.000000 8.130081
970 0.000028 0.006699 200.000000 7.299270
970 0.000023 0.002994 300.000000 7.371007
970 0.000019 0.000897 400.000000 8.000000
970 0.000017 0.001305 500.000000 7.776050
970 0.000015 0.001792 600.000000 8.174387
970 0.000013 0.002217 700.000000 7.972665
970 0.000011 0.002465 800.000000 8.196721
980 0.000016 0.005745 100.000000 8.264462
980 0.000034 0.006873 200.000000 7.299270
980 0.000028 0.002823 300.000000 7.407407
980 0.000022 0.000815 400.000000 8.048289
980 0.000018 0.001590 500.000000 7.812500
980 0.000018 0.002030 600.000000 8.219178
980 0.000012 0.002612 700.000000 7.936508
980 0.000012 0.002733 800.000000 8.213552
990 0.000022 0.005137 100.000000 8.403361
990 0.000025 0.006062 200.000000 7.352941
990 0.000024 0.002314 300.000000 7.444169
990 0.000018 0.000734 400.000000 8.097166
990 0.000018 0.001488 500.000000 7.849294
990 0.000016 0.001756 600.000000 8.253095
990 0.000011 0.002190 700.000000 7.954545
990 0.000011 0.002352 800.000000 8.238929
1000 0.000018 0.005723 100.000000 8.620689
1000 0.000018 0.006437 200.000000 7.380074
1000 0.000024 0.002263 300.000000 7.518797
1000 0.000019 0.000841 400.000000 8.146640
1000 0.000019 0.001699 500.000000 7.898894
1000 0.000016 0.001980 600.000000 8.298756
1000 0.000012 0.002305 700.000000 7.981756
1000 0.000011 0.002317 800.000000 8.273009
1010 0.000029 0.005937 100.000000 8.849558
1010 0.000021 0.006403 200.000000 7.407407
1010 0.000027 0.001906 300.000000 7.594937
1010 0.000019 0.000856 400.000000 8.196721
1010 0.000020 0.001832 500.000000 7.949126
1010 0.000015 0.002124 600.000000 8.344924
1010 0.000011 0.002502 700.000000 8.018328
1010 0.000011 0.002505 800.000000 8.298756
1020 0.000021 0.006258 100.000000 9.090909
1020 0.000022 0.006649 200.000000 7.352941
1020 0.000028 0.001913 300.000000 7.672634
1020 0.000085 0.001917 400.000000 8.213552
1020 0.000021 0.001862 500.000000 8.000000
1020 0.000019 0.002118 600.000000 8.379889
1020 0.000010 0.002285 700.000000 8.064516
1020 0.000010 0.002100 800.000000 8.333333
1030 0.000044 0.006633 100.000000 9.174312
1030 0.000038 0.006288 200.000000 7.220217
1030 0.000026 0.001594 300.000000 7.731959
1030 0.000022 0.001302 400.000000 8.213552
1030 0.000021 0.002091 500.000000 8.038586
1030 0.000018 0.002375 600.000000 8.415147
1030 0.000010 0.002454 700.000000 8.101851
1030 0.000010 0.002221 800.000000 8.350731
1040 0.000046 0.007049 100.000000 9.090909
1040 0.000045 0.006045 200.000000 7.092198
1040 0.000033 0.001527 300.000000 7.772021
1040 0.000021 0.001589 400.000000 7.984032
1040 0.000022 0.002396 500.000000 8.077544
1040 0.000020 0.002706 600.000000 8.426967
1040 0.000009 0.002738 700.000000 8.130081
1040 0.000009 0.002383 800.000000 8.368201
1050 0.000072 0.007269 100.000000 8.849558
1050 0.000044 0.005358 200.000000 7.042253
1050 0.000029 0.001367 300.000000 7.792208
1050 0.000021 0.001756 400.000000 7.707129
1050 0.000018 0.002492 500.000000 8.090615
1050 0.000019 0.002873 600.000000 8.415147
1050 0.000009 0.002836 700.000000 8.139535
1050 0.000009 0.002552 800.000000 8.368201
1060 0.000062 0.007612 100.000000 7.874016
1060 0.000046 0.004835 200.000000 7.017544
1060 0.000029 0.001308 300.000000 7.812500
1060 0.000024 0.001931 400.000000 7.662835
1060 0.000020 0.002671 500.000000 8.103727
1060 0.000019 0.003141 600.000000 8.379889
1060 0.000008 0.002884 700.000000 8.149011
1060 0.000010 0.002569 800.000000 8.368201
1070 0.000041 0.009230 100.000000 6.944445
1070 0.000043 0.003888 200.000000 6.993007
1070 0.000029 0.001473 300.000000 7.832898
1070 0.000023 0.002412 400.000000 7.648183
1070 0.000020 0.003181 500.000000 8.116883
1070 0.000021 0.003810 600.000000 8.310249
1070 0.000011 0.003470 700.000000 8.158508
1070 0.000011 0.003100 800.000000 8.376964
1080 0.000080 0.009634 100.000000 6.666667
1080 0.000045 0.003214 200.000000 6.993007
1080 0.000032 0.001629 300.000000 7.874016
1080 0.000024 0.002808 400.000000 7.648183
1080 0.000021 0.003364 500.000000 8.143323
1080 0.000024 0.004034 600.000000 8.163265
1080 0.000013 0.003886 700.000000 8.168028
1080 0.000014 0.003511 800.000000 8.394544
1090 0.000061 0.009249 100.000000 6.535948
1090 0.000041 0.002801 200.000000 6.993007
1090 0.000028 0.002052 300.000000 7.915567
1090 0.000024 0.003124 400.000000 7.677543
1090 0.000022 0.003549 500.000000 8.169934
1090 0.000016 0.003879 600.000000 7.947020
1090 0.000011 0.003742 700.000000 8.187135
1090 0.000013 0.003260 800.000000 8.403361
1100 0.000059 0.009009 100.000000 6.493506
1100 0.000042 0.002362 200.000000 6.993007
1100 0.000029 0.002211 300.000000 7.957560
1100 0.000024 0.003308 400.000000 7.692307
1100 0.000024 0.003560 500.000000 8.183306
1100 0.000013 0.003864 600.000000 7.874016
1100 0.000012 0.003652 700.000000 8.196721
1100 0.000013 0.003160 800.000000 8.412198
1110 0.000050 0.008604 100.000000 6.451613
1110 0.000047 0.001784 200.000000 7.017544
1110 0.000030 0.002442 300.000000 7.978724
1110 0.000026 0.003491 400.000000 7.707129
1110 0.000024 0.003744 500.000000 8.210180
1110 0.000012 0.004043 600.000000 7.863696
1110 0.000012 0.003690 700.000000 8.206330
1110 0.000014 0.003070 800.000000 8.412198
1120 0.000059 0.008334 100.000000 6.329114
1120 0.000050 0.001644 200.000000 7.042253
1120 0.000033 0.003174 300.000000 7.978724
1120 0.000028 0.004198 400.000000 7.722008
1120 0.000024 0.004448 500.000000 8.223684
1120 0.000014 0.004687 600.000000 7.874016
1120 0.000013 0.004313 700.000000 8.215962
1120 0.000014 0.003618 800.000000 8.350731
1130 0.000066 0.008439 100.000000 6.097561
1130 0.000047 0.002373 200.000000 7.092198
1130 0.000120 0.004827 300.000000 7.936508
1130 0.000032 0.004783 400.000000 7.751938
1130 0.000024 0.004934 500.000000 8.237232
1130 0.000012 0.004863 600.000000 7.905138
1130 0.000013 0.004212 700.000000 8.225616
1130 0.000009 0.003472 800.000000 8.205129
1140 0.000076 0.005774 100.000000 5.847953
1140 0.000050 0.003301 200.000000 7.142857
1140 0.000032 0.004535 300.000000 7.874016
1140 0.000026 0.005166 400.000000 7.797271
1140 0.000025 0.005433 500.000000 8.264462
1140 0.000019 0.005541 600.000000 7.936508
1140 0.000016 0.005349 700.000000 8.235294
1140 0.000012 0.004692 800.000000 8.171603
1150 0.000085 0.005919 100.000000 5.747127
1150 0.000045 0.004148 200.000000 7.220217
1150 0.000031 0.005036 300.000000 7.518797
1150 0.000026 0.005682 400.000000 7.827789
1150 0.000026 0.005847 500.000000 8.278146
1150 0.000019 0.005990 600.000000 7.968128
1150 0.000017 0.005841 700.000000 8.254717
1150 0.000014 0.005084 800.000000 8.171603
1160 0.000097 0.005947 100.000000 5.780347
1160 0.000059 0.005326 200.000000 7.299270
1160 0.000037 0.006161 300.000000 7.371007
1160 0.000029 0.006675 400.000000 7.889546
1160 0.000029 0.006934 500.000000 8.305648
1160 0.000022 0.007064 600.000000 8.010681
1160 0.000017 0.006912 700.000000 8.284023
1160 0.000015 0.005815 800.000000 8.196721
1170 0.000097 0.005756 100.000000 5.917160
1170 0.000060 0.005628 200.000000 7.434944
1170 0.000037 0.006404 300.000000 7.407407
1170 0.000027 0.006832 400.000000 7.968128
1170 0.000027 0.007106 500.000000 8.347245
1170 0.000021 0.007103 600.000000 8.064516
1170 0.000016 0.006893 700.000000 8.333333
1170 0.000014 0.005651 800.000000 8.238929
1180 0.000096 0.006263 100.000000 6.134969
1180 0.000057 0.005939 200.000000 7.633588
1180 0.000035 0.006570 300.000000 7.500000
1180 0.000030 0.006943 400.000000 8.080808
1180 0.000028 0.007264 500.000000 8.417508
1180 0.000020 0.007167 600.000000 8.141112
1180 0.000018 0.006900 700.000000 8.393286
1180 0.000013 0.005562 800.000000 8.290155
1190 0.000091 0.006525 100.000000 6.369427
1190 0.000054 0.006152 200.000000 7.843137
1190 0.000033 0.006627 300.000000 7.614213
1190 0.000028 0.006909 400.000000 8.196721
1190 0.000026 0.007125 500.000000 8.503402
1190 0.000019 0.006868 600.000000 8.219178
1190 0.000016 0.006492 700.000000 8.464329
1190 0.000012 0.005225 800.000000 8.359457
1200 0.000091 0.006996 100.000000 6.666667
1200 0.000047 0.006860 200.000000 8.064516
1200 0.000032 0.007273 300.000000 7.751938
1200 0.000029 0.007488 400.000000 8.316009
1200 0.000027 0.007597 500.000000 8.576329
1200 0.000015 0.006935 600.000000 8.298756
1200 0.000014 0.006250 700.000000 8.536586
1200 0.000009 0.005004 800.000000 8.421053
1210 0.000092 0.007386 100.000000 6.896552
1210 0.000045 0.007703 200.000000 8.264462
1210 0.000029 0.008108 300.000000 7.853403
1210 0.000026 0.008229 400.000000 8.421053
1210 0.000026 0.008227 500.000000 8.620689
1210 0.000016 0.007198 600.000000 8.368201
1210 0.000012 0.006243 700.000000 8.599508
1210 0.000006 0.005011 800.000000 8.474576
1220 0.000081 0.005878 100.000000 7.142857
1220 0.000043 0.007091 200.000000 8.438819
1220 0.000031 0.007530 300.000000 7.936508
1220 0.000024 0.007422 400.000000 8.510638
1220 0.000025 0.007472 500.000000 8.605852
1220 0.000012 0.006288 600.000000 8.426967
1220 0.000011 0.005348 700.000000 8.652658
1220 0.000006 0.004229 800.000000 8.528785
1230 0.000078 0.005394 100.000000 7.299270
1230 0.000038 0.007362 200.000000 8.620689
1230 0.000025 0.007997 300.000000 8.021390
1230 0.000022 0.007835 400.000000 8.602151
1230 0.000017 0.007342 500.000000 8.488964
1230 0.000010 0.006206 600.000000 8.474576
1230 0.000007 0.005119 700.000000 8.706468
1230 0.000003 0.004049 800.000000 8.565310
1240 0.000048 0.004391 100.000000 7.407407
1240 0.000021 0.006158 200.000000 8.771930
1240 0.000018 0.006647 300.000000 8.086253
1240 0.000017 0.006204 400.000000 8.658009
1240 0.000012 0.005107 500.000000 8.291874
1240 0.000008 0.004467 600.000000 8.522727
1240 0.000010 0.003700 700.000000 8.739077
1240 0.000006 0.002942 800.000000 8.602151
1250 0.000054 0.004049 100.000000 7.462687
1250 0.000022 0.005465 200.000000 8.888889
1250 0.000024 0.005722 300.000000 8.152174
1250 0.000016 0.004955 400.000000 8.714597
1250 0.000008 0.004080 500.000000 8.210180
1250 0.000008 0.003630 600.000000 8.547009
1250 0.000011 0.003113 700.000000 8.760951
1250 0.000008 0.002349 800.000000 8.639309
1260 0.000051 0.004409 100.000000 7.575758
1260 0.000023 0.005608 200.000000 8.968610
1260 0.000024 0.005675 300.000000 8.196721
1260 0.000014 0.004847 400.000000 8.771930
1260 0.000008 0.004087 500.000000 8.196721
1260 0.000008 0.003606 600.000000 8.571428
1260 0.000012 0.003087 700.000000 8.782936
1260 0.000008 0.002230 800.000000 8.658009
1270 0.000063 0.005788 100.000000 7.692307
1270 0.000028 0.006166 200.000000 9.049774
1270 0.000028 0.005860 300.000000 8.241758
1270 0.000020 0.005004 400.000000 8.810573
1270 0.000009 0.004327 500.000000 8.223684
1270 0.000009 0.003743 600.000000 8.595988
1270 0.000012 0.003138 700.000000 8.760951
1270 0.000009 0.002165 800.000000 8.695652
1280 0.000060 0.006761 100.000000 7.936508
1280 0.000028 0.006712 200.000000 9.132421
1280 0.000030 0.006385 300.000000 8.333333
1280 0.000017 0.005332 400.000000 8.888889
1280 0.000006 0.004542 500.000000 8.291874
1280 0.000007 0.003790 600.000000 8.633094
1280 0.000009 0.003234 700.000000 8.717310
1280 0.000009 0.002290 800.000000 8.733624
1290 0.000058 0.007111 100.000000 8.264462
1290 0.000142 0.008955 200.000000 9.259259
1290 0.000028 0.006643 300.000000 8.450705
1290 0.000022 0.005606 400.000000 8.988764
1290 0.000008 0.004722 500.000000 8.361204
1290 0.000007 0.003873 600.000000 8.695652
1290 0.000006 0.003392 700.000000 8.631319
1290 0.000008 0.002287 800.000000 8.781559
1300 0.000037 0.008514 100.000000 8.620689
1300 0.000096 0.009376 200.000000 9.389671
1300 0.000018 0.007864 300.000000 8.595988
1300 0.000015 0.006706 400.000000 9.090909
1300 0.000013 0.005519 500.000000 8.445946
1300 0.000010 0.004430 600.000000 8.759124
1300 0.000008 0.003777 700.000000 8.620689
1300 0.000008 0.002649 800.000000 8.839779
1310 0.000031 0.007568 100.000000 9.090909
1310 0.000010 0.007630 200.000000 9.478673
1310 0.000010 0.006466 300.000000 8.720930
1310 0.000014 0.005280 400.000000 9.195402
1310 0.000020 0.004335 500.000000 8.532423
1310 0.000015 0.003579 600.000000 8.823529
1310 0.000011 0.003320 700.000000 8.641975
1310 0.000006 0.001989 800.000000 8.888889
1320 0.000024 0.007526 100.000000 9.433962
1320 0.000009 0.007893 200.000000 9.049774
1320 0.000007 0.006797 300.000000 8.849558
1320 0.000015 0.005490 400.000000 9.259259
1320 0.000020 0.004470 500.000000 8.605852
1320 0.000018 0.003638 600.000000 8.875740
1320 0.000013 0.003244 700.000000 8.674102
1320 0.000008 0.001941 800.000000 8.938547
1330 0.000032 0.007068 100.000000 9.708738
1330 0.000023 0.007430 200.000000 8.510638
1330 0.000008 0.006427 300.000000 8.928572
1330 0.000013 0.005342 400.000000 9.280743
1330 0.000022 0.004277 500.000000 8.650519
1330 0.000019 0.003704 600.000000 8.902077
1330 0.000015 0.003131 700.000000 8.695652
1330 0.000008 0.001787 800.000000 8.968610
1340 0.000026 0.006937 100.000000 9.900990
1340 0.000018 0.007280 200.000000 8.403361
1340 0.000008 0.006546 300.000000 8.982036
1340 0.000013 0.005728 400.000000 9.280743
1340 0.000021 0.004323 500.000000 8.680555
1340 0.000020 0.003737 600.000000 8.928572
1340 0.000014 0.002966 700.000000 8.717310
1340 0.000008 0.001673 800.000000 8.998875
1350 0.000021 0.007122 100.000000 10.101010
1350 0.000012 0.007276 200.000000 8.368201
1350 0.000005 0.006437 300.000000 9.036144
1350 0.000013 0.005751 400.000000 9.195402
1350 0.000018 0.004029 500.000000 8.710801
1350 0.000020 0.003401 600.000000 8.941877
1350 0.000011 0.002631 700.000000 8.739077
1350 0.000007 0.001487 800.000000 9.009009
1360 0.000015 0.007497 100.000000 10.204082
1360 0.000012 0.007457 200.000000 8.403361
1360 0.000007 0.006365 300.000000 9.063444
1360 0.000013 0.005663 400.000000 9.029346
1360 0.000017 0.004003 500.000000 8.726004
1360 0.000020 0.003287 600.000000 8.968610
1360 0.000011 0.002514 700.000000 8.760951
1360 0.000007 0.001515 800.000000 9.029346
1370 0.000016 0.007653 100.000000 10.526316
1370 0.000007 0.007523 200.000000 8.438819
1370 0.000006 0.006574 300.000000 9.118541
1370 0.000020 0.005021 400.000000 8.658009
1370 0.000017 0.003925 500.000000 8.756567
1370 0.000020 0.003140 600.000000 8.982036
1370 0.000010 0.002292 700.000000 8.782936
1370 0.000007 0.001488 800.000000 9.039548
1380 0.000024 0.007563 100.000000 10.638298
1380 0.000011 0.007352 200.000000 8.474576
1380 0.000006 0.006219 300.000000 9.174312
1380 0.000021 0.004827 400.000000 8.403361
1380 0.000018 0.003792 500.000000 8.771930
1380 0.000020 0.003045 600.000000 8.995502
1380 0.000010 0.002125 700.000000 8.805032
1380 0.000007 0.001395 800.000000 9.049774
1390 0.000017 0.007411 100.000000 10.752688
1390 0.000012 0.007001 200.000000 8.510638
1390 0.000011 0.005815 300.000000 9.202454
1390 0.000022 0.004609 400.000000 8.350731
1390 0.000019 0.003629 500.000000 8.787346
1390 0.000021 0.002974 600.000000 8.995502
1390 0.000009 0.001947 700.000000 8.827238
1390 0.000007 0.001271 800.000000 9.049774
1400 0.000014 0.007631 100.000000 10.752688
1400 0.000010 0.007187 200.000000 8.510638
1400 0.000011 0.006080 300.000000 9.230769
1400 0.000021 0.004823 400.000000 8.350731
1400 0.000018 0.003682 500.000000 8.771930
1400 0.000020 0.002835 600.000000 8.928572
1400 0.000009 0.001907 700.000000 8.838384
1400 0.000008 0.001313 800.000000 9.039548
1410 0.000320 0.011425 100.000000 10.309278
1410 0.000015 0.007162 200.000000 8.510638
1410 0.000011 0.006063 300.000000 9.202454
1410 0.000022 0.004774 400.000000 8.368201
1410 0.000017 0.003622 500.000000 8.771930
1410 0.000015 0.002994 600.000000 8.670520
1410 0.000010 0.001827 700.000000 8.849558
1410 0.000009 0.001301 800.000000 8.978676
1420 0.000026 0.008932 100.000000 9.615385
1420 0.000021 0.007105 200.000000 8.510638
1420 0.000009 0.005717 300.000000 9.174312
1420 0.000020 0.004600 400.000000 8.385744
1420 0.000017 0.003634 500.000000 8.741259
1420 0.000014 0.003047 600.000000 8.559201
1420 0.000010 0.001786 700.000000 8.849558
1420 0.000008 0.001358 800.000000 8.064516
1430 0.000025 0.008651 100.000000 7.575758
1430 0.000006 0.007022 200.000000 8.510638
1430 0.000012 0.005547 300.000000 9.118541
1430 0.000020 0.004198 400.000000 8.385744
1430 0.000019 0.003318 500.000000 8.741259
1430 0.000016 0.002767 600.000000 8.522727
1430 0.000009 0.001592 700.000000 8.860760
1430 0.000009 0.001430 800.000000 7.984032
1440 0.000028 0.008240 100.000000 7.194244
1440 0.000010 0.006838 200.000000 8.547009
1440 0.000012 0.005809 300.000000 9.036144
1440 0.000021 0.004081 400.000000 8.403361
1440 0.000022 0.003299 500.000000 8.726004
1440 0.000014 0.002558 600.000000 8.522727
1440 0.000010 0.001484 700.000000 8.860760
1440 0.000006 0.001355 800.000000 7.968128
1450 0.000029 0.007766 100.000000 7.042253
1450 0.000010 0.006380 200.000000 8.547009
1450 0.000012 0.005567 300.000000 8.849558
1450 0.000018 0.003561 400.000000 8.403361
1450 0.000022 0.002827 500.000000 8.726004
1450 0.000013 0.002128 600.000000 8.534851
1450 0.000009 0.001281 700.000000 8.860760
1450 0.000005 0.001138 800.000000 7.968128
1460 0.000014 0.008228 100.000000 6.993007
1460 0.000007 0.006717 200.000000 8.510638
1460 0.000021 0.005221 300.000000 8.403361
1460 0.000020 0.003574 400.000000 8.385744
1460 0.000023 0.002592 500.000000 8.710801
1460 0.000011 0.001842 600.000000 8.534851
1460 0.000008 0.001326 700.000000 8.849558
1460 0.000005 0.000992 800.000000 7.968128
1470 0.000030 0.007623 100.000000 6.944445
1470 0.000013 0.006258 200.000000 8.510638
1470 0.000022 0.004302 300.000000 7.874016
1470 0.000018 0.003314 400.000000 8.368201
1470 0.000020 0.002476 500.000000 8.710801
1470 0.000011 0.001717 600.000000 8.534851
1470 0.000009 0.001355 700.000000 8.838384
1470 0.000006 0.000873 800.000000 7.968128
1480 0.000021 0.007135 100.000000 6.944445
1480 0.000013 0.005597 200.000000 8.510638
1480 0.000024 0.004003 300.000000 7.731959
1480 0.000018 0.002928 400.000000 8.368201
1480 0.000020 0.002231 500.000000 8.695652
1480 0.000010 0.001525 600.000000 8.547009
1480 0.000007 0.001347 700.000000 8.827238
1480 0.000005 0.000686 800.000000 7.960199
1490 0.000035 0.006812 100.000000 6.944445
1490 0.000014 0.005448 200.000000 8.547009
1490 0.000024 0.003958 300.000000 7.731959
1490 0.000018 0.002851 400.000000 8.368201
1490 0.000022 0.002143 500.000000 8.635578
1490 0.000010 0.001492 600.000000 8.559201
1490 0.000008 0.001408 700.000000 8.827238
1490 0.000005 0.000586 800.000000 7.968128
1500 0.000048 0.009898 100.000000 7.042253
1500 0.000042 0.008287 200.000000 8.620689
1500 0.000043 0.006227 300.000000 7.792208
1500 0.000029 0.004659 400.000000 8.385744
1500 0.000025 0.004097 500.000000 8.488964
1500 0.000010 0.003053 600.000000 8.595988
1500 0.000014 0.002739 700.000000 8.805032
1500 0.000009 0.001024 800.000000 7.984032
1510 0.000324 0.035296 100.000000 7.246377
1510 0.000169 0.033700 200.000000 8.733624
1510 0.000112 0.029400 300.000000 7.874016
1510 0.000079 0.025093 400.000000 8.438819
1510 0.000056 0.020525 500.000000 8.333333
1510 0.000047 0.013088 600.000000 8.645534
1510 0.000045 0.009494 700.000000 8.771930
1510 0.000043 0.003680 800.000000 8.008008
1520 0.000024 0.005553 100.000000 7.462687
1520 0.000021 0.004069 200.000000 8.849558
1520 0.000033 0.002835 300.000000 7.978724
1520 0.000023 0.001867 400.000000 8.510638
1520 0.000016 0.002048 500.000000 8.333333
1520 0.000010 0.001326 600.000000 8.695652
1520 0.000009 0.001547 700.000000 7.874016
1520 0.000004 0.000492 800.000000 8.040201
1530 0.000025 0.005377 100.000000 7.874016
1530 0.000028 0.003721 200.000000 9.090909
1530 0.000035 0.002619 300.000000 8.108109
1530 0.000025 0.001854 400.000000 8.620689
1530 0.000016 0.002158 500.000000 8.403361
1530 0.000010 0.001421 600.000000 8.784773
1530 0.000010 0.001649 700.000000 7.874016
1530 0.000005 0.000526 800.000000 8.088979
1540 0.000026 0.005336 100.000000 8.403361
1540 0.000025 0.003594 200.000000 9.433962
1540 0.000028 0.002584 300.000000 8.310249
1540 0.000022 0.001866 400.000000 8.771930
1540 0.000016 0.001988 500.000000 8.517887
1540 0.000011 0.001362 600.000000 8.888889
1540 0.000009 0.001603 700.000000 7.927520
1540 0.000007 0.000490 800.000000 8.154943
1550 0.000024 0.005246 100.000000 9.009009
1550 0.000017 0.003600 200.000000 9.756098
1550 0.000029 0.002498 300.000000 8.498584
1550 0.000022 0.001864 400.000000 8.908686
1550 0.000019 0.001968 500.000000 8.620689
1550 0.000009 0.001298 600.000000 8.995502
1550 0.000011 0.001621 700.000000 7.990868
1550 0.000006 0.000456 800.000000 8.221993
1560 0.000024 0.005769 100.000000 9.615385
1560 0.000028 0.004169 200.000000 10.050251
1560 0.000028 0.002756 300.000000 8.670520
1560 0.000022 0.002209 400.000000 9.049774
1560 0.000016 0.002236 500.000000 8.726004
1560 0.000007 0.001738 600.000000 9.090909
1560 0.000012 0.001888 700.000000 8.036739
1560 0.000006 0.000519 800.000000 8.281573
1570 0.000040 0.005888 100.000000 10.000000
1570 0.000020 0.004727 200.000000 10.256411
1570 0.000027 0.002782 300.000000 8.797654
1570 0.000020 0.002040 400.000000 9.132421
1570 0.000015 0.002055 500.000000 8.787346
1570 0.000008 0.001726 600.000000 9.160305
1570 0.000009 0.001856 700.000000 8.064516
1570 0.000007 0.000451 800.000000 8.316009
1580 0.000023 0.006321 100.000000 10.416667
1580 0.000026 0.005170 200.000000 10.256411
1580 0.000034 0.002690 300.000000 8.875740
1580 0.000029 0.002021 400.000000 9.195402
1580 0.000015 0.002134 500.000000 8.833922
1580 0.000009 0.001856 600.000000 9.202454
1580 0.000006 0.001838 700.000000 8.083141
1580 0.000005 0.000454 800.000000 8.350731
1590 0.000022 0.005968 100.000000 10.638298
1590 0.000021 0.005097 200.000000 10.050251
1590 0.000029 0.002652 300.000000 8.928572
1590 0.000029 0.002270 400.000000 9.237875
1590 0.000012 0.002267 500.000000 8.880995
1590 0.000008 0.002150 600.000000 9.230769
1590 0.000005 0.001814 700.000000 8.101851
1590 0.000005 0.000479 800.000000 8.368201
1600 0.000014 0.005214 100.000000 10.752688
1600 0.000044 0.004269 200.000000 9.433962
1600 0.000033 0.002014 300.000000 8.928572
1600 0.000031 0.001918 400.000000 9.259259
1600 0.000013 0.001811 500.000000 8.896797
1600 0.000009 0.001944 600.000000 9.244992
1600 0.000003 0.001583 700.000000 8.111239
1600 0.000006 0.000486 800.000000 8.376964
1610 0.000020 0.005563 100.000000 10.752688
1610 0.000042 0.002953 200.000000 8.510638
1610 0.000031 0.001925 300.000000 8.955224
1610 0.000031 0.002009 400.000000 9.259259
1610 0.000012 0.001765 500.000000 8.912656
1610 0.000008 0.002033 600.000000 9.244992
1610 0.000004 0.001467 700.000000 8.120649
1610 0.000005 0.000419 800.000000 8.376964
1620 0.000030 0.004633 100.000000 10.869565
1620 0.000040 0.002762 200.000000 8.196721
1620 0.000029 0.001624 300.000000 8.955224
1620 0.000029 0.001679 400.000000 9.259259
1620 0.000014 0.001367 500.000000 8.944544
1620 0.000010 0.001796 600.000000 9.244992
1620 0.000005 0.001183 700.000000 8.120649
1620 0.000007 0.000416 800.000000 8.368201
1630 0.000051 0.004499 100.000000 10.869565
1630 0.000055 0.002400 200.000000 8.130081
1630 0.000034 0.001959 300.000000 8.928572
1630 0.000035 0.002742 400.000000 9.195402
1630 0.000013 0.002140 500.000000 8.960573
1630 0.000010 0.002315 600.000000 9.216590
1630 0.000004 0.001275 700.000000 8.120649
1630 0.000004 0.000527 800.000000 8.368201
1640 0.000051 0.004618 100.000000 10.869565
1640 0.000056 0.002427 200.000000 8.163265
1640 0.000037 0.001421 300.000000 8.928572
1640 0.000031 0.002518 400.000000 8.908686
1640 0.000015 0.002058 500.000000 8.960573
1640 0.000014 0.002507 600.000000 9.174312
1640 0.000004 0.001336 700.000000 8.120649
1640 0.000006 0.000771 800.000000 8.376964
1650 0.000055 0.003149 100.000000 10.752688
1650 0.000059 0.001482 200.000000 8.196721
1650 0.000039 0.001991 300.000000 8.875740
1650 0.000023 0.003014 400.000000 8.583691
1650 0.000013 0.002318 500.000000 8.976661
1650 0.000015 0.002661 600.000000 8.941877
1650 0.000004 0.001309 700.000000 8.111239
1650 0.000006 0.000817 800.000000 8.376964
1660 0.000045 0.003164 100.000000 10.526316
1660 0.000057 0.001344 200.000000 8.196721
1660 0.000037 0.001463 300.000000 8.849558
1660 0.000027 0.002471 400.000000 8.510638
1660 0.000013 0.002207 500.000000 8.976661
1660 0.000013 0.002520 600.000000 7.822686
1660 0.000005 0.001311 700.000000 8.111239
1660 0.000006 0.000931 800.000000 8.368201
1670 0.000040 0.004227 100.000000 10.204082
1670 0.000052 0.001396 200.000000 8.230453
1670 0.000037 0.001379 300.000000 8.823529
1670 0.000025 0.001858 400.000000 8.492569
1670 0.000014 0.002079 500.000000 8.976661
1670 0.000009 0.002436 600.000000 7.792208
1670 0.000007 0.001235 700.000000 8.111239
1670 0.000008 0.000980 800.000000 8.350731
1680 0.000028 0.005222 100.000000 9.708738
1680 0.000053 0.001403 200.000000 8.230453
1680 0.000040 0.001173 300.000000 8.823529
1680 0.000020 0.001914 400.000000 8.492569
1680 0.000014 0.002600 500.000000 8.976661
1680 0.000008 0.002554 600.000000 7.782101
1680 0.000008 0.001370 700.000000 8.111239
1680 0.000007 0.001197 800.000000 8.342023
1690 0.000042 0.004393 100.000000 8.620689
1690 0.000045 0.001305 200.000000 8.196721
1690 0.000043 0.002104 300.000000 8.823529
1690 0.000019 0.002308 400.000000 8.510638
1690 0.000014 0.002781 500.000000 8.976661
1690 0.000007 0.002418 600.000000 7.782101
1690 0.000007 0.001324 700.000000 8.111239
1690 0.000004 0.001166 800.000000 8.333333
1700 0.000059 0.003199 100.000000 7.042253
1700 0.000044 0.001260 200.000000 8.196721
1700 0.000041 0.001665 300.000000 8.797654
1700 0.000022 0.001826 400.000000 8.510638
1700 0.000016 0.002645 500.000000 8.960573
1700 0.000009 0.002243 600.000000 7.782101
1700 0.000011 0.001394 700.000000 8.101851
1700 0.000007 0.001463 800.000000 8.333333
1710 0.000082 0.004176 100.000000 6.493506
1710 0.000046 0.001602 200.000000 8.163265
1710 0.000042 0.001473 300.000000 8.771930
1710 0.000024 0.001786 400.000000 8.528785
1710 0.000018 0.002759 500.000000 8.944544
1710 0.000012 0.002281 600.000000 7.782101
1710 0.000011 0.001699 700.000000 8.092485
1710 0.000010 0.001765 800.000000 8.333333
1720 0.000081 0.002167 100.000000 6.410256
1720 0.000038 0.001314 200.000000 8.130081
1720 0.000040 0.001871 300.000000 8.695652
1720 0.000020 0.002106 400.000000 8.547009
1720 0.000013 0.002799 500.000000 8.928572
1720 0.000008 0.001947 600.000000 7.772021
1720 0.000009 0.001437 700.000000 8.083141
1720 0.000007 0.001474 800.000000 8.333333
1730 0.000081 0.002382 100.000000 6.451613
1730 0.000040 0.001133 200.000000 8.130081
1730 0.000034 0.001747 300.000000 8.379889
1730 0.000022 0.002204 400.000000 8.547009
1730 0.000016 0.003065 500.000000 8.865249
1730 0.000010 0.002037 600.000000 7.772021
1730 0.000012 0.001688 700.000000 8.092485
1730 0.000009 0.001850 800.000000 8.324662
1740 0.000096 0.001739 100.000000 6.535948
1740 0.000046 0.000965 200.000000 8.130081
1740 0.000035 0.002370 300.000000 8.021390
1740 0.000022 0.002804 400.000000 8.583691
1740 0.000019 0.003634 500.000000 8.695652
1740 0.000009 0.002302 600.000000 7.782101
1740 0.000012 0.001818 700.000000 8.101851
1740 0.000008 0.001917 800.000000 8.316009
1750 0.000091 0.002694 100.000000 6.622517
1750 0.000048 0.001649 200.000000 8.130081
1750 0.000034 0.001986 300.000000 7.978724
1750 0.000028 0.002373 400.000000 8.620689
1750 0.000017 0.003131 500.000000 7.440476
1750 0.000013 0.002216 600.000000 7.792208
1750 0.000014 0.002043 700.000000 8.111239
1750 0.000009 0.002372 800.000000 8.324662
1760 0.000088 0.001182 100.000000 6.711410
1760 0.000055 0.000999 200.000000 8.163265
1760 0.000037 0.002022 300.000000 7.978724
1760 0.000023 0.002747 400.000000 8.658009
1760 0.000016 0.003342 500.000000 7.418397
1760 0.000012 0.002204 600.000000 7.802341
1760 0.000013 0.001989 700.000000 8.120649
1760 0.000009 0.002375 800.000000 8.342023
1770 0.000100 0.001361 100.000000 6.849315
1770 0.000064 0.000513 200.000000 8.230453
1770 0.000033 0.002319 300.000000 8.042895
1770 0.000025 0.003607 400.000000 8.695652
1770 0.000015 0.003850 500.000000 7.429420
1770 0.000013 0.002689 600.000000 7.832898
1770 0.000013 0.002494 700.000000 8.130081
1770 0.000010 0.002942 800.000000 8.368201
1780 0.000095 0.002075 100.000000 7.042253
1780 0.000062 0.001354 200.000000 8.368201
1780 0.000032 0.002848 300.000000 8.108109
1780 0.000023 0.004118 400.000000 8.771930
1780 0.000014 0.004016 500.000000 7.462687
1780 0.000014 0.002746 600.000000 7.874016
1780 0.000013 0.002503 700.000000 8.158508
1780 0.000010 0.002890 800.000000 8.403361
1790 0.000106 0.003347 100.000000 7.246377
1790 0.000068 0.003083 200.000000 8.547009
1790 0.000035 0.004244 300.000000 8.219178
1790 0.000024 0.005203 400.000000 8.869180
1790 0.000015 0.004787 500.000000 7.518797
1790 0.000013 0.003277 600.000000 7.926024
1790 0.000012 0.002758 700.000000 8.196721
1790 0.000010 0.002842 800.000000 8.447730
1800 0.000102 0.001849 100.000000 7.575758
1800 0.000070 0.002612 200.000000 8.733624
1800 0.000037 0.003642 300.000000 8.356546
1800 0.000025 0.004684 400.000000 8.968610
1800 0.000014 0.004348 500.000000 7.587254
1800 0.000015 0.003052 600.000000 7.978724
1800 0.000011 0.002620 700.000000 8.244994
1800 0.000010 0.002704 800.000000 8.501594
1810 0.000131 0.004262 100.000000 7.936508
1810 0.000090 0.005499 200.000000 9.009009
1810 0.000050 0.004649 300.000000 8.522727
1810 0.000033 0.005049 400.000000 9.111617
1810 0.000019 0.005000 500.000000 7.656968
1810 0.000019 0.003829 600.000000 8.053691
1810 0.000015 0.003334 700.000000 8.313540
1810 0.000013 0.003345 800.000000 8.565310
1820 0.000075 0.001268 100.000000 8.474576
1820 0.000053 0.001608 200.000000 9.302325
1820 0.000025 0.002630 300.000000 8.720930
1820 0.000021 0.003767 400.000000 9.259259
1820 0.000015 0.003298 500.000000 7.751938
1820 0.000015 0.002388 600.000000 8.130081
1820 0.000009 0.002632 700.000000 8.383233
1820 0.000012 0.003097 800.000000 8.629990
1830 0.000056 0.003915 100.000000 9.009009
1830 0.000044 0.003195 200.000000 9.615385
1830 0.000035 0.002569 300.000000 8.902077
1830 0.000027 0.003281 400.000000 9.411765
1830 0.000021 0.002840 500.000000 7.836991
1830 0.000022 0.002325 600.000000 8.207934
1830 0.000017 0.003080 700.000000 8.464329
1830 0.000014 0.003892 800.000000 8.695652
1840 0.000046 0.003995 100.000000 9.615385
1840 0.000044 0.003161 200.000000 9.950249
1840 0.000033 0.002588 300.000000 9.118541
1840 0.000024 0.003069 400.000000 9.569378
1840 0.000020 0.002372 500.000000 7.923930
1840 0.000020 0.001620 600.000000 8.287292
1840 0.000014 0.002332 700.000000 8.536586
1840 0.000013 0.003106 800.000000 8.771930
1850 0.000046 0.005853 100.000000 10.204082
1850 0.000047 0.004910 200.000000 10.309278
1850 0.000036 0.003820 300.000000 9.287926
1850 0.000026 0.003663 400.000000 9.708738
1850 0.000022 0.002536 500.000000 8.012820
1850 0.000021 0.001191 600.000000 8.356546
1850 0.000016 0.001751 700.000000 8.610086
1850 0.000014 0.002648 800.000000 8.830022
1860 0.000044 0.004855 100.000000 10.752688
1860 0.000043 0.004376 200.000000 10.526316
1860 0.000032 0.003788 300.000000 9.433962
1860 0.000022 0.003801 400.000000 9.828010
1860 0.000020 0.002508 500.000000 8.064516
1860 0.000020 0.000989 600.000000 8.403361
1860 0.000017 0.001416 700.000000 8.663366
1860 0.000014 0.002343 800.000000 8.879024
1870 0.000029 0.004951 100.000000 10.869565
1870 0.000034 0.004606 200.000000 10.582010
1870 0.000032 0.004097 300.000000 9.523809
1870 0.000021 0.004039 400.000000 9.852217
1870 0.000020 0.002353 500.000000 8.090615
1870 0.000020 0.001118 600.000000 8.426967
1870 0.000018 0.001834 700.000000 8.684863
1880 0.000022 0.004715 100.000000 10.869565
1880 0.000025 0.004934 200.000000 10.152285
1880 0.000030 0.004527 300.000000 9.554140
1880 0.000015 0.004773 400.000000 9.803922
1880 0.000022 0.002571 500.000000 8.090615
1880 0.000019 0.001331 600.000000 8.426967
1880 0.000017 0.001905 700.000000 8.674102
1890 0.000025 0.005615 100.000000 10.638298
1890 0.000033 0.005060 200.000000 9.049774
1890 0.000037 0.004422 300.000000 9.523809
1890 0.000015 0.004856 400.000000 9.546539
1890 0.000023 0.002270 500.000000 8.077544
1890 0.000020 0.001753 600.000000 8.426967
1890 0.000019 0.002647 700.000000 8.641975
1900 0.000018 0.005538 100.000000 10.416667
1900 0.000040 0.005100 200.000000 8.810573
1900 0.000032 0.004794 300.000000 9.523809
1900 0.000028 0.004933 400.000000 7.648183
1900 0.000027 0.002307 500.000000 8.051530
1900 0.000022 0.001928 600.000000 8.415147
1900 0.000017 0.002750 700.000000 8.631319
1910 0.000026 0.004895 100.000000 10.204082
1910 0.000049 0.005254 200.000000 8.733624
1910 0.000032 0.005407 300.000000 9.523809
1910 0.000031 0.005164 400.000000 7.575758
1910 0.000026 0.002386 500.000000 8.038586
1910 0.000021 0.001913 600.000000 8.391608
1910 0.000017 0.002751 700.000000 8.620689
1920 0.000061 0.004996 100.000000 10.204082
1920 0.000046 0.005253 200.000000 8.733624
1920 0.000035 0.005565 300.000000 9.523809
1920 0.000028 0.004724 400.000000 7.561437
1920 0.000026 0.001993 500.000000 8.051530
1920 0.000022 0.001663 600.000000 8.368201
1920 0.000018 0.002810 700.000000 8.620689
1930 0.000047 0.005470 100.000000 10.204082
1930 0.000044 0.005281 200.000000 8.771930
1930 0.000032 0.005619 300.000000 9.523809
1930 0.000029 0.004316 400.000000 7.561437
1930 0.000027 0.002220 500.000000 8.051530
1930 0.000022 0.002701 600.000000 8.356546
1930 0.000019 0.003820 700.000000 8.631319
1940 0.000051 0.004193 100.000000 10.204082
1940 0.000038 0.004323 200.000000 8.810573
1940 0.000026 0.004776 300.000000 9.523809
1940 0.000025 0.003501 400.000000 7.575758
1940 0.000024 0.002004 500.000000 8.051530
1940 0.000020 0.002712 600.000000 8.368201
1940 0.000015 0.003674 700.000000 8.641975
1950 0.000043 0.004887 100.000000 10.204082
1950 0.000040 0.004760 200.000000 8.849558
1950 0.000025 0.004997 300.000000 9.523809
1950 0.000027 0.003476 400.000000 7.575758
1950 0.000023 0.002650 500.000000 8.038586
1950 0.000021 0.003386 600.000000 8.368201
1950 0.000016 0.004413 700.000000 8.652658
1960 0.000044 0.005122 100.000000 10.101010
1960 0.000041 0.004907 200.000000 8.888889
1960 0.000026 0.005051 300.000000 9.493670
1960 0.000025 0.003351 400.000000 7.575758
1960 0.000023 0.002776 500.000000 8.038586
1960 0.000020 0.003444 600.000000 8.379889
1970 0.000032 0.005843 100.000000 9.433962
1970 0.000042 0.005017 200.000000 8.968610
1970 0.000020 0.005535 300.000000 9.463722
1970 0.000030 0.003473 400.000000 7.590133
1970 0.000025 0.003256 500.000000 8.051530
1970 0.000021 0.004022 600.000000 8.379889
1980 0.000040 0.004193 100.000000 8.000000
1980 0.000044 0.004861 200.000000 9.009009
1980 0.000021 0.005573 300.000000 9.287926
1980 0.000029 0.003513 400.000000 7.590133
1980 0.000026 0.003924 500.000000 8.064516
1980 0.000021 0.004727 600.000000 8.368201
1990 0.000074 0.004445 100.000000 7.633588
1990 0.000043 0.005019 200.000000 9.049774
1990 0.000029 0.005634 300.000000 7.109005
1990 0.000030 0.003165 400.000000 7.604563
1990 0.000026 0.003611 500.000000 8.077544
1990 0.000023 0.004455 600.000000 8.368201
2000 0.000084 0.005202 100.000000 7.518797
2000 0.000047 0.005527 200.000000 9.132421
2000 0.000049 0.005521 300.000000 6.976744
2000 0.000034 0.003020 400.000000 7.604563
2000 0.000026 0.003744 500.000000 8.077544
2000 0.000022 0.004819 600.000000 8.379889
2010 0.000081 0.007136 100.000000 7.575758
2010 0.000050 0.007599 200.000000 9.132421
2010 0.000047 0.006473 300.000000 6.944445
2010 0.000036 0.004021 400.000000 7.619048
2010 0.000029 0.004449 500.000000 8.064516
2010 0.000024 0.005515 600.000000 8.391608
2020 0.000061 0.007165 100.000000 7.575758
2020 0.000046 0.008277 200.000000 9.174312
2020 0.000043 0.006705 300.000000 6.944445
2020 0.000036 0.004886 400.000000 7.633588
2020 0.000025 0.005446 500.000000 8.051530
2020 0.000023 0.006429 600.000000 8.403361
2030 0.000070 0.006856 100.000000 7.633588
2030 0.000047 0.007952 200.000000 9.132421
2030 0.000043 0.006510 300.000000 6.944445
2030 0.000036 0.005519 400.000000 7.633588
2030 0.000028 0.006528 500.000000 8.051530
2030 0.000025 0.007602 600.000000 8.403361
2040 0.000099 0.006761 100.000000 7.692307
2040 0.000051 0.007506 200.000000 9.132421
2040 0.000045 0.006119 300.000000 6.944445
2040 0.000036 0.005876 400.000000 7.619048
2040 0.000030 0.007007 500.000000 8.051530
2040 0.000025 0.008111 600.000000 8.415147
2050 0.000084 0.007149 100.000000 7.751938
2050 0.000046 0.007602 200.000000 9.132421
2050 0.000046 0.006094 300.000000 6.960557
2050 0.000033 0.006225 400.000000 7.619048
2050 0.000029 0.007045 500.000000 8.064516
2060 0.000097 0.007088 100.000000 7.936508
2060 0.000053 0.008096 200.000000 9.174312
2060 0.000049 0.006627 300.000000 6.993007
2060 0.000034 0.007067 400.000000 7.648183
2060 0.000031 0.007888 500.000000 8.090615
2070 0.000092 0.006929 100.000000 8.196721
2070 0.000047 0.007792 200.000000 9.302325
2070 0.000051 0.006675 300.000000 7.058824
2070 0.000039 0.007541 400.000000 7.707129
2070 0.000033 0.008468 500.000000 8.143323
2080 0.000099 0.006167 100.000000 8.620689
2080 0.000036 0.007177 200.000000 9.478673
2080 0.000047 0.005553 300.000000 7.142857
2080 0.000035 0.006429 400.000000 7.797271
2080 0.000029 0.007402 500.000000 8.210180
2090 0.000089 0.006585 100.000000 9.259259
2090 0.000030 0.007438 200.000000 9.756098
2090 0.000042 0.005022 300.000000 7.263923
2090 0.000033 0.005591 400.000000 7.905138
2090 0.000025 0.006369 500.000000 8.305648
2100 0.000066 0.007862 100.000000 9.900990
2100 0.000020 0.008461 200.000000 9.950249
2100 0.000041 0.005463 300.000000 7.389163
2100 0.000028 0.005538 400.000000 8.016032
2100 0.000023 0.005987 500.000000 8.389262
2110 0.000063 0.008214 100.000000 10.526316
2110 0.000022 0.008936 200.000000 9.950249
2110 0.000037 0.005939 300.000000 7.500000
2110 0.000022 0.006138 400.000000 8.113590
2110 0.000023 0.006453 500.000000 8.474576
2120 0.000033 0.009081 100.000000 10.989011
2120 0.000048 0.009279 200.000000 6.849315
2120 0.000033 0.006644 300.000000 7.575758
2120 0.000023 0.006901 400.000000 8.179959
2120 0.000021 0.006886 500.000000 8.517887
2130 0.000056 0.009716 100.000000 11.235955
2130 0.000077 0.008899 200.000000 6.688963
2130 0.000040 0.007299 300.000000 7.594937
2130 0.000026 0.007974 400.000000 8.213552
2130 0.000024 0.008312 500.000000 8.547009
2140 0.000053 0.010283 100.000000 11.363636
2140 0.000059 0.008432 200.000000 6.644518
2140 0.000038 0.007350 300.000000 7.614213
2140 0.000025 0.007966 400.000000 8.196721
2140 0.000022 0.008338 500.000000 8.561644
2150 0.000046 0.009752 100.000000 11.363636
2150 0.000042 0.006939 200.000000 6.622517
2150 0.000032 0.006088 300.000000 7.614213
2150 0.000019 0.006789 400.000000 8.146640
2150 0.000019 0.007332 500.000000 8.561644
2160 0.000026 0.008725 100.000000 11.235955
2160 0.000034 0.006201 200.000000 6.622517
2160 0.000026 0.005250 300.000000 7.594937
2160 0.000020 0.005897 400.000000 8.130081
2160 0.000017 0.006355 500.000000 8.561644
2170 0.000030 0.007624 100.000000 11.111111
2170 0.000033 0.005780 200.000000 6.600660
2170 0.000026 0.005769 300.000000 7.575758
2170 0.000019 0.006247 400.000000 8.130081
2170 0.000015 0.006795 500.000000 8.547009
2180 0.000030 0.007686 100.000000 10.869565
2180 0.000034 0.005997 200.000000 6.578948
2180 0.000021 0.006213 300.000000 7.537688
2180 0.000018 0.006474 400.000000 8.130081
2190 0.000032 0.008340 100.000000 10.526316
2190 0.000038 0.005973 200.000000 6.557377
2190 0.000024 0.006349 300.000000 7.518797
2190 0.000020 0.006547 400.000000 8.097166
2200 0.000045 0.008892 100.000000 9.900990
2200 0.000039 0.006337 200.000000 6.535948
2200 0.000019 0.007007 300.000000 7.518797
2200 0.000016 0.007007 400.000000 8.064516
2210 0.000085 0.008190 100.000000 4.901961
2210 0.000039 0.005890 200.000000 6.514658
2210 0.000021 0.006827 300.000000 7.518797
2210 0.000019 0.006644 400.000000 8.032128
2220 0.000100 0.006747 100.000000 4.694836
2220 0.000038 0.005769 200.000000 6.493506
2220 0.000018 0.006816 300.000000 7.481297
2220 0.000014 0.006735 400.000000 8.032128
2230 0.000059 0.005101 100.000000 4.651163
2230 0.000029 0.006160 200.000000 6.493506
2230 0.000019 0.006885 300.000000 7.444169
2230 0.000016 0.006870 400.000000 8.032128
2240 0.000057 0.004488 100.000000 4.651163
2240 0.000032 0.006183 200.000000 6.514658
2240 0.000023 0.006908 300.000000 7.425743
2240 0.000016 0.007116 400.000000 8.048289
2250 0.000051 0.005055 100.000000 4.651163
2250 0.000027 0.006160 200.000000 6.514658
2250 0.000017 0.006586 300.000000 7.425743
2250 0.000014 0.006727 400.000000 8.064516
2260 0.000052 0.005466 100.000000 4.672897
2260 0.000022 0.006273 200.000000 6.514658
2260 0.000018 0.006207 300.000000 7.444169
2260 0.000009 0.006350 400.000000 8.064516
2270 0.000050 0.006074 100.000000 4.672897
2270 0.000023 0.006915 200.000000 6.493506
2270 0.000019 0.006596 300.000000 7.462687
2280 0.000053 0.006627 100.000000 4.716981
2280 0.000024 0.007056 200.000000 6.535948
2280 0.000021 0.006633 300.000000 7.481297
2290 0.000081 0.007545 100.000000 4.761905
2290 0.000044 0.008092 200.000000 6.578948
2290 0.000028 0.007551 300.000000 7.518797
2300 0.000091 0.008910 100.000000 4.854369
2300 0.000038 0.009046 200.000000 6.688963
2300 0.000027 0.008323 300.000000 7.575758
2310 0.000085 0.009348 100.000000 5.000000
2310 0.000031 0.009274 200.000000 6.825939
2310 0.000032 0.008407 300.000000 7.692307
2320 0.000110 0.009393 100.000000 5.181347
2320 0.000040 0.009436 200.000000 7.017544
2320 0.000033 0.008645 300.000000 7.832898
2330 0.000105 0.010031 100.000000 5.434783
2330 0.000040 0.010045 200.000000 7.246377
2330 0.000031 0.009078 300.000000 8.021390
2340 0.000104 0.009794 100.000000 5.747127
2340 0.000040 0.009823 200.000000 7.518797
2340 0.000031 0.008885 300.000000 8.241758
2350 0.000106 0.009796 100.000000 6.097561
2350 0.000041 0.009969 200.000000 7.812500
2350 0.000032 0.009080 300.000000 8.474576
2360 0.000106 0.009315 100.000000 6.493506
2360 0.000041 0.009603 200.000000 8.130081
2360 0.000032 0.008769 300.000000 8.720930
2370 0.000103 0.008610 100.000000 6.944445
2370 0.000040 0.008943 200.000000 8.474576
2370 0.000031 0.008139 300.000000 8.982036
2380 0.000100 0.008028 100.000000 7.462687
2380 0.000039 0.008433 200.000000 8.849558
2380 0.000030 0.007672 300.000000 9.259259
2390 0.000101 0.008253 100.000000 8.064516
2390 0.000039 0.008648 200.000000 9.259259
2390 0.000030 0.007850 300.000000 9.554140
2400 0.000089 0.007389 100.000000 8.771930
2400 0.000035 0.007602 200.000000 9.708738
2400 0.000027 0.006713 300.000000 9.868421
2410 0.000069 0.005887 100.000000 9.433962
2410 0.000037 0.005976 200.000000 10.101010
2410 0.000030 0.005226 300.000000 10.101010
2420 0.000062 0.005776 100.000000 10.000000
2420 0.000037 0.005454 200.000000 10.362695
2420 0.000018 0.004616 300.000000 10.309278
2430 0.000053 0.006919 100.000000 10.416667
2430 0.000034 0.006457 200.000000 10.582010
2430 0.000019 0.005441 300.000000 10.452962
2440 0.000035 0.007131 100.000000 10.638298
2440 0.000028 0.006380 200.000000 10.582010
2440 0.000008 0.005178 300.000000 10.526316
2450 0.000017 0.007971 100.000000 10.638298
2450 0.000015 0.007154 200.000000 10.526316
2450 0.000002 0.006152 300.000000 10.563380
2460 0.000031 0.006929 100.000000 10.638298
2460 0.000015 0.006403 200.000000 10.471204
2460 0.000010 0.005809 300.000000 10.600707
2470 0.000024 0.007541 100.000000 10.638298
2470 0.000004 0.006497 200.000000 10.526316
2470 0.000005 0.006103 300.000000 10.600707
2480 0.000014 0.006996 100.000000 10.526316
2480 0.000006 0.005550 200.000000 10.526316
2490 0.000021 0.005938 100.000000 10.526316
2490 0.000005 0.005191 200.000000 10.526316
2500 0.000030 0.006519 100.000000 10.526316
2500 0.000009 0.005217 200.000000 10.471204
2510 0.000037 0.006959 100.000000 10.638298
2510 0.000007 0.005164 200.000000 10.416667
2520 0.000036 0.007688 100.000000 10.638298
2520 0.000004 0.005678 200.000000 10.416667
2530 0.000024 0.007610 100.000000 10.526316
2530 0.000006 0.005823 200.000000 10.416667
2540 0.000011 0.007453 100.000000 10.204082
2540 0.000009 0.006243 200.000000 10.416667
2550 0.000018 0.007605 100.000000 10.101010
2550 0.000010 0.006483 200.000000 10.471204
2560 0.000026 0.006998 100.000000 10.204082
2560 0.000014 0.006585 200.000000 10.526316
2570 0.000026 0.005461 100.000000 10.309278
2570 0.000008 0.005815 200.000000 10.582010
2580 0.000028 0.006755 100.000000 10.416667
2590 0.000021 0.006040 100.000000 10.309278
2600 0.000027 0.004887 100.000000 10.101010
2610 0.000041 0.006221 100.000000 10.000000
2620 0.000023 0.005574 100.000000 10.101010
2630 0.000025 0.005437 100.000000 10.309278
2640 0.000028 0.006124 100.000000 10.526316
2650 0.000026 0.005875 100.000000 10.638298
2660 0.000036 0.006467 100.000000 10.638298
