0 0.000160 0.010681 100.000000 11.627907
0 0.000088 0.010445 200.000000 12.048193
0 0.000051 0.011071 300.000000 10.273973
0 0.000034 0.007844 400.000000 10.282776
0 0.000031 0.004343 500.000000 10.330579
0 0.000025 0.002093 600.000000 10.771993
0 0.000021 0.000920 700.000000 11.128776
0 0.000016 0.001435 800.000000 10.796222
10 0.000017 0.006559 100.000000 11.627907
10 0.000018 0.006320 200.000000 12.048193
10 0.000036 0.004165 300.000000 9.771987
10 0.000017 0.001875 400.000000 10.335917
10 0.000015 0.001787 500.000000 10.309278
10 0.000012 0.002080 600.000000 10.791367
10 0.000011 0.002315 700.000000 11.146497
10 0.000003 0.001270 800.000000 10.796222
20 0.000011 0.006224 100.000000 11.764706
20 0.000024 0.005602 200.000000 11.904762
20 0.000024 0.004049 300.000000 9.615385
20 0.000019 0.002308 400.000000 10.362695
20 0.000016 0.002156 500.000000 10.330579
20 0.000013 0.002144 600.000000 10.830325
20 0.000011 0.002208 700.000000 11.164274
20 0.000002 0.001051 800.000000 10.810811
30 0.000028 0.005526 100.000000 11.764706
30 0.000027 0.004955 200.000000 11.494253
30 0.000019 0.003531 300.000000 9.615385
30 0.000016 0.002252 400.000000 10.416667
30 0.000014 0.002330 500.000000 10.373444
30 0.000011 0.002199 600.000000 10.849910
30 0.000010 0.002161 700.000000 11.164274
30 0.000002 0.000887 800.000000 10.825439
40 0.000030 0.005423 100.000000 11.904762
40 0.000029 0.004873 200.000000 11.049724
40 0.000022 0.003153 300.000000 9.615385
40 0.000017 0.002273 400.000000 10.443864
40 0.000015 0.002394 500.000000 10.416667
40 0.000011 0.002284 600.000000 10.889292
40 0.000012 0.002261 700.000000 11.164274
40 0.000003 0.000866 800.000000 10.854816
50 0.000022 0.005584 100.000000 11.904762
50 0.000030 0.004911 200.000000 10.752688
50 0.000025 0.002921 300.000000 9.646302
50 0.000019 0.002309 400.000000 10.416667
50 0.000016 0.002509 500.000000 10.438414
50 0.000012 0.002490 600.000000 10.909091
50 0.000015 0.002511 700.000000 11.093502
50 0.000005 0.000943 800.000000 10.884354
60 0.000023 0.005690 100.000000 12.048193
60 0.000030 0.005072 200.000000 10.526316
60 0.000028 0.002558 300.000000 9.708738
60 0.000019 0.002302 400.000000 10.282776
60 0.000016 0.002656 500.000000 10.482181
60 0.000012 0.002785 600.000000 10.948905
60 0.000023 0.002154 700.000000 10.869565
60 0.000005 0.000981 800.000000 10.914052
70 0.000034 0.005746 100.000000 12.048193
70 0.000030 0.004882 200.000000 10.309278
70 0.000030 0.002598 300.000000 9.740260
70 0.000018 0.002548 400.000000 10.126582
70 0.000016 0.002809 500.000000 10.526316
70 0.000014 0.002952 600.000000 10.968922
70 0.000010 0.002111 700.000000 10.719755
70 0.000006 0.001017 800.000000 10.943913
80 0.000029 0.005979 100.000000 12.195122
80 0.000019 0.004627 200.000000 9.900990
80 0.000029 0.002732 300.000000 9.803922
80 0.000019 0.002879 400.000000 10.025063
80 0.000017 0.003078 500.000000 10.570825
80 0.000015 0.003238 600.000000 11.009174
80 0.000006 0.002285 700.000000 10.654490
80 0.000004 0.001131 800.000000 10.973937
90 0.000034 0.006178 100.000000 12.195122
90 0.000058 0.003767 200.000000 9.174312
90 0.000025 0.002743 300.000000 9.868421
90 0.000018 0.003261 400.000000 10.000000
90 0.000016 0.003400 500.000000 10.593221
90 0.000013 0.003509 600.000000 11.029411
90 0.000004 0.002297 700.000000 10.654490
90 0.000002 0.001147 800.000000 11.004127
100 0.000039 0.005489 100.000000 12.048193
100 0.000039 0.003638 200.000000 8.810573
100 0.000026 0.003035 300.000000 9.933775
100 0.000017 0.003546 400.000000 10.000000
100 0.000014 0.003622 500.000000 10.615711
100 0.000014 0.003636 600.000000 11.049724
100 0.000003 0.002193 700.000000 10.654490
100 0.000001 0.001101 800.000000 11.019283
110 0.000042 0.005594 100.000000 11.363636
110 0.000038 0.003612 200.000000 8.733624
110 0.000027 0.003283 300.000000 9.966778
110 0.000020 0.003901 400.000000 10.025063
110 0.000015 0.003877 500.000000 10.638298
110 0.000014 0.003908 600.000000 11.049724
110 0.000002 0.002230 700.000000 10.670732
110 0.000001 0.001112 800.000000 11.034483
120 0.000038 0.006698 100.000000 10.416667
120 0.000042 0.003358 200.000000 8.733624
120 0.000029 0.003603 300.000000 10.000000
120 0.000024 0.004345 400.000000 10.050251
120 0.000017 0.004474 500.000000 10.660981
120 0.000018 0.004601 600.000000 11.029411
120 0.000004 0.002603 700.000000 10.703364
120 0.000002 0.001288 800.000000 11.049724
130 0.000031 0.006235 100.000000 9.803922
130 0.000045 0.003157 200.000000 8.771930
130 0.000029 0.004058 300.000000 9.966778
130 0.000023 0.004719 400.000000 10.075566
130 0.000018 0.004801 500.000000 10.683761
130 0.000019 0.004918 600.000000 10.968922
130 0.000005 0.002542 700.000000 10.719755
130 0.000002 0.001198 800.000000 11.049724
140 0.000044 0.005894 100.000000 9.345795
140 0.000043 0.003747 200.000000 8.771930
140 0.000028 0.004433 300.000000 9.803922
140 0.000022 0.004838 400.000000 10.126582
140 0.000017 0.004891 500.000000 10.706638
140 0.000027 0.004332 600.000000 10.733453
140 0.000003 0.002415 700.000000 10.752688
140 0.000002 0.001124 800.000000 11.065007
150 0.000037 0.005934 100.000000 8.928572
150 0.000052 0.004268 200.000000 8.810573
150 0.000030 0.005133 300.000000 9.584664
150 0.000025 0.005370 400.000000 10.152285
150 0.000020 0.005520 500.000000 10.729613
150 0.000015 0.004480 600.000000 10.507881
150 0.000005 0.002676 700.000000 10.769231
150 0.000003 0.001257 800.000000 11.065007
160 0.000042 0.005719 100.000000 8.264462
160 0.000051 0.005071 200.000000 8.849558
160 0.000031 0.006086 300.000000 9.404388
160 0.000025 0.006233 400.000000 10.178117
160 0.000022 0.006366 500.000000 10.752688
160 0.000009 0.004938 600.000000 10.416667
160 0.000004 0.002927 700.000000 10.802469
160 0.000004 0.001401 800.000000 11.065007
170 0.000129 0.003341 100.000000 7.299270
170 0.000051 0.005895 200.000000 8.928572
170 0.000031 0.007060 300.000000 9.375000
170 0.000026 0.007093 400.000000 10.204082
170 0.000022 0.007131 500.000000 10.775862
170 0.000010 0.005230 600.000000 10.398614
170 0.000005 0.003112 700.000000 10.819165
170 0.000004 0.001515 800.000000 11.080333
180 0.000112 0.004248 100.000000 6.896552
180 0.000052 0.006645 200.000000 9.049774
180 0.000035 0.007573 300.000000 9.404388
180 0.000025 0.007641 400.000000 10.256411
180 0.000023 0.007591 500.000000 10.822511
180 0.000007 0.005303 600.000000 10.416667
180 0.000006 0.003161 700.000000 10.852714
180 0.000005 0.001562 800.000000 11.080333
190 0.000113 0.004579 100.000000 6.896552
190 0.000055 0.007586 200.000000 9.174312
190 0.000038 0.008519 300.000000 9.493670
190 0.000027 0.008408 400.000000 10.362695
190 0.000024 0.008384 500.000000 10.893247
190 0.000009 0.005703 600.000000 10.471204
190 0.000007 0.003370 700.000000 10.920437
190 0.000005 0.001659 800.000000 11.095700
200 0.000107 0.005428 100.000000 7.092198
200 0.000058 0.008289 200.000000 9.389671
200 0.000036 0.009027 300.000000 9.646302
200 0.000027 0.008812 400.000000 10.471204
200 0.000024 0.008747 500.000000 10.989011
200 0.000008 0.005743 600.000000 10.563380
200 0.000006 0.003358 700.000000 10.989011
200 0.000006 0.001688 800.000000 11.142061
210 0.000100 0.006738 100.000000 7.299270
210 0.000058 0.009038 200.000000 9.615385
210 0.000039 0.009423 300.000000 9.803922
210 0.000029 0.009159 400.000000 10.610080
210 0.000025 0.009041 500.000000 11.086474
210 0.000007 0.005798 600.000000 10.676157
210 0.000007 0.003398 700.000000 11.075950
210 0.000005 0.001696 800.000000 11.204482
220 0.000107 0.007831 100.000000 7.575758
220 0.000055 0.009422 200.000000 9.803922
220 0.000038 0.009563 300.000000 9.966778
220 0.000028 0.009192 400.000000 10.752688
220 0.000026 0.009033 500.000000 11.160714
220 0.000007 0.005605 600.000000 10.771993
220 0.000006 0.003259 700.000000 11.164274
220 0.000005 0.001616 800.000000 11.267606
230 0.000115 0.008862 100.000000 7.812500
230 0.000058 0.010233 200.000000 10.000000
230 0.000040 0.010208 300.000000 10.135135
230 0.000029 0.009770 400.000000 10.899182
230 0.000029 0.009614 500.000000 11.210762
230 0.000008 0.005732 600.000000 10.869565
230 0.000006 0.003284 700.000000 11.235955
230 0.000004 0.001603 800.000000 11.315417
240 0.000108 0.010110 100.000000 8.064516
240 0.000057 0.010724 200.000000 10.050251
240 0.000041 0.010478 300.000000 10.273973
240 0.000030 0.010037 400.000000 11.019283
240 0.000034 0.009550 500.000000 11.135858
240 0.000006 0.005644 600.000000 10.948905
240 0.000006 0.003232 700.000000 11.308562
240 0.000006 0.001520 800.000000 11.363636
250 0.000103 0.011320 100.000000 8.333333
250 0.000054 0.010935 200.000000 10.000000
250 0.000038 0.010276 300.000000 10.416667
250 0.000030 0.009835 400.000000 11.142061
250 0.000036 0.008526 500.000000 10.964912
250 0.000007 0.005309 600.000000 11.029411
250 0.000006 0.003007 700.000000 11.363636
250 0.000006 0.001424 800.000000 11.428572
260 0.000106 0.012317 100.000000 8.620689
260 0.000055 0.011449 200.000000 9.852217
260 0.000039 0.010352 300.000000 10.563380
260 0.000030 0.009893 400.000000 11.267606
260 0.000018 0.008276 500.000000 10.845987
260 0.000006 0.005247 600.000000 11.131725
260 0.000007 0.002962 700.000000 11.437908
260 0.000006 0.001388 800.000000 11.494253
270 0.000108 0.013751 100.000000 8.928572
270 0.000055 0.012073 200.000000 9.900990
270 0.000039 0.010711 300.000000 10.752688
270 0.000031 0.010247 400.000000 11.396011
270 0.000012 0.008393 500.000000 10.869565
270 0.000008 0.005254 600.000000 11.235955
270 0.000008 0.002961 700.000000 11.513158
270 0.000006 0.001363 800.000000 11.577424
280 0.000110 0.011925 100.000000 9.433962
280 0.000052 0.010251 200.000000 10.050251
280 0.000039 0.008852 300.000000 10.989011
280 0.000030 0.008416 400.000000 11.594203
280 0.000009 0.006950 500.000000 10.964912
280 0.000008 0.004390 600.000000 11.342155
280 0.000007 0.002499 700.000000 11.608624
280 0.000005 0.001100 800.000000 11.678832
290 0.000100 0.009024 100.000000 10.101010
290 0.000049 0.007744 200.000000 10.309278
290 0.000035 0.006318 300.000000 11.235955
290 0.000025 0.005855 400.000000 11.834319
290 0.000010 0.005063 500.000000 11.086474
290 0.000010 0.003281 600.000000 11.494253
290 0.000008 0.001906 700.000000 11.725293
290 0.000006 0.000868 800.000000 11.782032
300 0.000097 0.004528 100.000000 10.869565
300 0.000049 0.004289 200.000000 10.638298
300 0.000032 0.003124 300.000000 11.538462
300 0.000022 0.002710 400.000000 12.048193
300 0.000017 0.003727 500.000000 11.235955
300 0.000015 0.002549 600.000000 11.650485
300 0.000012 0.001745 700.000000 11.864407
300 0.000011 0.001068 800.000000 11.904762
310 0.000111 0.004473 100.000000 11.764706
310 0.000059 0.006656 200.000000 10.989011
310 0.000033 0.006949 300.000000 11.857708
310 0.000023 0.007169 400.000000 12.307693
310 0.000023 0.007866 500.000000 11.389522
310 0.000021 0.005286 600.000000 11.811024
310 0.000019 0.003460 700.000000 11.986301
310 0.000018 0.002010 800.000000 12.030075
320 0.000056 0.005283 100.000000 12.500000
320 0.000031 0.005302 200.000000 11.299435
320 0.000019 0.004261 300.000000 12.096774
320 0.000011 0.003670 400.000000 12.500000
320 0.000015 0.004305 500.000000 11.520738
320 0.000012 0.002964 600.000000 11.928430
320 0.000012 0.002111 700.000000 12.068966
320 0.000012 0.001415 800.000000 12.121212
330 0.000034 0.006930 100.000000 13.157895
330 0.000017 0.006258 200.000000 11.494253
330 0.000014 0.004850 300.000000 12.295082
330 0.000006 0.003906 400.000000 12.618297
330 0.000015 0.003731 500.000000 11.627907
330 0.000011 0.002433 600.000000 12.024048
330 0.000013 0.001839 700.000000 12.110726
330 0.000013 0.001327 800.000000 12.195122
340 0.000037 0.006811 100.000000 13.698630
340 0.000015 0.005894 200.000000 11.695907
340 0.000016 0.004346 300.000000 12.396694
340 0.000013 0.003448 400.000000 12.658228
340 0.000012 0.002874 500.000000 11.682243
340 0.000011 0.001997 600.000000 12.072434
340 0.000012 0.001554 700.000000 12.110726
340 0.000012 0.001185 800.000000 12.232416
350 0.000035 0.006246 100.000000 13.698630
350 0.000017 0.005616 200.000000 11.764706
350 0.000019 0.004398 300.000000 12.448133
350 0.000013 0.003618 400.000000 12.618297
350 0.000013 0.002175 500.000000 11.709601
350 0.000012 0.001427 600.000000 12.072434
350 0.000013 0.001192 700.000000 12.068966
350 0.000013 0.001097 800.000000 12.232416
360 0.000030 0.005526 100.000000 13.333333
360 0.000014 0.004754 200.000000 11.834319
360 0.000016 0.003876 300.000000 12.448133
360 0.000015 0.003275 400.000000 12.383901
360 0.000013 0.002237 500.000000 11.737089
360 0.000012 0.001697 600.000000 12.072434
360 0.000013 0.001334 700.000000 12.048193
360 0.000013 0.001242 800.000000 12.213740
370 0.000036 0.005613 100.000000 12.048193
370 0.000017 0.004179 200.000000 11.834319
370 0.000016 0.003315 300.000000 12.500000
370 0.000028 0.002549 400.000000 11.799410
370 0.000012 0.002317 500.000000 11.764706
370 0.000011 0.001911 600.000000 12.072434
370 0.000012 0.001482 700.000000 12.048193
370 0.000013 0.001336 800.000000 12.066365
380 0.000021 0.006629 100.000000 10.869565
380 0.000009 0.004481 200.000000 11.834319
380 0.000011 0.003730 300.000000 12.448133
380 0.000014 0.003797 400.000000 11.428572
380 0.000014 0.002358 500.000000 11.792453
380 0.000014 0.001928 600.000000 12.048193
380 0.000013 0.001535 700.000000 12.048193
380 0.000013 0.001320 800.000000 11.922503
390 0.000018 0.007390 100.000000 10.309278
390 0.000005 0.005113 200.000000 11.834319
390 0.000007 0.004220 300.000000 12.448133
390 0.000015 0.003852 400.000000 11.299435
390 0.000014 0.002247 500.000000 11.792453
390 0.000014 0.001794 600.000000 12.000000
390 0.000013 0.001541 700.000000 12.048193
390 0.000013 0.001434 800.000000 11.816839
400 0.000007 0.007125 100.000000 10.101010
400 0.000009 0.005574 200.000000 11.764706
400 0.000007 0.004661 300.000000 12.396694
400 0.000017 0.003659 400.000000 11.235955
400 0.000014 0.002057 500.000000 11.764706
400 0.000013 0.001690 600.000000 11.952191
400 0.000014 0.001578 700.000000 12.027492
400 0.000013 0.001530 800.000000 11.713031
410 0.000008 0.007191 100.000000 10.000000
410 0.000009 0.005407 200.000000 11.764706
410 0.000007 0.004641 300.000000 12.295082
410 0.000017 0.003305 400.000000 11.235955
410 0.000015 0.002029 500.000000 11.764706
410 0.000014 0.001721 600.000000 11.857708
410 0.000014 0.001612 700.000000 12.027492
410 0.000013 0.001543 800.000000 11.577424
420 0.000007 0.006742 100.000000 10.101010
420 0.000011 0.005508 200.000000 11.764706
420 0.000008 0.004789 300.000000 12.244898
420 0.000019 0.003135 400.000000 11.267606
420 0.000015 0.002045 500.000000 11.764706
420 0.000015 0.001765 600.000000 11.811024
420 0.000016 0.001779 700.000000 12.027492
430 0.000007 0.006043 100.000000 10.309278
430 0.000009 0.005057 200.000000 11.904762
430 0.000013 0.004639 300.000000 12.096774
430 0.000019 0.002757 400.000000 11.331445
430 0.000015 0.002080 500.000000 11.792453
430 0.000014 0.001842 600.000000 11.811024
430 0.000016 0.001988 700.000000 12.027492
440 0.000000 0.005359 100.000000 10.752688
440 0.000008 0.004482 200.000000 12.195122
440 0.000029 0.003723 300.000000 11.904762
440 0.000020 0.002532 400.000000 11.461318
440 0.000013 0.002111 500.000000 11.876485
440 0.000014 0.001908 600.000000 11.881188
440 0.000016 0.002072 700.000000 12.027492
450 0.000008 0.005174 100.000000 11.363636
450 0.000010 0.004324 200.000000 12.500000
450 0.000042 0.003545 300.000000 11.627907
450 0.000017 0.002294 400.000000 11.627907
450 0.000014 0.002096 500.000000 12.019231
450 0.000014 0.001956 600.000000 11.976048
450 0.000015 0.002202 700.000000 12.048193
460 0.000018 0.004639 100.000000 12.048193
460 0.000011 0.003890 200.000000 12.903226
460 0.000025 0.002967 300.000000 11.583012
460 0.000016 0.001837 400.000000 11.799410
460 0.000014 0.002042 500.000000 12.135922
460 0.000013 0.002089 600.000000 12.096774
460 0.000013 0.002327 700.000000 12.048193
470 0.000005 0.004427 100.000000 12.820513
470 0.000009 0.003759 200.000000 13.333333
470 0.000021 0.003510 300.000000 11.583012
470 0.000016 0.002166 400.000000 11.976048
470 0.000015 0.002185 500.000000 12.254902
470 0.000014 0.002124 600.000000 12.219959
470 0.000014 0.002279 700.000000 12.068966
480 0.000005 0.004732 100.000000 13.333333
480 0.000010 0.004115 200.000000 13.605442
480 0.000023 0.003583 300.000000 11.583012
480 0.000018 0.002169 400.000000 12.121212
480 0.000015 0.002235 500.000000 12.345679
480 0.000015 0.002326 600.000000 12.320329
480 0.000015 0.002538 700.000000 12.048193
490 0.000018 0.004910 100.000000 13.698630
490 0.000011 0.004373 200.000000 13.793103
490 0.000024 0.003667 300.000000 11.627907
490 0.000018 0.002308 400.000000 12.195122
490 0.000017 0.002336 500.000000 12.376238
490 0.000016 0.002484 600.000000 12.371134
490 0.000015 0.002675 700.000000 12.006861
500 0.000023 0.005203 100.000000 13.888889
500 0.000008 0.004737 200.000000 13.793103
500 0.000029 0.003945 300.000000 11.627907
500 0.000020 0.002630 400.000000 12.232416
500 0.000019 0.002444 500.000000 12.345679
500 0.000018 0.002487 600.000000 12.396694
500 0.000017 0.002691 700.000000 11.925042
510 0.000030 0.003639 100.000000 13.888889
510 0.000018 0.003311 200.000000 13.698630
510 0.000021 0.002747 300.000000 11.627907
510 0.000017 0.002691 400.000000 12.232416
510 0.000017 0.002615 500.000000 12.254902
510 0.000016 0.002700 600.000000 12.396694
520 0.000021 0.004081 100.000000 13.888889
520 0.000013 0.003612 200.000000 13.422819
520 0.000026 0.003083 300.000000 11.627907
520 0.000020 0.002919 400.000000 12.195122
520 0.000019 0.002717 500.000000 12.165450
520 0.000018 0.002814 600.000000 12.371134
530 0.000022 0.003975 100.000000 13.698630
530 0.000034 0.003708 200.000000 12.658228
530 0.000029 0.003196 300.000000 11.627907
530 0.000019 0.003046 400.000000 12.158054
530 0.000020 0.002825 500.000000 12.106538
530 0.000020 0.002977 600.000000 12.269938
540 0.000022 0.003464 100.000000 13.698630
540 0.000063 0.004046 200.000000 11.363636
540 0.000024 0.003109 300.000000 11.673152
540 0.000019 0.003105 400.000000 12.121212
540 0.000019 0.002925 500.000000 12.077294
540 0.000019 0.003089 600.000000 12.048193
550 0.000018 0.003453 100.000000 13.698630
550 0.000035 0.004340 200.000000 10.869565
550 0.000024 0.003111 300.000000 11.673152
550 0.000021 0.003243 400.000000 12.084592
550 0.000018 0.003218 500.000000 12.077294
550 0.000018 0.003357 600.000000 11.881188
560 0.000011 0.003458 100.000000 13.698630
560 0.000036 0.004405 200.000000 10.695188
560 0.000025 0.003440 300.000000 11.673152
560 0.000020 0.003406 400.000000 12.048193
560 0.000019 0.003367 500.000000 12.106538
560 0.000017 0.003508 600.000000 11.741683
570 0.000022 0.003382 100.000000 13.513514
570 0.000037 0.004022 200.000000 10.638298
570 0.000024 0.003803 300.000000 11.718750
570 0.000019 0.003666 400.000000 11.976048
570 0.000019 0.003631 500.000000 12.106538
570 0.000018 0.003718 600.000000 11.627907
580 0.000015 0.003927 100.000000 13.333333
580 0.000034 0.003900 200.000000 10.638298
580 0.000024 0.004108 300.000000 11.673152
580 0.000019 0.003852 400.000000 11.869436
580 0.000020 0.003816 500.000000 12.106538
590 0.000027 0.003808 100.000000 12.987013
590 0.000042 0.004090 200.000000 10.695188
590 0.000025 0.004493 300.000000 11.673152
590 0.000021 0.004215 400.000000 11.764706
590 0.000022 0.004271 500.000000 12.077294
600 0.000077 0.003680 100.000000 11.764706
600 0.000039 0.004547 200.000000 10.752688
600 0.000023 0.004755 300.000000 11.627907
600 0.000020 0.004342 400.000000 11.695907
600 0.000023 0.004468 500.000000 11.990408
610 0.000166 0.005178 100.000000 9.803922
610 0.000040 0.004894 200.000000 10.752688
610 0.000023 0.004677 300.000000 11.627907
610 0.000022 0.004249 400.000000 11.695907
610 0.000022 0.004315 500.000000 11.764706
620 0.000076 0.008505 100.000000 8.928572
620 0.000041 0.005148 200.000000 10.810811
620 0.000029 0.004609 300.000000 11.583012
620 0.000023 0.004121 400.000000 11.695907
620 0.000023 0.004215 500.000000 11.547344
630 0.000076 0.008783 100.000000 8.695652
630 0.000038 0.005432 200.000000 10.810811
630 0.000029 0.004595 300.000000 11.538462
630 0.000024 0.004178 400.000000 11.695907
630 0.000022 0.004211 500.000000 11.415525
640 0.000076 0.008406 100.000000 8.695652
640 0.000037 0.005679 200.000000 10.869565
640 0.000028 0.004599 300.000000 11.494253
640 0.000025 0.004129 400.000000 11.730206
640 0.000022 0.004130 500.000000 11.312217
650 0.000080 0.008282 100.000000 8.771930
650 0.000045 0.006679 200.000000 10.928962
650 0.000033 0.005512 300.000000 11.406844
650 0.000027 0.005067 400.000000 11.764706
650 0.000024 0.005085 500.000000 11.185682
660 0.000084 0.008246 100.000000 8.849558
660 0.000040 0.006668 200.000000 10.989011
660 0.000031 0.005285 300.000000 11.363636
660 0.000029 0.004900 400.000000 11.799410
670 0.000090 0.009026 100.000000 9.090909
670 0.000047 0.007242 200.000000 11.111111
670 0.000034 0.005961 300.000000 11.363636
670 0.000032 0.005561 400.000000 11.869436
680 0.000110 0.007120 100.000000 9.523809
680 0.000055 0.005718 200.000000 11.363636
680 0.000043 0.005018 300.000000 11.538462
680 0.000037 0.005068 400.000000 11.940298
690 0.000137 0.003976 100.000000 10.101010
690 0.000065 0.004004 200.000000 11.764706
690 0.000049 0.004686 300.000000 11.764706
690 0.000044 0.005169 400.000000 12.084592
700 0.000153 0.003274 100.000000 10.869565
700 0.000075 0.004960 200.000000 12.195122
700 0.000056 0.006321 300.000000 12.096774
700 0.000046 0.006894 400.000000 12.232416
710 0.000161 0.006772 100.000000 11.627907
710 0.000082 0.008495 200.000000 12.658228
710 0.000061 0.009761 300.000000 12.396694
710 0.000047 0.010325 400.000000 12.345679
720 0.000071 0.003455 100.000000 12.500000
720 0.000038 0.003997 200.000000 13.071896
720 0.000030 0.004354 300.000000 12.658228
720 0.000023 0.004578 400.000000 12.422360
730 0.000028 0.006298 100.000000 13.333333
730 0.000028 0.006048 200.000000 13.422819
730 0.000018 0.005677 300.000000 12.931034
730 0.000014 0.005539 400.000000 12.383901
740 0.000027 0.005790 100.000000 13.888889
740 0.000029 0.005671 200.000000 13.605442
740 0.000017 0.005637 300.000000 13.100436
740 0.000011 0.005463 400.000000 12.345679
750 0.000021 0.006007 100.000000 14.084507
750 0.000021 0.005738 200.000000 13.605442
750 0.000015 0.005692 300.000000 13.215859
750 0.000009 0.005429 400.000000 12.232416
760 0.000011 0.007109 100.000000 14.285714
760 0.000015 0.006239 200.000000 13.422819
760 0.000010 0.006000 300.000000 13.215859
760 0.000011 0.005565 400.000000 12.048193
770 0.000012 0.007215 100.000000 14.084507
770 0.000019 0.006361 200.000000 13.071896
770 0.000014 0.006286 300.000000 13.157895
780 0.000018 0.008087 100.000000 13.888889
780 0.000016 0.007344 200.000000 12.820513
780 0.000012 0.007323 300.000000 13.043478
790 0.000018 0.008310 100.000000 13.698630
790 0.000017 0.007606 200.000000 12.658228
790 0.000011 0.007659 300.000000 12.711864
800 0.000036 0.007923 100.000000 13.333333
800 0.000021 0.007169 200.000000 12.658228
800 0.000011 0.006977 300.000000 12.195122
810 0.000035 0.007004 100.000000 13.157895
810 0.000012 0.006653 200.000000 12.658228
810 0.000010 0.006229 300.000000 11.857708
820 0.000028 0.006387 100.000000 12.820513
820 0.000018 0.006244 200.000000 12.658228
820 0.000013 0.005747 300.000000 11.627907
830 0.000025 0.005823 100.000000 12.345679
830 0.000014 0.005644 200.000000 12.658228
830 0.000015 0.005066 300.000000 11.363636
840 0.000031 0.005370 100.000000 12.048193
840 0.000022 0.005524 200.000000 12.658228
850 0.000023 0.006536 100.000000 11.764706
850 0.000018 0.006768 200.000000 12.578616
860 0.000030 0.006101 100.000000 11.627907
860 0.000022 0.006531 200.000000 12.269938
870 0.000015 0.005717 100.000000 11.764706
870 0.000018 0.005946 200.000000 11.764706
880 0.000015 0.006226 100.000000 11.904762
880 0.000025 0.005923 200.000000 11.363636
890 0.000022 0.006780 100.000000 12.048193
890 0.000028 0.006348 200.000000 11.111111
900 0.000031 0.006815 100.000000 12.345679
900 0.000029 0.006176 200.000000 10.989011
910 0.000020 0.006656 100.000000 12.658228
910 0.000025 0.005849 200.000000 10.810811
920 0.000033 0.006458 100.000000 12.987013
930 0.000038 0.007875 100.000000 13.333333
940 0.000036 0.007788 100.000000 13.157895
950 0.000038 0.007366 100.000000 12.048193
960 0.000029 0.006729 100.000000 10.989011
970 0.000035 0.006942 100.000000 10.204082
980 0.000027 0.007154 100.000000 9.708738
990 0.000032 0.006054 100.000000 9.090909
