0 0.000051 0.004902 100.000000 5.780347
0 0.000060 0.004118 200.000000 6.369427
0 0.000034 0.004530 300.000000 6.726458
0 0.000011 0.002554 400.000000 6.908463
0 0.000011 0.002299 500.000000 6.297229
0 0.000019 0.001504 600.000000 6.741573
10 0.000064 0.004259 100.000000 6.097561
10 0.000042 0.004679 200.000000 6.451613
10 0.000032 0.004923 300.000000 6.849315
10 0.000013 0.002826 400.000000 7.017544
10 0.000012 0.002377 500.000000 6.369427
10 0.000021 0.001434 600.000000 6.802721
20 0.000073 0.002917 100.000000 6.369427
20 0.000024 0.004664 200.000000 6.493506
20 0.000029 0.004921 300.000000 6.960557
20 0.000011 0.003011 400.000000 7.117438
20 0.000016 0.002479 500.000000 6.435007
20 0.000022 0.001532 600.000000 6.857143
30 0.000131 0.000999 100.000000 6.622517
30 0.000040 0.007101 200.000000 6.535948
30 0.000038 0.007311 300.000000 7.042253
30 0.000018 0.004726 400.000000 7.207207
30 0.000028 0.003247 500.000000 6.501951
30 0.000026 0.001027 600.000000 6.888634
40 0.000145 0.001029 100.000000 6.849315
40 0.000044 0.005325 200.000000 6.578948
40 0.000034 0.006824 300.000000 7.075472
40 0.000018 0.004689 400.000000 7.299270
40 0.000029 0.003216 500.000000 6.561680
40 0.000026 0.000893 600.000000 6.912442
50 0.000159 0.002463 100.000000 7.042253
50 0.000061 0.004806 200.000000 6.600660
50 0.000037 0.005592 300.000000 7.058824
50 0.000017 0.004566 400.000000 7.366483
50 0.000030 0.003273 500.000000 6.605020
50 0.000023 0.001077 600.000000 6.896552
60 0.000154 0.002360 100.000000 7.092198
60 0.000063 0.004196 200.000000 6.622517
60 0.000040 0.005739 300.000000 6.993007
60 0.000017 0.004637 400.000000 7.407407
60 0.000030 0.003158 500.000000 6.640106
60 0.000021 0.001090 600.000000 6.880734
70 0.000159 0.001251 100.000000 7.142857
70 0.000079 0.004550 200.000000 6.644518
70 0.000040 0.006134 300.000000 6.944445
70 0.000018 0.004708 400.000000 7.421150
70 0.000031 0.003014 500.000000 6.666667
70 0.000019 0.000967 600.000000 6.872852
80 0.000180 0.001508 100.000000 7.142857
80 0.000077 0.004280 200.000000 6.688963
80 0.000042 0.005892 300.000000 6.928406
80 0.000019 0.004896 400.000000 7.434944
80 0.000032 0.002937 500.000000 6.684492
80 0.000018 0.000953 600.000000 6.864988
90 0.000176 0.001654 100.000000 7.142857
90 0.000073 0.004945 200.000000 6.711410
90 0.000045 0.006022 300.000000 6.944445
90 0.000019 0.005119 400.000000 7.434944
90 0.000034 0.002735 500.000000 6.711410
90 0.000020 0.000916 600.000000 6.857143
100 0.000151 0.000938 100.000000 7.092198
100 0.000065 0.005654 200.000000 6.756757
100 0.000037 0.005977 300.000000 6.960557
100 0.000014 0.004823 400.000000 7.299270
100 0.000034 0.002408 500.000000 6.729475
100 0.000018 0.000904 600.000000 6.833713
110 0.000166 0.001586 100.000000 7.092198
110 0.000063 0.006068 200.000000 6.802721
110 0.000036 0.006001 300.000000 6.993007
110 0.000029 0.004427 400.000000 6.220840
110 0.000033 0.002218 500.000000 6.756757
110 0.000018 0.000796 600.000000 6.810442
120 0.000162 0.002835 100.000000 7.142857
120 0.000060 0.005943 200.000000 6.872852
120 0.000031 0.005689 300.000000 7.025761
120 0.000033 0.004552 400.000000 6.211180
120 0.000034 0.002251 500.000000 6.793478
120 0.000018 0.000985 600.000000 6.779661
130 0.000133 0.005564 100.000000 7.352941
130 0.000033 0.004210 200.000000 6.993007
130 0.000028 0.004911 300.000000 7.092198
130 0.000039 0.004395 400.000000 6.250000
130 0.000033 0.003086 500.000000 6.839945
130 0.000015 0.001715 600.000000 6.726458
140 0.000063 0.008805 100.000000 7.575758
140 0.000017 0.003680 200.000000 7.142857
140 0.000037 0.003878 300.000000 7.177033
140 0.000038 0.004424 400.000000 6.299212
140 0.000034 0.004030 500.000000 6.896552
140 0.000013 0.002149 600.000000 6.666667
150 0.000057 0.004899 100.000000 7.751938
150 0.000025 0.004297 200.000000 7.246377
150 0.000026 0.003809 300.000000 7.263923
150 0.000027 0.004010 400.000000 6.339144
150 0.000028 0.003432 500.000000 6.934813
150 0.000006 0.001592 600.000000 6.593407
160 0.000080 0.002598 100.000000 7.692307
160 0.000039 0.005540 200.000000 7.299270
160 0.000022 0.003929 300.000000 7.317073
160 0.000018 0.003879 400.000000 6.379585
160 0.000026 0.003056 500.000000 6.963789
160 0.000005 0.000973 600.000000 6.535948
170 0.000068 0.004548 100.000000 7.142857
170 0.000045 0.006184 200.000000 7.272727
170 0.000024 0.003995 300.000000 7.352941
170 0.000015 0.003933 400.000000 6.420546
170 0.000026 0.003053 500.000000 6.963789
180 0.000055 0.005567 100.000000 6.369427
180 0.000032 0.005724 200.000000 7.220217
180 0.000026 0.004106 300.000000 7.407407
180 0.000014 0.004189 400.000000 6.451613
180 0.000020 0.003231 500.000000 6.925208
190 0.000085 0.005205 100.000000 6.172840
190 0.000042 0.005625 200.000000 7.067138
190 0.000033 0.004396 300.000000 7.444169
190 0.000014 0.004639 400.000000 6.493506
190 0.000016 0.003433 500.000000 6.868132
200 0.000077 0.005633 100.000000 6.134969
200 0.000029 0.005886 200.000000 6.872852
200 0.000031 0.004450 300.000000 7.481297
200 0.000018 0.004731 400.000000 6.514658
200 0.000010 0.003272 500.000000 6.821282
210 0.000101 0.004740 100.000000 6.172840
210 0.000022 0.005589 200.000000 6.802721
210 0.000033 0.004507 300.000000 7.500000
210 0.000018 0.004850 400.000000 6.546645
210 0.000012 0.003222 500.000000 6.802721
220 0.000095 0.004839 100.000000 6.211180
220 0.000033 0.005419 200.000000 6.802721
220 0.000037 0.005354 300.000000 7.518797
220 0.000024 0.005483 400.000000 6.568144
220 0.000013 0.003551 500.000000 6.793478
230 0.000085 0.005942 100.000000 6.289308
230 0.000030 0.005279 200.000000 6.825939
230 0.000035 0.005038 300.000000 7.518797
230 0.000026 0.005394 400.000000 6.600660
230 0.000011 0.003328 500.000000 6.784261
240 0.000070 0.006803 100.000000 6.410256
240 0.000035 0.005416 200.000000 6.872852
240 0.000034 0.005025 300.000000 7.334963
240 0.000029 0.005216 400.000000 6.633499
240 0.000010 0.003076 500.000000 6.765900
250 0.000076 0.008033 100.000000 6.493506
250 0.000043 0.006346 200.000000 6.920415
250 0.000043 0.007093 300.000000 5.964215
250 0.000032 0.006083 400.000000 6.666667
250 0.000013 0.003311 500.000000 6.747638
260 0.000070 0.008801 100.000000 6.578948
260 0.000044 0.007065 200.000000 6.944445
260 0.000045 0.007834 300.000000 5.928854
260 0.000030 0.006265 400.000000 6.700168
260 0.000016 0.003362 500.000000 6.693440
270 0.000068 0.009688 100.000000 6.666667
270 0.000053 0.007683 200.000000 6.968641
270 0.000044 0.008483 300.000000 5.940594
270 0.000036 0.006632 400.000000 6.722689
270 0.000016 0.003158 500.000000 6.510417
280 0.000072 0.010820 100.000000 6.756757
280 0.000060 0.008220 200.000000 7.017544
280 0.000043 0.008826 300.000000 5.976096
280 0.000035 0.007069 400.000000 6.756757
280 0.000016 0.003100 500.000000 6.377551
290 0.000066 0.011918 100.000000 6.849315
290 0.000062 0.008490 200.000000 7.117438
290 0.000042 0.009018 300.000000 6.024096
290 0.000041 0.007532 400.000000 6.791172
290 0.000017 0.002582 500.000000 6.321113
300 0.000064 0.011752 100.000000 7.092198
300 0.000061 0.008533 200.000000 7.246377
300 0.000041 0.008991 300.000000 6.109980
300 0.000042 0.007514 400.000000 6.837607
310 0.000071 0.009844 100.000000 7.407407
310 0.000053 0.006931 200.000000 7.462687
310 0.000037 0.007577 300.000000 6.198347
310 0.000040 0.006385 400.000000 6.908463
320 0.000058 0.008382 100.000000 7.751938
320 0.000044 0.004986 200.000000 7.692307
320 0.000031 0.005581 300.000000 6.315790
320 0.000037 0.004634 400.000000 6.993007
330 0.000053 0.008660 100.000000 8.130081
330 0.000023 0.004396 200.000000 7.905138
330 0.000028 0.003652 300.000000 6.410256
330 0.000033 0.002495 400.000000 7.054674
340 0.000019 0.009121 100.000000 8.264462
340 0.000026 0.005389 200.000000 8.097166
340 0.000031 0.004730 300.000000 6.507592
340 0.000030 0.003407 400.000000 7.079646
350 0.000088 0.008527 100.000000 8.130081
350 0.000036 0.006453 200.000000 8.230453
350 0.000037 0.005910 300.000000 6.578948
350 0.000032 0.004380 400.000000 7.042253
360 0.000063 0.008832 100.000000 7.751938
360 0.000039 0.007052 200.000000 8.333333
360 0.000037 0.006639 300.000000 6.622517
360 0.000022 0.004686 400.000000 6.993007
370 0.000079 0.010999 100.000000 7.518797
370 0.000053 0.010111 200.000000 8.368201
370 0.000045 0.009177 300.000000 6.651885
370 0.000024 0.006354 400.000000 6.968641
380 0.000070 0.009945 100.000000 7.407407
380 0.000045 0.009901 200.000000 8.333333
380 0.000043 0.008686 300.000000 6.666667
380 0.000022 0.005637 400.000000 6.932409
390 0.000090 0.008696 100.000000 7.352941
390 0.000043 0.008166 200.000000 8.196721
390 0.000043 0.007523 300.000000 6.681514
390 0.000023 0.004507 400.000000 6.884682
400 0.000097 0.007849 100.000000 7.299270
400 0.000050 0.007397 200.000000 5.747127
400 0.000047 0.006693 300.000000 6.696429
400 0.000020 0.003677 400.000000 6.814310
410 0.000079 0.007179 100.000000 7.246377
410 0.000077 0.007743 200.000000 5.617978
410 0.000048 0.006435 300.000000 6.711410
410 0.000019 0.003413 400.000000 6.700168
420 0.000089 0.007017 100.000000 7.194244
420 0.000067 0.007403 200.000000 5.617978
420 0.000046 0.005878 300.000000 6.726458
420 0.000016 0.002751 400.000000 6.400000
430 0.000101 0.006144 100.000000 7.246377
430 0.000068 0.007674 200.000000 5.633803
430 0.000048 0.006836 300.000000 6.726458
430 0.000023 0.003365 400.000000 6.230530
440 0.000088 0.005705 100.000000 7.352941
440 0.000062 0.007485 200.000000 5.698006
440 0.000051 0.006837 300.000000 6.741573
450 0.000072 0.004689 100.000000 7.575758
450 0.000054 0.005999 200.000000 5.763689
450 0.000044 0.005202 300.000000 6.741573
460 0.000042 0.003904 100.000000 7.874016
460 0.000045 0.003570 200.000000 5.865103
460 0.000035 0.002496 300.000000 6.726458
470 0.000038 0.005877 100.000000 8.196721
470 0.000028 0.002580 200.000000 5.952381
470 0.000023 0.001594 300.000000 6.726458
480 0.000057 0.005138 100.000000 8.620689
480 0.000021 0.003017 200.000000 6.060606
480 0.000015 0.001618 300.000000 6.741573
490 0.000047 0.005134 100.000000 8.928572
490 0.000029 0.003962 200.000000 6.172840
490 0.000014 0.001714 300.000000 6.756757
500 0.000050 0.005399 100.000000 9.259259
500 0.000031 0.004071 200.000000 6.250000
500 0.000013 0.001613 300.000000 6.787330
510 0.000050 0.005161 100.000000 9.433962
510 0.000033 0.004250 200.000000 6.309148
510 0.000009 0.001555 300.000000 6.787330
520 0.000054 0.005273 100.000000 9.345795
520 0.000032 0.004094 200.000000 6.349206
520 0.000015 0.001433 300.000000 6.741573
530 0.000074 0.004451 100.000000 8.196721
530 0.000038 0.001587 200.000000 6.369427
530 0.000010 0.001037 300.000000 6.681514
540 0.000066 0.002672 100.000000 4.608295
540 0.000037 0.001799 200.000000 6.410256
540 0.000010 0.000857 300.000000 6.593407
550 0.000076 0.003016 100.000000 4.566210
550 0.000038 0.001205 200.000000 6.451613
550 0.000010 0.001419 300.000000 6.410256
560 0.000055 0.003397 100.000000 4.566210
560 0.000046 0.000898 200.000000 6.472492
560 0.000013 0.002228 300.000000 6.072875
570 0.000073 0.003798 100.000000 4.587156
570 0.000058 0.002737 200.000000 6.472492
570 0.000015 0.003718 300.000000 5.870842
580 0.000079 0.003928 100.000000 4.629630
580 0.000057 0.002608 200.000000 6.349206
590 0.000083 0.004045 100.000000 4.651163
590 0.000051 0.002633 200.000000 6.153846
600 0.000091 0.004783 100.000000 4.672897
600 0.000029 0.003780 200.000000 5.988024
610 0.000095 0.005754 100.000000 4.694836
610 0.000021 0.003959 200.000000 5.934718
620 0.000098 0.006876 100.000000 4.739336
620 0.000024 0.004392 200.000000 5.899705
630 0.000105 0.007962 100.000000 4.807693
630 0.000028 0.004472 200.000000 5.899705
640 0.000121 0.010282 100.000000 4.950495
640 0.000037 0.006366 200.000000 5.952381
650 0.000132 0.010842 100.000000 5.154639
650 0.000037 0.006510 200.000000 6.079027
660 0.000131 0.010127 100.000000 5.405406
660 0.000031 0.005568 200.000000 6.230530
670 0.000129 0.010938 100.000000 5.714286
670 0.000034 0.006066 200.000000 6.430868
680 0.000118 0.009681 100.000000 6.060606
680 0.000030 0.005084 200.000000 6.644518
690 0.000118 0.009533 100.000000 6.451613
690 0.000030 0.004946 200.000000 6.872852
700 0.000118 0.009369 100.000000 6.896552
700 0.000031 0.004885 200.000000 7.117438
710 0.000115 0.009021 100.000000 7.407407
710 0.000030 0.004530 200.000000 7.380074
720 0.000116 0.007099 100.000000 8.000000
720 0.000030 0.003688 200.000000 7.633588
730 0.000110 0.004524 100.000000 8.695652
730 0.000028 0.002870 200.000000 7.936508
740 0.000098 0.003222 100.000000 9.345795
740 0.000018 0.002223 200.000000 8.163265
750 0.000103 0.005003 100.000000 10.101010
750 0.000028 0.005039 200.000000 8.333333
760 0.000114 0.006963 100.000000 10.526316
760 0.000039 0.006651 200.000000 8.333333
770 0.000107 0.006684 100.000000 10.869565
770 0.000033 0.006424 200.000000 7.843137
780 0.000114 0.006906 100.000000 10.869565
780 0.000037 0.006895 200.000000 7.092198
790 0.000088 0.004416 100.000000 10.526316
800 0.000027 0.005414 100.000000 9.433962
810 0.000060 0.005476 100.000000 8.403361
820 0.000082 0.005071 100.000000 8.000000
830 0.000083 0.004995 100.000000 7.692307
840 0.000097 0.005157 100.000000 7.352941
850 0.000090 0.006132 100.000000 6.993007
860 0.000109 0.007566 100.000000 6.134969
870 0.000104 0.010165 100.000000 5.208333
880 0.000120 0.014324 100.000000 4.830918
