0.000000 -0.000000 -0.000000 0.000000
-0.140643 2.574964 -0.027679 2.067797
-0.281220 5.148987 -0.087658 4.291064
-0.421837 7.724036 -0.189229 6.647174
-0.562431 10.298960 -0.317724 9.093143
-0.701879 12.869650 -0.448670 11.608288
-0.854664 15.479570 -0.614019 14.214242
-1.011589 18.173180 -0.768867 16.892643
-1.171840 20.913680 -0.952958 19.622229
-1.334841 23.709530 -1.139271 22.382004
-1.487044 26.544710 -1.317628 25.187286
-1.633363 29.422930 -1.496577 28.040886
-1.768976 32.357140 -1.651424 30.959236
-1.929780 35.330970 -1.840769 33.895687
-2.126953 38.471510 -2.032789 36.826740
-2.329940 41.561110 -2.248240 39.774990
-2.535885 44.597900 -2.471285 42.744446
-2.728914 47.592750 -2.679097 45.707985
-2.937935 50.537730 -2.890915 48.614574
-3.130185 53.464980 -3.102176 51.511215
-3.310922 56.350390 -3.312157 54.369694
-3.511313 59.225400 -3.534462 57.208103
-3.703384 62.006320 -3.762591 59.965794
-3.912602 64.697860 -4.010963 62.641586
-4.114442 67.264550 -4.248045 65.200653
-4.313021 69.714240 -4.475730 67.622849
-4.514875 72.037350 -4.722661 69.941490
-4.709494 74.175390 -4.940719 72.060333
-4.891889 76.138280 -5.161594 74.018372
-5.039038 77.925340 -5.324854 75.806969
-5.159772 79.592300 -5.473707 77.474640
-5.235209 81.135380 -5.561716 79.020508
-5.207469 82.555940 -5.533718 80.447792
-5.029560 83.885300 -5.357810 81.796593
-4.680938 85.118200 -5.026310 83.014572
-4.130089 86.200010 -4.509747 84.082001
-3.393066 87.095580 -3.787697 85.006348
-2.508137 87.820100 -2.916550 85.707474
-1.511055 88.343490 -1.923962 86.264343
-0.450022 88.747950 -0.901430 86.687454
0.676345 89.023150 0.202654 86.961395
1.832910 89.277150 1.348879 87.225754
3.089762 89.418990 2.592861 87.368919
4.475771 89.556060 3.962708 87.523018
5.974572 89.621010 5.450976 87.599953
7.614093 89.671530 7.092025 87.672180
9.420230 89.707860 8.895990 87.729034
11.388370 89.721450 10.864759 87.778549
13.505010 89.738680 12.984222 87.843086
15.773680 89.805260 15.243933 87.943962
18.156510 89.929480 17.627689 88.109039
20.581930 90.082780 20.040886 88.291008
23.034320 90.227690 22.496769 88.468117
25.478370 90.365000 24.944433 88.651550
27.909920 90.499220 27.377924 88.822693
30.340320 90.588890 29.813604 88.941292
32.740690 90.598330 32.214340 88.997910
35.110390 90.529620 34.572899 88.958923
37.430830 90.386730 36.891174 88.849663
39.683630 90.176290 39.159088 88.687744
41.863240 89.910310 41.354214 88.442719
43.959460 89.634420 43.456142 88.206459
45.922800 89.378560 45.397141 87.989998
47.726310 89.193250 47.200989 87.834900
49.366470 89.121130 48.830532 87.789284
50.939410 89.191540 50.344414 87.871666
52.464070 89.450930 51.876282 88.142555
53.889450 89.945260 53.266586 88.642212
55.133190 90.660970 54.491104 89.389526
56.158450 91.620300 55.520557 90.366608
56.967930 92.764920 56.276390 91.488853
57.539920 94.061200 56.869678 92.809471
57.927200 95.446880 57.216709 94.138405
58.277310 96.884370 57.550735 95.548866
58.589460 98.403450 57.830700 97.057877
58.940360 100.002400 58.151749 98.617905
59.343230 101.692600 58.517429 100.304794
59.798800 103.499800 58.945343 102.118431
60.309140 105.392300 59.414566 104.018234
60.819120 107.363700 59.896904 106.007278
61.355080 109.477800 60.398346 108.105232
61.874140 111.669200 60.876923 110.293457
62.417580 113.964900 61.376972 112.605751
62.973720 116.373200 61.884617 114.989830
63.512460 118.836400 62.374947 117.416679
64.057360 121.342700 62.872227 119.908569
64.655860 123.876700 63.432373 122.400604
65.262090 126.422600 64.001732 124.910538
65.864770 128.941000 64.566124 127.424919
66.510510 131.382800 65.148697 129.872147
67.135460 133.867500 65.705200 132.357834
67.748220 136.262500 66.223686 134.757263
68.311480 138.668800 66.737839 137.177017
68.830800 141.066900 67.192848 139.582031
69.359830 143.451000 67.660904 141.963104
69.844620 145.829800 68.109215 144.325592
70.257380 148.240700 68.487167 146.740707
70.634070 150.615300 68.831474 149.075623
70.952630 153.048800 69.116913 151.501450
71.236680 155.482600 69.340462 153.931412
71.430750 157.958600 69.503456 156.391251
71.592060 160.420500 69.632607 158.819473
71.705560 162.889100 69.713203 161.261887
71.811250 165.386800 69.803078 163.741852
71.901490 167.846500 69.872543 166.178757
71.944200 170.358200 69.882759 168.682373
71.944230 172.867000 69.857086 171.159760
71.880770 175.411200 69.759315 173.665024
71.759300 177.947700 69.607132 176.168549
71.629380 180.489300 69.448441 178.695877
71.495820 183.069400 69.282005 181.256943
71.389860 185.611000 69.141403 183.783142
71.229200 188.181800 68.943169 186.336685
71.075770 190.694700 68.739105 188.856598
70.908190 193.208300 68.529160 191.356567
70.732240 195.676300 68.332581 193.800949
70.587330 197.902600 68.136475 196.186661
70.462020 200.022200 67.952675 198.452271
70.336670 202.141700 67.790504 200.535950
70.211280 204.261000 67.644341 202.570404
70.085900 206.379000 67.552300 204.525162
69.986060 208.445300 67.494553 206.451508
70.007780 210.375700 67.499840 208.391754
70.026080 212.295900 67.502289 210.315338
70.017620 214.252400 67.483643 212.278931
70.013230 216.217200 67.459091 214.214035
69.972110 218.270700 67.417015 216.243256
69.934360 220.317400 67.358917 218.275223
69.972850 222.305500 67.307648 220.362991
69.981630 224.353700 67.242706 222.479507
69.981870 226.399100 67.193268 224.543396
69.949190 228.454500 67.103165 226.619904
69.907170 230.454300 67.018227 228.643845
69.859830 232.418200 66.937309 230.610870
69.810200 234.247600 66.848007 232.456223
69.754960 235.896800 66.740921 234.120956
69.602960 237.437200 66.556885 235.643494
69.315000 238.920100 66.236855 237.089523
68.846420 240.276600 65.745773 238.378754
68.166090 241.479400 65.099442 239.481918
67.318270 242.492800 64.267830 240.468079
66.332240 243.344200 63.280670 241.283722
65.260110 243.991900 62.189735 241.900574
64.140300 244.474300 61.102615 242.315964
62.867510 244.772700 59.803715 242.590103
61.458940 244.926000 58.404633 242.712860
59.947420 244.952000 56.905003 242.696640
58.335370 244.902100 55.324684 242.591797
56.595980 244.824000 53.571640 242.474899
54.694040 244.743800 51.656933 242.342117
52.650420 244.604800 49.568893 242.212860
50.451970 244.390700 47.274227 242.063644
48.058070 244.235000 44.789898 241.922913
45.515050 244.100900 42.190445 241.789566
42.921790 243.969200 39.549000 241.660706
40.316590 243.840300 36.884262 241.519257
37.706940 243.722400 34.233479 241.342834
35.094890 243.629800 31.611010 241.147659
32.472950 243.489000 29.004637 240.931564
29.851950 243.348200 26.436438 240.719345
27.264200 243.258500 23.891453 240.540283
24.724050 243.174900 21.382065 240.390411
22.210390 243.091000 18.901424 240.251465
19.736330 242.979500 16.444426 240.070587
17.311070 242.850400 14.036034 239.884903
14.901790 242.682800 11.660646 239.648392
12.542000 242.455300 9.314629 239.389908
10.258080 242.218100 7.026918 239.123276
8.077281 241.997300 4.862188 238.868118
6.032146 241.805400 2.812483 238.634628
4.114420 241.647100 0.891926 238.443436
2.325909 241.523700 -0.905144 238.294373
0.684853 241.422100 -2.559996 238.173035
-0.804697 241.361800 -4.044198 238.089874
-2.147061 241.322400 -5.404417 238.040115
-3.335045 241.321100 -6.588264 238.006989
-4.362696 241.347700 -7.600074 238.012253
-5.195608 241.375100 -8.434560 238.023666
-5.787975 241.411000 -9.019163 238.041428
-6.148943 241.435700 -9.378835 238.052078
-6.347609 241.453500 -9.558720 238.048187
-6.441034 241.457400 -9.653902 238.052078
-6.441440 241.456100 -9.646646 238.053650
-6.439927 241.462600 -9.649544 238.050720
-6.440440 241.482800 -9.657049 238.058685
-6.480607 241.498100 -9.698357 238.059158
-6.560264 241.507700 -9.780496 238.059631
-6.742488 241.516100 -9.948578 238.060944
-7.099251 241.541700 -10.307921 238.090927
-7.627305 241.597900 -10.832851 238.134796
-8.293171 241.705000 -11.495317 238.245834
-9.050632 241.890800 -12.238461 238.423874
-9.863606 242.207700 -13.043320 238.725845
-10.727660 242.661600 -13.874802 239.146225
-11.566170 243.294100 -14.724762 239.775879
-12.317670 244.121800 -15.469421 240.599640
-12.969870 245.164100 -16.151108 241.657684
-13.469580 246.441200 -16.677437 242.967529
-13.828110 247.877300 -17.045830 244.451706
-14.057520 249.558000 -17.291964 246.136307
-14.176210 251.405900 -17.445562 247.985474
-14.264690 253.405000 -17.550610 249.978058
-14.328890 255.544200 -17.643602 252.109467
-14.399650 257.837600 -17.732182 254.372223
-14.471380 260.263200 -17.831369 256.765472
-14.561590 262.807800 -17.958305 259.279602
-14.652820 265.491700 -18.084318 261.937012
-14.739760 268.254400 -18.195057 264.670929
-14.858340 271.134800 -18.343685 267.520142
-14.973530 274.134700 -18.500217 270.480408
-15.069550 277.175700 -18.642662 273.512360
-15.175210 280.293600 -18.800083 276.618713
-15.297230 283.446400 -18.971161 279.741608
-15.436590 286.619600 -19.173683 282.892944
-15.585790 289.810900 -19.388092 286.048431
-15.736240 292.959600 -19.609402 289.195618
-15.885310 296.071900 -19.826162 292.277222
-16.046970 299.165600 -20.043879 295.357117
-16.219660 302.246300 -20.264402 298.422607
-16.389710 305.314100 -20.485283 301.460938
-16.559690 308.378300 -20.696894 304.490601
-16.709350 311.458900 -20.894890 307.548065
-16.839300 314.563300 -21.105610 310.623352
-16.972270 317.709200 -21.301926 313.740387
-17.118400 320.893100 -21.504068 316.919189
-17.281700 324.127200 -21.706873 320.137543
-17.454380 327.375400 -21.910931 323.368805
-17.614190 330.593900 -22.108498 326.567871
-17.775860 333.802500 -22.292786 329.742767
-17.959610 336.995200 -22.474495 332.890350
-18.128440 340.134300 -22.665066 335.982086
-18.295640 343.191900 -22.864626 339.017456
-18.453080 346.169000 -23.056072 341.957153
-18.632610 349.056200 -23.262074 344.813995
-18.817710 351.841100 -23.488495 347.587311
-18.986450 354.488400 -23.678055 350.237915
-19.124870 356.982400 -23.837227 352.733734
-19.220930 359.289500 -23.971455 355.036530
-19.310450 361.377700 -24.093466 357.128723
-19.390050 363.254000 -24.200342 359.018219
-19.458340 364.945900 -24.297895 360.708099
-19.552440 366.417400 -24.420399 362.182922
-19.716910 367.755600 -24.590181 363.535797
-19.992010 369.044200 -24.870922 364.789215
-20.413100 370.267200 -25.318321 365.973206
-20.994480 371.390500 -25.913612 367.044342
-21.767920 372.412000 -26.588699 367.955902
-22.740410 373.381300 -27.553146 368.875671
-23.931400 374.199500 -28.695618 369.640869
-25.311900 374.775400 -30.135712 370.209473
-26.849130 375.102700 -31.699455 370.506165
-28.541320 375.088500 -33.365486 370.462860
-30.331610 374.930400 -35.156998 370.271301
-32.178580 374.714400 -36.993748 370.015289
-34.124600 374.519300 -38.919304 369.798828
-36.192510 374.312000 -40.979179 369.560699
-38.360350 374.089000 -43.133213 369.309570
-40.674090 373.890900 -45.429466 369.076141
-43.125350 373.717400 -47.883869 368.861938
-45.733890 373.570600 -50.479206 368.670013
-48.422050 373.450300 -53.157822 368.488037
-51.153580 373.336900 -55.892357 368.314240
-53.919190 373.217300 -58.665001 368.138763
-56.668140 373.082400 -61.411652 367.948090
-59.399580 372.949600 -64.139412 367.744904
-62.128270 372.797100 -66.872452 367.532440
-64.827270 372.599800 -69.578354 367.257874
-67.509200 372.402100 -72.259491 367.006653
-70.186170 372.208700 -74.922012 366.738464
-72.845340 372.028400 -77.588081 366.497650
-75.495320 371.886100 -80.254402 366.299591
-78.116050 371.787300 -82.881302 366.152374
-80.717850 371.718500 -85.504829 366.034668
-83.311780 371.694800 -88.102432 365.959503
-85.842710 371.709900 -90.646156 365.920654
-88.215690 371.734100 -93.022385 365.902313
-90.402660 371.755300 -95.215622 365.875214
-92.376860 371.747200 -97.197968 365.828430
-94.181170 371.700000 -99.019394 365.754547
-95.954170 371.610100 -100.799088 365.610016
-97.692900 371.484000 -102.545258 365.433441
-99.428840 371.332400 -104.289597 365.239838
-101.212400 371.150100 -106.075180 365.020355
-103.049100 370.929900 -107.904907 364.750366
-104.963700 370.712900 -109.831543 364.494659
-106.999900 370.469800 -111.868713 364.214050
-109.147400 370.218500 -114.016449 363.925720
-111.413900 369.990500 -116.290573 363.659821
-113.850400 369.787500 -118.712402 363.410400
-116.381500 369.587900 -121.234619 363.164703
-119.079000 369.402000 -123.923645 362.934967
-121.870500 369.312400 -126.698532 362.796967
-124.798000 369.251000 -129.625473 362.711670
-127.749200 369.222000 -132.590363 362.641541
-130.738100 369.191300 -135.580566 362.551331
-133.724900 369.151000 -138.570709 362.476440
-136.693200 369.116700 -141.535889 362.362579
-139.640200 369.026200 -144.492889 362.204865
-142.545400 368.909400 -147.405670 362.022644
-145.452900 368.800400 -150.328369 361.848633
-148.326000 368.653700 -153.202637 361.625061
-151.184500 368.483700 -156.061691 361.385681
-154.029500 368.306700 -158.900330 361.139709
-156.834000 368.110800 -161.698608 360.896545
-159.601600 367.929800 -164.454239 360.664978
-162.352900 367.769700 -167.198486 360.447876
-165.025300 367.622800 -169.874817 360.246704
-167.587100 367.473600 -172.409973 360.044403
-169.989700 367.347100 -174.802017 359.886566
-172.229800 367.237400 -177.033371 359.748566
-174.255000 367.118500 -179.065216 359.590485
-176.113500 366.976300 -180.911530 359.410187
-177.851600 366.825100 -182.661179 359.226379
-179.482200 366.619100 -184.284958 358.973083
-181.041000 366.257200 -185.816956 358.553833
-182.506900 365.700900 -187.223053 358.002472
-183.830900 364.922700 -188.456131 357.242859
-184.967900 363.901900 -189.577606 356.232697
-185.900600 362.645300 -190.465759 354.934082
-186.575700 361.163300 -191.096893 353.456543
-186.999600 359.497900 -191.502319 351.796112
-187.152300 357.675600 -191.618668 350.004761
-187.206000 355.773500 -191.632202 348.110992
-187.197400 353.800900 -191.590866 346.142883
-187.078300 351.712900 -191.438141 344.073090
-186.904300 349.515700 -191.222534 341.867371
-186.700200 347.199500 -190.983871 339.545624
-186.441500 344.761700 -190.682648 337.102264
-186.138100 342.245600 -190.362747 334.590088
-185.836200 339.600700 -190.029556 331.938934
-185.558800 336.870000 -189.696350 329.206329
-185.300200 334.088400 -189.384460 326.421600
-185.053400 331.295700 -189.092712 323.644806
-184.825700 328.513100 -188.815308 320.858826
-184.626700 325.706700 -188.571030 318.077118
-184.418100 322.895600 -188.309357 315.308197
-184.219300 320.049800 -188.062561 312.459717
-184.077900 317.187100 -187.863907 309.584229
-183.933200 314.300800 -187.681061 306.650513
-183.761600 311.460200 -187.462921 303.831390
-183.601800 308.616200 -187.245941 300.999573
-183.458100 305.794900 -187.039856 298.203491
-183.343100 303.000200 -186.862930 295.432312
-183.261300 300.211900 -186.700073 292.663025
-183.178800 297.450000 -186.545120 289.872375
-183.090500 294.684900 -186.381454 287.112793
-182.927300 291.908300 -186.145813 284.320099
-182.766600 289.099200 -185.917297 281.472565
-182.613800 286.267300 -185.681015 278.648895
-182.441900 283.385600 -185.446930 275.759735
-182.300400 280.490600 -185.234756 272.875946
-182.149900 277.557000 -185.042480 269.960449
-182.001400 274.627800 -184.839478 267.002930
-181.823500 271.689000 -184.600800 264.042664
-181.638500 268.767800 -184.357071 261.095551
-181.424600 265.787800 -184.091980 258.106415
-181.219800 262.838200 -183.813309 255.136688
-181.009300 259.844900 -183.534149 252.136002
-180.770400 256.828000 -183.236755 249.118729
-180.561000 253.860400 -182.964569 246.163757
-180.372700 250.908200 -182.707428 243.182465
-180.191000 247.979500 -182.460602 240.268921
-180.025600 245.104800 -182.233765 237.416214
-179.890000 242.301100 -182.029297 234.592239
-179.765100 239.629200 -181.845901 231.899826
-179.603400 237.077700 -181.631912 229.344742
-179.486600 234.610600 -181.458755 226.853317
-179.426200 232.293500 -181.347809 224.519867
-179.384800 230.153000 -181.258163 222.351517
-179.372900 228.203000 -181.190384 220.380341
-179.353200 226.445600 -181.128555 218.608765
-179.284500 224.889700 -181.014328 217.027634
-179.159500 223.520400 -180.862335 215.660431
-178.892900 222.222300 -180.549438 214.361847
-178.440800 221.019500 -180.057312 213.193481
-177.799300 219.912400 -179.421509 212.184479
-176.993100 218.868700 -178.593933 211.165726
-175.953700 217.908600 -177.505737 210.167542
-174.646400 217.098800 -176.191025 209.329742
-173.037500 216.423500 -174.634995 208.690552
-171.242400 215.987700 -172.871490 208.279480
-169.251700 215.748100 -170.951477 208.101822
-167.160900 215.651300 -168.968506 208.062515
-164.983800 215.579200 -166.820602 208.090958
-162.753200 215.542200 -164.620758 208.118500
-160.419600 215.517400 -162.329559 208.171341
-157.986900 215.494400 -159.924194 208.252747
-155.493900 215.476600 -157.464966 208.347305
-152.924600 215.528800 -154.935455 208.468414
-150.250300 215.556200 -152.270172 208.595749
-147.567100 215.656900 -149.588791 208.736984
-144.855900 215.751900 -146.893082 208.942657
-142.145800 215.896800 -144.194504 209.168961
-139.455100 216.087400 -141.498062 209.475143
-136.768400 216.330800 -138.829712 209.788651
-134.103700 216.562300 -136.149292 210.115784
-131.505400 216.803000 -133.554443 210.423615
-128.992800 217.018200 -131.035980 210.699036
-126.584900 217.191000 -128.639420 210.947510
-124.357100 217.330100 -126.393913 211.144638
-122.326100 217.418900 -124.348389 211.277908
-120.463500 217.466200 -122.470810 211.362503
-118.653600 217.497200 -120.627472 211.424667
-116.849600 217.495900 -118.815338 211.454803
-115.067800 217.514000 -116.999077 211.495651
-113.324000 217.535300 -115.241455 211.539459
-111.616000 217.623100 -113.509995 211.653137
-109.927700 217.875300 -111.824615 211.898132
-108.290900 218.301300 -110.208878 212.296951
-106.749500 218.945400 -108.665710 212.939041
-105.349200 219.793800 -107.276360 213.775162
-104.115500 220.834900 -106.057541 214.819092
-103.036000 222.051200 -105.043365 216.022675
-102.179100 223.400100 -104.258018 217.362656
-101.543200 224.848700 -103.678757 218.779434
-101.115700 226.383800 -103.286835 220.240875
-100.830600 227.968600 -103.009369 221.797668
-100.531100 229.501100 -102.734497 223.309967
-100.252100 231.017900 -102.453331 224.835678
-99.883990 232.463500 -102.093002 226.269226
-99.425550 233.824100 -101.620781 227.580078
-98.775880 234.872900 -100.969940 228.640228
-98.086100 235.806300 -100.275887 229.571060
-97.174270 236.468700 -99.357811 230.269073
-96.254150 236.931100 -98.396606 230.780899
-95.283150 237.358800 -97.366081 231.198181
-94.185080 237.674800 -96.191895 231.518478
-92.955310 237.898800 -94.919754 231.741180
-91.596850 238.102700 -93.516418 231.959686
-90.074690 238.248300 -91.956619 232.119751
-88.387450 238.391700 -90.223991 232.280853
-86.486290 238.540100 -88.378250 232.463837
-84.443490 238.650800 -86.374496 232.653671
-82.253860 238.746800 -84.221306 232.841248
-79.940140 238.872300 -81.943451 233.013626
-77.539590 239.011100 -79.596786 233.178146
-75.087440 239.150700 -77.133980 233.344955
-72.574930 239.313900 -74.638313 233.501953
-69.991910 239.446400 -72.031982 233.647034
-67.351620 239.548800 -69.403404 233.793762
-64.666360 239.657700 -66.772186 233.977341
-61.998030 239.808800 -64.141296 234.179886
-59.311750 239.952600 -61.514095 234.404419
-56.701950 240.109100 -58.948483 234.629639
-54.151130 240.267600 -56.399147 234.850937
-51.625940 240.427100 -53.879044 235.074066
-49.127390 240.564300 -51.402565 235.291901
-46.665870 240.712700 -48.983223 235.518356
-44.240570 240.886300 -46.582710 235.752029
-41.878960 241.088900 -44.245232 235.989914
-39.649020 241.312800 -42.017075 236.235306
-37.552430 241.539400 -39.913406 236.479279
-35.488740 241.743100 -37.845577 236.706223
-33.456700 241.939000 -35.817764 236.914337
-31.533090 242.124800 -33.882141 237.102386
-29.764560 242.287900 -32.104446 237.262589
-28.172420 242.408100 -30.501528 237.377762
-26.747170 242.468900 -29.066872 237.449432
-25.460260 242.473300 -27.779730 237.457138
-24.318710 242.437400 -26.638462 237.432877
-23.324200 242.322300 -25.668293 237.364578
-22.483780 242.186900 -24.832579 237.264465
-21.843230 242.069500 -24.189438 237.164322
-21.357270 241.937100 -23.729687 237.053101
-20.874950 241.791000 -23.247181 236.905746
-20.410090 241.641000 -22.778141 236.753006
-19.938580 241.453200 -22.288742 236.569092
-19.330890 241.150500 -21.719688 236.300858
-18.603550 240.674100 -21.005241 235.856033
-17.817550 240.000300 -20.200157 235.246155
-17.047940 239.130000 -19.400757 234.376068
-16.371440 238.041100 -18.722572 233.270294
-15.819140 236.731500 -18.140488 231.932327
-15.431720 235.164300 -17.742935 230.374039
-15.160930 233.366900 -17.463129 228.590668
-14.985430 231.359800 -17.268194 226.593689
-14.879450 229.166100 -17.147621 224.388596
-14.834570 226.783800 -17.074293 221.999115
-14.805910 224.227300 -16.992073 219.456207
-14.776150 221.503700 -16.904629 216.726685
-14.726190 218.625200 -16.794628 213.860336
-14.646810 215.602400 -16.664064 210.864532
-14.509690 212.459600 -16.479235 207.777161
-14.353480 209.201300 -16.259678 204.538788
-14.179740 205.869600 -16.030756 201.227722
-13.962380 202.478800 -15.753020 197.855408
-13.739120 199.045100 -15.478921 194.446152
-13.514930 195.572200 -15.187343 190.999329
-13.275440 192.054900 -14.900952 187.499374
-13.052000 188.499600 -14.642210 183.958572
-12.854570 184.884700 -14.371068 180.361755
-12.675140 181.220200 -14.134373 176.698044
-12.508030 177.502000 -13.921248 172.979340
-12.341190 173.718700 -13.689316 169.183136
-12.175010 169.898000 -13.476411 165.370331
-12.018250 166.028100 -13.267193 161.476639
-11.841350 162.134100 -13.047066 157.588791
-11.655180 158.220500 -12.819608 153.696640
-11.466580 154.287300 -12.567278 149.800507
-11.281310 150.320000 -12.318598 145.921158
-11.057620 146.379100 -12.061094 142.038879
-10.815240 142.443600 -11.790913 138.190002
-10.570550 138.517900 -11.514610 134.333069
-10.333980 134.639100 -11.230885 130.519379
-10.123240 130.785800 -10.944256 126.742538
-9.914350 127.027500 -10.660200 122.984756
-9.696148 123.395700 -10.383429 119.395813
-9.493383 119.914400 -10.122897 115.938080
-9.310280 116.607700 -9.908508 112.655418
-9.151332 113.442300 -9.700596 109.561272
-9.017561 110.482000 -9.521193 106.634979
-8.888960 107.744800 -9.361892 103.942741
-8.774269 105.222900 -9.224251 101.475647
-8.679794 102.918000 -9.092682 99.221878
-8.504861 100.812800 -8.888432 97.177155
-8.163715 98.919720 -8.540235 95.369522
-7.618518 97.243660 -7.982168 93.749458
-6.858427 95.725240 -7.227650 92.317978
-5.899838 94.392380 -6.283543 91.065788
-4.759829 93.253900 -5.162308 90.030594
-3.450087 92.348760 -3.891621 89.145081
-1.973871 91.691730 -2.442741 88.581680
-0.436803 91.261860 -1.004616 88.225121
1.138073 91.026340 0.507868 88.082794
2.751248 90.881970 2.090740 88.004349
4.431705 90.766140 3.733151 87.967064
6.211745 90.683570 5.483069 87.952141
8.081090 90.578530 7.350605 87.922470
10.076580 90.469280 9.361475 87.894768
12.205890 90.365360 11.466889 87.862526
14.489810 90.290310 13.736670 87.852631
16.910510 90.321490 16.153168 87.943687
19.453620 90.459650 18.684574 88.138283
22.045730 90.671110 21.276831 88.405846
24.644280 90.895340 23.888836 88.672859
27.207850 91.064010 26.471041 88.877655
29.764780 91.130150 29.037458 88.980774
32.287690 91.085550 31.580225 88.975693
34.803420 90.937800 34.104519 88.885017
37.325120 90.728940 36.624886 88.728188
39.896170 90.508470 39.206211 88.582008
42.547960 90.289960 41.882427 88.429382
45.244630 90.097810 44.580437 88.292992
47.943020 89.903610 47.277370 88.169624
50.617990 89.629730 49.950691 87.961624
53.252150 89.185630 52.575546 87.586990
55.814150 88.557720 55.130238 87.042564
58.313300 87.791630 57.631031 86.342896
60.805470 86.920740 60.118683 85.528343
63.322020 85.994100 62.635342 84.659584
65.833720 85.055040 65.152702 83.780045
68.406220 84.080780 67.725494 82.867889
70.998610 83.045350 70.303917 81.892342
73.578520 81.879280 72.892746 80.782837
76.170160 80.586970 75.498070 79.549385
78.819830 79.219290 78.141914 78.231323
81.480420 77.842690 80.794632 76.919640
84.108690 76.469870 83.427979 75.610184
86.695220 75.055290 86.009003 74.263794
89.188920 73.556030 88.488831 72.825500
91.573040 71.968490 90.867615 71.297623
93.850380 70.285940 93.182861 69.678513
96.020560 68.521450 95.367149 67.980362
98.103890 66.740880 97.465363 66.259087
100.107700 65.034010 99.498047 64.598907
101.996900 63.459780 101.407013 63.085114
103.764900 62.070330 103.191864 61.736725
105.408600 60.801050 104.852585 60.511780
107.003200 59.530310 106.464996 59.278713
108.589500 58.247390 108.060020 58.031425
110.134700 56.970520 109.617043 56.788227
111.717500 55.637520 111.213943 55.497066
113.353400 54.247110 112.860199 54.155373
115.077800 52.831180 114.590088 52.784355
116.904200 51.439420 116.429565 51.441204
118.836800 50.054850 118.373344 50.094727
120.853600 48.602090 120.367256 48.691662
122.938000 47.083700 122.500900 47.205242
125.092700 45.485300 124.670959 45.651192
127.330000 43.820780 126.926712 44.035564
129.637600 42.087830 129.255264 42.356693
131.967100 40.344760 131.608154 40.646053
134.297900 38.609850 133.942688 38.961292
136.621900 36.849050 136.280945 37.259605
138.949900 35.131110 138.637695 35.587029
141.293500 33.464730 140.987122 33.947697
143.603900 31.795640 143.344452 32.311512
145.871800 30.121580 145.632919 30.668854
148.133300 28.418200 147.910034 29.013371
150.347600 26.750990 150.137344 27.399609
152.506100 25.137140 152.312531 25.831924
154.521200 23.603510 154.345886 24.354424
156.409800 22.104300 156.270782 22.892006
158.102600 20.729550 157.969254 21.561005
159.605700 19.470090 159.508942 20.348190
161.034400 18.328640 160.941635 19.276520
162.527500 17.369930 162.427307 18.353889
164.102000 16.690040 163.983353 17.717472
165.725700 16.231240 165.603424 17.272316
167.465400 15.980230 167.334763 17.058929
169.275300 15.912810 169.137360 17.004692
171.157200 15.957740 171.001312 17.043581
173.098700 15.972680 172.943405 17.051899
175.120500 15.945180 174.942169 17.029316
177.167200 15.872150 176.981323 16.966352
179.305300 15.756280 179.110260 16.871944
181.477000 15.604010 181.264008 16.734219
183.703700 15.412020 183.495392 16.566086
185.980700 15.238130 185.753799 16.412064
188.280500 15.072990 188.058517 16.270390
190.577500 14.896800 190.371490 16.111969
192.894300 14.714610 192.709412 15.974542
195.244200 14.510220 195.050476 15.815206
197.633500 14.283820 197.440933 15.640482
200.090000 14.030130 199.900787 15.429211
202.592100 13.785300 202.387512 15.211601
205.104900 13.534110 204.907486 14.999878
207.640700 13.310070 207.433456 14.820631
210.148900 13.111090 209.932175 14.665128
212.697300 12.915740 212.495132 14.511092
215.224700 12.737830 215.011993 14.356833
217.808000 12.513180 217.592209 14.163626
220.389500 12.282700 220.169815 13.971582
223.037500 12.068550 222.811615 13.780150
225.699900 11.872960 225.477097 13.613960
228.380800 11.657570 228.161774 13.432528
231.063800 11.400770 230.849014 13.214987
233.768800 11.157120 233.568008 13.019171
236.452700 10.908570 236.260162 12.819437
239.115400 10.628320 238.928375 12.578671
241.756200 10.390980 241.571182 12.367884
244.376200 10.177670 244.214081 12.171701
246.942400 9.977031 246.797226 11.990644
249.503100 9.796410 249.393951 11.853998
251.962400 9.616742 251.862457 11.707788
254.329800 9.452561 254.227905 11.579071
256.557200 9.297183 256.440887 11.462713
258.681500 9.140396 258.570831 11.340284
260.487900 8.870715 260.587463 11.182749
262.171000 8.558198 262.489624 10.963373
263.852900 8.246051 264.284424 10.674866
265.533700 7.934305 265.903717 10.350304
267.212200 7.623220 267.348389 10.026821
268.719700 7.309828 268.608002 9.711826
269.768600 7.040605 269.641388 9.485233
270.654800 6.869143 270.525513 9.331238
271.433400 6.780906 271.319885 9.246426
272.188300 6.798910 272.064758 9.289658
272.939800 6.915555 272.790192 9.421600
273.674100 7.139266 273.485229 9.664936
274.435500 7.486302 274.215393 10.057571
275.206100 8.021776 274.938110 10.550667
275.841400 9.123003 275.639709 11.326202
276.399700 10.403880 276.200867 12.295639
276.938800 11.672800 276.698425 13.452530
277.461700 12.927990 277.113495 14.830933
277.969300 14.165350 277.520325 16.424896
278.402000 15.600760 277.847198 18.245331
278.675500 17.540870 278.063446 20.225624
278.887100 19.689590 278.232391 22.416296
279.050300 22.004090 278.337555 24.772139
279.153100 24.513040 278.421204 27.284004
279.310000 27.147550 278.545776 29.951803
279.492000 29.910160 278.696136 32.758469
279.682000 32.722430 278.871460 35.585594
279.891600 35.618700 279.070374 38.474792
280.117300 38.587970 279.278076 41.452957
280.340800 41.563150 279.482178 44.426205
280.553900 44.602790 279.661194 47.481339
280.757500 47.669170 279.839172 50.523422
280.966700 50.717990 280.016998 53.545940
281.189800 53.763250 280.202850 56.564827
281.387500 56.840290 280.400177 59.599758
281.609200 59.915920 280.594330 62.633297
281.892800 62.993940 280.842712 65.670364
282.168100 66.061440 281.083771 68.722153
282.386200 69.137860 281.278931 71.773666
282.581400 72.205720 281.454132 74.780823
282.741100 75.260420 281.616302 77.828094
282.945600 78.300480 281.795776 80.847717
283.185400 81.322840 281.991211 83.847755
283.441700 84.363870 282.210205 86.875504
283.683800 87.353300 282.417084 89.863731
283.940100 90.352150 282.644684 92.877975
284.231300 93.355260 282.918518 95.900078
284.541900 96.345100 283.211304 98.906837
284.938000 99.320580 283.591736 101.905754
285.395000 102.259500 284.010193 104.843506
285.844100 105.163200 284.435730 107.748741
286.321900 108.053700 284.857483 110.607986
286.793800 110.912200 285.324524 113.492561
287.216900 113.736500 285.706360 116.288681
287.630900 116.518500 286.089203 119.073013
288.058700 119.219300 286.480652 121.797523
288.448800 121.780900 286.818542 124.391373
288.846400 124.280600 287.175598 126.878387
289.285300 126.630100 287.571838 129.260742
289.743500 128.835400 287.991028 131.465805
290.213000 130.821100 288.436890 133.460724
290.683600 132.626000 288.877747 135.277084
291.166200 134.262000 289.325378 136.926926
291.580800 135.832500 289.710236 138.505280
291.961700 137.426400 290.078796 140.105103
292.194000 139.020100 290.291534 141.706421
292.237900 140.604400 290.311523 143.270065
291.762300 142.158200 290.087280 144.823044
290.662500 143.578100 289.596436 146.382187
289.562400 144.964600 288.830322 147.807861
288.468100 146.318100 287.734406 149.170090
287.386000 147.641500 286.362518 150.367279
286.399400 148.976200 284.770813 151.383209
284.571900 149.919400 282.953613 152.293457
282.598600 150.835500 280.987915 153.205246
280.553400 151.805400 278.936707 154.163437
278.418500 152.847000 276.796844 155.182587
276.187000 153.972900 274.566956 156.275940
273.848800 155.201700 272.221039 157.468536
271.423500 156.516000 269.783783 158.741943
268.909500 157.880900 267.251556 160.060822
266.393100 159.278800 264.711975 161.409866
263.831700 160.712200 262.169861 162.819427
261.343100 162.229400 259.656250 164.309113
258.927700 163.839100 257.236420 165.862823
256.567900 165.515700 254.862091 167.484253
254.220600 167.219800 252.494385 169.155243
251.812400 168.915300 250.081177 170.800278
249.342900 170.564800 247.590424 172.369263
246.829700 172.171100 245.070847 173.909424
244.268800 173.728400 242.484604 175.416534
241.687800 175.211100 239.892334 176.837952
239.066600 176.646400 237.274216 178.214569
236.435100 178.027700 234.599213 179.541351
233.828600 179.391700 231.979919 180.844711
231.251200 180.752600 229.388611 182.155807
228.707700 182.113100 226.855820 183.466919
226.214900 183.484500 224.340637 184.790131
223.769900 184.811700 221.862549 186.082962
221.367300 186.107100 219.451035 187.313766
219.059200 187.344000 217.120163 188.507263
216.843700 188.521200 214.899673 189.635757
214.730300 189.612200 212.771393 190.693359
212.761600 190.600600 210.793045 191.645905
210.934100 191.518800 208.943207 192.527008
209.293500 192.364900 207.283386 193.336426
207.831400 193.113300 205.794601 194.059708
206.576700 193.798300 204.525696 194.709320
205.539900 194.395600 203.458405 195.294922
204.729700 194.901600 202.635635 195.777817
204.122300 195.321500 202.012146 196.192200
203.546300 195.745200 201.426422 196.594910
203.042900 196.282400 200.855972 197.019501
202.515700 196.788100 200.288162 197.437134
201.945400 197.325500 199.693359 197.923233
201.195300 198.000000 198.918106 198.564026
200.227400 198.808500 197.920120 199.348724
199.076800 199.760000 196.748245 200.274384
197.730700 200.791700 195.376846 201.262573
196.253000 201.872000 193.900726 202.308685
194.623700 202.967100 192.256073 203.364212
192.619800 204.117900 190.477081 204.449844
190.615300 205.269000 188.547638 205.536728
188.611600 206.419500 186.522720 206.648254
186.608000 207.569800 184.413696 207.779984
184.604500 208.720100 182.238724 208.922256
182.452000 209.923800 179.977173 210.114044
180.162600 211.202300 177.674347 211.349640
177.855000 212.473600 175.333466 212.602127
175.554100 213.761200 173.020157 213.850677
173.260900 215.031900 170.698486 215.095383
171.006800 216.296100 168.419418 216.322876
168.770100 217.549300 166.164108 217.527328
166.635700 218.725900 163.992798 218.677338
164.640400 219.823800 161.969391 219.734894
162.800000 220.792300 160.114746 220.656769
161.109900 221.618400 158.404938 221.448120
159.510500 222.334400 156.794983 222.126526
157.845500 222.860900 155.115051 222.637238
156.181300 223.202900 153.487457 222.929077
154.511100 223.364000 151.842041 223.038315
152.786900 223.350100 150.118774 222.979919
150.969000 223.245000 148.289749 222.835999
149.048400 223.060600 146.358292 222.628433
146.999200 222.886700 144.285355 222.436478
144.811400 222.709100 142.085205 222.234299
142.452400 222.507300 139.712769 222.005112
139.985700 222.307100 137.242645 221.775726
137.342300 222.162600 134.581131 221.592010
134.568800 222.029900 131.831528 221.420990
131.695500 221.932100 128.949112 221.286331
128.711000 221.803000 125.932602 221.117172
125.647300 221.650100 122.857719 220.928909
122.615400 221.500000 119.818062 220.733612
119.543800 221.309500 116.741302 220.505859
116.511500 221.102100 113.706543 220.259354
113.516800 220.903600 110.693535 220.018951
110.545200 220.708000 107.711563 219.786926
107.636200 220.532300 104.800308 219.571838
104.717200 220.373700 101.874634 219.380844
101.840600 220.218600 98.994728 219.184784
98.994700 220.067300 96.134468 219.001984
96.181550 219.895100 93.327354 218.794556
93.438620 219.686500 90.590103 218.559265
90.855460 219.500600 87.970848 218.305817
88.388610 219.326300 85.496986 218.063339
86.123680 219.157800 83.205765 217.847290
84.049970 219.045300 81.111115 217.706329
82.152880 219.016300 79.191109 217.624527
80.388010 219.115100 77.426979 217.704407
78.664760 219.366200 75.678574 217.908722
77.016290 219.796000 73.971153 218.241638
75.461480 220.446100 72.485886 218.908524
74.069090 221.411200 71.025948 219.831787
72.862850 222.604000 69.817184 220.992508
71.841850 224.015300 68.788490 222.362457
71.023420 225.699900 67.935310 223.986984
70.421670 227.540000 67.283890 225.809021
70.034550 229.518400 66.875832 227.778717
69.813760 231.610700 66.645103 229.826813
69.670080 233.800300 66.489731 232.034393
69.603690 236.022800 66.400940 234.289536
69.545910 238.342600 66.294785 236.644608
69.499400 240.719700 66.181084 239.045197
69.469400 243.192800 66.100006 241.520203
69.384530 245.776400 65.964554 244.062256
69.232580 248.432800 65.767242 246.724640
69.094640 251.146000 65.588669 249.400970
68.950990 253.982700 65.396965 252.221878
68.811860 256.917100 65.203987 255.140305
68.650580 259.920100 65.031708 258.101318
68.462200 263.082100 64.833099 261.212524
68.288560 266.252800 64.628952 264.324493
68.096650 269.464100 64.403931 267.508087
67.903830 272.683000 64.172997 270.703644
67.721470 275.872400 63.947906 273.872101
67.525460 279.043300 63.715382 277.015717
67.317450 282.219100 63.459084 280.158173
67.111650 285.343500 63.210670 283.257599
66.901350 288.508400 62.983345 286.370453
66.688140 291.652400 62.740715 289.445099
66.478800 294.782200 62.503437 292.532562
66.289190 297.878200 62.314018 295.539185
66.078070 300.944500 62.068741 298.586853
65.826270 304.008500 61.802551 301.604553
65.573590 307.018200 61.531059 304.560699
65.274710 310.032300 61.215988 307.516632
64.924470 313.030600 60.850445 310.444153
64.540610 315.995300 60.425556 313.401459
64.089990 318.947600 59.952591 316.282257
63.671720 321.903700 59.513203 319.197266
63.304260 324.895900 59.119648 322.135986
62.967580 327.898100 58.760235 325.092957
62.699080 330.909200 58.469715 328.070801
62.553590 333.929000 58.246216 331.083160
62.402330 336.963400 58.007416 334.108521
62.266570 340.021300 57.797092 337.151642
62.116500 343.035800 57.600769 340.130798
61.993500 346.032900 57.425537 343.162018
61.866370 348.989100 57.255264 346.121063
61.760870 351.857800 57.096432 348.966156
61.679290 354.611700 56.952675 351.713409
61.586300 357.261400 56.811756 354.342743
61.550600 359.776900 56.731705 356.843475
61.577240 362.145700 56.714367 359.214355
61.603020 364.290800 56.706966 361.364471
61.628690 366.323100 56.701530 363.403412
61.649880 368.352400 56.679722 365.423401
61.624730 370.355800 56.616203 367.397186
61.511180 372.339500 56.462177 369.363495
61.271590 374.388200 56.168793 371.375885
60.966710 376.528400 55.811337 373.487610
60.637150 378.796200 55.439610 375.740601
60.324540 381.208000 55.083355 378.134705
60.065570 383.741300 54.776806 380.659607
59.884830 386.413700 54.550266 383.336121
59.789830 389.195600 54.404316 386.114197
59.765420 392.106700 54.305305 389.027344
59.766400 395.121300 54.220604 392.053009
59.728620 398.268800 54.104153 395.201355
59.673270 401.492900 53.974037 398.423035
59.575390 404.694600 53.808617 401.602722
59.425140 407.916600 53.593239 404.804138
59.267000 411.104300 53.368332 407.966583
59.084670 414.257800 53.130920 411.110840
58.913680 417.417100 52.915764 414.247192
58.748810 420.528100 52.695541 417.334351
58.574140 423.604200 52.485847 420.382233
58.437200 426.635400 52.289055 423.422638
58.286850 429.523300 52.091301 426.302979
58.117570 432.280500 51.871365 429.052795
57.924100 434.902000 51.632729 431.657806
57.663190 437.382700 51.354588 434.113190
57.368250 439.710400 51.036392 436.408264
57.036690 441.889000 50.658249 438.618713
56.656850 443.874800 50.250038 440.595398
56.323860 445.645400 49.898788 442.355011
56.148660 447.270100 49.704403 443.973236
56.616130 448.530800 49.761585 445.445435
57.333540 449.649800 50.080845 446.811005
58.025620 450.723300 50.673225 447.917175
58.683230 451.752100 51.499512 448.934021
59.300760 452.745900 52.496155 449.679688
60.051910 453.493100 53.606323 450.242676
61.232100 453.863600 54.794312 450.615906
62.575150 454.072200 56.118439 450.806793
64.075560 454.193600 57.623199 450.931091
65.729870 454.237800 59.266846 450.995789
67.536180 454.320400 61.062313 451.099609
69.481920 454.413600 62.995537 451.219727
71.568440 454.517900 65.062027 451.371796
73.783230 454.637300 67.266403 451.552277
76.158670 454.789800 69.616241 451.763397
78.646770 454.943100 72.091965 451.993835
81.225870 455.115600 74.653915 452.230347
83.916780 455.302300 77.318939 452.479492
86.702020 455.456700 80.094917 452.714203
89.526350 455.578300 82.898216 452.909821
92.412350 455.733700 85.741196 453.135376
95.328570 455.895400 88.627060 453.371307
98.249890 456.054300 91.540855 453.607239
101.184100 456.224200 94.441208 453.830200
104.093100 456.393100 97.358047 454.053345
106.998900 456.525600 100.241913 454.257904
109.897200 456.654500 103.123352 454.441284
112.749700 456.816600 105.957489 454.660583
115.610200 456.965500 108.811363 454.889435
118.400100 457.099300 111.589539 455.082458
121.145900 457.258900 114.333817 455.296356
123.876500 457.448100 117.050301 455.545471
126.583800 457.666500 119.762589 455.808777
129.241600 457.972700 122.380722 456.180725
131.877300 458.360200 124.989250 456.632782
134.472300 458.810900 127.552689 457.151581
137.047800 459.328100 130.086761 457.709076
139.578900 459.909300 132.594528 458.321136
142.082300 460.548100 135.076202 459.015289
144.536100 461.240400 137.531082 459.764038
146.935100 462.035700 139.899231 460.603699
149.323900 462.890800 142.267609 461.489807
151.645200 463.789700 144.569519 462.422363
153.953700 464.746000 146.840454 463.409454
156.216300 465.719100 149.084457 464.439026
158.442000 466.755000 151.282043 465.520844
160.610800 467.844100 153.421600 466.657227
162.721500 468.976400 155.485794 467.834747
164.765200 470.136200 157.498474 469.049438
166.772400 471.335900 159.452377 470.296997
168.632200 472.526000 161.276627 471.544312
170.346500 473.697400 162.958679 472.765961
171.909300 474.797000 164.488602 473.894531
173.302800 475.783300 165.865402 474.919739
174.556500 476.625400 167.133331 475.766052
175.656700 477.273900 168.250259 476.429810
176.667400 477.791400 169.276825 476.954102
177.693700 478.199200 170.306274 477.389404
178.769200 478.445200 171.390289 477.657959
179.820200 478.560500 172.432190 477.792084
180.911200 478.531600 173.549561 477.785248
182.068600 478.323700 174.706207 477.601196
183.262200 477.935100 175.931366 477.221222
184.488300 477.285200 177.186539 476.571411
185.759400 476.306800 178.505280 475.594757
187.077400 475.006900 179.855240 474.313324
188.478700 473.464500 181.275330 472.801514
189.953700 471.703500 182.790192 471.058899
191.518900 469.725200 184.388214 469.140991
193.208300 467.608400 186.102829 467.055969
195.017400 465.320900 187.939667 464.806763
196.863700 462.933100 189.813965 462.460724
198.729100 460.522700 191.717010 460.125092
200.614200 458.121400 193.643356 457.760406
202.510500 455.730200 195.569687 455.430267
204.411000 453.358300 197.512421 453.122559
206.321800 451.001000 199.455627 450.807526
208.222000 448.665100 201.394714 448.546387
210.114400 446.337900 203.316650 446.269836
211.976500 444.014500 205.218781 443.997620
213.836200 441.706600 207.104752 441.741638
215.683700 439.420500 208.993027 439.528687
217.555600 437.143300 210.904221 437.307312
219.471300 434.824100 212.853516 435.053162
221.450500 432.447100 214.888641 432.744873
223.466700 430.017100 216.968018 430.376770
225.486700 427.604100 219.038208 427.969727
227.506500 425.191500 221.116821 425.570465
229.526100 422.779100 223.181702 423.212585
231.545400 420.367100 225.231781 420.899963
233.564400 417.955300 227.286102 418.604126
235.559300 415.588300 229.301132 416.353973
237.436800 413.389000 231.221054 414.188141
238.780200 411.507400 232.990112 412.158844
239.937800 409.690800 234.565186 410.268280
241.095100 407.877000 235.891296 408.515991
242.251200 406.068000 236.939545 406.855103
243.408000 404.262500 237.680786 405.212158
244.011000 402.484000 238.068390 403.547089
244.001400 400.839200 238.096313 401.828491
243.616800 399.284000 237.735229 400.249603
242.890100 397.828700 237.048569 398.756134
241.873600 396.462000 236.084885 397.365753
240.631500 395.201500 234.847015 396.061768
239.221600 394.033800 233.472809 394.844482
237.618600 392.957600 231.853119 393.728333
235.793400 391.994800 230.035248 392.729309
233.764600 391.138800 228.004181 391.839020
231.526900 390.407500 225.760132 391.092651
229.101900 389.773400 223.312958 390.388153
226.502900 389.204300 220.702759 389.761169
223.725900 388.759000 217.908936 389.247375
220.797800 388.372500 214.965683 388.799103
217.710700 387.983400 211.869598 388.343994
214.530600 387.607200 208.661163 387.927734
211.281800 387.245500 205.426483 387.509460
207.989900 386.906600 202.146210 387.116699
204.658000 386.595500 198.796295 386.753754
201.286800 386.304300 195.434784 386.393707
197.918900 386.031200 192.065033 386.083130
194.555800 385.786300 188.690475 385.804016
191.207200 385.554600 185.353424 385.536224
187.886200 385.358400 182.030212 385.281494
184.599200 385.187900 178.758881 385.051697
181.348200 385.028900 175.517487 384.836426
178.125300 384.880300 172.296692 384.622711
174.940200 384.732200 169.124161 384.397797
171.787000 384.605200 165.987793 384.201202
168.667500 384.479200 162.898010 383.995422
165.610000 384.375800 159.864670 383.823059
162.651900 384.300900 156.919540 383.670990
159.841600 384.253100 154.123901 383.563995
157.212800 384.244100 151.505264 383.494934
154.757500 384.238100 149.068954 383.414703
152.465500 384.177300 146.778534 383.304352
150.349500 384.033300 144.697769 383.098145
148.462800 383.774700 142.864258 382.807434
146.861800 383.342900 141.291779 382.320709
145.493000 382.652100 139.997192 381.617004
144.342900 381.710300 138.881226 380.666595
143.476000 380.548800 138.044952 379.490082
142.885900 379.215000 137.507629 378.157410
142.512900 377.743300 137.148865 376.675659
142.317800 376.136600 136.991241 375.092560
142.188100 374.395800 136.903107 373.405151
142.147200 372.567400 136.890366 371.594727
142.122900 370.607400 136.893570 369.658447
142.117600 368.494900 136.921173 367.556122
142.130800 366.233800 136.976196 365.295044
142.204400 363.814600 137.096863 362.890656
142.299400 361.231000 137.241119 360.301880
142.415300 358.474700 137.412689 357.550629
142.582500 355.558100 137.664047 354.642822
142.739700 352.539000 137.900238 351.643433
142.891900 349.439100 138.093750 348.569031
143.064500 346.281300 138.342957 345.436554
143.227100 343.091000 138.566559 342.268158
143.425200 339.887400 138.833069 339.088501
143.616200 336.700500 139.086182 335.913727
143.795900 333.502200 139.317322 332.736816
144.005700 330.337500 139.576248 329.578217
144.230000 327.130600 139.819275 326.389435
144.419100 323.896200 140.028076 323.176453
144.587400 320.591100 140.241608 319.907867
144.754600 317.239000 140.458359 316.592957
144.941900 313.833000 140.684738 313.244080
145.157300 310.363000 140.937241 309.827820
145.368500 306.861100 141.178970 306.341461
145.569800 303.322100 141.418350 302.853363
145.779600 299.781500 141.657593 299.342499
145.995800 296.224300 141.902725 295.806580
146.232800 292.723700 142.179001 292.317261
146.466500 289.221500 142.449005 288.834747
146.685200 285.746000 142.734558 285.376984
146.893800 282.281200 143.000061 281.947784
147.103700 278.834100 143.280243 278.520172
147.309200 275.380000 143.537354 275.096527
147.469000 272.014900 143.751343 271.726166
147.644100 268.640500 143.970749 268.361572
147.828000 265.287400 144.220734 265.038269
148.018700 262.011300 144.465744 261.782532
148.191600 258.776500 144.674866 258.549683
148.362500 255.568000 144.878143 255.333496
148.542700 252.484800 145.098770 252.254974
148.699400 249.530100 145.288773 249.306427
148.855100 246.697000 145.484802 246.496155
149.012000 244.059600 145.695572 243.821243
149.177500 241.565300 145.907013 241.331711
149.354100 239.240800 146.125366 238.992172
149.518500 237.141100 146.327377 236.891998
149.688400 235.241100 146.530792 234.994843
149.831600 233.536700 146.706314 233.301773
149.906300 232.004900 146.805374 231.750229
149.838700 230.619900 146.760300 230.353683
149.635100 229.344100 146.592285 229.040771
149.241300 228.150200 146.234406 227.855530
148.716100 227.039600 145.728989 226.712311
148.000700 226.008200 145.019104 225.616898
147.075700 225.048900 144.140167 224.650864
145.937600 224.217300 143.012207 223.734497
144.564400 223.496400 141.694489 222.989075
143.010800 222.963900 140.176712 222.400513
141.316600 222.568700 138.504852 221.958649
139.454500 222.334500 136.681168 221.659393
137.425000 222.166300 134.683853 221.423172
135.205500 222.050100 132.524811 221.255310
132.804000 221.961500 130.155533 221.096893
130.267400 221.919300 127.607750 220.979660
127.508700 221.882500 124.823463 220.830719
124.622700 221.854300 121.949974 220.687256
121.664000 221.830100 118.992012 220.543198
118.657200 221.763300 115.963814 220.374146
115.641600 221.685500 112.979080 220.175430
112.627300 221.570300 109.973251 219.944107
109.673500 221.356100 107.005737 219.705338
106.754900 221.166500 104.091118 219.469055
103.815900 220.977200 101.151260 219.253952
100.933900 220.822800 98.261795 219.040985
98.075460 220.656000 95.413048 218.846619
95.253020 220.487500 92.593513 218.625519
92.486910 220.344500 89.851646 218.394943
89.875370 220.223200 87.255379 218.181671
87.458400 220.103100 84.846680 217.988968
85.308900 219.940400 82.660995 217.816467
83.404740 219.814900 80.747978 217.709595
81.811460 219.719400 79.131943 217.667618
80.386560 219.682400 77.682556 217.654160
79.003730 219.767200 76.299591 217.698029
77.660700 220.007600 74.961227 217.893692
76.371580 220.406400 73.691498 218.229446
75.155860 220.960300 72.490334 218.713211
74.011040 221.726500 71.322510 219.431168
72.923470 222.715600 70.210266 220.359024
71.978870 223.872400 69.240097 221.461945
71.184520 225.266700 68.441086 222.742340
70.559680 226.755300 67.815071 224.135468
70.106430 228.212400 67.353012 225.595734
69.780350 229.717400 67.019524 227.104431
69.611080 231.273600 66.844101 228.650772
69.507330 232.885000 66.727791 230.255203
69.413710 234.508900 66.618515 231.863510
69.343880 236.144900 66.528656 233.460800
69.165330 237.775100 66.324104 235.054382
68.850580 239.377200 65.999847 236.591644
68.411010 240.827300 65.515381 237.993805
67.727420 242.111200 64.787201 239.252808
66.803100 243.182900 63.840195 240.351379
65.701790 244.107800 62.711815 241.278168
64.448250 244.782200 61.489204 241.908630
63.080800 245.260000 60.085945 242.390762
61.580750 245.474700 58.570366 242.579346
60.021940 245.545100 57.019436 242.608459
58.373630 245.501300 55.391083 242.528000
56.557790 245.387700 53.606907 242.428787
54.575700 245.267600 51.638771 242.300903
52.422320 245.171900 49.493374 242.208435
50.087930 245.081900 47.145458 242.080887
47.581640 245.008900 44.646961 241.973145
44.918970 244.937600 41.990860 241.822968
42.122820 244.817200 39.175232 241.647415
39.164720 244.672400 36.203281 241.443634
36.057060 244.510700 33.076916 241.220123
32.840100 244.318200 29.858162 240.970108
29.595440 244.119000 26.609768 240.710358
26.356030 243.938500 23.362791 240.481323
23.136280 243.778100 20.134270 240.268906
19.923890 243.574600 16.916405 240.008133
16.771670 243.333700 13.766562 239.721207
13.661940 243.082500 10.678785 239.416901
10.666390 242.818300 7.703560 239.114594
7.814747 242.555200 4.870781 238.823425
5.139292 242.325200 2.203573 238.555878
2.679849 242.118700 -0.247839 238.322174
0.450309 241.930700 -2.470009 238.112076
-1.528966 241.776000 -4.443343 237.932266
-3.228819 241.670700 -6.133004 237.801178
-4.618300 241.633500 -7.507577 237.745590
-5.727634 241.635600 -8.611452 237.737946
-6.594910 241.676300 -9.466768 237.777725
-7.316062 241.736500 -10.189139 237.828964
-7.999830 241.824600 -10.865595 237.918594
-8.668434 241.971800 -11.516148 238.062256
-9.310473 242.159800 -12.145931 238.242004
-10.040280 242.489600 -12.868240 238.548782
-10.900630 242.986700 -13.715958 239.006622
-11.788840 243.696900 -14.622078 239.686035
-12.605680 244.629900 -15.454597 240.594482
-13.325190 245.805400 -16.231834 241.774414
-13.876090 247.212100 -16.798622 243.235672
-14.262280 248.903900 -17.188564 244.943008
-14.456720 250.843200 -17.391754 246.888138
-14.534350 252.994100 -17.480631 249.066025
-14.597030 255.350200 -17.568537 251.429443
-14.667090 257.910700 -17.669498 253.976837
-14.735990 260.649600 -17.775087 256.712616
-14.849520 263.575900 -17.938385 259.624847
-14.957480 266.729800 -18.103107 262.771332
-15.059630 270.015600 -18.274231 266.054932
-15.182710 273.477200 -18.485247 269.491302
-15.303150 277.021400 -18.697542 273.016449
-15.440230 280.658500 -18.905031 276.632538
-15.590580 284.351600 -19.132727 280.279846
-15.764490 288.068200 -19.377451 283.945007
-15.946800 291.811700 -19.643881 287.673004
-16.099940 295.543400 -19.871002 291.396729
-16.260060 299.308400 -20.108501 295.144501
-16.425310 303.105800 -20.332445 298.928406
-16.590140 306.893300 -20.571249 302.703308
-16.756680 310.705900 -20.799257 306.476227
-16.910250 314.536100 -21.024479 310.272156
-17.062160 318.371600 -21.274509 314.088318
-17.211700 322.183300 -21.523106 317.900391
-17.359600 325.995800 -21.777859 321.701294
-17.503240 329.777900 -22.017452 325.484558
-17.652950 333.537700 -22.244007 329.227081
-17.803470 337.274400 -22.468349 332.935577
-17.965510 340.928300 -22.696220 336.562317
-18.139020 344.467400 -22.933823 340.074402
-18.309560 347.827300 -23.169594 343.432098
-18.498430 351.069300 -23.404684 346.653778
-18.657830 354.177800 -23.602924 349.759521
-18.779270 357.113600 -23.766470 352.703949
-18.870160 359.864000 -23.894783 355.451569
-18.946200 362.402300 -24.005968 357.968536
-18.990920 364.711200 -24.102304 360.263245
-19.050610 366.784400 -24.186747 362.297394
-19.150770 368.599600 -24.314617 364.080688
-19.288630 370.232600 -24.496555 365.673157
-19.600770 371.746300 -24.832855 367.116180
-20.181060 373.134000 -25.432137 368.437347
-21.046240 374.352900 -26.233841 369.536621
-22.127780 375.353800 -27.292206 370.487427
-23.457040 376.098400 -28.569855 371.190582
-24.934490 376.556700 -30.048790 371.602814
-26.555040 376.670400 -31.666136 371.648010
-28.276760 376.521700 -33.349800 371.436768
-30.056280 376.231600 -35.123959 371.084900
-31.975970 375.881500 -37.037674 370.717377
-34.041570 375.538800 -39.058624 370.351532
-36.312400 375.174700 -41.302818 369.948273
-38.740670 374.815500 -43.713066 369.536438
-41.349510 374.513500 -46.290279 369.187531
-44.097790 374.260800 -49.033695 368.914398
-47.011360 374.040700 -51.951855 368.676910
-50.040150 373.823900 -54.981926 368.409058
-53.185680 373.618900 -58.101902 368.160461
-56.406270 373.421900 -61.299950 367.920135
-59.653410 373.251300 -64.540588 367.694489
-62.943060 373.083600 -67.811584 367.455566
-66.219570 372.909300 -71.082535 367.221069
-69.486870 372.732000 -74.337654 366.959167
-72.726120 372.532900 -77.573891 366.706726
-75.949990 372.348800 -80.791382 366.453674
-79.132360 372.198800 -83.977669 366.238892
-82.276670 372.085900 -87.113358 366.051147
-85.318380 372.021300 -90.167328 365.919586
-88.202870 371.999200 -93.057808 365.826416
-90.927450 371.989600 -95.788971 365.750031
-93.555550 371.974900 -98.431503 365.675537
-96.169310 371.894100 -101.051895 365.526184
-98.735200 371.699400 -103.615753 365.269562
-101.335900 371.405700 -106.217056 364.922485
-104.006100 371.090100 -108.874802 364.548889
-106.771100 370.792200 -111.640961 364.194916
-109.682200 370.477800 -114.537155 363.827332
-112.739100 370.228500 -117.592201 363.519409
-115.931600 370.036400 -120.768272 363.252808
-119.286600 369.828600 -124.102669 362.987152
-122.729500 369.724600 -127.528419 362.811584
-126.288700 369.671200 -131.070526 362.679108
-129.839700 369.662300 -134.628113 362.587280
-133.385600 369.650900 -138.167725 362.499756
-136.894400 369.634000 -141.684326 362.418793
-140.398100 369.514400 -145.173981 362.227142
-143.862100 369.340500 -148.633743 361.975647
-147.327600 369.166400 -152.090637 361.741089
-150.737000 368.971100 -155.500732 361.475830
-154.158600 368.781900 -158.912842 361.226929
-157.533900 368.539100 -162.266113 360.923920
-160.863100 368.281900 -165.576050 360.594177
-164.185700 368.025000 -168.893173 360.276367
-167.432800 367.748600 -172.141083 359.938690
-170.642400 367.488400 -175.357712 359.626648
-173.841400 367.227100 -178.547104 359.315063
-177.023700 366.951400 -181.726196 358.989380
-180.244500 366.730400 -184.935608 358.705017
-183.473900 366.580900 -188.162338 358.478577
-186.744800 366.472000 -191.362259 358.331421
-190.033500 366.367300 -194.629456 358.154205
-193.355400 366.250500 -197.909546 357.957855
-196.716900 366.188600 -201.266571 357.822388
-200.121200 366.182600 -204.677277 357.760468
-203.540500 366.199800 -208.078217 357.707214
-206.952700 366.227500 -211.471313 357.668823
-210.347900 366.285500 -214.833084 357.645081
-213.706200 366.365900 -218.182663 357.658905
-217.009500 366.481900 -221.467056 357.699951
-220.179700 366.654500 -224.633423 357.803802
-223.191200 366.879000 -227.621338 357.964355
-226.097000 367.114900 -230.523621 358.139221
-228.814800 367.345400 -233.258057 358.325104
-231.386300 367.584000 -235.820892 358.504822
-233.712600 367.887700 -238.146729 358.765137
-235.782000 368.275800 -240.214951 359.109436
-237.675400 368.737900 -242.105331 359.534180
-239.369400 369.206200 -243.816132 359.968506
-240.923900 369.617600 -245.383301 360.354431
-242.343700 369.946600 -246.812180 360.653046
-243.617800 370.200700 -248.100494 360.882111
-244.859400 370.340600 -249.324829 360.990204
-246.077300 370.391700 -250.528275 361.019470
-247.267700 370.379800 -251.707489 360.981171
-248.493500 370.333700 -252.924667 360.912659
-249.783700 370.306600 -254.209137 360.861572
-251.078800 370.299200 -255.502518 360.841187
-252.358200 370.349900 -256.789948 360.857910
-253.632100 370.436500 -258.071136 360.933228
-254.850600 370.581800 -259.288239 361.060089
-255.940600 370.729900 -260.373138 361.176025
-256.915700 370.895600 -261.348175 361.343781
-257.880300 371.026600 -262.308960 361.441498
-258.825300 371.074700 -263.247894 361.481537
-259.790200 371.036700 -264.208313 361.442261
-260.853800 370.865000 -265.234558 361.252716
-261.981300 370.525600 -266.367157 360.909393
-263.149900 369.955400 -267.555603 360.342560
-264.334300 369.128800 -268.658234 359.469849
-265.453200 367.983800 -269.766754 358.314636
-266.451000 366.525200 -270.717316 356.829285
-267.251800 364.723800 -271.492310 355.077087
-267.949500 362.709300 -272.132263 353.090973
-268.506500 360.485200 -272.639282 350.876251
-268.941500 358.026800 -273.025330 348.410797
-269.220400 355.348600 -273.246796 345.746704
-269.448800 352.477300 -273.417419 342.879700
-269.718000 349.407100 -273.614441 339.824402
-269.985700 346.177700 -273.803833 336.588745
-270.257600 342.841000 -273.979370 333.259705
-270.518100 339.408900 -274.142517 329.829651
-270.754500 335.850800 -274.280212 326.269562
-270.955500 332.279200 -274.375793 322.695129
-271.100700 328.699800 -274.425629 319.140472
-271.205200 325.126400 -274.441864 315.564484
-271.267700 321.587300 -274.394379 312.041351
-271.275200 318.070500 -274.296967 308.535919
-271.222900 314.582000 -274.147705 305.058502
-271.120000 311.120600 -273.939758 301.631134
-270.978000 307.683800 -273.689789 298.221619
-270.782700 304.265600 -273.393005 294.837677
-270.528600 300.853100 -273.040924 291.457520
-270.242000 297.429400 -272.680450 288.063141
-269.919600 293.989900 -272.258972 284.669128
-269.545200 290.528500 -271.800537 281.234131
-269.141700 287.042100 -271.301300 277.770508
-268.688300 283.528200 -270.754883 274.320160
-268.188900 279.998100 -270.172241 270.815521
-267.644900 276.438400 -269.541504 267.310638
-267.060700 272.864800 -268.874481 263.775970
-266.415600 269.267600 -268.157349 260.232666
-265.703700 265.659900 -267.374023 256.679932
-264.933700 262.028500 -266.525269 253.117676
-264.083600 258.356100 -265.596130 249.517944
-263.198600 254.694500 -264.607910 245.926819
-262.249500 251.044300 -263.581055 242.364777
-261.237300 247.429800 -262.491882 238.801285
-260.189300 243.839800 -261.368103 235.304550
-259.094000 240.246100 -260.199280 231.779770
-257.955600 236.666200 -258.997131 228.283478
-256.772700 233.104800 -257.754303 224.818665
-255.531300 229.548500 -256.447296 221.330750
-254.248400 226.028100 -255.100098 217.900635
-252.919100 222.544000 -253.708801 214.472778
-251.574800 219.079600 -252.304840 211.087250
-250.208800 215.633800 -250.878540 207.713806
-248.823500 212.212300 -249.419586 204.349930
-247.396200 208.816100 -247.945435 201.016388
-245.924600 205.438400 -246.413574 197.689835
-244.407500 202.096000 -244.846710 194.414200
-242.864900 198.761700 -243.249207 191.166794
-241.279000 195.474400 -241.605545 187.930176
-239.649300 192.235800 -239.922577 184.749176
-237.983200 189.035400 -238.206665 181.636261
-236.298900 185.858800 -236.466919 178.523575
-234.588400 182.702700 -234.694382 175.444061
-232.835600 179.589900 -232.887695 172.391861
-231.009300 176.491000 -231.016144 169.339722
-229.111700 173.245900 -229.093536 166.280472
-227.176300 170.021800 -227.135315 163.199951
-225.177100 166.838100 -225.101273 160.139328
-223.121100 163.678300 -223.014023 157.108398
-221.021800 160.583500 -220.888565 154.125565
-218.906700 157.528200 -218.741409 151.150711
-216.758300 154.516100 -216.540344 148.210510
-214.598900 151.542200 -214.342972 145.296616
-212.419400 148.613400 -212.128754 142.458282
-210.228200 145.723000 -209.900543 139.639236
-207.984500 142.875200 -207.623535 136.867599
-205.709300 140.044600 -205.322693 134.105011
-203.367700 137.252600 -202.953445 131.387787
-200.986900 134.476000 -200.542786 128.678360
-198.545200 131.709700 -198.074982 125.950073
-196.059300 128.939500 -195.554016 123.244293
-193.510200 126.196800 -192.971069 120.559692
-190.897300 123.468900 -190.350037 117.930328
-188.227400 120.762000 -187.685272 115.301437
-185.497000 118.076800 -184.962875 112.678940
-182.724000 115.414700 -182.179749 110.080444
-179.874900 112.756200 -179.327286 107.483658
-176.963500 110.129700 -176.423096 104.924904
-174.022700 107.478800 -173.488449 102.365097
-171.062700 104.830200 -170.529343 99.816444
-168.072200 102.205400 -167.538971 97.277031
-165.063500 99.572080 -164.515472 94.725983
-162.094200 96.925240 -161.535904 92.171982
-159.158100 94.245620 -158.579300 89.551704
-156.222000 91.591220 -155.637100 86.984390
-153.302600 88.949020 -152.687576 84.405632
-150.415700 86.290970 -149.801270 81.852493
-147.525700 83.616700 -146.906143 79.262115
-144.616800 80.967880 -143.977142 76.684937
-141.680000 78.334030 -141.027390 74.128807
-138.744900 75.701910 -138.083542 71.558731
-135.803000 73.066790 -135.156021 68.993851
-132.863800 70.434610 -132.223511 66.442917
-129.933000 67.796650 -129.289886 63.887238
-127.009300 65.165490 -126.360199 61.315437
-124.094300 62.565200 -123.433403 58.772873
-121.185800 59.961850 -120.512848 56.234764
-118.275800 57.358150 -117.595840 53.680527
-115.383500 54.746480 -114.695892 51.132156
-112.487100 52.132910 -111.778961 48.584927
-109.563100 49.507800 -108.850525 46.042694
-106.649400 46.882310 -105.921722 43.484573
-103.717200 44.240620 -102.963821 40.930122
-100.776700 41.607720 -100.014076 38.386707
-97.815960 38.955960 -97.050804 35.821091
-94.863170 36.299440 -94.093575 33.248871
-91.884440 33.643060 -91.081978 30.664282
-88.909720 30.989760 -88.114594 28.083174
-85.917480 28.322680 -85.132004 25.509733
-82.929050 25.668410 -82.122498 22.925037
-79.941980 23.038030 -79.122757 20.364380
-76.962720 20.421650 -76.160454 17.839697
-74.007520 17.823510 -73.202850 15.325228
-71.092400 15.226900 -70.301163 12.797550
-68.209240 12.634500 -67.404732 10.271168
-65.354250 10.051970 -64.543472 7.764853
-62.542350 7.481356 -61.712250 5.259893
-59.754040 4.927046 -58.907352 2.758352
-57.009180 2.422195 -56.151726 0.328756
-54.340090 0.009828 -53.488434 -2.032154
-51.766990 -2.296378 -50.909508 -4.281204
-49.260900 -4.526641 -48.374405 -6.485468
-46.853800 -6.677798 -45.949257 -8.610107
-44.569730 -8.685225 -43.643883 -10.565744
-42.404320 -10.528340 -41.463699 -12.381662
-40.364200 -12.198710 -39.413925 -14.015646
-38.389800 -13.695430 -37.413445 -15.506492
-36.423220 -15.003710 -35.444511 -16.779238
-34.423200 -16.097900 -33.442417 -17.845703
-32.364650 -16.913830 -31.395866 -18.644157
-30.265120 -17.411740 -29.317051 -19.122622
-28.163420 -17.604910 -27.247604 -19.269869
-26.110560 -17.459960 -25.249899 -19.091461
-24.143360 -16.987220 -23.357285 -18.624895
-22.296980 -16.217800 -21.554680 -17.834049
-20.604650 -15.231400 -19.887144 -16.846766
-19.008910 -14.153640 -18.296379 -15.749154
-17.427180 -13.090130 -16.728453 -14.654732
-15.874640 -12.069320 -15.189211 -13.610389
-14.363580 -11.106930 -13.676181 -12.614546
-12.922670 -10.242620 -12.231172 -11.711266
-11.574780 -9.466819 -10.873248 -10.895558
-10.317910 -8.788752 -9.614279 -10.181162
-9.188230 -8.193104 -8.489566 -9.551677
-8.211014 -7.716742 -7.514416 -9.031778
-7.426664 -7.335419 -6.730495 -8.616655
-6.732949 -7.004384 -6.049543 -8.260993
-6.081177 -6.624412 -5.392735 -7.878106
-5.489078 -6.233971 -4.798225 -7.490527
-4.934984 -5.802268 -4.252085 -7.051541
-4.339961 -5.285216 -3.653560 -6.518720
-3.697865 -4.592905 -3.036876 -5.842246
-3.037676 -3.769289 -2.373101 -5.019471
-2.408137 -2.790908 -1.773062 -4.042906
-1.801721 -1.625169 -1.183118 -2.892426
-1.269630 -0.215074 -0.661661 -1.494458
-0.812186 1.417145 -0.219496 0.116504
-0.577413 3.304554 0.027163 1.932038
-0.470925 5.426109 0.149724 3.967697
-0.476637 7.694492 0.106752 6.154510
-0.570738 10.119870 -0.013886 8.534225
-0.648451 12.686750 -0.132260 11.081793
-0.748385 15.378500 -0.283687 13.747702
-0.860824 18.191740 -0.422668 16.554443
-0.998219 21.084400 -0.587285 19.459383
-1.176238 24.100490 -0.796130 22.461533
-1.395968 27.224660 -1.050081 25.565937
-1.640741 30.420880 -1.335620 28.743185
-1.879320 33.664680 -1.617860 31.981775
-2.150183 36.923590 -1.929616 35.210049
-2.397389 40.249040 -2.236275 38.477512
-2.638864 43.594280 -2.529363 41.751324
-2.848280 46.962570 -2.795431 45.118729
-3.041372 50.356970 -3.036373 48.492928
-3.212653 53.820380 -3.274169 51.907402
-3.380992 57.307360 -3.502074 55.366646
-3.567609 60.834770 -3.741604 58.859974
-3.786600 64.385720 -4.012985 62.396267
-3.981904 67.973540 -4.271392 65.959236
-4.173959 71.565920 -4.533414 69.529984
-4.396788 75.106490 -4.787943 73.051941
-4.593996 78.623730 -5.034460 76.580795
-4.800834 82.136440 -5.271004 80.094963
-5.016400 85.597270 -5.536757 83.541290
-5.214554 89.008160 -5.790289 86.927666
-5.369648 92.435540 -5.981246 90.296928
-5.524006 95.827610 -6.191353 93.683968
