-0.000000 0.000000 0.000000 0.000000
-0.031067 2.888054 -0.010026 2.853570
-0.064585 5.738958 -0.008456 5.668892
-0.101303 8.535486 -0.028722 8.434919
-0.142195 11.339520 -0.051851 11.215228
-0.184906 14.041360 -0.083700 13.935679
-0.236713 16.743090 -0.122993 16.635139
-0.293743 19.414190 -0.175810 19.304180
-0.351775 22.037930 -0.237151 21.940212
-0.412104 24.615430 -0.302285 24.499487
-0.469077 27.080370 -0.382780 26.988918
-0.537729 29.454710 -0.462128 29.360353
-0.609883 31.753310 -0.549976 31.681166
-0.707028 33.962280 -0.644563 33.902397
-0.822501 36.085730 -0.747215 36.042171
-0.935694 38.111240 -0.868617 38.081570
-1.022967 40.037480 -0.966787 40.006535
-1.107347 41.890890 -1.039824 41.886925
-1.156523 43.592390 -1.090153 43.595802
-1.165281 45.110470 -1.091187 45.135014
-1.139704 46.435620 -1.067550 46.487389
-1.077742 47.567320 -1.008485 47.628353
-1.006263 48.450880 -0.933623 48.537575
-0.897746 49.232390 -0.815079 49.337841
-0.757712 49.986150 -0.670717 50.112114
-0.562625 50.707270 -0.468654 50.829628
-0.317219 51.420200 -0.216092 51.559483
0.000274 52.129820 0.101110 52.267403
0.427978 52.800310 0.546768 52.946102
0.965237 53.472800 1.092155 53.620674
1.658262 54.153430 1.783136 54.306835
2.612681 54.789880 2.709432 54.966434
3.766145 55.335410 3.881548 55.558971
5.103719 55.721430 5.236273 56.008186
6.612372 55.902800 6.748221 56.236881
8.209580 55.971350 8.348403 56.330341
9.933246 55.981820 10.072982 56.338863
11.755010 55.963040 11.905010 56.306419
13.673080 55.883300 13.831235 56.244808
15.697980 55.779010 15.895922 56.176945
17.784720 55.672100 18.031013 56.101170
19.978240 55.590270 20.234713 56.047306
22.167140 55.510110 22.473152 55.998131
24.373310 55.484540 24.704729 55.986591
26.568060 55.472620 26.938576 55.987457
28.777650 55.510270 29.184471 56.011597
30.985590 55.548590 31.453045 56.054768
33.207400 55.613480 33.742657 56.144638
35.442520 55.709300 36.016373 56.237709
37.704740 55.826600 38.325596 56.371525
40.002200 55.976310 40.638565 56.525520
42.339510 56.141300 42.966389 56.704758
44.713720 56.343910 45.341988 56.912788
47.122240 56.605330 47.736599 57.171394
49.540680 56.921620 50.172211 57.496902
51.989070 57.297260 52.600296 57.864384
54.343180 57.698510 54.959686 58.260017
56.645460 58.120330 57.287491 58.707165
58.876010 58.567270 59.538960 59.159279
61.013190 59.021080 61.688751 59.614445
63.055930 59.468430 63.743176 60.074200
65.032810 59.902180 65.750206 60.513695
66.922080 60.298360 67.644760 60.916813
68.724720 60.677920 69.455147 61.303196
70.449950 61.033000 71.202759 61.649597
72.086540 61.346730 72.862663 61.959957
73.701140 61.657010 74.498871 62.264523
75.335240 61.944750 76.143723 62.551044
76.992600 62.291350 77.818123 62.918064
78.692590 62.691950 79.526123 63.315964
80.453400 63.179850 81.295837 63.815624
82.265790 63.740490 83.119431 64.384529
84.194030 64.399810 85.034172 65.035522
86.224450 65.153770 87.045021 65.776367
88.357870 65.993410 89.162041 66.601891
90.502450 66.907090 91.286469 67.504807
92.609040 67.903710 93.396149 68.466537
94.633120 68.920130 95.443680 69.445267
96.583420 69.912990 97.414833 70.412651
98.435050 70.883890 99.291054 71.373909
100.212200 71.816210 101.089561 72.291679
101.905500 72.735820 102.815392 73.190483
103.511500 73.620900 104.463776 74.088806
105.060100 74.482340 106.006104 74.893616
106.565000 75.343110 107.518639 75.756851
108.028900 76.228830 108.968887 76.630554
109.484600 77.160920 110.408203 77.555481
111.012500 78.171090 111.900917 78.564064
112.582900 79.246780 113.442627 79.657120
114.228600 80.425890 115.043526 80.837608
115.947600 81.729260 116.720169 82.130402
117.700100 83.151090 118.438263 83.542137
119.523000 84.685210 120.260498 85.087997
121.433400 86.292660 122.158005 86.694107
123.377700 87.978210 124.094719 88.401054
125.311100 89.753620 126.005188 90.175362
127.275600 91.596860 127.985870 92.016083
129.224500 93.463900 129.935669 93.878304
131.149100 95.403230 131.873367 95.816765
133.059000 97.419260 133.791000 97.794479
134.953900 99.488560 135.691376 99.842270
136.852800 101.578900 137.597488 101.908096
138.768400 103.700800 139.484238 104.014931
140.668600 105.771500 141.400757 106.123619
142.593300 107.805600 143.314056 108.146667
144.499400 109.783900 145.203949 110.146370
146.448400 111.754000 147.125473 112.104782
148.396300 113.639400 149.069397 113.983307
150.376300 115.438400 151.031982 115.841843
152.404100 117.222400 153.027100 117.657173
154.478600 118.989300 155.072021 119.443565
156.645400 120.724500 157.193604 121.235336
158.905800 122.432200 159.382568 122.955193
161.194700 124.063600 161.665298 124.626549
163.498700 125.601900 163.953674 126.220360
165.800800 127.092000 166.239899 127.740341
168.046900 128.527100 168.446793 129.162567
170.193100 129.881700 170.630447 130.537979
172.320500 131.175000 172.776978 131.808258
174.354500 132.418200 174.826767 133.047302
176.353200 133.630800 176.849304 134.257706
178.293700 134.777800 178.792023 135.390076
180.174800 135.863800 180.711441 136.474594
181.990300 136.890800 182.569977 137.508377
183.746700 137.844100 184.371140 138.466431
185.502900 138.752600 186.153091 139.371704
187.316700 139.650000 187.997513 140.274155
189.197800 140.526600 189.904434 141.151855
191.166700 141.381000 191.878494 142.002533
193.245000 142.204500 193.970993 142.828323
195.460000 143.026300 196.188110 143.645996
197.772100 143.833600 198.499725 144.456268
200.145100 144.607400 200.887939 145.227844
202.692400 145.397600 203.422318 146.002762
205.249500 146.171900 205.981186 146.796906
207.860900 146.926000 208.611816 147.564224
210.549200 147.643600 211.298248 148.271790
213.300400 148.348200 214.078964 148.980362
216.084100 149.048900 216.885422 149.682968
218.860300 149.726200 219.694077 150.359497
221.644800 150.382100 222.504532 151.019119
224.412100 151.021800 225.286118 151.658417
227.167600 151.643200 228.106644 152.294724
229.918900 152.230300 230.920746 152.893463
232.689500 152.785800 233.709747 153.441574
235.449300 153.313200 236.486511 153.961456
238.199800 153.803200 239.256531 154.448654
240.934200 154.256400 242.015289 154.912354
243.668800 154.668400 244.775040 155.336533
246.368400 155.041200 247.501907 155.718323
249.069800 155.358200 250.227692 156.043686
251.725900 155.632800 252.864456 156.324463
254.402400 155.881300 255.557434 156.578888
257.042800 156.089700 258.203094 156.784912
259.660100 156.224000 260.837067 156.933105
262.271700 156.315800 263.470459 157.033401
264.865700 156.356900 266.065521 157.057144
267.459400 156.359600 268.692352 157.056488
270.039500 156.343700 271.279633 157.039185
272.588200 156.330000 273.838776 157.030289
275.056200 156.330100 276.322052 157.023102
277.448400 156.359600 278.723846 157.052673
279.738200 156.429500 281.024445 157.117737
281.938200 156.520200 283.252106 157.207062
284.012100 156.634000 285.355225 157.297897
285.967000 156.761600 287.296783 157.426682
287.810800 156.898300 289.141602 157.561646
289.549300 157.041600 290.889709 157.714172
291.199000 157.180400 292.531738 157.855804
292.759600 157.324200 294.093750 158.011703
294.237400 157.467800 295.536285 158.170013
295.702000 157.617000 297.004028 158.318756
297.209000 157.765400 298.524841 158.472748
298.767900 157.889400 300.093140 158.598572
300.432800 158.016900 301.759369 158.736908
302.189300 158.141600 303.533600 158.864578
304.038500 158.267800 305.396545 158.985229
305.995200 158.405700 307.342682 159.127350
308.048700 158.531900 309.404388 159.261734
310.174500 158.661100 311.557526 159.381470
312.381400 158.771100 313.767853 159.497314
314.676200 158.867600 316.073334 159.585312
317.037300 158.975500 318.445282 159.690094
319.477900 159.096700 320.888275 159.810791
321.983300 159.231700 323.376862 159.934570
324.556700 159.385400 325.976471 160.083008
327.199000 159.561700 328.590607 160.253555
329.888000 159.763100 331.298431 160.469742
332.606500 159.992500 334.034973 160.703262
335.346200 160.242300 336.815521 160.939987
338.087800 160.502200 339.595215 161.193970
340.808300 160.751300 342.365051 161.455643
343.520500 160.989100 345.116669 161.707977
346.223500 161.227200 347.824432 161.967499
348.906500 161.474100 350.541443 162.221176
351.590100 161.717700 353.226959 162.472198
354.273100 161.969400 355.922089 162.752213
356.966000 162.239900 358.611267 163.064484
359.666600 162.550200 361.287048 163.432312
362.375700 162.896300 363.962036 163.840668
365.062800 163.323000 366.623077 164.336609
367.727000 163.850800 369.296265 164.888229
370.348600 164.475400 371.928284 165.514221
372.964400 165.138700 374.549744 166.183960
375.599800 165.826700 377.187805 166.890152
378.229900 166.566100 379.831604 167.650772
380.801800 167.357500 382.431610 168.439606
383.318400 168.171800 384.995544 169.252747
385.808200 169.013900 387.531860 170.101578
388.246500 169.856400 390.019592 170.940079
390.650800 170.695000 392.481476 171.777115
393.014800 171.503500 394.862396 172.568207
395.404400 172.284100 397.263550 173.354355
397.780400 173.063700 399.660309 174.139069
400.205400 173.874000 402.096161 174.942307
402.725900 174.699400 404.586060 175.765427
405.238700 175.529800 407.168304 176.616287
407.810400 176.369600 409.753998 177.467651
410.380800 177.246300 412.369690 178.333176
412.944100 178.091800 414.946930 179.208023
415.502100 178.907300 417.483765 180.067673
417.987000 179.722000 419.972198 180.907196
420.400700 180.499000 422.368500 181.724808
422.723500 181.229600 424.659424 182.478226
424.970600 181.953100 426.893799 183.231171
427.191300 182.654700 429.093384 183.952347
429.364900 183.330700 431.287659 184.652969
431.542400 184.015100 433.446655 185.335938
433.709700 184.706100 435.608521 186.030411
435.894400 185.396800 437.808105 186.741150
437.987000 186.094800 439.924713 187.440903
439.976500 186.775400 441.945618 188.132294
441.889500 187.423200 443.848511 188.800293
443.709700 188.041300 445.687073 189.433914
445.449300 188.641500 447.431122 190.043625
447.056300 189.201200 449.081116 190.627136
448.590500 189.739900 450.623199 191.186966
450.015000 190.249300 452.050354 191.705856
451.352700 190.721500 453.419128 192.196152
452.596100 191.161200 454.659760 192.649567
453.710200 191.550200 455.810272 193.045654
454.731200 191.911400 456.851624 193.414917
455.653200 192.246800 457.788422 193.759796
456.505300 192.533700 458.662872 194.039459
457.319300 192.826200 459.486053 194.329590
458.109900 193.111500 460.278107 194.611679
458.896600 193.410900 461.088074 194.911469
459.697700 193.760100 461.887451 195.247635
460.531700 194.165900 462.735687 195.652679
461.370300 194.631800 463.566376 196.087494
462.158600 195.139900 464.337097 196.587585
462.899600 195.612800 465.081451 197.065674
463.586200 195.962000 465.787720 197.446381
464.354300 196.273600 466.505554 197.751114
465.139400 196.550800 467.284332 198.043365
465.948600 196.799800 468.041992 198.232773
466.714000 197.006300 468.812103 198.452499
467.409700 197.209000 469.492767 198.654526
468.004600 197.427000 470.097809 198.898041
468.491000 197.643300 470.585815 199.135040
468.884200 197.788300 470.973175 199.322861
469.204000 197.984300 471.279572 199.550491
469.473000 198.134800 471.536835 199.732681
469.708700 198.262200 471.752075 199.900558
469.857800 198.400100 471.912842 200.074341
469.984600 198.505100 472.039764 200.184143
470.093200 198.600100 472.153595 200.284866
