0.000000 0.000000 0.000000 -0.000000
-0.007832 1.689225 -0.009074 1.684570
-0.029694 3.390281 -0.038859 3.375975
-0.070081 5.150463 -0.070326 5.144980
-0.123858 6.989627 -0.117509 6.991098
-0.184475 8.978383 -0.168595 8.980654
-0.253794 11.064230 -0.233145 11.070218
-0.296212 13.335200 -0.298521 13.354110
-0.345120 15.748820 -0.370269 15.776382
-0.368644 18.288060 -0.422910 18.339018
-0.406558 20.990620 -0.499274 21.078472
-0.450732 23.849210 -0.566665 23.951784
-0.505576 26.794890 -0.642631 26.901075
-0.567916 29.817300 -0.728202 29.946507
-0.634186 32.902500 -0.819783 33.052258
-0.704629 36.067260 -0.904231 36.236156
-0.763742 39.276990 -1.000893 39.473148
-0.840559 42.506460 -1.116848 42.736813
-0.944805 45.707290 -1.224886 45.976555
-1.050114 48.934630 -1.341066 49.246052
-1.142897 52.159540 -1.450241 52.516148
-1.248790 55.372460 -1.548443 55.766254
-1.352181 58.600620 -1.640551 59.020992
-1.444555 61.847430 -1.728163 62.304333
-1.528092 65.085270 -1.837762 65.572411
-1.623511 68.349680 -1.952001 68.871330
-1.697570 71.605970 -2.039367 72.172806
-1.784427 74.842930 -2.139597 75.457077
-1.892754 78.044640 -2.240295 78.706947
-2.009246 81.241000 -2.360216 81.929253
-2.118145 84.381460 -2.476972 85.118156
-2.224921 87.410700 -2.589879 88.189072
-2.344772 90.265560 -2.710938 91.066833
-2.486719 92.915770 -2.863041 93.748581
-2.649588 95.352060 -3.023003 96.193855
-2.827593 97.533080 -3.177179 98.367775
-2.992555 99.437370 -3.344625 100.291954
-3.132396 101.119600 -3.474272 101.987396
-3.196722 102.604300 -3.530380 103.492096
-3.182672 103.907400 -3.492688 104.785835
-3.061832 105.116200 -3.361246 106.012314
-2.813888 106.240500 -3.108912 107.155853
-2.431748 107.285400 -2.741625 108.166512
-1.921488 108.234600 -2.251919 109.095001
-1.282825 109.049600 -1.619648 109.930710
-0.530716 109.791000 -0.845894 110.707039
0.374458 110.404000 0.079823 111.279312
1.408134 110.856700 1.142029 111.768623
2.533142 111.185100 2.260248 112.091469
3.783818 111.364400 3.528505 112.259277
5.173439 111.489500 4.898739 112.382385
6.728517 111.518300 6.472513 112.406013
8.447661 111.482200 8.193831 112.381165
10.365340 111.411600 10.102764 112.313690
12.440570 111.376600 12.189601 112.293846
14.658270 111.336300 14.412149 112.265465
16.980990 111.294300 16.758677 112.231529
19.371510 111.225100 19.166271 112.181969
21.827520 111.168600 21.661812 112.134644
24.338230 111.128000 24.190113 112.087723
26.865460 111.086600 26.741369 112.032005
29.340250 111.018500 29.238890 111.962761
31.824380 110.949500 31.740726 111.900017
34.255590 110.895700 34.184170 111.849190
36.655720 110.832300 36.625797 111.791725
39.023530 110.760300 38.964321 111.704475
41.348270 110.661800 41.288754 111.609062
43.625630 110.563400 43.590115 111.521889
45.778700 110.472200 45.724636 111.419395
47.871130 110.381700 47.825188 111.330246
49.939530 110.289100 49.888870 111.229752
51.971720 110.194600 51.927982 111.136902
53.966400 110.084400 53.925991 111.018082
55.968740 109.922700 55.956085 110.862000
58.012520 109.724900 58.034065 110.672913
60.142410 109.502900 60.170578 110.448143
62.329410 109.265100 62.364426 110.220764
64.563430 109.013700 64.614273 109.982033
66.805840 108.790700 66.839142 109.724869
69.024790 108.566800 69.070473 109.479599
71.274060 108.316000 71.313309 109.213997
73.551630 108.056300 73.597717 108.942993
75.878910 107.783000 75.941589 108.659378
78.249380 107.482800 78.313721 108.344421
80.656160 107.159100 80.732880 108.010200
83.128450 106.823200 83.214035 107.655067
85.650170 106.498800 85.763245 107.341850
88.195570 106.179900 88.314804 107.013992
90.756270 105.878900 90.879410 106.701523
93.347120 105.574100 93.472588 106.393089
95.936460 105.267700 96.070221 106.081215
98.498850 104.969700 98.640762 105.784607
101.043100 104.696300 101.206558 105.516197
103.535900 104.414000 103.732391 105.229828
105.990700 104.117400 106.210609 104.929131
108.401400 103.830100 108.638199 104.645409
110.756600 103.530500 111.016029 104.343452
113.078300 103.210700 113.345070 104.009445
115.356600 102.887000 115.652298 103.676468
117.639100 102.533100 117.936264 103.334663
119.873200 102.178000 120.210556 102.963516
122.079200 101.811900 122.467049 102.595146
124.272600 101.407700 124.691086 102.186424
126.424700 100.975200 126.868668 101.753891
128.537100 100.456100 128.998520 101.226219
130.617700 99.856810 131.108582 100.627296
132.667800 99.216070 133.181427 99.978424
134.687400 98.553530 135.200897 99.297394
136.660100 97.926510 137.182571 98.691673
138.607400 97.314350 139.127411 98.078369
140.503400 96.738880 141.037613 97.518547
142.369000 96.204360 142.900391 96.994591
144.202100 95.695640 144.734894 96.491112
145.980300 95.244100 146.493134 96.061569
147.725300 94.841610 148.224701 95.668571
149.451200 94.497860 149.956558 95.330826
151.160400 94.251030 151.663132 95.108383
152.853900 94.142140 153.345062 95.017639
154.532700 94.132680 155.037933 95.024963
156.196500 94.120650 156.694855 95.003166
157.821400 94.007330 158.309418 94.874458
159.401200 93.838200 159.885834 94.694450
160.938600 93.578160 161.427551 94.427269
162.417600 93.276270 162.928268 94.115799
163.854200 92.938740 164.382401 93.768898
165.277700 92.622550 165.803391 93.424149
166.674900 92.299640 167.227722 93.087563
168.125300 91.946090 168.664703 92.709656
169.638900 91.526300 170.187943 92.277328
171.214100 91.062420 171.770187 91.802292
172.836600 90.569120 173.401291 91.287628
174.480800 90.035230 175.069214 90.745316
176.115700 89.513510 176.724518 90.218597
177.736600 89.009020 178.360992 89.699219
179.315600 88.539550 179.987640 89.210846
180.808000 88.123170 181.483185 88.773788
182.185700 87.753480 182.875717 88.386986
183.432400 87.482040 184.116913 88.098572
184.623100 87.293670 185.256668 87.918228
185.803900 87.231550 186.437698 87.836823
186.952000 87.297830 187.577042 87.893982
188.068600 87.451920 188.667297 88.062485
189.154900 87.728640 189.768860 88.331917
190.233600 88.157250 190.821716 88.756493
191.320100 88.781620 191.896561 89.371788
192.410500 89.600550 192.973083 90.178230
193.454200 90.684490 194.044830 91.266624
194.437900 91.988930 195.001770 92.532173
195.378100 93.548950 195.941391 94.078308
196.271500 95.327110 196.832687 95.833603
197.137400 97.277400 197.718063 97.795479
197.949900 99.411050 198.534485 99.942337
198.716100 101.702700 199.292053 102.216690
199.516800 104.092500 200.106903 104.617249
200.371000 106.590800 200.957169 107.116203
201.252400 109.169500 201.847931 109.703720
202.151000 111.754400 202.754547 112.317970
203.059200 114.350500 203.655426 114.927025
203.983900 117.000400 204.567383 117.557152
204.857600 119.562000 205.465851 120.193909
205.735000 122.179100 206.354858 122.841103
206.598600 124.790300 207.230713 125.476868
207.440900 127.377400 208.079590 128.089386
208.242800 129.908400 208.889420 130.632675
208.997300 132.350000 209.650955 133.093277
209.687300 134.653600 210.346909 135.408173
210.315800 136.812600 210.989471 137.588928
210.853400 138.781000 211.522079 139.550629
211.314900 140.528100 212.003021 141.325455
211.724000 142.072000 212.407303 142.856445
212.087800 143.489600 212.765320 144.265289
212.418900 144.848700 213.096451 145.633423
212.644500 146.170800 213.340271 146.960052
212.735200 147.467000 213.410248 148.267731
212.655400 148.727700 213.341217 149.432678
212.394800 149.931200 213.084641 150.608398
211.967700 151.060900 212.692352 151.679840
211.327800 152.041400 212.088028 152.682449
210.570500 152.900300 211.365524 153.551956
209.690200 153.609600 210.452301 154.168839
208.709700 154.127900 209.510559 154.662842
207.628600 154.446600 208.467758 155.015701
206.514300 154.663600 207.390930 155.225571
205.342600 154.839800 206.237396 155.404449
204.054700 154.916400 204.993011 155.509415
202.653200 155.003000 203.599228 155.625061
201.071000 155.004800 201.997925 155.653763
199.317900 154.934200 200.203201 155.590164
197.401000 154.857200 198.264313 155.526749
195.316900 154.772000 196.137314 155.452759
193.070500 154.750200 193.864578 155.455399
190.668800 154.808600 191.431061 155.532440
188.123400 154.966400 188.855530 155.687897
185.505500 155.209900 186.210892 155.936966
182.877200 155.502600 183.558838 156.226532
180.229400 155.806300 180.888306 156.548218
177.558300 156.111000 178.195892 156.874466
174.880600 156.428400 175.495514 157.209961
172.210900 156.745600 172.815048 157.541290
169.531800 157.057600 170.116028 157.856598
166.857300 157.367500 167.435272 158.170776
164.166400 157.687700 164.747864 158.492844
161.543900 158.015100 162.090958 158.826141
158.917500 158.348300 159.447113 159.160629
156.307000 158.685700 156.815704 159.501953
153.701700 159.029500 154.185257 159.850067
151.074500 159.379400 151.546631 160.200714
148.417600 159.744000 148.857788 160.564743
145.726100 160.131500 146.152039 160.947281
143.006700 160.516800 143.434311 161.333435
140.244900 160.894500 140.661179 161.716461
137.441200 161.249200 137.836792 162.062943
134.595200 161.560200 134.988617 162.370987
131.711200 161.840600 132.089264 162.648651
128.789000 162.129400 129.143860 162.940155
125.847000 162.402500 126.176239 163.224014
122.922800 162.662800 123.215332 163.498077
120.011500 162.917000 120.297905 163.764557
117.096200 163.164900 117.371216 164.026733
114.183400 163.417600 114.439522 164.302124
111.271300 163.676400 111.514793 164.567688
108.360000 163.930000 108.588562 164.836166
105.444700 164.185400 105.651627 165.103195
102.540700 164.434900 102.733475 165.365967
99.644400 164.672400 99.832123 165.608109
96.744730 164.928100 96.917740 165.877518
93.849290 165.223100 94.015419 166.178864
90.952140 165.530200 91.113045 166.492035
88.065380 165.851200 88.207573 166.826584
85.150470 166.191600 85.269585 167.173492
82.242610 166.531500 82.342346 167.509232
79.311830 166.862600 79.379555 167.841461
76.393260 167.201900 76.417007 168.188126
73.438700 167.538900 73.479111 168.518463
70.485150 167.863400 70.485939 168.842560
67.519840 168.167700 67.495102 169.156509
64.540850 168.441900 64.510956 169.430267
61.540400 168.697200 61.501076 169.694092
58.537190 168.941400 58.476128 169.943375
55.533930 169.185000 55.451221 170.193451
52.543330 169.420200 52.461617 170.434433
49.571870 169.640200 49.495850 170.656281
46.635500 169.839600 46.537384 170.852203
43.710130 170.017100 43.616180 171.036179
40.823360 170.176600 40.710232 171.204590
37.953040 170.328300 37.845657 171.364151
35.132860 170.473500 35.014462 171.527313
32.385260 170.602800 32.242706 171.669296
29.704360 170.713400 29.551748 171.787292
27.093420 170.807100 26.932480 171.899246
24.583170 170.877300 24.411943 171.987518
22.209330 170.937800 22.035526 172.073975
19.944280 171.027800 19.760185 172.180557
17.748010 171.142200 17.532146 172.308380
15.606760 171.273100 15.370065 172.449326
13.545460 171.403600 13.298753 172.577682
11.568070 171.540200 11.299882 172.724030
9.709170 171.687300 9.424794 172.874741
7.998637 171.853700 7.699863 173.036087
6.432635 172.024100 6.123325 173.200256
4.995356 172.227700 4.669962 173.387405
3.674361 172.460800 3.321611 173.625931
2.475555 172.738700 2.103580 173.899704
1.394096 173.060700 1.018044 174.217667
0.435287 173.448800 0.056091 174.598633
-0.481995 173.905100 -0.870110 175.030518
-1.324858 174.456900 -1.696114 175.552704
-2.065394 175.091700 -2.477837 176.154251
-2.762100 175.808500 -3.142754 176.876556
-3.408457 176.720100 -3.804848 177.771637
-3.994755 177.763900 -4.382721 178.806168
-4.506015 178.951500 -4.897617 180.010742
-4.930925 180.367000 -5.325386 181.418350
-5.212692 181.952900 -5.586382 183.006927
-5.351521 183.714600 -5.708848 184.785553
-5.392321 185.625500 -5.737633 186.694916
-5.387940 187.682900 -5.720510 188.775162
-5.372151 189.871900 -5.689829 190.986404
-5.386586 192.193400 -5.695009 193.319061
-5.406023 194.585200 -5.723571 195.720230
-5.440439 197.017600 -5.752943 198.190643
-5.475977 199.456500 -5.806061 200.639587
-5.514842 201.934200 -5.852243 203.125046
-5.560062 204.406700 -5.910567 205.613281
-5.616804 206.863600 -5.987320 208.076401
-5.692115 209.294100 -6.064627 210.520187
-5.775682 211.678200 -6.156012 212.899078
-5.860771 213.990100 -6.248787 215.210861
-5.940900 216.159300 -6.334055 217.386597
-6.023283 218.169400 -6.418106 219.406342
-6.114588 220.000600 -6.512714 221.237579
-6.209081 221.641100 -6.615012 222.893188
-6.290085 223.094700 -6.699220 224.358948
-6.323739 224.427000 -6.748460 225.716339
-6.274326 225.732300 -6.692616 227.027374
-6.132258 226.985000 -6.539621 228.303467
-5.842543 228.167200 -6.236019 229.486023
-5.392446 229.278300 -5.796318 230.579468
-4.842747 230.275700 -5.269112 231.609879
-4.162700 231.192700 -4.609047 232.511475
-3.339169 232.032200 -3.762779 233.389542
-2.397566 232.795000 -2.784592 234.166718
-1.278517 233.345000 -1.671585 234.691483
0.002398 233.849400 -0.367294 235.209290
1.451824 234.167300 1.092194 235.516678
3.063341 234.394700 2.745789 235.761261
4.818404 234.521700 4.520510 235.910934
6.718857 234.529500 6.425589 235.901367
8.771869 234.476900 8.466479 235.840897
10.950050 234.353500 10.703575 235.736099
13.283690 234.242600 13.010393 235.619492
15.698180 234.114100 15.416195 235.500748
18.109840 234.011200 17.829556 235.397583
20.538930 233.937000 20.257812 235.327271
23.000350 233.896100 22.704529 235.274994
25.454510 233.895700 25.158768 235.243988
27.927720 233.889300 27.642160 235.209991
30.407900 233.872000 30.145864 235.180298
32.882140 233.853600 32.634197 235.137619
35.338500 233.829000 35.101768 235.090698
37.779520 233.790500 37.568253 235.033676
40.179400 233.727500 39.984032 234.958191
42.552300 233.662400 42.358639 234.877747
44.907840 233.595600 44.729122 234.809311
47.226940 233.520600 47.072479 234.719406
49.522840 233.434600 49.385536 234.633011
51.803140 233.370200 51.673409 234.540573
54.049950 233.306500 53.923195 234.459366
56.280590 233.226500 56.176521 234.371231
58.445580 233.147900 58.360218 234.281509
60.619970 233.086700 60.534569 234.211960
62.750480 233.037500 62.675781 234.154404
64.846290 232.998000 64.783569 234.107193
66.907940 232.934300 66.848030 234.031021
68.927460 232.866900 68.863663 233.947708
70.887740 232.814900 70.820084 233.883179
72.825750 232.758300 72.748611 233.816299
74.737930 232.699000 74.658531 233.761856
76.618370 232.622200 76.555466 233.686996
78.487810 232.513200 78.440262 233.590118
80.415420 232.376500 80.363800 233.454453
82.423060 232.187700 82.374557 233.264023
84.524370 231.969700 84.509949 233.057297
86.709120 231.699600 86.710701 232.789444
89.024130 231.380400 89.010178 232.463211
91.467840 231.021200 91.448769 232.097458
94.024580 230.649200 94.019684 231.721832
96.704300 230.258000 96.716568 231.323883
99.500260 229.890100 99.505829 230.958221
102.390800 229.569300 102.410118 230.651596
105.358500 229.285100 105.365738 230.341599
108.344900 229.013100 108.341232 230.068710
111.363200 228.734900 111.383362 229.790268
114.373200 228.477600 114.390976 229.543442
117.360000 228.229400 117.399704 229.297974
120.339400 228.001300 120.385307 229.061646
123.309400 227.796900 123.374199 228.862747
126.241200 227.623100 126.335197 228.697433
129.151600 227.477500 129.263824 228.546234
132.012600 227.318900 132.132629 228.379547
134.854400 227.154700 134.984253 228.216309
137.658300 226.984100 137.813049 228.045624
140.441600 226.780700 140.604156 227.826340
143.209300 226.535400 143.396790 227.585236
145.977400 226.238300 146.197128 227.281952
148.746000 225.862600 149.005554 226.896606
151.518600 225.402500 151.779724 226.442871
154.265800 224.858900 154.559418 225.896072
157.017900 224.208100 157.326355 225.236893
159.770300 223.494500 160.131958 224.512848
162.519400 222.782200 162.890015 223.804291
165.292700 222.111000 165.674057 223.134903
168.051700 221.507000 168.436615 222.528976
170.813300 220.973200 171.229065 221.986084
173.565300 220.491000 173.983459 221.505142
176.245800 220.043100 176.689957 221.062088
178.818800 219.633700 179.281174 220.641495
181.257200 219.251600 181.726685 220.242630
183.679400 218.884000 184.166061 219.850815
186.086900 218.497600 186.582428 219.446854
188.454700 218.100200 188.974457 219.031174
190.804000 217.716300 191.336212 218.631973
193.140800 217.373500 193.650742 218.283112
195.432100 217.054600 195.941895 217.961807
197.727600 216.759200 198.245743 217.661453
199.972100 216.485600 200.487640 217.389130
202.098700 216.237900 202.627441 217.131927
204.042400 215.996300 204.599426 216.886948
205.749800 215.775100 206.318710 216.671173
207.241200 215.583400 207.821671 216.497284
208.613300 215.379500 209.196259 216.319351
209.946100 215.165400 210.499557 216.121597
211.132200 214.943200 211.709839 215.920044
212.136600 214.744800 212.713654 215.737305
213.062500 214.534600 213.644379 215.550583
213.959300 214.314400 214.549911 215.352249
214.824000 214.088800 215.421356 215.156342
215.687900 213.834700 216.306717 214.913651
216.575000 213.526600 217.221039 214.617599
217.490900 213.157600 218.166367 214.260681
218.457300 212.700900 219.150558 213.790985
219.480700 212.125200 220.210541 213.215256
220.511700 211.370900 221.289566 212.446899
221.550800 210.459100 222.352951 211.516342
222.555600 209.363300 223.341309 210.404953
223.474400 208.082600 224.282852 209.109467
224.312800 206.641100 225.137039 207.629517
225.044800 205.038200 225.890671 205.951813
225.610700 203.260200 226.473755 204.118805
225.969900 201.350200 226.865143 202.170227
226.110100 199.367200 226.999893 200.144592
226.043000 197.305000 226.918304 198.042252
225.807700 195.159800 226.670364 195.873413
225.430000 192.956900 226.304535 193.667221
224.916600 190.707600 225.786652 191.386688
224.270500 188.432400 225.134552 189.087341
223.514900 186.121900 224.377472 186.778168
222.660400 183.771100 223.525925 184.429474
221.783100 181.391000 222.661621 182.032455
220.891900 178.998600 221.757385 179.614838
220.021400 176.587400 220.893280 177.198868
219.223500 174.200300 220.102188 174.794968
218.482200 171.834800 219.365295 172.421585
217.818500 169.568700 218.709595 170.147476
217.216600 167.458800 218.118942 168.043289
216.650700 165.491600 217.553955 166.085236
216.110800 163.682800 217.017426 164.263855
215.577800 162.017400 216.486176 162.557465
214.999400 160.430000 215.897919 160.965332
214.344800 158.975700 215.230133 159.519394
213.573800 157.662600 214.481705 158.230774
212.660500 156.532700 213.562897 157.081390
211.582500 155.560200 212.514343 156.128540
210.426600 154.805400 211.363297 155.384521
209.163000 154.246200 210.073090 154.798996
207.764200 153.857100 208.685394 154.419556
206.280800 153.652300 207.180679 154.218887
204.678000 153.573200 205.573914 154.130753
202.976300 153.576200 203.833694 154.143433
201.140400 153.649700 202.013138 154.236923
199.175800 153.795100 200.022049 154.402863
197.094000 154.001100 197.930756 154.613022
194.884400 154.205500 195.697296 154.825150
192.560300 154.427500 193.329742 155.063766
190.124200 154.677200 190.890121 155.310379
187.577500 154.946500 188.322784 155.589615
184.929000 155.250800 185.647156 155.902374
182.198300 155.594600 182.902222 156.254486
179.402300 155.944800 180.079178 156.619568
176.570000 156.287200 177.213272 156.981033
173.734500 156.623600 174.348770 157.326202
170.901000 156.954000 171.490891 157.676895
168.081500 157.295300 168.655853 158.032639
165.284900 157.640900 165.839447 158.391525
162.507400 157.987500 163.048798 158.742905
159.747400 158.333400 160.271530 159.094025
156.984600 158.680600 157.493683 159.451797
154.216200 159.032100 154.701218 159.811264
151.439500 159.399800 151.910858 160.188446
148.640500 159.792600 149.104950 160.584076
145.813800 160.206400 146.271927 160.994553
142.963600 160.610300 143.412979 161.403625
140.057000 160.997100 140.498657 161.799652
137.092200 161.347900 137.533829 162.152710
134.059200 161.649400 134.497406 162.445160
130.993600 161.935400 131.396393 162.726990
127.858900 162.233700 128.243561 163.024277
124.683800 162.520100 125.026001 163.316040
121.492100 162.798700 121.816635 163.605087
118.297400 163.082000 118.591705 163.899399
115.103400 163.377800 115.392136 164.189713
111.913100 163.672600 112.181953 164.494110
108.723500 163.966800 108.957375 164.790710
105.531500 164.253700 105.739319 165.089584
102.343500 164.537500 102.544853 165.371048
99.161640 164.825900 99.350342 165.661697
95.959550 165.164700 96.130524 166.001923
92.746890 165.547500 92.913368 166.391327
89.526460 165.956000 89.683258 166.801147
86.297890 166.381500 86.424866 167.243805
83.033610 166.817100 83.156723 167.679779
79.736970 167.238800 79.825272 168.120178
76.427180 167.629500 76.502602 168.511978
73.050320 167.986400 73.105942 168.874634
69.640860 168.315400 69.666466 169.215546
66.194370 168.637100 66.205353 169.548553
62.710330 168.931500 62.703773 169.855194
59.214430 169.199600 59.193016 170.113297
55.734640 169.446800 55.704578 170.367706
52.271980 169.681900 52.235523 170.599182
48.833520 169.903400 48.765938 170.839218
45.431860 170.116400 45.350037 171.051285
42.051610 170.315300 41.960831 171.253372
38.742450 170.482700 38.654686 171.420578
35.535340 170.629700 35.407516 171.596054
32.460880 170.758300 32.327797 171.727524
29.526980 170.862700 29.385460 171.832672
26.736320 170.955000 26.568117 171.927307
24.096640 171.032400 23.921980 172.009430
21.599520 171.132300 21.410000 172.106552
19.316590 171.344600 19.004478 172.260544
17.201760 171.658400 16.694813 172.508530
15.089840 171.971500 14.502127 172.811493
12.980420 172.284000 12.392605 173.182907
10.872410 172.596000 10.401226 173.555344
8.838192 172.907600 8.524057 173.884338
7.132350 173.177000 6.799686 174.154556
5.611287 173.387400 5.279722 174.367020
4.309371 173.544500 3.960823 174.530380
3.237420 173.651900 2.880119 174.649109
2.375838 173.729600 2.013260 174.720947
1.679549 173.799100 1.309227 174.790176
1.056923 173.859600 0.679468 174.851608
0.465217 173.909300 0.087763 174.901810
-0.128030 173.962400 -0.517288 174.946762
-0.720230 174.003300 -1.103430 174.986328
-1.330594 174.023800 -1.717730 175.005585
-2.080426 174.055200 -2.471700 175.032623
-2.997577 174.094600 -3.377981 175.071457
-4.098643 174.120700 -4.483842 175.098068
-5.416520 174.168000 -5.816135 175.148636
-6.936037 174.228300 -7.346703 175.213959
-8.609358 174.340400 -9.034027 175.337082
-10.463980 174.413000 -10.896183 175.429459
-12.494230 174.495000 -12.926105 175.513062
-14.662590 174.544200 -15.083042 175.559235
-17.028510 174.612700 -17.469379 175.631195
-19.515490 174.656900 -19.970791 175.687363
-22.153150 174.694500 -22.624985 175.742966
-24.891700 174.736800 -25.381947 175.799484
-27.728470 174.787700 -28.222496 175.864258
-30.668830 174.869400 -31.177826 175.950562
-33.671140 174.970100 -34.203869 176.058899
-36.734690 175.074800 -37.283005 176.161438
-39.843610 175.165700 -40.428665 176.266037
-43.001160 175.252500 -43.578999 176.352386
-46.184910 175.351700 -46.754246 176.437622
-49.374400 175.443100 -49.940468 176.527847
-52.557440 175.526000 -53.143517 176.597733
-55.757590 175.616000 -56.361473 176.694580
-58.925860 175.702900 -59.538750 176.779541
-62.130070 175.804700 -62.731598 176.877243
-65.328080 175.907300 -65.925690 176.975311
-68.537660 176.003100 -69.131805 177.054047
-71.749230 176.080900 -72.330887 177.123138
-74.976500 176.145900 -75.592171 177.195892
-78.208790 176.218000 -78.835068 177.255859
-81.447070 176.257900 -82.077942 177.301758
-84.692180 176.290600 -85.318985 177.330826
-87.936790 176.288700 -88.550735 177.324051
-91.211290 176.258400 -91.848526 177.307632
-94.484440 176.204800 -95.127350 177.254837
-97.757000 176.121600 -98.431297 177.193924
-101.045200 176.004400 -101.768730 177.095276
-104.339000 175.862100 -105.058105 176.980576
-107.640300 175.694600 -108.363083 176.841110
-110.948600 175.520500 -111.689659 176.684265
-114.267700 175.326000 -115.022568 176.512146
-117.598500 175.123100 -118.348732 176.313629
-120.942600 174.923200 -121.705994 176.128418
-124.293900 174.718800 -125.071815 175.927338
-127.663000 174.505900 -128.440887 175.722626
-131.048900 174.295300 -131.820206 175.504883
-134.443100 174.072500 -135.201263 175.294785
-137.847200 173.848200 -138.608643 175.080307
-141.262000 173.635000 -142.034561 174.867966
-144.675300 173.415500 -145.469559 174.648010
-148.093400 173.189000 -148.885010 174.436356
-151.506600 172.967300 -152.317184 174.212051
-154.901800 172.728300 -155.703415 173.994614
-158.292900 172.494700 -159.101944 173.780884
-161.632200 172.250400 -162.413818 173.552399
-164.974900 172.022600 -165.778473 173.350891
-168.236000 171.803200 -169.062744 173.151611
-171.502400 171.597000 -172.291107 172.970673
-174.668300 171.359900 -175.475525 172.737885
-177.746400 171.132500 -178.573181 172.528076
-180.803200 170.903300 -181.633286 172.306747
-183.778700 170.687800 -184.642029 172.106949
-186.701500 170.475800 -187.573914 171.908707
-189.566000 170.268000 -190.451172 171.715363
-192.391300 170.070600 -193.275467 171.526550
-195.149900 169.858100 -196.043884 171.323914
-197.876000 169.626400 -198.780746 171.107834
-200.552400 169.372500 -201.463593 170.850128
-203.199000 169.063700 -204.110596 170.546692
-205.787000 168.703000 -206.720367 170.196762
-208.326100 168.290400 -209.291336 169.781403
-210.824000 167.881700 -211.856216 169.378525
-213.258300 167.488200 -214.278564 169.023727
-215.584000 167.155500 -216.663620 168.705612
-217.825600 166.951000 -218.933228 168.510330
-219.976700 166.840100 -221.096466 168.411804
-222.030600 166.826400 -223.181534 168.393387
-223.989000 166.912900 -225.172119 168.493301
-225.824600 167.087900 -227.037109 168.665283
-227.550100 167.325800 -228.761658 168.897568
-229.178200 167.608800 -230.403366 169.182358
-230.692700 167.920100 -231.931229 169.495361
-232.121600 168.192100 -233.343140 169.751801
-233.453600 168.409000 -234.658859 169.966217
-234.669500 168.528300 -235.860001 170.105621
-235.786800 168.548000 -236.964432 170.114334
-236.809500 168.431800 -237.991409 170.004364
-237.749100 168.202200 -238.921295 169.774841
-238.622500 167.871000 -239.713745 169.450531
-239.423500 167.439100 -240.432495 169.061035
-240.167900 166.948100 -241.064087 168.571976
-240.836500 166.406300 -241.743896 168.041702
-241.484000 165.802100 -242.408035 167.477295
-242.133500 165.204600 -243.069153 166.890564
-242.760700 164.564800 -243.655426 166.258667
-243.373200 163.846400 -244.265747 165.587143
-243.956600 163.041100 -244.890640 164.789810
-244.490700 162.132200 -245.450302 163.885773
-244.987900 161.116800 -245.923065 162.934265
-245.418700 159.925400 -246.366226 161.734894
-245.815100 158.551700 -246.785934 160.379166
-246.200000 156.991700 -247.191330 158.815460
-246.613900 155.230000 -247.613022 157.055389
-246.967700 153.214300 -247.969498 155.035706
-247.267000 150.943600 -248.276047 152.764099
-247.521500 148.451900 -248.545288 150.249771
-247.763400 145.749400 -248.807022 147.543915
-248.018000 142.841100 -249.079956 144.627945
-248.277200 139.720500 -249.347305 141.505219
-248.523100 136.389500 -249.624481 138.173431
-248.773200 132.870500 -249.893280 134.637726
-249.015800 129.335700 -250.155579 131.105255
-249.218400 125.814900 -250.376648 127.569473
-249.397800 122.286300 -250.570877 124.044762
-249.565200 118.755000 -250.750580 120.500587
-249.697400 115.238200 -250.899399 116.974258
-249.820200 111.741900 -251.044678 113.480171
-249.943300 108.268400 -251.175415 110.013870
-250.044800 104.815000 -251.296616 106.568069
-250.125300 101.386800 -251.391632 103.146065
-250.189300 97.986010 -251.470367 99.760414
-250.244000 94.598780 -251.531067 96.363792
-250.305600 91.259170 -251.603210 93.017326
-250.400100 87.936680 -251.723022 89.668297
-250.549700 84.645240 -251.881317 86.368423
-250.690200 81.356670 -252.029953 83.054893
-250.847000 78.103800 -252.207977 79.782005
-251.020300 74.824490 -252.395355 76.494553
-251.181200 71.549630 -252.569946 73.204361
-251.353200 68.299410 -252.765121 69.941483
-251.504400 65.068130 -252.922623 66.726990
-251.635100 61.852520 -253.073532 63.486794
-251.747700 58.661860 -253.201691 60.279850
-251.845300 55.489840 -253.307892 57.100269
-251.935900 52.343660 -253.416840 53.944931
-252.030900 49.220080 -253.528259 50.814949
-252.144000 46.116710 -253.659775 47.718754
-252.285100 43.039160 -253.822311 44.649254
-252.447800 39.988030 -253.992676 41.600052
-252.625400 36.956390 -254.184448 38.595757
-252.810700 33.954820 -254.385345 35.595337
-252.984400 30.978070 -254.567383 32.631844
-253.097600 28.028950 -254.677750 29.686956
-253.116300 25.101150 -254.712967 26.754951
-253.041100 22.203360 -254.652939 23.870411
-252.848100 19.324220 -254.473114 20.983372
-252.488000 16.480910 -254.135406 18.170139
-251.943700 13.650460 -253.613693 15.347584
-251.206200 10.846250 -252.896637 12.530960
-250.269300 8.064427 -251.999451 9.752861
-249.119400 5.314832 -250.861099 6.986610
-247.746000 2.616861 -249.532455 4.308014
-246.166100 -0.017969 -247.997498 1.702049
-244.406300 -2.619939 -246.264740 -0.904022
-242.507000 -5.201607 -244.379486 -3.508606
-240.543700 -7.805212 -242.405548 -6.146454
-238.527600 -10.441420 -240.398621 -8.805946
-236.482900 -13.102670 -238.364105 -11.488121
-234.463000 -15.778320 -236.347290 -14.190445
-232.508700 -18.481870 -234.384659 -16.934189
-230.631700 -21.211600 -232.498352 -19.696709
-228.850200 -23.973140 -230.707001 -22.494804
-227.120500 -26.731510 -228.968475 -25.288315
-225.420200 -29.466820 -227.275864 -28.028641
-223.756600 -32.175260 -225.612747 -30.762550
-222.113500 -34.852880 -223.978027 -33.442047
-220.503000 -37.487790 -222.367889 -36.099236
-218.945600 -40.020000 -220.811264 -38.645401
-217.473700 -42.350380 -219.343658 -40.974442
-216.081800 -44.449900 -217.958496 -43.076408
-214.778200 -46.310220 -216.654922 -44.942223
-213.569900 -47.963370 -215.460571 -46.596382
-212.469800 -49.406600 -214.352386 -48.068047
-211.402700 -50.703570 -213.289963 -49.386108
-210.350300 -51.866650 -212.243408 -50.554176
-209.329000 -52.882180 -211.265198 -51.558884
-208.342100 -53.712810 -210.294342 -52.399673
-207.433900 -54.314810 -209.416199 -53.000320
-206.639200 -54.750770 -208.623383 -53.454460
-205.846700 -55.112410 -207.835236 -53.827133
-205.046500 -55.376850 -207.080978 -54.087128
-204.238300 -55.572130 -206.256531 -54.284164
-203.340400 -55.720010 -205.376663 -54.454174
-202.343700 -55.812630 -204.411880 -54.552231
-201.230000 -55.831900 -203.316391 -54.565159
-199.966900 -55.727910 -202.051468 -54.476173
-198.511800 -55.515700 -200.615295 -54.288948
-196.896300 -55.177990 -198.973953 -53.962524
-195.101200 -54.675310 -197.165390 -53.480358
-193.144500 -53.980020 -195.208389 -52.797085
-191.089500 -53.059560 -193.172089 -51.898823
-188.959500 -51.870660 -191.036438 -50.741142
-186.748300 -50.457590 -188.795578 -49.353348
-184.446800 -48.882240 -186.450943 -47.786221
-181.997000 -47.211720 -184.004150 -46.158176
-179.497700 -45.532110 -181.440903 -44.462616
-176.845100 -43.764640 -178.759552 -42.708549
-174.079200 -41.951340 -175.952927 -40.897995
-171.182700 -40.094050 -173.008606 -39.043137
-168.181500 -38.252180 -169.963242 -37.205563
-165.080700 -36.437440 -166.813110 -35.402214
-161.936900 -34.664440 -163.625473 -33.633781
-158.730900 -32.961050 -160.377411 -31.945839
-155.498500 -31.326070 -157.096222 -30.315247
-152.284900 -29.754520 -153.824631 -28.734989
-149.069300 -28.182760 -150.565445 -27.180878
-145.857700 -26.612150 -147.316589 -25.631531
-142.641000 -25.057000 -144.048294 -24.071896
-139.402500 -23.486330 -140.757996 -22.518585
-136.173000 -21.934650 -137.493652 -20.975937
-132.945300 -20.377060 -134.227478 -19.446812
-129.754900 -18.849320 -131.004471 -17.931755
-126.594800 -17.311780 -127.837967 -16.417423
-123.481600 -15.777190 -124.684479 -14.884670
-120.382000 -14.275260 -121.552437 -13.386417
-117.290900 -12.878730 -118.438408 -12.008888
-114.140500 -11.587510 -115.238007 -10.729593
-110.985900 -10.399830 -112.034607 -9.530516
-107.823700 -9.243398 -108.819786 -8.377806
-104.639900 -8.124757 -105.578255 -7.242491
-101.445300 -7.020636 -102.352547 -6.142300
-98.266820 -5.927679 -99.141052 -5.065929
-95.057020 -4.924307 -95.884827 -4.076727
-91.816180 -3.988153 -92.591415 -3.154175
-88.560330 -3.139167 -89.315010 -2.332710
-85.275670 -2.357662 -85.985725 -1.573864
-81.984180 -1.642797 -82.590126 -0.846316
-78.695610 -0.956720 -79.261360 -0.176241
-75.422800 -0.300680 -75.965012 0.457638
-72.166360 0.319994 -72.693825 1.050671
-68.928530 0.923302 -69.419319 1.628485
-65.700550 1.500442 -66.180260 2.183100
-62.489590 2.047975 -62.939846 2.712441
-59.295260 2.577472 -59.722614 3.216584
-56.128970 3.091711 -56.529919 3.719874
-52.988540 3.575444 -53.371990 4.200297
-49.868360 4.040344 -50.239586 4.645194
-46.776300 4.464286 -47.125355 5.067091
-43.712180 4.856902 -44.067841 5.458927
-40.666360 5.223322 -41.006866 5.817985
-37.689290 5.564962 -38.032986 6.158807
-34.786240 5.888495 -35.098248 6.488597
-31.996720 6.190015 -32.280479 6.767781
-29.296910 6.465571 -29.553486 7.040584
-26.720990 6.720779 -26.951544 7.281371
-24.320240 6.954131 -24.512365 7.512146
-22.089310 7.159574 -22.246817 7.707633
-20.016680 7.362635 -20.146103 7.907691
-18.106820 7.551445 -18.221516 8.091778
-16.337750 7.702083 -16.428289 8.243528
-14.726050 7.819683 -14.788030 8.367156
-13.313500 7.930153 -13.353575 8.473824
-12.128270 8.022018 -12.161983 8.563899
-11.139240 8.100664 -11.139318 8.635448
-10.287410 8.195045 -10.281196 8.728935
-9.518219 8.309922 -9.508025 8.857465
-8.789252 8.478175 -8.795941 9.027739
-8.149181 8.669320 -8.147496 9.207690
-7.829442 8.769976 -7.827417 9.300925
-7.799252 8.787461 -7.798134 9.311237
-7.813018 8.786625 -7.812775 9.308225
-7.809395 8.788143 -7.809575 9.317255
-7.809451 8.779000 -7.806738 9.313748
-7.809131 8.771007 -7.809495 9.311591
-7.804822 8.762953 -7.812584 9.315001
-7.800766 8.755551 -7.808320 9.311939
-7.795082 8.750163 -7.811318 9.312295
-7.789514 8.745234 -7.812826 9.315459
-7.784930 8.740517 -7.816128 9.315332
-7.780166 8.734843 -7.815074 9.314047
-7.775784 8.730871 -7.817375 9.315114
-7.771600 8.726560 -7.816076 9.315431
-7.768634 8.723581 -7.814094 9.314450
-7.766879 8.721761 -7.818287 9.314559
-7.765762 8.717584 -7.815261 9.314704
-7.763983 8.714586 -7.816737 9.315180
-7.763294 8.713489 -7.814263 9.313337
-7.762963 8.712553 -7.817173 9.315515
-7.763086 8.713488 -7.815508 9.314276
-7.762455 8.714167 -7.815134 9.314375
-7.753295 8.722145 -7.811735 9.316136
-7.717107 8.742340 -7.770148 9.332582
-7.658875 8.770779 -7.702756 9.347591
-7.513039 8.836058 -7.550882 9.412146
-7.175297 8.982757 -7.209219 9.541082
-6.640897 9.236569 -6.707742 9.764531
-5.930743 9.644152 -6.006939 10.150240
-5.120740 10.257790 -5.225212 10.707444
-4.260731 11.080700 -4.364765 11.492299
-3.414512 12.135620 -3.523012 12.516293
-2.599066 13.467900 -2.729307 13.803162
-1.884998 15.083310 -1.993298 15.400964
-1.260100 16.974890 -1.364934 17.260265
-0.766019 19.117060 -0.857970 19.386282
-0.469374 21.489410 -0.558359 21.772377
-0.353107 24.066230 -0.448752 24.337412
-0.356192 26.850340 -0.435900 27.133030
-0.405744 29.836580 -0.485718 30.148275
-0.459357 33.017600 -0.529029 33.354469
-0.512628 36.392400 -0.573725 36.776535
-0.584304 39.835620 -0.653930 40.249298
-0.669138 43.283040 -0.734100 43.740692
-0.775721 46.706780 -0.834789 47.199192
-0.884520 50.132480 -0.960426 50.676159
-0.993630 53.521590 -1.079224 54.092327
-1.089707 56.883700 -1.185799 57.476151
-1.185006 60.248880 -1.296284 60.876766
-1.270319 63.565850 -1.401204 64.231560
-1.374798 66.868940 -1.530443 67.557404
-1.472152 70.155470 -1.644819 70.883202
-1.562229 73.416080 -1.739976 74.156914
-1.660434 76.636610 -1.854764 77.412712
-1.775229 79.852040 -1.975326 80.645744
-1.895797 83.032260 -2.106612 83.838539
-2.017852 86.185380 -2.232740 87.029282
-2.146481 89.329260 -2.370915 90.198044
-2.263400 92.442530 -2.494931 93.312630
-2.372203 95.538220 -2.611758 96.432747
-2.465941 98.605540 -2.697275 99.517448
-2.540211 101.651500 -2.771217 102.579453
-2.582148 104.696700 -2.816338 105.637581
-2.595436 107.674300 -2.833564 108.611382
-2.621977 110.691900 -2.878206 111.612190
-2.648827 113.786700 -2.914038 114.680382
-2.681214 116.967200 -2.956127 117.845978
-2.721440 120.204500 -2.997660 121.071365
-2.774777 123.506700 -3.059212 124.370300
-2.842109 126.902400 -3.129192 127.755363
-2.924595 130.351000 -3.219491 131.211609
-3.024507 133.819600 -3.317752 134.696899
-3.138966 137.262500 -3.437282 138.120285
-3.265946 140.693500 -3.565260 141.553986
-3.389718 144.095500 -3.693999 144.931442
-3.526115 147.467500 -3.827101 148.318558
-3.671472 150.775300 -3.979802 151.624527
-3.794318 154.003900 -4.109278 154.860718
-3.904131 157.172200 -4.219082 158.032837
-3.996788 160.276500 -4.323197 161.178497
-4.071651 163.334000 -4.398195 164.272339
-4.122556 166.368900 -4.462445 167.324951
-4.194278 169.380900 -4.553574 170.379135
-4.264263 172.440400 -4.637070 173.456284
-4.319751 175.547300 -4.725566 176.584167
-4.393173 178.705600 -4.809168 179.757996
-4.501446 181.892900 -4.929337 182.951981
-4.607667 185.156000 -5.037767 186.223236
-4.701222 188.477800 -5.132010 189.610870
-4.806531 191.849500 -5.255752 193.000565
-4.887285 195.207400 -5.347438 196.398148
-4.976513 198.565600 -5.440289 199.785294
-5.057617 201.890800 -5.525535 203.152863
-5.132018 205.179500 -5.624154 206.430710
-5.210165 208.394000 -5.707014 209.659332
-5.281372 211.451500 -5.767728 212.716721
-5.354878 214.365600 -5.834898 215.626190
-5.416052 217.205700 -5.880414 218.461044
-5.469074 220.014000 -5.927620 221.270126
-5.505322 222.798100 -5.950151 224.083633
-5.545023 225.571400 -5.965471 226.875351
-5.563610 228.337300 -5.963613 229.657776
-5.598680 231.130300 -6.000420 232.423523
-5.715519 233.992700 -6.133752 235.267822
-5.886862 236.912900 -6.294933 238.208008
-6.076718 239.911700 -6.490623 241.195587
-6.214931 243.011500 -6.621313 244.295517
-6.364206 246.210000 -6.769252 247.486893
-6.521044 249.542600 -6.902601 250.813171
-6.657659 252.972000 -7.039702 254.250946
-6.794881 256.491900 -7.184201 257.769287
-6.924264 260.026600 -7.313941 261.318726
-7.052122 263.522600 -7.440627 264.836456
-7.164917 266.998200 -7.559093 268.283356
-7.284815 270.457200 -7.680127 271.706207
-7.417194 273.852800 -7.811315 275.075745
-7.523524 277.174400 -7.929072 278.375275
-7.651625 280.358300 -8.045006 281.587006
-7.782923 283.414900 -8.174288 284.672668
-7.918403 286.315200 -8.324562 287.586182
-8.055697 289.119300 -8.466314 290.429688
-8.185460 291.911300 -8.603285 293.241241
-8.314789 294.668400 -8.731863 296.040588
-8.425515 297.433700 -8.851250 298.815002
-8.486769 300.239900 -8.915357 301.625580
-8.528132 303.087600 -8.966146 304.483795
-8.538802 306.012500 -8.988674 307.413788
-8.512542 309.030900 -8.972451 310.436127
-8.446156 312.111900 -8.912237 313.531067
-8.351900 315.297900 -8.832191 316.694092
-8.211642 318.520500 -8.697748 319.969788
-8.031870 321.816300 -8.517246 323.277191
-7.798255 325.179400 -8.282135 326.653076
-7.513710 328.583000 -8.018538 330.043701
-7.227060 332.070400 -7.742981 333.538605
-6.930360 335.644600 -7.453630 337.111145
-6.634241 339.252200 -7.183813 340.715210
-6.353320 342.849100 -6.910032 344.292328
-6.099343 346.409700 -6.661272 347.844604
-5.858059 349.945000 -6.419950 351.384155
-5.647279 353.444000 -6.206942 354.876892
-5.439992 356.885000 -5.996956 358.320221
-5.251048 360.315600 -5.829023 361.771240
-5.098453 363.671600 -5.681505 365.138550
-4.951017 366.989800 -5.529501 368.459900
-4.804541 370.256900 -5.375275 371.741943
