0.000000 0.000000 0.000000 0.000000
-0.017534 0.283467 -0.026078 0.285389
-0.060000 0.627936 -0.084224 0.626070
-0.141534 1.081913 -0.176182 1.075379
-0.293459 1.604140 -0.339189 1.570167
-0.522492 2.173020 -0.580117 2.134248
-0.839493 2.758285 -0.877144 2.685230
-1.242764 3.333105 -1.239892 3.217969
-1.761568 3.880703 -1.712180 3.733291
-2.415527 4.382391 -2.346488 4.244002
-3.215512 4.824434 -3.123396 4.679451
-4.177130 5.153468 -4.057061 5.001525
-5.299329 5.360943 -5.133081 5.218612
-6.558994 5.427674 -6.363130 5.274580
-7.950411 5.389282 -7.750819 5.231749
-9.480377 5.263869 -9.266769 5.107334
-11.152740 5.088360 -10.932422 4.931568
-12.964270 4.901812 -12.747492 4.739744
-14.913410 4.697363 -14.731053 4.523539
-17.004780 4.494630 -16.831421 4.316444
-19.224270 4.290984 -19.055843 4.097186
-21.564480 4.100217 -21.407106 3.890520
-23.969500 3.908970 -23.806387 3.682113
-26.461360 3.716343 -26.310947 3.471592
-28.997620 3.492898 -28.833738 3.247498
-31.515860 3.271990 -31.343967 3.019673
-34.026260 3.051261 -33.835949 2.799988
-36.533450 2.843137 -36.326702 2.581957
-39.049180 2.638855 -38.848965 2.353088
-41.538400 2.436154 -41.335636 2.136206
-44.015190 2.223683 -43.786747 1.924253
-46.483350 2.028253 -46.262730 1.716668
-48.933140 1.820295 -48.676270 1.491356
-51.328710 1.575304 -51.053627 1.233422
-53.701960 1.337479 -53.419224 0.991108
-56.038080 1.110756 -55.739899 0.760500
-58.330390 0.883063 -58.033504 0.523680
-60.536580 0.662366 -60.233883 0.290122
-62.620220 0.461718 -62.332756 0.074047
-64.570470 0.320188 -64.259926 -0.066734
-66.375630 0.255567 -66.093513 -0.149002
-67.990520 0.345560 -67.693298 -0.056470
-69.403760 0.611089 -69.122330 0.188265
-70.681710 1.080744 -70.371819 0.633666
-71.814190 1.753829 -71.483047 1.253878
-72.810710 2.601772 -72.523758 2.113521
-73.659320 3.554385 -73.402496 3.058301
-74.401710 4.718510 -74.138786 4.219596
-75.018160 6.110247 -74.776421 5.633293
-75.539300 7.706095 -75.294586 7.240184
-75.980690 9.486418 -75.741989 9.025331
-76.379030 11.414990 -76.152107 10.972275
-76.702710 13.494070 -76.493279 13.065608
-76.964630 15.687850 -76.767715 15.243619
-77.198810 17.993590 -77.026794 17.575613
-77.402440 20.301510 -77.239967 19.887711
-77.573400 22.614340 -77.434464 22.201677
-77.734200 24.898110 -77.615784 24.460970
-77.908780 27.180670 -77.798111 26.772373
-78.064690 29.440670 -77.951775 29.033859
-78.198100 31.701300 -78.086060 31.295439
-78.346240 34.000930 -78.232521 33.612862
-78.507180 36.347540 -78.388489 35.979237
-78.700400 38.735230 -78.581451 38.365753
-78.895930 41.194680 -78.776138 40.830357
-79.100340 43.724740 -78.973534 43.329041
-79.318630 46.299200 -79.199875 45.915634
-79.508610 48.902070 -79.384460 48.527325
-79.697420 51.529450 -79.567337 51.169792
-79.900390 54.113500 -79.760727 53.761608
-80.092730 56.670630 -79.943214 56.324871
-80.280860 59.213100 -80.128609 58.885223
-80.474010 61.695670 -80.313599 61.377872
-80.696040 64.136290 -80.533051 63.825783
-80.945180 66.559290 -80.792747 66.232292
-81.219160 68.948800 -81.057571 68.635635
-81.542260 71.291910 -81.369347 70.965897
-81.910890 73.584740 -81.704910 73.248741
-82.326990 75.851980 -82.090233 75.541115
-82.765640 78.069230 -82.503563 77.764343
-83.284090 80.280970 -83.011833 79.981857
-83.856430 82.430700 -83.576004 82.106674
-84.492780 84.584160 -84.216667 84.237930
-85.212300 86.715560 -84.949631 86.357018
-85.996320 88.820790 -85.728737 88.456894
-86.860390 90.918090 -86.580521 90.558403
-87.802500 93.003510 -87.502014 92.652496
-88.749010 95.068170 -88.416069 94.727852
-89.747960 97.163510 -89.419090 96.830528
-90.774930 99.219550 -90.439430 98.907417
-91.840000 101.277400 -91.501183 100.983589
-92.914780 103.296100 -92.562630 103.004700
-94.015070 105.267400 -93.643349 105.000275
-95.123350 107.187800 -94.721611 106.924622
-96.223200 109.067700 -95.791672 108.802368
-97.263380 110.813500 -96.807961 110.559860
-98.241750 112.423300 -97.769623 112.180275
-99.124850 113.865700 -98.636101 113.634216
-99.918840 115.113700 -99.442001 114.892723
-100.633200 116.204600 -100.124565 115.986671
-101.305600 117.126600 -100.751259 116.908150
-101.873900 117.899200 -101.316483 117.683441
-102.405300 118.508600 -101.827499 118.310051
-102.901800 118.981600 -102.303780 118.786331
-103.418300 119.366800 -102.791237 119.190056
-103.954800 119.734800 -103.294975 119.527100
-104.533600 120.029100 -103.848122 119.838913
-105.136200 120.256600 -104.421349 120.076927
-105.801600 120.452000 -105.018433 120.259911
-106.640800 120.599400 -105.813797 120.403275
-107.630100 120.643400 -106.750999 120.469383
-108.711300 120.530800 -107.810265 120.388962
-109.893600 120.252600 -108.970047 120.120819
-111.159800 119.776100 -110.177788 119.610847
-112.496700 119.062200 -111.524994 118.910042
-113.898700 118.106700 -112.835968 118.010796
-115.384500 116.988900 -114.339951 116.912689
-116.978000 115.737300 -115.908646 115.699989
-118.659900 114.366200 -117.605965 114.341942
-120.438900 112.893300 -119.382797 112.901634
-122.328200 111.322200 -121.308846 111.353752
-124.284900 109.650200 -123.300064 109.718628
-126.332000 107.913600 -125.374809 108.000702
-128.461900 106.101400 -127.536057 106.208176
-130.662300 104.214900 -129.755203 104.343399
-132.923400 102.303500 -132.035278 102.432701
-135.189200 100.390400 -134.302948 100.548317
-137.468500 98.469440 -136.564499 98.652000
-139.748000 96.546090 -138.835358 96.747871
-142.020800 94.620440 -141.079956 94.856201
-144.286200 92.690670 -143.311478 92.958550
-146.547500 90.774040 -145.547821 91.078209
-148.833300 88.871460 -147.798996 89.199623
-151.113400 86.978090 -150.058884 87.334419
-153.379000 85.085390 -152.318314 85.462540
-155.629200 83.206150 -154.561020 83.609131
-157.861400 81.326710 -156.806686 81.733650
-160.058500 79.464550 -159.006653 79.877556
-162.221300 77.608580 -161.149506 78.075562
-164.376700 75.774280 -163.317154 76.275299
-166.524800 73.967130 -165.459671 74.479362
-168.668400 72.191080 -167.583206 72.736664
-170.783100 70.468000 -169.671616 71.023956
-172.829900 68.807490 -171.696442 69.344627
-174.785600 67.216050 -173.623505 67.758118
-176.663800 65.684200 -175.484650 66.218704
-178.444800 64.197390 -177.264557 64.758133
-180.100300 62.765190 -178.946121 63.367409
-181.648600 61.419590 -180.526077 62.047367
-183.088500 60.110320 -182.002960 60.762814
-184.404500 58.801210 -183.316391 59.483551
-185.549500 57.458340 -184.472015 58.157078
-186.455000 56.066080 -185.370224 56.791519
-187.120600 54.647590 -186.016083 55.459988
-187.525600 53.213090 -186.423096 54.110065
-187.748500 51.772320 -186.678757 52.708374
-187.716500 50.330420 -186.639740 51.279724
-187.519800 48.954720 -186.478516 49.884892
-187.091900 47.667580 -186.088455 48.636082
-186.478200 46.430560 -185.518082 47.386600
-185.743700 45.217520 -184.786743 46.179043
-184.898100 44.044150 -183.933792 45.013718
-183.968900 42.858990 -183.013351 43.826981
-182.972800 41.628580 -182.018982 42.586201
-181.887200 40.344680 -180.944183 41.286938
-180.726700 38.951790 -179.806152 39.885368
-179.492700 37.459110 -178.585129 38.393970
-178.162100 35.849180 -177.262344 36.765697
-176.710600 34.142700 -175.835098 35.022861
-175.171800 32.296660 -174.315536 33.161407
-173.559000 30.363270 -172.731613 31.210146
-171.867000 28.346750 -171.063354 29.146355
-170.123400 26.259270 -169.362625 27.040854
-168.337100 24.097840 -167.598221 24.878469
-166.581500 21.908660 -165.842010 22.683392
-164.835100 19.714670 -164.082199 20.493803
-163.104500 17.573870 -162.350693 18.328194
-161.377300 15.429150 -160.624466 16.182396
-159.682200 13.303470 -158.927139 14.035653
-158.088000 11.153610 -157.318817 11.870569
-156.652500 8.940913 -155.873932 9.639179
-155.433700 6.640524 -154.637161 7.313683
-154.451100 4.275819 -153.634750 4.921332
-153.690900 1.836084 -152.865082 2.468912
-153.116700 -0.684920 -152.302139 -0.067011
-152.659200 -3.301845 -151.847473 -2.695526
-152.323800 -6.003442 -151.524384 -5.385535
-152.034900 -8.818435 -151.254791 -8.194383
-151.705400 -11.696490 -150.944702 -11.046068
-151.368100 -14.689410 -150.613632 -14.058489
-151.018300 -17.760610 -150.286316 -17.110279
-150.658400 -20.884570 -149.946869 -20.228693
-150.317300 -24.039630 -149.618240 -23.376869
-149.995500 -27.198720 -149.310440 -26.524763
-149.688200 -30.326210 -149.010498 -29.647985
-149.392500 -33.448800 -148.716888 -32.765171
-149.124700 -36.525700 -148.460480 -35.843800
-148.881400 -39.588890 -148.234787 -38.901665
-148.663600 -42.621440 -148.034698 -41.942188
-148.444100 -45.622170 -147.843674 -44.956871
-148.225800 -48.590750 -147.661057 -47.925228
-148.013500 -51.538440 -147.477661 -50.879856
-147.797700 -54.448530 -147.284012 -53.796082
-147.579700 -57.330200 -147.074020 -56.684998
-147.341500 -60.171640 -146.848724 -59.531013
-147.099100 -62.956470 -146.620743 -62.315399
-146.873600 -65.641890 -146.413086 -65.000320
-146.684200 -68.188960 -146.256775 -67.552711
-146.575000 -70.550950 -146.174866 -69.925102
-146.515200 -72.689370 -146.151581 -72.082138
-146.496000 -74.588600 -146.165802 -73.986748
-146.520100 -76.249210 -146.202255 -75.640388
-146.562400 -77.644470 -146.239929 -77.052597
-146.614700 -78.752900 -146.293579 -78.207405
-146.644400 -79.571930 -146.291000 -79.056030
-146.661300 -80.195760 -146.275192 -79.700287
-146.655800 -80.746170 -146.274582 -80.272186
-146.626400 -81.202170 -146.264282 -80.759743
-146.606400 -81.580050 -146.248337 -81.155350
-146.554400 -81.887990 -146.222046 -81.405373
-146.509800 -82.072680 -146.208435 -81.601784
-146.481300 -82.147900 -146.187225 -81.678490
-146.467500 -82.144490 -146.186600 -81.671463
-146.474300 -82.148460 -146.174271 -81.683777
-146.483700 -82.145920 -146.188065 -81.682785
-146.487400 -82.144780 -146.198074 -81.685280
-146.492900 -82.150980 -146.192169 -81.683647
-146.495200 -82.155360 -146.195450 -81.680359
-146.494300 -82.156570 -146.192673 -81.680305
-146.487800 -82.148430 -146.195969 -81.680634
-146.487300 -82.140910 -146.188736 -81.680229
-146.486500 -82.135050 -146.187515 -81.678436
-146.488100 -82.132520 -146.176422 -81.682541
-146.489000 -82.133460 -146.193588 -81.678505
-146.484700 -82.133480 -146.186905 -81.677376
-146.484900 -82.133510 -146.181747 -81.683357
-146.480100 -82.133670 -146.178436 -81.678673
-146.472100 -82.131890 -146.186523 -81.681450
-146.477500 -82.133220 -146.194550 -81.679405
-146.525000 -82.162010 -146.196915 -81.676292
-146.565900 -82.217300 -146.176514 -81.703369
-146.590600 -82.310130 -146.141159 -81.769073
-146.581800 -82.426170 -146.095673 -81.860672
-146.551800 -82.574220 -146.051849 -81.994644
-146.475900 -82.778480 -145.961716 -82.170296
-146.351300 -83.116710 -145.816696 -82.498550
-146.156300 -83.574440 -145.595566 -82.924454
-145.879500 -84.106160 -145.329132 -83.461136
-145.491300 -84.682600 -145.031006 -83.879021
-144.895700 -85.318510 -144.490097 -84.501930
-144.077500 -86.065360 -143.691193 -85.249718
-142.947400 -86.840620 -142.529678 -86.032997
-141.509200 -87.543350 -141.053329 -86.727440
-139.798500 -88.087580 -139.306717 -87.262520
-137.828100 -88.433330 -137.328064 -87.599663
-135.614800 -88.607530 -135.089172 -87.756935
-133.180100 -88.696560 -132.653824 -87.839592
-130.552000 -88.680490 -130.020721 -87.789215
-127.723900 -88.575690 -127.173927 -87.666794
-124.683500 -88.464330 -124.167831 -87.535751
-121.460200 -88.294280 -120.947990 -87.371613
-118.086600 -88.040550 -117.575729 -87.139877
-114.579400 -87.745070 -114.072098 -86.858971
-110.975100 -87.438680 -110.482437 -86.580727
-107.385700 -87.146760 -106.919128 -86.315422
-103.821100 -86.859660 -103.345032 -86.056618
-100.261700 -86.572000 -99.776222 -85.806107
-96.736140 -86.293870 -96.232719 -85.562393
-93.228880 -86.017520 -92.699974 -85.304726
-89.760830 -85.757500 -89.238503 -85.066689
-86.314280 -85.511300 -85.777397 -84.843849
-82.904810 -85.266650 -82.364586 -84.608971
-79.525840 -84.982830 -78.973602 -84.339569
-76.174850 -84.684980 -75.597481 -84.049644
-72.849640 -84.375480 -72.250954 -83.742401
-69.556400 -84.051650 -68.951538 -83.423401
-66.269780 -83.744240 -65.673805 -83.135277
-62.988460 -83.463860 -62.390053 -82.879707
-59.725320 -83.192290 -59.136116 -82.624306
-56.511930 -82.928720 -55.905212 -82.390869
-53.287950 -82.677770 -52.661320 -82.180588
-50.102380 -82.423820 -49.439739 -81.968414
-46.961330 -82.161740 -46.251152 -81.731110
-43.795000 -81.913070 -43.059597 -81.520622
-40.605850 -81.669580 -39.856022 -81.294449
-37.446990 -81.429200 -36.750717 -81.046646
-34.324130 -81.178460 -33.602444 -80.822243
-31.234230 -80.938930 -30.507906 -80.600601
-28.164850 -80.719500 -27.441145 -80.375397
-25.130870 -80.512870 -24.378180 -80.162682
-22.128140 -80.313820 -21.381317 -79.964371
-19.203440 -80.118030 -18.467690 -79.758255
-16.439970 -79.929640 -15.685108 -79.583740
-13.862420 -79.730950 -13.090907 -79.418655
-11.471000 -79.505250 -10.698824 -79.213203
-9.267307 -79.258710 -8.504113 -78.980301
-7.272311 -78.940490 -6.478648 -78.704948
-5.472914 -78.549550 -4.718356 -78.338181
-3.867830 -78.086270 -3.094896 -77.878288
-2.385605 -77.503960 -1.600496 -77.316864
-1.027851 -76.800120 -0.255646 -76.665833
0.166806 -75.911920 0.904359 -75.829216
1.182030 -74.883010 1.890475 -74.872498
1.977241 -73.709730 2.746383 -73.731529
2.625592 -72.432540 3.358590 -72.451500
3.046312 -71.053430 3.785489 -71.083130
3.332790 -69.610070 4.047483 -69.663712
3.505748 -68.096830 4.205444 -68.181305
3.623078 -66.505600 4.327565 -66.600868
3.673887 -64.790020 4.378553 -64.891434
3.664022 -62.925430 4.373843 -63.032597
3.591227 -60.915700 4.290477 -61.032288
3.485568 -58.760380 4.184057 -58.887978
3.375737 -56.493750 4.082859 -56.589779
3.243097 -54.203520 3.938416 -54.297874
3.069795 -51.907210 3.789901 -52.020523
2.871709 -49.612280 3.597948 -49.710987
2.690256 -47.318710 3.423275 -47.430145
2.514617 -45.039680 3.229685 -45.151268
2.336487 -42.787040 3.058684 -42.893600
2.176053 -40.574230 2.884621 -40.672504
2.023801 -38.441270 2.729961 -38.529194
1.895520 -36.414710 2.582212 -36.489521
1.766675 -34.458180 2.448340 -34.528908
1.645582 -32.544470 2.316547 -32.598530
1.524724 -30.674470 2.189896 -30.715200
1.412389 -28.840280 2.041149 -28.850224
1.305986 -27.028700 1.910172 -27.030642
1.191105 -25.239530 1.772114 -25.237438
1.067365 -23.476920 1.609358 -23.464104
0.934574 -21.765460 1.437910 -21.731579
0.802905 -20.140230 1.305669 -20.125093
0.699503 -18.615910 1.176673 -18.608414
0.601767 -17.196320 1.063712 -17.191242
0.507341 -15.885810 0.961336 -15.872600
0.417035 -14.726660 0.866922 -14.708178
0.351258 -13.760620 0.798937 -13.738466
0.299516 -12.930350 0.738403 -12.904207
0.263868 -12.153000 0.685670 -12.115717
0.238575 -11.391050 0.630643 -11.345893
0.198165 -10.644890 0.580973 -10.603742
0.151201 -9.907869 0.526708 -9.873440
0.091011 -9.183499 0.430668 -9.157279
0.016860 -8.476707 0.337819 -8.446331
-0.070862 -7.778389 0.240861 -7.755621
-0.158415 -7.094030 0.143287 -7.066220
-0.234301 -6.412690 0.074887 -6.382073
-0.307917 -5.742297 0.010753 -5.711942
-0.360353 -5.068979 -0.042488 -5.050041
-0.401589 -4.328040 -0.093263 -4.313319
-0.431289 -3.483170 -0.138608 -3.468500
-0.464543 -2.555900 -0.179498 -2.533258
-0.487938 -1.556277 -0.218819 -1.528465
-0.499710 -0.485171 -0.236695 -0.458464
-0.511556 0.679747 -0.279144 0.726392
-0.388368 1.890361 -0.244031 1.910975
-0.387786 3.050660 -0.315809 3.077389
-0.473375 4.175334 -0.449329 4.133944
-0.669462 5.262875 -0.690466 5.196801
-0.929674 6.291946 -0.950080 6.171049
-1.229340 7.289411 -1.262840 7.157914
-1.438607 8.249384 -1.489213 8.122371
-1.565470 8.946937 -1.608016 8.813570
-1.615795 9.324632 -1.660691 9.199015
-1.635852 9.404838 -1.675947 9.279900
-1.640332 9.376167 -1.671742 9.259238
-1.643540 9.371050 -1.674412 9.263272
