0.000000 0.000000 0.000000 0.000000
0.054181 0.879235 0.038191 0.886664
0.069768 1.824326 0.059218 1.857117
0.003415 2.875512 -0.029767 2.886297
-0.123130 4.021896 -0.175137 4.008842
-0.355562 5.248722 -0.400108 5.233640
-0.622388 6.586939 -0.672258 6.574717
-0.941959 8.041587 -1.010246 8.019371
-1.317954 9.607606 -1.391981 9.564342
-1.746028 11.261490 -1.860600 11.241998
-2.247333 13.001260 -2.410905 13.009378
-2.819369 14.841550 -3.021364 14.843822
-3.471584 16.794890 -3.708153 16.775040
-4.206227 18.801040 -4.455836 18.817310
-5.002325 20.924250 -5.265533 20.929049
-5.895726 23.141170 -6.156605 23.090332
-6.893668 25.384920 -7.154799 25.318666
-7.982190 27.688730 -8.255832 27.622103
-9.164411 30.059710 -9.444542 29.986027
-10.444260 32.492060 -10.734134 32.404976
-11.824940 34.996970 -12.163969 34.895859
-13.288260 37.616200 -13.617108 37.463348
-14.807970 40.343090 -15.168662 40.133251
-16.405480 43.114560 -16.785290 42.886570
-18.046730 45.856950 -18.468998 45.627483
-19.822820 48.550680 -20.220163 48.290802
-21.675070 51.158150 -22.063259 50.914330
-23.560100 53.734170 -23.961151 53.526798
-25.494780 56.313420 -25.906902 56.093513
-27.482530 58.864650 -27.894880 58.637867
-29.541190 61.360910 -29.958450 61.178806
-31.678300 63.840490 -32.091335 63.660542
-33.902360 66.293940 -34.333172 66.137413
-36.250580 68.681990 -36.644287 68.559914
-38.692550 71.052560 -39.084702 70.958786
-41.192840 73.405700 -41.609325 73.327698
-43.783840 75.735640 -44.232220 75.704765
-46.432290 78.051270 -46.904930 78.031952
-49.152200 80.361270 -49.633301 80.330727
-51.940820 82.646680 -52.434704 82.624977
-54.848670 84.861880 -55.340637 84.813728
-57.859180 86.983730 -58.381363 86.960388
-60.964150 89.027210 -61.513573 88.999100
-64.171330 90.959490 -64.752327 90.962364
-67.486660 92.809380 -68.074783 92.811234
-70.858280 94.583360 -71.424751 94.572601
-74.262510 96.288110 -74.839027 96.281944
-77.676110 97.939670 -78.265633 97.941734
-81.063060 99.532950 -81.665092 99.535164
-84.370760 101.062700 -84.995300 101.089844
-87.620370 102.509100 -88.262299 102.572700
-90.786320 103.874400 -91.435226 103.999138
-93.870530 105.255700 -94.524063 105.415154
-96.881570 106.709600 -97.521492 106.873634
-99.805830 108.239800 -100.447754 108.423904
-102.636000 109.900200 -103.288673 110.051971
-105.378400 111.659200 -105.988861 111.769547
-107.976000 113.472300 -108.560715 113.564804
-110.447900 115.333000 -110.997681 115.411285
-112.784900 117.225600 -113.327927 117.304100
-115.015000 119.132700 -115.512344 119.241531
-117.123400 121.056800 -117.586792 121.179771
-119.078900 122.948300 -119.542679 123.133652
-120.895600 124.857100 -121.363869 125.080124
-122.564000 126.793900 -123.049881 127.055061
-124.115200 128.784700 -124.603172 129.085220
-125.556900 130.848800 -126.053673 131.167038
-126.900700 132.986400 -127.402290 133.295441
-128.166200 135.162700 -128.703949 135.536270
-129.390300 137.438800 -129.959106 137.850159
-130.624700 139.816800 -131.199539 140.262939
-131.850200 142.307900 -132.438782 142.789597
-133.053900 144.928800 -133.652710 145.451874
-134.221100 147.696700 -134.813553 148.225113
-135.286000 150.585100 -135.889893 151.138138
-136.188200 153.654800 -136.840240 154.246841
-136.902400 156.885700 -137.604385 157.495865
-137.414500 160.267800 -138.158234 160.910538
-137.716200 163.797200 -138.512985 164.459778
-137.811800 167.451700 -138.641327 168.144180
-137.693100 171.190300 -138.556931 171.969696
-137.342300 175.019300 -138.230576 175.879227
-136.764600 178.911300 -137.691879 179.871704
-135.961700 182.879700 -136.912094 183.941742
-134.921000 186.887900 -135.893646 188.074234
-133.676900 190.927900 -134.642944 192.221008
-132.176400 194.967500 -133.140228 196.369690
-130.412100 198.974000 -131.374176 200.448120
-128.325000 202.907800 -129.272400 204.427933
-125.879600 206.683600 -126.799225 208.271133
-123.115600 210.265500 -123.998909 211.941666
-120.072500 213.663000 -120.891640 215.438446
-116.797700 216.867700 -117.532349 218.739105
-113.326600 219.882100 -113.971230 221.846115
-109.741800 222.621900 -110.303734 224.667969
-106.071200 225.055100 -106.514702 227.213348
-102.330300 227.163100 -102.675278 229.386612
-98.549080 228.934800 -98.814407 231.211243
-94.765260 230.393600 -94.939354 232.701035
-91.040120 231.572900 -91.107849 233.928650
-87.356360 232.508500 -87.315117 234.898315
-83.712820 233.198800 -83.561584 235.631454
-80.131800 233.665300 -79.885437 236.124603
-76.597140 233.928600 -76.241669 236.409073
-73.221710 234.047000 -72.754692 236.549057
-69.951170 234.094200 -69.359154 236.598495
-66.744420 234.089700 -66.085747 236.632248
-63.631270 234.073000 -62.891460 236.638458
-60.588190 234.080900 -59.791859 236.645782
-57.589970 234.129900 -56.738026 236.720978
-54.631270 234.221300 -53.740730 236.828781
-51.691800 234.380800 -50.824512 237.020660
-48.789980 234.600500 -47.889957 237.268494
-45.914730 234.880700 -45.001457 237.544678
-43.056600 235.221400 -42.145912 237.899872
-40.226560 235.615000 -39.295498 238.298904
-37.436510 236.072300 -36.501881 238.769974
-34.671830 236.602900 -33.735600 239.306549
-31.872100 237.159200 -30.904324 239.875290
-29.030010 237.739000 -28.050310 240.474182
-26.164210 238.361200 -25.179617 241.107208
-23.288400 239.014600 -22.326967 241.786560
-20.420150 239.737800 -19.503706 242.527481
-17.585900 240.557900 -16.680141 243.358673
-14.787740 241.484300 -13.913921 244.295715
-12.027780 242.497800 -11.171225 245.320129
-9.297034 243.589800 -8.423559 246.420609
-6.615868 244.741000 -5.775530 247.566086
-4.000885 245.950200 -3.160804 248.785980
-1.445171 247.223500 -0.619871 250.055557
1.045353 248.560800 1.869041 251.378647
3.471952 249.950800 4.279432 252.780701
5.864994 251.410300 6.687500 254.247925
8.235125 252.947800 9.071352 255.754120
10.583690 254.573100 11.474742 257.300079
12.953340 256.177400 13.829744 258.829956
15.346400 257.781100 16.255562 260.416077
17.751050 259.400400 18.683924 262.019897
20.188860 261.030300 21.137049 263.654907
22.647720 262.666800 23.567764 265.287872
25.099450 264.305600 26.001936 266.924744
27.525840 265.954500 28.418852 268.582642
29.936290 267.631700 30.806581 270.268890
32.286150 269.360900 33.138126 272.005096
34.606160 271.143700 35.431477 273.794495
36.885170 273.027100 37.683174 275.673126
39.097050 274.998500 39.882305 277.660492
41.290800 277.096800 42.054005 279.755554
43.439250 279.297300 44.174572 281.955322
45.513250 281.622300 46.220947 284.252899
47.514220 284.070700 48.222672 286.688904
49.431830 286.626800 50.118999 289.244751
51.294100 289.273800 51.974655 291.890198
53.101300 292.012400 53.785034 294.632324
54.875230 294.809700 55.569115 297.467773
56.646400 297.643200 57.356255 300.301575
58.445530 300.513000 59.167465 303.192749
60.252450 303.405100 60.984676 306.080048
62.043860 306.330600 62.783142 309.029877
63.761150 309.296200 64.486931 312.011871
65.349920 312.311900 66.077812 315.031158
66.806830 315.364200 67.537514 318.101166
68.116080 318.458200 68.840652 321.214111
69.296620 321.579600 70.031075 324.330292
70.444270 324.701500 71.187668 327.505707
71.544490 327.823300 72.287468 330.622925
72.579080 330.962600 73.324402 333.805786
73.537630 334.109900 74.284714 336.982056
74.456800 337.228300 75.210182 340.097382
75.339380 340.280400 76.109169 343.168701
76.286690 343.179300 77.077965 346.087616
77.264140 345.918700 78.053596 348.850006
78.217100 348.599200 79.034981 351.548248
79.076510 351.282300 79.902130 354.196320
79.788430 353.970700 80.633095 356.874268
80.289200 356.680100 81.156609 359.566620
80.544210 359.422600 81.436852 362.297394
80.553950 362.181700 81.462669 365.013031
80.325300 364.950100 81.265671 367.769806
79.948290 367.764600 80.901054 370.596649
79.552930 370.623900 80.529076 373.494873
79.189870 373.576200 80.178146 376.471436
78.847720 376.617400 79.833702 379.559631
78.487220 379.779100 79.502296 382.731110
78.109220 383.024900 79.136040 385.999695
77.724340 386.331700 78.767860 389.324921
77.303670 389.673500 78.367233 392.678162
76.785710 392.998500 77.869118 396.016235
76.164260 396.307900 77.269760 399.348785
75.453110 399.563900 76.575699 402.615906
74.687820 402.778100 75.822807 405.840302
73.880590 405.959600 75.018532 409.056305
73.001560 409.140100 74.163681 412.224731
72.077030 412.325000 73.259590 415.452454
71.142260 415.518400 72.353973 418.654938
70.199490 418.732600 71.433060 421.877991
69.226500 421.954700 70.485100 425.112274
68.236100 425.167200 69.506065 428.346313
67.260820 428.363600 68.537048 431.569611
66.313240 431.552600 67.587852 434.774567
65.391740 434.718000 66.662056 437.967590
64.501670 437.856900 65.783142 441.136169
63.634920 440.951000 64.916069 444.258240
62.789470 444.005700 64.072266 447.349426
61.956690 447.015700 63.241936 450.368866
61.133480 449.961200 62.402439 453.391846
60.318620 452.867200 61.557312 456.317749
59.499520 455.718100 60.752167 459.161499
58.682170 458.529200 59.961231 461.982452
57.867160 461.298900 59.172680 464.759064
57.054660 464.035200 58.377472 467.502930
56.243590 466.731100 57.578117 470.195251
55.443060 469.359000 56.803738 472.825043
54.686220 471.907600 56.061943 475.406708
53.957650 474.335100 55.340294 477.868347
53.256730 476.667000 54.669289 480.189240
52.582380 478.963700 54.021763 482.545624
51.956500 481.261900 53.432644 484.831024
51.412610 483.574200 52.868343 487.230286
51.013880 485.899300 52.464294 489.616150
50.812910 488.248800 52.261139 492.000977
50.798080 490.609700 52.262272 494.396820
50.978710 492.984500 52.478985 496.792480
51.345270 495.367500 52.856815 499.208923
51.889050 497.738400 53.408035 501.653015
52.577300 500.130400 54.130760 504.033234
53.407230 502.515400 54.993225 506.433563
54.397040 504.884900 56.024521 508.806854
55.518570 507.215000 57.165512 511.166931
56.765020 509.509300 58.442196 513.504517
58.192020 511.730400 59.902485 515.730896
59.789040 513.824000 61.525459 517.835632
61.540430 515.752700 63.299019 519.758972
63.410000 517.523000 65.187553 521.518738
65.397890 519.217300 67.193756 523.200073
67.496690 520.814600 69.321434 524.783264
69.720640 522.307200 71.581703 526.275879
72.067650 523.642400 73.959213 527.572266
74.549290 524.809100 76.488235 528.716431
77.153850 525.815200 79.146172 529.713440
79.881990 526.633100 81.919716 530.486450
82.715440 527.211700 84.797600 531.068176
85.640790 527.586200 87.793976 531.432312
88.644290 527.748500 90.862526 531.585022
91.710620 527.693700 93.928429 531.468567
94.811790 527.411800 97.116959 531.160217
97.935300 526.886500 100.265343 530.591003
101.063100 526.157900 103.454308 529.816833
104.194600 525.225000 106.595467 528.815613
107.305700 524.079000 109.705963 527.591248
110.385400 522.743600 112.801483 526.189270
113.459600 521.282300 115.893311 524.678650
116.567100 519.769500 118.992531 523.108643
119.739300 518.237200 122.123489 521.533569
122.982300 516.640600 125.278465 519.909729
126.165500 515.061000 128.470612 518.248840
129.459200 513.419400 131.734695 516.547852
132.785400 511.739500 135.030045 514.800659
136.164500 510.030300 138.387085 513.024658
139.600200 508.311400 141.735596 511.256561
143.109700 506.548700 145.207138 509.420593
146.672500 504.761300 148.718002 507.566010
150.295000 502.937800 152.312225 505.654419
153.967100 501.081900 155.943130 503.732208
157.696200 499.214100 159.626648 501.784241
161.457700 497.333800 163.330826 499.832306
165.216700 495.416600 167.052307 497.837708
168.984800 493.501000 170.788879 495.863708
172.746400 491.586700 174.528046 493.861877
176.518000 489.688800 178.260330 491.900635
180.295200 487.819900 182.010406 489.952942
184.036700 485.970500 185.720032 488.055054
187.779200 484.135700 189.433151 486.149719
191.500200 482.306500 193.132568 484.248627
195.180200 480.469600 196.806274 482.335449
198.815300 478.621300 200.405853 480.413818
202.393600 476.753100 203.998306 478.472260
205.912000 474.880400 207.531937 476.512817
209.296500 473.041000 210.928940 474.602448
212.515400 471.274700 214.130325 472.772888
215.580600 469.586600 217.212860 471.019257
218.489200 468.019000 220.129120 469.398499
221.328300 466.599200 222.975601 467.927826
224.156800 465.368500 225.812561 466.623016
226.991800 464.316200 228.658875 465.533539
229.883500 463.424700 231.554382 464.608978
232.820800 462.731300 234.516541 463.878754
235.780100 462.243300 237.488525 463.335297
238.782200 461.945800 240.490128 462.982605
241.848400 461.905600 243.525009 462.884125
244.967900 462.147500 246.584396 463.077881
248.086200 462.682300 249.713348 463.541260
251.186900 463.495800 252.801392 464.293457
254.278000 464.580100 255.893280 465.301849
257.287900 465.915200 258.938538 466.583252
260.242000 467.523100 261.876251 468.141388
263.106900 469.351100 264.716034 469.908203
265.866100 471.381400 267.508881 471.901947
268.559300 473.556000 270.249237 474.028412
271.204400 475.840000 272.920044 476.272766
273.819900 478.206700 275.540344 478.571960
276.385100 480.590800 278.116882 480.896881
278.915500 482.977100 280.704987 483.257172
281.390900 485.346800 283.237549 485.565155
283.809500 487.633100 285.709747 487.810303
286.165500 489.759700 288.111481 489.915527
288.479300 491.699500 290.484253 491.834747
290.753400 493.425200 292.806183 493.539490
292.943900 494.909400 295.040100 495.004456
295.050000 496.208200 297.164398 496.290070
297.157600 497.295500 299.307281 497.361481
299.275300 498.080400 301.456848 498.118561
301.409300 498.552800 303.639771 498.603638
303.638500 498.806300 305.889679 498.837860
305.825500 498.755800 308.101990 498.744934
307.969500 498.413400 310.307098 498.398315
310.082700 497.866400 312.448059 497.843262
312.168500 497.169500 314.571808 497.131866
314.242500 496.345000 316.682587 496.297882
316.287200 495.404000 318.762634 495.361786
318.242200 494.293900 320.714600 494.227966
320.067800 492.959300 322.546051 492.885620
321.691800 491.422900 324.177429 491.326843
323.027900 489.679600 325.563568 489.609131
324.128000 487.907400 326.695557 487.808502
325.083100 486.074100 327.654510 485.901947
325.901600 484.156200 328.450958 483.912903
326.541500 482.161200 329.045563 481.845673
326.975000 480.110600 329.456024 479.747192
327.199900 477.981300 329.663574 477.590912
327.207600 475.816100 329.653229 475.389954
326.987100 473.574900 329.407684 473.152252
326.612600 471.312500 328.981171 470.830170
326.101700 468.984300 328.427429 468.485352
325.485000 466.584700 327.781158 466.062836
324.770900 464.117300 327.036255 463.568817
324.015300 461.568800 326.249390 461.007385
323.241500 458.937100 325.434204 458.383911
322.428100 456.221600 324.569000 455.664337
321.582200 453.438700 323.689514 452.923859
320.700500 450.590200 322.764709 450.083923
319.803300 447.709400 321.822113 447.229706
318.882300 444.812700 320.857391 444.359070
317.933600 441.902000 319.862427 441.445038
317.026500 438.982700 318.902100 438.551849
316.159500 436.052700 317.988831 435.638855
315.357400 433.104800 317.134888 432.690247
314.633500 430.138600 316.342133 429.719574
314.023700 427.174800 315.670288 426.757172
313.546100 424.188800 315.166473 423.780182
313.186000 421.191700 314.748779 420.800537
312.967300 418.184200 314.464203 417.775360
312.864500 415.179900 314.312195 414.777649
312.872600 412.155500 314.274170 411.770508
312.990400 409.162100 314.329773 408.771393
313.203500 406.159400 314.515533 405.806213
313.520300 403.163500 314.782013 402.807465
313.923800 400.189100 315.131714 399.843842
314.410500 397.252500 315.562775 396.900452
314.957200 394.350700 316.068726 394.007172
315.563700 391.486400 316.627167 391.131378
316.210700 388.682600 317.245544 388.299561
316.875600 385.969600 317.876953 385.597534
317.575400 383.411700 318.526062 383.068787
318.278300 381.082600 319.192505 380.713196
318.940600 378.964700 319.830811 378.607819
319.536100 376.960800 320.416412 376.614380
320.051600 374.976800 320.951172 374.651642
320.455200 373.030400 321.407623 372.679169
320.667900 371.083600 321.584351 370.774109
320.639300 369.178900 321.549316 368.876801
320.367200 367.308200 321.300751 367.025696
319.812200 365.451900 320.783478 365.181030
318.977600 363.612500 319.994141 363.371582
317.917200 361.899400 318.965576 361.684143
316.653200 360.259800 317.707733 360.050323
315.183100 358.649300 316.243500 358.452332
313.573000 357.006500 314.627075 356.818481
311.803000 355.325900 312.837769 355.152924
309.911600 353.572300 310.928802 353.393860
307.954100 351.681100 308.957855 351.510437
305.918800 349.709900 306.907806 349.539215
303.815100 347.660800 304.771240 347.475311
301.671400 345.530600 302.591644 345.331421
299.493500 343.321800 300.405518 343.152039
297.311600 341.063800 298.194641 340.908905
295.144200 338.750800 296.004120 338.634186
293.010900 336.383800 293.842834 336.301300
290.937000 333.945100 291.735504 333.886993
288.991700 331.405200 289.747864 331.370209
287.170900 328.759000 287.885559 328.738892
285.462000 326.045600 286.149536 326.045135
283.830800 323.246400 284.440125 323.226166
282.268800 320.363300 282.838593 320.353363
280.755300 317.391500 281.275757 317.391998
279.273700 314.371200 279.764038 314.398468
277.774600 311.308900 278.239014 311.364258
276.264200 308.193000 276.701660 308.266663
274.757100 305.022400 275.164917 305.116882
273.207400 301.793600 273.598785 301.901184
271.619600 298.531900 272.012390 298.659851
270.024400 295.205700 270.418304 295.362915
268.363800 291.836000 268.744293 292.034119
266.611600 288.477200 266.992554 288.735382
264.727500 285.132100 265.093353 285.432922
262.759200 281.800100 263.083099 282.123230
260.701700 278.471600 260.972351 278.808533
258.620500 275.176300 258.837433 275.515625
256.506400 271.837700 256.702728 272.213440
254.344100 268.488000 254.524185 268.890747
252.173900 265.097000 252.353241 265.570496
249.944700 261.678700 250.141006 262.215393
247.696800 258.253900 247.885498 258.815948
245.448300 254.808000 245.595398 255.384705
243.193400 251.334600 243.301498 251.937378
240.896500 247.824500 241.002365 248.471512
238.556700 244.277400 238.677002 244.978378
236.174700 240.690700 236.310211 241.426331
233.763000 237.091500 233.944656 237.879288
231.332800 233.457600 231.544922 234.288162
228.838300 229.808000 229.115417 230.692627
226.342900 226.169100 226.631470 227.107117
223.818800 222.533800 224.121094 223.518509
221.285700 218.901400 221.606506 219.920410
218.752300 215.265000 219.081604 216.318985
216.249600 211.634900 216.597000 212.704636
213.762100 207.997700 214.135086 209.103958
211.316800 204.351400 211.682266 205.471268
208.893800 200.676600 209.285233 201.833389
206.508300 196.989800 206.882812 198.180115
204.177700 193.291200 204.530426 194.495239
201.927600 189.547700 202.260788 190.737366
199.739900 185.759300 200.058563 186.934128
197.634000 181.950500 197.966019 183.114227
195.568100 178.118500 195.922729 179.257080
193.561400 174.281900 193.922104 175.437637
191.624100 170.408300 191.909210 171.536591
189.716900 166.527700 189.953339 167.664597
187.815500 162.621800 188.038132 163.785065
185.959300 158.681600 186.150314 159.842255
184.094000 154.737900 184.266357 155.906387
182.239600 150.794500 182.408356 151.999039
180.398400 146.846200 180.546799 148.065491
178.592100 142.900000 178.714005 144.146729
176.795000 138.933400 176.876144 140.204376
174.974500 134.967700 175.059616 136.270554
173.137100 131.051800 173.206787 132.376648
171.221700 127.194200 171.267670 128.517532
169.204100 123.403700 169.216476 124.706161
167.059300 119.698200 167.075806 120.988541
164.778800 116.075700 164.808914 117.384987
162.368900 112.524900 162.434250 113.854523
159.842700 109.067300 159.934326 110.409332
157.243500 105.701500 157.314316 107.009750
154.586000 102.373400 154.664307 103.664825
151.852400 99.075390 151.960999 100.359833
149.065100 95.812170 149.220917 97.080399
146.211000 92.589950 146.401321 93.823074
143.290400 89.438890 143.499832 90.616913
140.313900 86.318510 140.542343 87.461479
137.315300 83.188540 137.554733 84.300949
134.309400 80.022690 134.590149 81.118767
131.293700 76.854850 131.647263 77.954460
128.257000 73.680270 128.685974 74.761192
125.224000 70.510050 125.704254 71.534729
122.171600 67.325860 122.735023 68.334015
119.104200 64.151150 119.704941 65.111656
116.003700 60.986180 116.630142 61.908916
112.861400 57.817240 113.555725 58.725277
109.667300 54.647940 110.439575 55.542786
106.494700 51.468900 107.333870 52.359131
103.294400 48.292970 104.194687 49.177258
100.126400 45.132480 101.064323 45.997169
96.950460 41.977160 97.916954 42.794041
93.739320 38.803750 94.778458 39.621304
90.567830 35.632100 91.669464 36.427025
87.415790 32.458970 88.590256 33.246021
84.260040 29.295850 85.511208 30.053514
81.123540 26.129440 82.426491 26.848471
77.992680 22.957970 79.366966 23.629612
74.890600 19.774830 76.295441 20.405222
71.780370 16.590360 73.230309 17.176279
68.630430 13.396510 70.184395 13.944067
65.471800 10.205970 67.145508 10.739678
62.314330 7.007367 64.142540 7.556249
59.206170 3.808043 61.129181 4.329748
56.091860 0.584754 58.092026 1.080270
53.008120 -2.625659 55.120758 -2.126214
49.955730 -5.822352 52.157707 -5.321865
46.935070 -9.021045 49.195480 -8.521142
43.893000 -12.216550 46.256062 -11.671300
40.929340 -15.293680 43.380985 -14.760071
38.089530 -18.317430 40.588638 -17.826817
35.418750 -21.291630 37.943794 -20.852127
32.866820 -24.157290 35.432579 -23.739897
30.511610 -26.943030 33.058434 -26.565290
28.282770 -29.552800 30.868605 -29.199299
26.270910 -31.981160 28.850384 -31.672779
24.406470 -34.119140 26.972219 -33.845821
22.621160 -35.934900 25.203348 -35.698303
20.883450 -37.415600 23.487865 -37.197769
19.174900 -38.513760 21.791903 -38.347778
17.516050 -39.260550 20.136465 -39.125164
15.838890 -39.714580 18.440294 -39.656502
14.191360 -39.829780 16.784454 -39.811733
12.634270 -39.672360 15.166677 -39.715824
11.172310 -39.260550 13.684312 -39.381302
9.789695 -38.629800 12.234655 -38.765263
8.497673 -37.738490 10.926647 -37.875004
7.308945 -36.616890 9.681910 -36.734142
6.256320 -35.282630 8.635989 -35.372902
5.377697 -33.729560 7.699445 -33.742401
4.666734 -31.994970 7.041394 -32.000351
4.118069 -30.087400 6.487395 -30.080973
3.675026 -28.058910 6.031007 -28.023590
3.306982 -25.913550 5.629699 -25.822689
2.950683 -23.671670 5.263527 -23.539719
2.589654 -21.354230 4.870247 -21.179621
2.235350 -18.941910 4.466580 -18.687948
1.883217 -16.438970 4.088949 -16.153221
1.539703 -13.883430 3.716538 -13.556845
1.229057 -11.374200 3.340957 -10.967024
0.914029 -8.934948 2.997848 -8.512639
0.572467 -6.591425 2.636355 -6.156227
0.172462 -4.328516 2.251454 -3.855973
-0.233814 -2.148095 1.872120 -1.660160
-0.652500 -0.027237 1.474026 0.489538
-1.128803 2.027763 1.027248 2.555073
-1.682534 4.091749 0.510321 4.625265
-2.326851 6.156888 -0.067123 6.684293
-3.006582 8.222648 -0.720521 8.819669
