0 0.000154 0.037159 100.000000 12.195122
0 0.000074 0.020880 200.000000 15.384615
0 0.000042 0.018656 300.000000 17.543859
0 0.000032 0.018270 400.000000 19.138756
0 0.000026 0.016223 500.000000 20.325203
0 0.000023 0.015323 600.000000 21.126760
0 0.000030 0.014844 700.000000 21.806854
0 0.000024 0.013834 800.000000 22.284122
10 0.000129 0.035943 100.000000 12.987013
10 0.000065 0.019849 200.000000 16.129032
10 0.000030 0.017867 300.000000 18.181818
10 0.000021 0.017438 400.000000 19.704433
10 0.000023 0.015244 500.000000 20.833334
10 0.000020 0.014367 600.000000 21.582733
10 0.000029 0.013705 700.000000 22.222221
10 0.000023 0.012606 800.000000 22.662889
20 0.000100 0.031012 100.000000 13.888889
20 0.000044 0.016045 200.000000 16.949152
20 0.000017 0.015033 300.000000 18.867924
20 0.000017 0.014990 400.000000 20.304569
20 0.000028 0.012978 500.000000 21.367521
20 0.000022 0.012473 600.000000 22.140221
20 0.000031 0.011998 700.000000 22.653721
20 0.000025 0.011216 800.000000 23.121387
30 0.000074 0.026397 100.000000 14.925373
30 0.000017 0.012890 200.000000 17.857143
30 0.000010 0.012933 300.000000 19.607843
30 0.000022 0.013111 400.000000 21.052631
30 0.000031 0.011573 500.000000 22.026432
30 0.000028 0.011700 600.000000 22.641510
30 0.000030 0.011575 700.000000 23.178808
30 0.000028 0.011219 800.000000 23.529411
40 0.000016 0.019105 100.000000 16.129032
40 0.000017 0.007987 200.000000 18.867924
40 0.000029 0.010555 300.000000 20.408163
40 0.000039 0.011231 400.000000 21.739130
40 0.000041 0.010713 500.000000 22.624434
40 0.000036 0.011853 600.000000 23.166023
40 0.000036 0.012446 700.000000 23.648649
40 0.000037 0.012767 800.000000 23.952095
50 0.000041 0.011562 100.000000 17.241379
50 0.000044 0.009081 200.000000 19.801981
50 0.000042 0.012252 300.000000 21.276596
50 0.000053 0.013022 400.000000 22.471910
50 0.000050 0.013414 500.000000 23.148148
50 0.000046 0.014590 600.000000 23.715416
50 0.000041 0.015590 700.000000 24.054983
50 0.000043 0.016127 800.000000 24.316109
60 0.000027 0.007031 100.000000 18.518518
60 0.000032 0.012559 200.000000 20.618557
60 0.000031 0.014905 300.000000 21.897810
60 0.000043 0.013933 400.000000 22.988506
60 0.000042 0.013777 500.000000 23.696682
60 0.000041 0.014363 600.000000 24.096386
60 0.000032 0.014720 700.000000 24.475525
60 0.000037 0.014893 800.000000 24.691359
70 0.000030 0.009638 100.000000 19.230770
70 0.000037 0.015598 200.000000 21.276596
70 0.000031 0.016568 300.000000 22.556391
70 0.000045 0.014811 400.000000 23.529411
70 0.000041 0.014515 500.000000 24.154589
70 0.000043 0.015056 600.000000 24.489796
70 0.000036 0.015126 700.000000 24.822695
70 0.000039 0.015272 800.000000 25.000000
80 0.000032 0.015152 100.000000 20.408163
80 0.000038 0.017829 200.000000 21.978022
80 0.000031 0.018314 300.000000 23.255814
80 0.000040 0.015473 400.000000 24.096386
80 0.000036 0.015259 500.000000 24.509804
80 0.000044 0.015396 600.000000 24.896265
80 0.000033 0.015266 700.000000 25.089605
80 0.000043 0.015259 800.000000 25.316456
90 0.000028 0.018594 100.000000 21.276596
90 0.000038 0.019522 200.000000 22.471910
90 0.000038 0.018841 300.000000 23.809525
90 0.000049 0.015871 400.000000 24.539877
90 0.000039 0.015864 500.000000 24.875622
90 0.000046 0.015790 600.000000 25.210085
90 0.000036 0.015538 700.000000 25.362318
90 0.000046 0.015686 800.000000 25.477707
100 0.000048 0.021623 100.000000 21.739130
100 0.000052 0.020669 200.000000 23.255814
100 0.000054 0.018743 300.000000 24.390244
100 0.000054 0.016545 400.000000 24.844721
100 0.000045 0.016786 500.000000 25.252525
100 0.000043 0.016940 600.000000 25.423729
100 0.000043 0.016756 700.000000 25.547445
100 0.000049 0.016984 800.000000 25.723473
110 0.000063 0.023057 100.000000 22.222221
110 0.000046 0.020970 200.000000 23.809525
110 0.000060 0.018272 300.000000 24.793388
110 0.000054 0.016721 400.000000 25.157232
110 0.000048 0.016931 500.000000 25.510204
110 0.000040 0.017058 600.000000 25.641026
110 0.000044 0.016924 700.000000 25.830257
110 0.000049 0.017277 800.000000 25.889967
120 0.000047 0.023263 100.000000 22.727272
120 0.000035 0.020842 200.000000 24.096386
120 0.000052 0.016737 300.000000 25.210085
120 0.000044 0.015499 400.000000 25.477707
120 0.000045 0.015540 500.000000 25.773195
120 0.000037 0.015255 600.000000 25.862068
120 0.000041 0.015084 700.000000 25.925926
120 0.000044 0.015317 800.000000 25.974026
130 0.000060 0.020603 100.000000 23.255814
130 0.000039 0.019721 200.000000 24.691359
130 0.000050 0.015640 300.000000 25.423729
130 0.000042 0.015381 400.000000 25.641026
130 0.000054 0.015542 500.000000 25.906736
130 0.000039 0.015243 600.000000 25.974026
130 0.000050 0.015259 700.000000 26.119404
130 0.000046 0.015842 800.000000 26.143791
140 0.000060 0.019530 100.000000 23.809525
140 0.000062 0.018052 200.000000 25.000000
140 0.000062 0.014760 300.000000 25.641026
140 0.000049 0.014930 400.000000 25.974026
140 0.000048 0.015280 500.000000 26.041666
140 0.000043 0.014961 600.000000 26.086956
140 0.000053 0.015115 700.000000 26.217228
140 0.000048 0.015761 800.000000 26.229507
150 0.000046 0.019915 100.000000 23.809525
150 0.000061 0.016463 200.000000 25.641026
150 0.000054 0.013985 300.000000 25.862068
150 0.000047 0.014626 400.000000 26.143791
150 0.000040 0.014536 500.000000 26.178011
150 0.000043 0.014377 600.000000 26.200872
150 0.000049 0.014299 700.000000 26.315790
150 0.000045 0.014793 800.000000 26.315790
160 0.000030 0.018471 100.000000 25.000000
160 0.000058 0.014254 200.000000 25.974026
160 0.000048 0.013212 300.000000 26.086956
160 0.000049 0.013604 400.000000 26.315790
160 0.000037 0.013471 500.000000 26.315790
160 0.000043 0.013329 600.000000 26.315790
160 0.000048 0.013382 700.000000 26.415094
160 0.000044 0.013687 800.000000 26.402639
170 0.000023 0.020036 100.000000 25.641026
170 0.000044 0.013308 200.000000 26.315790
170 0.000038 0.013138 300.000000 26.315790
170 0.000052 0.013568 400.000000 26.315790
170 0.000035 0.012949 500.000000 26.455027
170 0.000048 0.012773 600.000000 26.431719
170 0.000044 0.012935 700.000000 26.415094
170 0.000045 0.012855 800.000000 26.490067
180 0.000061 0.017896 100.000000 25.641026
180 0.000074 0.012747 200.000000 26.315790
180 0.000048 0.013274 300.000000 26.548672
180 0.000049 0.013500 400.000000 26.490067
180 0.000043 0.012997 500.000000 26.455027
180 0.000054 0.012875 600.000000 26.548672
180 0.000047 0.013182 700.000000 26.515152
180 0.000044 0.013313 800.000000 26.490067
190 0.000085 0.014189 100.000000 26.315790
190 0.000064 0.011375 200.000000 26.315790
190 0.000052 0.012948 300.000000 26.548672
190 0.000042 0.012834 400.000000 26.490067
190 0.000046 0.012739 500.000000 26.455027
190 0.000052 0.012461 600.000000 26.548672
190 0.000047 0.012847 700.000000 26.515152
190 0.000047 0.013189 800.000000 26.490067
200 0.000113 0.011101 100.000000 26.315790
200 0.000069 0.011744 200.000000 26.315790
200 0.000066 0.012976 300.000000 26.548672
200 0.000048 0.013268 400.000000 26.490067
200 0.000051 0.013195 500.000000 26.455027
200 0.000055 0.013627 600.000000 26.431719
200 0.000050 0.014060 700.000000 26.515152
200 0.000049 0.014896 800.000000 26.402639
210 0.000087 0.008856 100.000000 25.641026
210 0.000050 0.010597 200.000000 26.315790
210 0.000066 0.012025 300.000000 26.315790
210 0.000043 0.011507 400.000000 26.490067
210 0.000057 0.011569 500.000000 26.455027
210 0.000051 0.011923 600.000000 26.431719
210 0.000049 0.012111 700.000000 26.415094
210 0.000047 0.012921 800.000000 26.402639
220 0.000068 0.010650 100.000000 25.641026
220 0.000039 0.013139 200.000000 26.315790
220 0.000041 0.012842 300.000000 26.315790
220 0.000038 0.012403 400.000000 26.315790
220 0.000051 0.011506 500.000000 26.455027
220 0.000044 0.011004 600.000000 26.431719
220 0.000042 0.010404 700.000000 26.415094
220 0.000042 0.011043 800.000000 26.315790
230 0.000037 0.011849 100.000000 25.641026
230 0.000037 0.014358 200.000000 26.315790
230 0.000028 0.013250 300.000000 26.315790
230 0.000037 0.013051 400.000000 26.315790
230 0.000045 0.011545 500.000000 26.455027
230 0.000040 0.010688 600.000000 26.431719
230 0.000042 0.009819 700.000000 26.415094
230 0.000037 0.010481 800.000000 26.315790
240 0.000018 0.014129 100.000000 25.641026
240 0.000047 0.015148 200.000000 25.974026
240 0.000028 0.013611 300.000000 26.315790
240 0.000041 0.012856 400.000000 26.315790
240 0.000043 0.011567 500.000000 26.315790
240 0.000042 0.010228 600.000000 26.431719
240 0.000041 0.009944 700.000000 26.315790
240 0.000036 0.010759 800.000000 26.229507
250 0.000005 0.016913 100.000000 25.641026
250 0.000049 0.016294 200.000000 25.974026
250 0.000025 0.014418 300.000000 26.315790
250 0.000046 0.013447 400.000000 26.315790
250 0.000041 0.011940 500.000000 26.315790
250 0.000039 0.010353 600.000000 26.315790
250 0.000038 0.009972 700.000000 26.315790
250 0.000031 0.010870 800.000000 26.229507
260 0.000028 0.019505 100.000000 25.641026
260 0.000028 0.016308 200.000000 25.974026
260 0.000035 0.015334 300.000000 26.315790
260 0.000046 0.013363 400.000000 26.315790
260 0.000040 0.012018 500.000000 26.315790
260 0.000041 0.010295 600.000000 26.315790
260 0.000039 0.010300 700.000000 26.315790
260 0.000029 0.011136 800.000000 26.143791
270 0.000049 0.018417 100.000000 25.641026
270 0.000028 0.015672 200.000000 25.974026
270 0.000036 0.014794 300.000000 26.315790
270 0.000047 0.012663 400.000000 26.315790
270 0.000039 0.011113 500.000000 26.315790
270 0.000041 0.009804 600.000000 26.315790
270 0.000037 0.010265 700.000000 26.217228
270 0.000031 0.011045 800.000000 26.143791
280 0.000082 0.017225 100.000000 25.641026
280 0.000034 0.014156 200.000000 25.974026
280 0.000053 0.013337 300.000000 26.315790
280 0.000048 0.011648 400.000000 26.315790
280 0.000047 0.010068 500.000000 26.315790
280 0.000044 0.009808 600.000000 26.315790
280 0.000038 0.010849 700.000000 26.217228
280 0.000034 0.011781 800.000000 26.058632
290 0.000083 0.015730 100.000000 25.641026
290 0.000039 0.013851 200.000000 25.974026
290 0.000060 0.012601 300.000000 26.315790
290 0.000048 0.011028 400.000000 26.315790
290 0.000045 0.009490 500.000000 26.315790
290 0.000043 0.009592 600.000000 26.200872
290 0.000034 0.010665 700.000000 26.119404
290 0.000030 0.011548 800.000000 26.058632
300 0.000030 0.013678 100.000000 25.641026
300 0.000045 0.014272 200.000000 25.974026
300 0.000054 0.011697 300.000000 26.315790
300 0.000047 0.010459 400.000000 26.315790
300 0.000046 0.009041 500.000000 26.315790
300 0.000041 0.009459 600.000000 26.200872
300 0.000032 0.010572 700.000000 26.119404
300 0.000029 0.011015 800.000000 26.058632
310 0.000025 0.015305 100.000000 25.641026
310 0.000032 0.015333 200.000000 25.974026
310 0.000047 0.012797 300.000000 26.086956
310 0.000039 0.011004 400.000000 26.315790
310 0.000042 0.009543 500.000000 26.178011
310 0.000037 0.009846 600.000000 26.200872
310 0.000031 0.010650 700.000000 26.022305
310 0.000027 0.010887 800.000000 26.058632
320 0.000037 0.016183 100.000000 25.641026
320 0.000041 0.016196 200.000000 25.974026
320 0.000035 0.013462 300.000000 26.086956
320 0.000039 0.011080 400.000000 26.315790
320 0.000035 0.010018 500.000000 26.178011
320 0.000028 0.010409 600.000000 26.086956
320 0.000026 0.010768 700.000000 26.022305
320 0.000023 0.010817 800.000000 26.058632
330 0.000025 0.016275 100.000000 25.641026
330 0.000065 0.014211 200.000000 25.974026
330 0.000047 0.011922 300.000000 26.086956
330 0.000041 0.009836 400.000000 26.143791
330 0.000040 0.009538 500.000000 26.178011
330 0.000029 0.010151 600.000000 26.086956
330 0.000027 0.010552 700.000000 26.022305
330 0.000026 0.011043 800.000000 26.058632
340 0.000060 0.015881 100.000000 25.641026
340 0.000074 0.011468 200.000000 25.974026
340 0.000053 0.009764 300.000000 26.086956
340 0.000052 0.008259 400.000000 26.143791
340 0.000046 0.008937 500.000000 26.178011
340 0.000033 0.010385 600.000000 25.974026
340 0.000031 0.010810 700.000000 26.022305
340 0.000031 0.011560 800.000000 26.058632
350 0.000068 0.014549 100.000000 25.641026
350 0.000072 0.011027 200.000000 25.974026
350 0.000056 0.009153 300.000000 26.086956
350 0.000051 0.008566 400.000000 26.143791
350 0.000043 0.009602 500.000000 26.041666
350 0.000038 0.010865 600.000000 25.974026
350 0.000031 0.011318 700.000000 25.925926
350 0.000028 0.011892 800.000000 26.143791
360 0.000121 0.013684 100.000000 25.641026
360 0.000069 0.010540 200.000000 25.974026
360 0.000061 0.008444 300.000000 26.086956
360 0.000053 0.008252 400.000000 26.143791
360 0.000041 0.010057 500.000000 26.041666
360 0.000038 0.010974 600.000000 25.862068
360 0.000032 0.011622 700.000000 26.022305
360 0.000028 0.011835 800.000000 26.143791
370 0.000110 0.012559 100.000000 25.641026
370 0.000062 0.010742 200.000000 25.974026
370 0.000052 0.008809 300.000000 26.086956
370 0.000049 0.009188 400.000000 25.974026
370 0.000031 0.010445 500.000000 25.906736
370 0.000029 0.010948 600.000000 25.862068
370 0.000029 0.011476 700.000000 26.022305
370 0.000024 0.011472 800.000000 26.143791
380 0.000080 0.011151 100.000000 25.641026
380 0.000049 0.010174 200.000000 25.974026
380 0.000051 0.008574 300.000000 26.086956
380 0.000039 0.009226 400.000000 25.974026
380 0.000029 0.010568 500.000000 25.906736
380 0.000028 0.010713 600.000000 25.862068
380 0.000027 0.011337 700.000000 26.022305
380 0.000023 0.010973 800.000000 26.143791
390 0.000057 0.012367 100.000000 25.641026
390 0.000048 0.010475 200.000000 25.974026
390 0.000043 0.009738 300.000000 26.086956
390 0.000035 0.010423 400.000000 25.974026
390 0.000030 0.011482 500.000000 25.773195
390 0.000024 0.011496 600.000000 25.862068
390 0.000020 0.011667 700.000000 26.022305
390 0.000020 0.011262 800.000000 26.143791
400 0.000019 0.014904 100.000000 25.641026
400 0.000027 0.013141 200.000000 25.974026
400 0.000029 0.012370 300.000000 25.862068
400 0.000020 0.013001 400.000000 25.806452
400 0.000021 0.013328 500.000000 25.773195
400 0.000018 0.013516 600.000000 25.862068
400 0.000016 0.013049 700.000000 26.119404
400 0.000015 0.012824 800.000000 26.229507
410 0.000014 0.015764 100.000000 25.641026
410 0.000028 0.013522 200.000000 25.974026
410 0.000031 0.013364 300.000000 25.862068
410 0.000018 0.014015 400.000000 25.806452
410 0.000017 0.013901 500.000000 25.773195
410 0.000017 0.014195 600.000000 25.974026
410 0.000015 0.013646 700.000000 26.119404
410 0.000016 0.013552 800.000000 26.229507
420 0.000022 0.013884 100.000000 25.641026
420 0.000037 0.012403 200.000000 25.641026
420 0.000030 0.012522 300.000000 25.862068
420 0.000025 0.013640 400.000000 25.641026
420 0.000021 0.013453 500.000000 25.773195
420 0.000019 0.013888 600.000000 25.974026
420 0.000016 0.013006 700.000000 26.119404
420 0.000021 0.013293 800.000000 26.143791
430 0.000046 0.012462 100.000000 25.641026
430 0.000039 0.011937 200.000000 25.641026
430 0.000029 0.012821 300.000000 25.641026
430 0.000027 0.013750 400.000000 25.641026
430 0.000021 0.013601 500.000000 25.773195
430 0.000018 0.013454 600.000000 25.974026
430 0.000017 0.013044 700.000000 26.119404
430 0.000024 0.013183 800.000000 26.143791
440 0.000038 0.012924 100.000000 25.641026
440 0.000037 0.012801 200.000000 25.641026
440 0.000021 0.013926 300.000000 25.641026
440 0.000020 0.014509 400.000000 25.641026
440 0.000018 0.014877 500.000000 25.773195
440 0.000016 0.014291 600.000000 26.086956
440 0.000015 0.014061 700.000000 26.119404
440 0.000023 0.013871 800.000000 26.143791
450 0.000048 0.013059 100.000000 25.000000
450 0.000037 0.013325 200.000000 25.641026
450 0.000019 0.014770 300.000000 25.641026
450 0.000020 0.014584 400.000000 25.641026
450 0.000019 0.015159 500.000000 25.773195
450 0.000015 0.014377 600.000000 26.086956
450 0.000017 0.014434 700.000000 26.119404
450 0.000024 0.013894 800.000000 26.058632
460 0.000055 0.012531 100.000000 25.000000
460 0.000038 0.013938 200.000000 25.316456
460 0.000026 0.015381 300.000000 25.423729
460 0.000021 0.015063 400.000000 25.641026
460 0.000018 0.015322 500.000000 25.906736
460 0.000016 0.014312 600.000000 26.086956
460 0.000022 0.014527 700.000000 26.119404
460 0.000025 0.013745 800.000000 25.974026
470 0.000023 0.016058 100.000000 25.000000
470 0.000017 0.017788 200.000000 25.316456
470 0.000019 0.018268 300.000000 25.423729
470 0.000013 0.017808 400.000000 25.641026
470 0.000011 0.017373 500.000000 25.906736
470 0.000011 0.016785 600.000000 26.086956
470 0.000022 0.016600 700.000000 26.119404
470 0.000023 0.015546 800.000000 25.889967
480 0.000044 0.016529 100.000000 25.000000
480 0.000018 0.017647 200.000000 25.316456
480 0.000020 0.017795 300.000000 25.423729
480 0.000016 0.017868 400.000000 25.641026
480 0.000014 0.017038 500.000000 26.041666
480 0.000014 0.016666 600.000000 26.086956
480 0.000022 0.016073 700.000000 26.119404
480 0.000027 0.014926 800.000000 25.806452
490 0.000026 0.018481 100.000000 25.000000
490 0.000026 0.019990 200.000000 25.316456
490 0.000018 0.019140 300.000000 25.423729
490 0.000015 0.019200 400.000000 25.806452
490 0.000012 0.018011 500.000000 26.041666
490 0.000013 0.017851 600.000000 26.200872
490 0.000021 0.016971 700.000000 26.022305
490 0.000022 0.015452 800.000000 25.723473
500 0.000017 0.020654 100.000000 25.000000
500 0.000019 0.021896 200.000000 25.000000
500 0.000016 0.020528 300.000000 25.423729
500 0.000011 0.020256 400.000000 25.806452
500 0.000009 0.018964 500.000000 26.041666
500 0.000015 0.018819 600.000000 26.200872
500 0.000019 0.017547 700.000000 25.925926
500 0.000021 0.015998 800.000000 25.559105
510 0.000018 0.022028 100.000000 25.000000
510 0.000018 0.021718 200.000000 25.000000
510 0.000013 0.020728 300.000000 25.423729
510 0.000009 0.019652 400.000000 25.974026
510 0.000010 0.018841 500.000000 26.178011
510 0.000022 0.018612 600.000000 26.086956
510 0.000024 0.017241 700.000000 25.830257
510 0.000020 0.015333 800.000000 25.396826
520 0.000044 0.022141 100.000000 24.390244
520 0.000025 0.020965 200.000000 25.000000
520 0.000013 0.020798 300.000000 25.641026
520 0.000010 0.019790 400.000000 25.974026
520 0.000009 0.019187 500.000000 26.178011
520 0.000020 0.018415 600.000000 26.086956
520 0.000025 0.016838 700.000000 25.735294
520 0.000017 0.015027 800.000000 25.236593
530 0.000047 0.023821 100.000000 24.390244
530 0.000023 0.021393 200.000000 25.000000
530 0.000014 0.021309 300.000000 25.641026
530 0.000009 0.019826 400.000000 25.974026
530 0.000012 0.019676 500.000000 26.178011
530 0.000020 0.018416 600.000000 26.086956
530 0.000021 0.016611 700.000000 25.641026
530 0.000016 0.014900 800.000000 25.078369
540 0.000023 0.023796 100.000000 24.390244
540 0.000014 0.020800 200.000000 25.316456
540 0.000010 0.020384 300.000000 25.862068
540 0.000010 0.018854 400.000000 26.143791
540 0.000019 0.018833 500.000000 26.178011
540 0.000024 0.017302 600.000000 25.974026
540 0.000025 0.015678 700.000000 25.454546
540 0.000016 0.014025 800.000000 24.844721
550 0.000022 0.020923 100.000000 24.390244
550 0.000014 0.020177 200.000000 25.316456
550 0.000011 0.018730 300.000000 26.086956
550 0.000009 0.017978 400.000000 26.315790
550 0.000029 0.017794 500.000000 26.178011
550 0.000029 0.016323 600.000000 25.862068
550 0.000024 0.014377 700.000000 25.362318
550 0.000015 0.012973 800.000000 24.464832
560 0.000015 0.019222 100.000000 24.390244
560 0.000020 0.019057 200.000000 25.641026
560 0.000014 0.017764 300.000000 26.086956
560 0.000016 0.017318 400.000000 26.315790
560 0.000030 0.016563 500.000000 26.178011
560 0.000032 0.015036 600.000000 25.751074
560 0.000024 0.013477 700.000000 25.179855
560 0.000018 0.012046 800.000000 24.024025
570 0.000023 0.017132 100.000000 25.000000
570 0.000023 0.018302 200.000000 25.974026
570 0.000017 0.016714 300.000000 26.315790
570 0.000024 0.017054 400.000000 26.315790
570 0.000032 0.015809 500.000000 26.178011
570 0.000030 0.014277 600.000000 25.641026
570 0.000024 0.012856 700.000000 25.000000
570 0.000020 0.011365 800.000000 23.598820
580 0.000021 0.019299 100.000000 25.000000
580 0.000015 0.019645 200.000000 25.974026
580 0.000013 0.018159 300.000000 26.315790
580 0.000023 0.018369 400.000000 26.490067
580 0.000029 0.016799 500.000000 26.041666
580 0.000029 0.015053 600.000000 25.531916
580 0.000018 0.013353 700.000000 24.734982
580 0.000017 0.011586 800.000000 23.054754
590 0.000015 0.020788 100.000000 25.641026
590 0.000012 0.019199 200.000000 26.315790
590 0.000012 0.018513 300.000000 26.548672
590 0.000030 0.018362 400.000000 26.315790
590 0.000031 0.016651 500.000000 26.041666
590 0.000026 0.014502 600.000000 25.316456
590 0.000016 0.012912 700.000000 24.305555
590 0.000018 0.011183 800.000000 22.662889
600 0.000029 0.020512 100.000000 25.641026
600 0.000015 0.018111 200.000000 26.315790
600 0.000016 0.017775 300.000000 26.548672
600 0.000034 0.016855 400.000000 26.315790
600 0.000036 0.015074 500.000000 25.773195
600 0.000026 0.013359 600.000000 25.104603
600 0.000019 0.011806 700.000000 23.809525
600 0.000019 0.010682 800.000000 22.222221
610 0.000024 0.021891 100.000000 25.641026
610 0.000017 0.018143 200.000000 26.666666
610 0.000027 0.018723 300.000000 26.548672
610 0.000036 0.017070 400.000000 26.143791
610 0.000030 0.015151 500.000000 25.641026
610 0.000025 0.013598 600.000000 24.793388
610 0.000021 0.011759 700.000000 23.178808
610 0.000021 0.011036 800.000000 21.798365
620 0.000033 0.019404 100.000000 26.315790
620 0.000024 0.017077 200.000000 26.666666
620 0.000038 0.017588 300.000000 26.548672
620 0.000040 0.015880 400.000000 25.974026
620 0.000035 0.014052 500.000000 25.380711
620 0.000023 0.012513 600.000000 24.390244
620 0.000022 0.010709 700.000000 22.653721
620 0.000023 0.010606 800.000000 21.505377
630 0.000022 0.017226 100.000000 26.315790
630 0.000019 0.017173 200.000000 26.666666
630 0.000040 0.017303 300.000000 26.315790
630 0.000043 0.015404 400.000000 25.806452
630 0.000032 0.013199 500.000000 25.000000
630 0.000019 0.011678 600.000000 23.904383
630 0.000021 0.010102 700.000000 22.082020
630 0.000023 0.010192 800.000000 21.164021
640 0.000022 0.016844 100.000000 26.315790
640 0.000018 0.017744 200.000000 26.666666
640 0.000040 0.016867 300.000000 26.086956
640 0.000036 0.014767 400.000000 25.477707
640 0.000027 0.012892 500.000000 24.752476
640 0.000019 0.011077 600.000000 23.166023
640 0.000020 0.009883 700.000000 21.538462
640 0.000026 0.009962 800.000000 20.725389
650 0.000019 0.015368 100.000000 26.315790
650 0.000035 0.018189 200.000000 26.315790
650 0.000041 0.016154 300.000000 25.862068
650 0.000036 0.014111 400.000000 25.157232
650 0.000026 0.012472 500.000000 24.271845
650 0.000021 0.010659 600.000000 22.471910
650 0.000023 0.009902 700.000000 21.084337
650 0.000027 0.009719 800.000000 20.304569
660 0.000017 0.016567 100.000000 26.315790
660 0.000055 0.017819 200.000000 25.974026
660 0.000049 0.015598 300.000000 25.641026
660 0.000039 0.013517 400.000000 24.844721
660 0.000023 0.012119 500.000000 23.809525
660 0.000024 0.010383 600.000000 21.818182
660 0.000026 0.010508 700.000000 20.771513
660 0.000026 0.010318 800.000000 19.851116
670 0.000031 0.018199 100.000000 25.641026
670 0.000060 0.017337 200.000000 25.974026
670 0.000060 0.015165 300.000000 25.210085
670 0.000036 0.013185 400.000000 24.390244
670 0.000023 0.011758 500.000000 23.041475
670 0.000026 0.010178 600.000000 21.201414
670 0.000030 0.010380 700.000000 20.348837
670 0.000020 0.009985 800.000000 19.417477
680 0.000036 0.020307 100.000000 25.641026
680 0.000055 0.017743 200.000000 25.641026
680 0.000046 0.015098 300.000000 24.793388
680 0.000030 0.013064 400.000000 23.952095
680 0.000021 0.011253 500.000000 22.222221
680 0.000025 0.010142 600.000000 20.689655
680 0.000032 0.010023 700.000000 19.886364
680 0.000017 0.009546 800.000000 19.093079
690 0.000065 0.020847 100.000000 25.641026
690 0.000057 0.016929 200.000000 25.316456
690 0.000050 0.014684 300.000000 24.390244
690 0.000028 0.012978 400.000000 23.529411
690 0.000024 0.010746 500.000000 21.459227
690 0.000027 0.010575 600.000000 20.202021
690 0.000031 0.010059 700.000000 19.444445
700 0.000110 0.019908 100.000000 25.000000
700 0.000073 0.016515 200.000000 24.691359
700 0.000047 0.013673 300.000000 24.000000
700 0.000022 0.012416 400.000000 22.857143
700 0.000027 0.010458 500.000000 20.833334
700 0.000032 0.010671 600.000000 19.867550
700 0.000027 0.009963 700.000000 18.970190
710 0.000090 0.017588 100.000000 25.000000
710 0.000074 0.014743 200.000000 24.390244
710 0.000034 0.012459 300.000000 23.622047
710 0.000021 0.010756 400.000000 21.978022
710 0.000027 0.008876 500.000000 20.161291
710 0.000033 0.009276 600.000000 19.417477
710 0.000018 0.008877 700.000000 18.567638
720 0.000065 0.016669 100.000000 24.390244
720 0.000044 0.013974 200.000000 23.809525
720 0.000024 0.012025 300.000000 23.076923
720 0.000016 0.009798 400.000000 21.164021
720 0.000025 0.008213 500.000000 19.607843
720 0.000032 0.008117 600.000000 18.987341
730 0.000055 0.016642 100.000000 23.809525
730 0.000042 0.014315 200.000000 23.529411
730 0.000013 0.012359 300.000000 22.556391
730 0.000021 0.009673 400.000000 20.304569
730 0.000031 0.007894 500.000000 19.230770
730 0.000031 0.007604 600.000000 18.518518
740 0.000029 0.017447 100.000000 23.809525
740 0.000015 0.013915 200.000000 22.988506
740 0.000009 0.012433 300.000000 21.739130
740 0.000028 0.009262 400.000000 19.704433
740 0.000030 0.006460 500.000000 18.867924
740 0.000026 0.006834 600.000000 18.072289
750 0.000044 0.015257 100.000000 23.255814
750 0.000010 0.012839 200.000000 22.471910
750 0.000007 0.011095 300.000000 20.833334
750 0.000031 0.007434 400.000000 19.047619
750 0.000034 0.005763 500.000000 18.518518
750 0.000024 0.006886 600.000000 17.751480
760 0.000028 0.014140 100.000000 22.727272
760 0.000013 0.012324 200.000000 21.978022
760 0.000012 0.010202 300.000000 20.000000
760 0.000033 0.006192 400.000000 18.604650
760 0.000033 0.005203 500.000000 18.050541
770 0.000032 0.014219 100.000000 22.222221
770 0.000009 0.012146 200.000000 21.505377
770 0.000024 0.009484 300.000000 19.230770
770 0.000038 0.005888 400.000000 18.181818
770 0.000037 0.005560 500.000000 17.605635
780 0.000012 0.012081 100.000000 21.739130
780 0.000028 0.011814 200.000000 20.833334
780 0.000040 0.008913 300.000000 18.518518
780 0.000040 0.004562 400.000000 17.857143
780 0.000035 0.004933 500.000000 17.241379
790 0.000054 0.013321 100.000000 21.276596
790 0.000036 0.012643 200.000000 19.801981
790 0.000048 0.008426 300.000000 17.964071
790 0.000041 0.003367 400.000000 17.543859
790 0.000038 0.004859 500.000000 16.891891
800 0.000023 0.011734 100.000000 20.833334
800 0.000017 0.010570 200.000000 18.867924
800 0.000048 0.005630 300.000000 17.441860
800 0.000044 0.004118 400.000000 17.167381
800 0.000038 0.005473 500.000000 16.666666
810 0.000041 0.012427 100.000000 20.408163
810 0.000036 0.010433 200.000000 18.018019
810 0.000053 0.004832 300.000000 17.142857
810 0.000047 0.004089 400.000000 16.806723
820 0.000049 0.011159 100.000000 19.607843
820 0.000048 0.008621 200.000000 17.241379
820 0.000053 0.004440 300.000000 16.853933
820 0.000049 0.004663 400.000000 16.393442
830 0.000038 0.010592 100.000000 18.518518
830 0.000057 0.007388 200.000000 16.666666
830 0.000055 0.004435 300.000000 16.574585
830 0.000044 0.004713 400.000000 16.129032
840 0.000022 0.009595 100.000000 17.241379
840 0.000068 0.005656 200.000000 16.129032
840 0.000057 0.005022 300.000000 16.304348
840 0.000043 0.004523 400.000000 15.873015
850 0.000035 0.009534 100.000000 16.393442
850 0.000073 0.005209 200.000000 15.873015
850 0.000064 0.005632 300.000000 15.957447
860 0.000070 0.008447 100.000000 15.625000
860 0.000078 0.005489 200.000000 15.625000
860 0.000062 0.005824 300.000000 15.625000
870 0.000103 0.006327 100.000000 14.925373
870 0.000082 0.006534 200.000000 15.503876
870 0.000063 0.006348 300.000000 15.384615
880 0.000120 0.006455 100.000000 14.705882
880 0.000081 0.007568 200.000000 15.503876
880 0.000053 0.006297 300.000000 15.306123
890 0.000129 0.006757 100.000000 14.705882
890 0.000088 0.008733 200.000000 15.625000
890 0.000051 0.006139 300.000000 15.306123
900 0.000132 0.008770 100.000000 14.925373
900 0.000090 0.010312 200.000000 15.625000
900 0.000059 0.006051 300.000000 15.306123
910 0.000126 0.012114 100.000000 14.925373
910 0.000091 0.010800 200.000000 15.503876
920 0.000108 0.015129 100.000000 15.384615
920 0.000089 0.011229 200.000000 15.503876
930 0.000081 0.017002 100.000000 15.625000
930 0.000088 0.011861 200.000000 15.503876
940 0.000086 0.017776 100.000000 15.873015
940 0.000089 0.011403 200.000000 15.384615
950 0.000081 0.017474 100.000000 16.129032
950 0.000086 0.011243 200.000000 15.384615
960 0.000107 0.016171 100.000000 16.129032
960 0.000081 0.011347 200.000000 15.384615
970 0.000109 0.013919 100.000000 15.873015
970 0.000069 0.011732 200.000000 15.384615
980 0.000118 0.012937 100.000000 15.625000
990 0.000124 0.012453 100.000000 15.151515
1000 0.000131 0.013413 100.000000 14.705882
1010 0.000143 0.015896 100.000000 14.492754
1020 0.000148 0.019163 100.000000 14.492754
1030 0.000147 0.022617 100.000000 14.705882
