0 0.000098 0.005486 100.000000 8.474576
0 0.000021 0.002914 200.000000 9.433962
0 0.000031 0.007071 300.000000 10.416667
0 0.000029 0.008141 400.000000 10.471204
0 0.000022 0.006439 500.000000 10.416667
0 0.000015 0.006325 600.000000 10.416667
0 0.000014 0.006799 700.000000 10.279001
0 0.000023 0.006261 800.000000 10.282776
10 0.000105 0.003668 100.000000 9.009009
10 0.000031 0.005562 200.000000 9.756098
10 0.000021 0.009335 300.000000 10.714286
10 0.000023 0.009601 400.000000 10.666667
10 0.000023 0.007286 500.000000 10.570825
10 0.000022 0.007451 600.000000 10.544815
10 0.000018 0.008065 700.000000 10.370370
10 0.000022 0.007206 800.000000 10.376135
20 0.000092 0.004865 100.000000 9.615385
20 0.000025 0.005686 200.000000 10.000000
20 0.000030 0.009637 300.000000 10.948905
20 0.000029 0.009397 400.000000 10.810811
20 0.000031 0.007169 500.000000 10.706638
20 0.000022 0.007341 600.000000 10.657193
20 0.000021 0.008008 700.000000 10.447762
20 0.000025 0.006950 800.000000 10.471204
30 0.000089 0.005274 100.000000 10.101010
30 0.000024 0.006977 200.000000 10.256411
30 0.000033 0.010541 300.000000 11.194030
30 0.000029 0.009823 400.000000 10.928962
30 0.000027 0.007629 500.000000 10.822511
30 0.000024 0.007879 600.000000 10.752688
30 0.000022 0.008573 700.000000 10.510510
30 0.000027 0.007269 800.000000 10.554090
40 0.000091 0.006484 100.000000 10.638298
40 0.000020 0.007852 200.000000 10.471204
40 0.000040 0.011202 300.000000 11.406844
40 0.000027 0.009859 400.000000 11.019283
40 0.000032 0.007820 500.000000 10.917030
40 0.000026 0.008138 600.000000 10.830325
40 0.000024 0.008789 700.000000 10.542169
40 0.000030 0.007275 800.000000 10.624170
50 0.000094 0.006328 100.000000 10.989011
50 0.000024 0.007998 200.000000 10.638298
50 0.000046 0.011419 300.000000 11.538462
50 0.000026 0.009504 400.000000 11.080333
50 0.000028 0.007665 500.000000 10.989011
50 0.000025 0.007973 600.000000 10.889292
50 0.000024 0.008504 700.000000 10.558069
50 0.000030 0.006910 800.000000 10.680908
60 0.000091 0.007237 100.000000 11.363636
60 0.000033 0.009336 200.000000 10.810811
60 0.000051 0.012096 300.000000 11.627907
60 0.000033 0.009393 400.000000 11.080333
60 0.000032 0.007709 500.000000 11.013216
60 0.000025 0.007935 600.000000 10.909091
60 0.000027 0.008299 700.000000 10.558069
60 0.000032 0.006682 800.000000 10.723861
70 0.000099 0.009318 100.000000 11.494253
70 0.000043 0.011132 200.000000 10.928962
70 0.000053 0.013011 300.000000 11.627907
70 0.000036 0.009651 400.000000 11.080333
70 0.000031 0.007959 500.000000 10.964912
70 0.000027 0.008258 600.000000 10.909091
70 0.000030 0.008463 700.000000 10.558069
70 0.000034 0.006786 800.000000 10.767160
80 0.000092 0.009137 100.000000 11.494253
80 0.000051 0.011813 200.000000 11.049724
80 0.000060 0.012777 300.000000 11.583012
80 0.000041 0.009084 400.000000 11.049724
80 0.000033 0.007583 500.000000 10.940919
80 0.000029 0.007963 600.000000 10.889292
80 0.000032 0.008057 700.000000 10.558069
80 0.000036 0.006559 800.000000 10.796222
90 0.000079 0.007050 100.000000 11.494253
90 0.000054 0.011490 200.000000 11.235955
90 0.000054 0.012313 300.000000 11.538462
90 0.000039 0.008619 400.000000 11.049724
90 0.000035 0.007581 500.000000 10.917030
90 0.000026 0.007871 600.000000 10.849910
90 0.000033 0.007701 700.000000 10.558069
90 0.000037 0.006406 800.000000 10.825439
100 0.000045 0.006866 100.000000 11.235955
100 0.000067 0.010799 200.000000 11.428572
100 0.000055 0.011759 300.000000 11.450381
100 0.000044 0.008253 400.000000 11.019283
100 0.000033 0.007132 500.000000 10.917030
100 0.000025 0.006999 600.000000 10.771993
100 0.000034 0.006889 700.000000 10.558069
100 0.000038 0.006659 800.000000 10.854816
110 0.000053 0.007051 100.000000 10.869565
110 0.000078 0.010904 200.000000 11.560694
110 0.000059 0.011722 300.000000 11.406844
110 0.000046 0.008326 400.000000 11.019283
110 0.000036 0.007038 500.000000 10.917030
110 0.000031 0.006751 600.000000 10.695188
110 0.000037 0.006789 700.000000 10.574018
110 0.000040 0.007272 800.000000 10.854816
120 0.000059 0.007246 100.000000 10.416667
120 0.000081 0.011747 200.000000 11.695907
120 0.000058 0.011617 300.000000 11.278195
120 0.000047 0.008242 400.000000 11.019283
120 0.000037 0.007002 500.000000 10.893247
120 0.000033 0.007027 600.000000 10.600707
120 0.000038 0.006704 700.000000 10.590015
120 0.000041 0.007389 800.000000 10.825439
130 0.000079 0.007032 100.000000 10.204082
130 0.000091 0.012150 200.000000 11.764706
130 0.000052 0.011875 300.000000 11.152416
130 0.000046 0.008781 400.000000 10.958904
130 0.000033 0.007269 500.000000 10.845987
130 0.000034 0.007347 600.000000 10.526316
130 0.000039 0.006944 700.000000 10.590015
130 0.000040 0.007846 800.000000 10.796222
140 0.000118 0.008812 100.000000 10.101010
140 0.000097 0.013714 200.000000 11.695907
140 0.000048 0.011789 300.000000 11.029411
140 0.000046 0.009402 400.000000 10.928962
140 0.000034 0.007402 500.000000 10.822511
140 0.000036 0.007307 600.000000 10.452962
140 0.000041 0.007558 700.000000 10.606061
140 0.000041 0.008821 800.000000 10.767160
150 0.000146 0.010336 100.000000 10.204082
150 0.000109 0.014767 200.000000 11.627907
150 0.000052 0.012022 300.000000 10.909091
150 0.000047 0.009778 400.000000 10.840109
150 0.000033 0.007741 500.000000 10.775862
150 0.000039 0.007736 600.000000 10.398614
150 0.000041 0.007982 700.000000 10.638298
150 0.000042 0.009184 800.000000 10.752688
160 0.000167 0.011952 100.000000 10.309278
160 0.000112 0.015619 200.000000 11.560694
160 0.000058 0.012219 300.000000 10.869565
160 0.000048 0.009936 400.000000 10.781672
160 0.000036 0.007848 500.000000 10.752688
160 0.000040 0.007930 600.000000 10.380623
160 0.000044 0.008619 700.000000 10.670732
160 0.000042 0.009771 800.000000 10.752688
170 0.000153 0.014335 100.000000 10.638298
170 0.000105 0.016383 200.000000 11.494253
170 0.000056 0.012200 300.000000 10.830325
170 0.000041 0.009739 400.000000 10.752688
170 0.000034 0.007858 500.000000 10.729613
170 0.000041 0.008030 600.000000 10.380623
170 0.000043 0.008810 700.000000 10.703364
170 0.000042 0.009701 800.000000 10.767160
180 0.000147 0.015753 100.000000 10.989011
180 0.000088 0.016470 200.000000 11.428572
180 0.000050 0.011720 300.000000 10.869565
180 0.000035 0.009491 400.000000 10.752688
180 0.000027 0.008016 500.000000 10.683761
180 0.000037 0.008100 600.000000 10.398614
180 0.000041 0.008571 700.000000 10.736197
180 0.000040 0.009086 800.000000 10.767160
190 0.000128 0.015265 100.000000 11.494253
190 0.000071 0.015550 200.000000 11.494253
190 0.000049 0.010007 300.000000 10.909091
190 0.000033 0.007975 400.000000 10.810811
190 0.000026 0.007127 500.000000 10.638298
190 0.000035 0.007213 600.000000 10.434783
190 0.000039 0.007521 700.000000 10.785825
190 0.000039 0.007935 800.000000 10.752688
200 0.000117 0.015319 100.000000 12.195122
200 0.000065 0.015071 200.000000 11.560694
200 0.000042 0.009384 300.000000 11.029411
200 0.000030 0.007567 400.000000 10.869565
200 0.000025 0.007089 500.000000 10.638298
200 0.000034 0.006997 600.000000 10.507881
200 0.000038 0.007141 700.000000 10.819165
200 0.000040 0.007602 800.000000 10.723861
210 0.000101 0.016271 100.000000 12.820513
210 0.000057 0.014407 200.000000 11.695907
210 0.000044 0.008669 300.000000 11.111111
210 0.000025 0.007308 400.000000 10.928962
210 0.000025 0.007252 500.000000 10.615711
210 0.000034 0.006846 600.000000 10.563380
210 0.000039 0.006796 700.000000 10.852714
210 0.000042 0.007437 800.000000 10.709505
220 0.000107 0.016954 100.000000 13.333333
220 0.000054 0.013788 200.000000 11.695907
220 0.000046 0.008334 300.000000 11.194030
220 0.000030 0.007194 400.000000 10.989011
220 0.000026 0.007400 500.000000 10.593221
220 0.000033 0.006692 600.000000 10.619469
220 0.000037 0.006742 700.000000 10.852714
220 0.000043 0.007591 800.000000 10.666667
230 0.000102 0.018484 100.000000 13.698630
230 0.000038 0.013063 200.000000 11.560694
230 0.000043 0.008115 300.000000 11.194030
230 0.000030 0.007665 400.000000 10.989011
230 0.000028 0.008045 500.000000 10.548523
230 0.000035 0.006801 600.000000 10.657193
230 0.000036 0.006254 700.000000 10.852714
230 0.000042 0.007034 800.000000 10.582010
240 0.000096 0.021537 100.000000 13.513514
240 0.000033 0.012860 200.000000 11.428572
240 0.000042 0.008685 300.000000 11.152416
240 0.000028 0.008886 400.000000 10.958904
240 0.000028 0.009190 500.000000 10.460251
240 0.000032 0.007288 600.000000 10.676157
240 0.000034 0.006026 700.000000 10.835914
240 0.000040 0.006552 800.000000 10.498688
250 0.000103 0.023321 100.000000 13.157895
250 0.000051 0.012660 200.000000 11.173184
250 0.000046 0.010086 300.000000 10.989011
250 0.000036 0.010622 400.000000 10.869565
250 0.000034 0.010960 500.000000 10.395010
250 0.000035 0.008340 600.000000 10.695188
250 0.000038 0.007034 700.000000 10.819165
250 0.000042 0.007561 800.000000 10.430247
260 0.000086 0.022629 100.000000 12.500000
260 0.000049 0.011616 200.000000 10.928962
260 0.000038 0.010210 300.000000 10.791367
260 0.000031 0.010334 400.000000 10.752688
260 0.000029 0.010580 500.000000 10.309278
260 0.000034 0.007716 600.000000 10.676157
260 0.000035 0.006685 700.000000 10.769231
260 0.000039 0.007079 800.000000 10.376135
270 0.000069 0.021204 100.000000 11.627907
270 0.000048 0.010871 200.000000 10.695188
270 0.000038 0.010175 300.000000 10.600707
270 0.000026 0.010307 400.000000 10.526316
270 0.000025 0.010062 500.000000 10.245902
270 0.000033 0.007189 600.000000 10.657193
270 0.000033 0.006308 700.000000 10.703364
270 0.000038 0.006157 800.000000 10.309278
280 0.000073 0.017484 100.000000 10.869565
280 0.000055 0.010214 200.000000 10.471204
280 0.000043 0.010200 300.000000 10.452962
280 0.000028 0.010472 400.000000 10.282776
280 0.000029 0.009604 500.000000 10.183299
280 0.000033 0.006848 600.000000 10.600707
280 0.000040 0.006263 700.000000 10.542169
280 0.000040 0.005888 800.000000 10.243278
290 0.000067 0.013764 100.000000 10.416667
290 0.000046 0.009769 200.000000 10.309278
290 0.000039 0.010099 300.000000 10.344828
290 0.000026 0.010182 400.000000 10.101010
290 0.000028 0.008868 500.000000 10.162601
290 0.000035 0.006407 600.000000 10.526316
290 0.000043 0.006068 700.000000 10.385756
290 0.000039 0.005321 800.000000 10.191083
300 0.000067 0.011962 100.000000 9.900990
300 0.000054 0.009381 200.000000 10.204082
300 0.000040 0.009582 300.000000 10.273973
300 0.000025 0.009576 400.000000 9.950249
300 0.000026 0.008100 500.000000 10.162601
300 0.000032 0.006061 600.000000 10.471204
300 0.000043 0.006162 700.000000 10.248902
300 0.000039 0.005327 800.000000 10.139417
310 0.000072 0.012019 100.000000 9.708738
310 0.000068 0.009172 200.000000 10.152285
310 0.000044 0.009210 300.000000 10.238908
310 0.000028 0.009273 400.000000 9.876543
310 0.000027 0.007644 500.000000 10.204082
310 0.000030 0.006016 600.000000 10.452962
310 0.000040 0.006502 700.000000 10.159652
310 0.000041 0.006038 800.000000 10.050251
320 0.000090 0.012117 100.000000 9.615385
320 0.000059 0.009138 200.000000 10.101010
320 0.000043 0.008578 300.000000 10.238908
320 0.000029 0.008957 400.000000 9.828010
320 0.000023 0.007153 500.000000 10.245902
320 0.000029 0.005984 600.000000 10.452962
320 0.000036 0.006454 700.000000 10.115607
320 0.000038 0.006170 800.000000 9.962640
330 0.000094 0.011588 100.000000 9.523809
330 0.000056 0.009197 200.000000 10.050251
330 0.000046 0.008359 300.000000 10.238908
330 0.000030 0.009235 400.000000 9.852217
330 0.000028 0.006937 500.000000 10.309278
330 0.000031 0.006133 600.000000 10.489511
330 0.000036 0.006677 700.000000 10.115607
330 0.000036 0.006580 800.000000 9.925558
340 0.000083 0.010041 100.000000 9.615385
340 0.000061 0.007581 200.000000 10.000000
340 0.000041 0.006666 300.000000 10.238908
340 0.000027 0.007808 400.000000 9.852217
340 0.000027 0.005511 500.000000 10.373444
340 0.000031 0.005097 600.000000 10.507881
340 0.000032 0.005807 700.000000 10.115607
340 0.000032 0.006348 800.000000 9.913259
350 0.000072 0.009273 100.000000 9.708738
350 0.000056 0.006442 200.000000 10.050251
350 0.000035 0.006160 300.000000 10.204082
350 0.000026 0.007080 400.000000 9.900990
350 0.000028 0.004686 500.000000 10.438414
350 0.000031 0.004475 600.000000 10.526316
350 0.000035 0.005200 700.000000 10.130246
350 0.000032 0.006207 800.000000 9.925558
360 0.000091 0.008731 100.000000 9.803922
360 0.000050 0.006334 200.000000 10.101010
360 0.000034 0.006169 300.000000 10.135135
360 0.000025 0.006749 400.000000 9.950249
360 0.000030 0.004475 500.000000 10.482181
360 0.000032 0.004314 600.000000 10.507881
360 0.000036 0.004905 700.000000 10.130246
360 0.000033 0.006079 800.000000 9.937888
370 0.000084 0.008161 100.000000 9.900990
370 0.000053 0.005851 200.000000 10.152285
370 0.000034 0.005776 300.000000 10.033444
370 0.000023 0.006022 400.000000 10.000000
370 0.000027 0.004061 500.000000 10.526316
370 0.000037 0.003984 600.000000 10.452962
370 0.000036 0.004542 700.000000 10.130246
370 0.000033 0.005833 800.000000 9.950249
380 0.000073 0.006941 100.000000 10.000000
380 0.000042 0.005205 200.000000 10.204082
380 0.000027 0.005318 300.000000 9.966778
380 0.000025 0.005138 400.000000 10.050251
380 0.000034 0.003619 500.000000 10.526316
380 0.000042 0.004110 600.000000 10.380623
380 0.000037 0.004616 700.000000 10.144928
380 0.000033 0.005953 800.000000 9.962640
390 0.000079 0.006127 100.000000 10.204082
390 0.000045 0.004827 200.000000 10.309278
390 0.000028 0.005272 300.000000 9.933775
390 0.000027 0.004785 400.000000 10.101010
390 0.000031 0.003672 500.000000 10.526316
390 0.000043 0.004461 600.000000 10.344828
390 0.000037 0.004746 700.000000 10.144928
390 0.000035 0.006047 800.000000 9.975062
400 0.000066 0.004623 100.000000 10.309278
400 0.000030 0.003936 200.000000 10.362695
400 0.000027 0.004910 300.000000 9.900990
400 0.000033 0.003805 400.000000 10.204082
400 0.000034 0.003304 500.000000 10.548523
400 0.000046 0.004725 600.000000 10.273973
400 0.000041 0.005477 700.000000 10.144928
400 0.000034 0.006842 800.000000 10.000000
410 0.000063 0.005525 100.000000 10.416667
410 0.000030 0.005252 200.000000 10.471204
410 0.000025 0.005979 300.000000 9.900990
410 0.000034 0.004165 400.000000 10.282776
410 0.000037 0.003301 500.000000 10.570825
410 0.000045 0.004464 600.000000 10.221465
410 0.000044 0.005811 700.000000 10.101010
410 0.000036 0.007026 800.000000 10.025063
420 0.000057 0.004216 100.000000 10.526316
420 0.000025 0.003783 200.000000 10.471204
420 0.000024 0.004767 300.000000 9.868421
420 0.000034 0.003653 400.000000 10.362695
420 0.000037 0.003600 500.000000 10.615711
420 0.000039 0.005051 600.000000 10.186757
420 0.000042 0.006796 700.000000 10.014306
420 0.000032 0.007363 800.000000 10.062893
430 0.000025 0.003587 100.000000 10.416667
430 0.000022 0.004383 200.000000 10.526316
430 0.000023 0.005228 300.000000 9.868421
430 0.000033 0.003833 400.000000 10.443864
430 0.000032 0.003424 500.000000 10.638298
430 0.000039 0.004752 600.000000 10.186757
430 0.000035 0.006718 700.000000 9.971510
430 0.000031 0.007253 800.000000 10.088272
440 0.000038 0.001818 100.000000 10.309278
440 0.000020 0.003476 200.000000 10.526316
440 0.000024 0.005005 300.000000 9.900990
440 0.000031 0.003990 400.000000 10.526316
440 0.000034 0.003796 500.000000 10.683761
440 0.000035 0.005380 600.000000 10.186757
440 0.000032 0.007158 700.000000 9.943182
440 0.000030 0.007523 800.000000 10.126582
450 0.000047 0.004111 100.000000 10.309278
450 0.000020 0.004675 200.000000 10.416667
450 0.000026 0.005747 300.000000 9.933775
450 0.000033 0.004402 400.000000 10.582010
450 0.000032 0.003966 500.000000 10.683761
450 0.000037 0.004908 600.000000 10.186757
450 0.000033 0.006856 700.000000 9.943182
450 0.000031 0.007625 800.000000 10.152285
460 0.000034 0.004555 100.000000 10.309278
460 0.000021 0.004817 200.000000 10.256411
460 0.000023 0.005687 300.000000 9.933775
460 0.000035 0.004539 400.000000 10.638298
460 0.000033 0.004354 500.000000 10.638298
460 0.000039 0.005023 600.000000 10.169492
460 0.000035 0.007111 700.000000 9.943182
460 0.000030 0.007925 800.000000 10.178117
470 0.000026 0.005040 100.000000 10.309278
470 0.000013 0.005553 200.000000 10.050251
470 0.000030 0.005506 300.000000 9.966778
470 0.000037 0.005064 400.000000 10.638298
470 0.000041 0.005284 500.000000 10.526316
470 0.000040 0.005588 600.000000 10.152285
470 0.000034 0.007358 700.000000 9.929078
470 0.000029 0.008559 800.000000 10.204082
480 0.000030 0.004278 100.000000 10.309278
480 0.000019 0.005317 200.000000 9.852217
480 0.000030 0.005366 300.000000 10.000000
480 0.000039 0.005118 400.000000 10.610080
480 0.000046 0.005648 500.000000 10.416667
480 0.000039 0.005749 600.000000 10.135135
480 0.000035 0.007336 700.000000 9.929078
480 0.000028 0.008855 800.000000 10.243278
490 0.000021 0.004253 100.000000 10.204082
490 0.000017 0.005891 200.000000 9.708738
490 0.000038 0.005333 300.000000 10.067114
490 0.000041 0.005496 400.000000 10.582010
490 0.000049 0.006462 500.000000 10.309278
490 0.000041 0.006346 600.000000 10.101010
490 0.000035 0.007825 700.000000 9.929078
490 0.000029 0.009492 800.000000 10.269576
500 0.000029 0.005381 100.000000 10.309278
500 0.000019 0.007010 200.000000 9.615385
500 0.000042 0.005539 300.000000 10.135135
500 0.000041 0.005190 400.000000 10.582010
500 0.000049 0.005852 500.000000 10.183299
500 0.000047 0.006581 600.000000 10.050251
500 0.000037 0.008141 700.000000 9.943182
500 0.000031 0.009930 800.000000 10.309278
510 0.000010 0.004509 100.000000 10.309278
510 0.000031 0.005964 200.000000 9.523809
510 0.000042 0.005181 300.000000 10.204082
510 0.000046 0.005466 400.000000 10.582010
510 0.000047 0.006212 500.000000 10.101010
510 0.000046 0.007870 600.000000 9.950249
510 0.000036 0.008693 700.000000 9.971510
510 0.000029 0.010291 800.000000 10.335917
520 0.000020 0.004500 100.000000 10.416667
520 0.000026 0.005853 200.000000 9.523809
520 0.000040 0.004826 300.000000 10.344828
520 0.000038 0.004823 400.000000 10.638298
520 0.000046 0.005835 500.000000 10.101010
520 0.000041 0.007973 600.000000 9.884679
520 0.000034 0.008535 700.000000 10.000000
520 0.000030 0.010070 800.000000 10.389610
530 0.000032 0.005503 100.000000 10.526316
530 0.000026 0.006726 200.000000 9.569378
530 0.000040 0.005118 300.000000 10.452962
530 0.000040 0.004355 400.000000 10.695188
530 0.000046 0.005614 500.000000 10.121457
530 0.000039 0.007832 600.000000 9.852217
530 0.000035 0.008573 700.000000 10.043041
530 0.000030 0.010186 800.000000 10.443864
540 0.000000 0.006300 100.000000 10.526316
540 0.000041 0.006457 200.000000 9.661836
540 0.000049 0.005879 300.000000 10.563380
540 0.000043 0.005825 400.000000 10.752688
540 0.000045 0.006973 500.000000 10.121457
540 0.000038 0.009033 600.000000 9.852217
540 0.000035 0.009617 700.000000 10.086455
540 0.000028 0.010971 800.000000 10.484928
550 0.000015 0.005545 100.000000 10.309278
550 0.000047 0.006070 200.000000 9.708738
550 0.000052 0.005928 300.000000 10.676157
550 0.000045 0.006033 400.000000 10.752688
550 0.000045 0.007218 500.000000 10.121457
550 0.000036 0.009309 600.000000 9.868421
550 0.000033 0.009827 700.000000 10.130246
550 0.000027 0.010933 800.000000 10.526316
560 0.000011 0.006329 100.000000 9.803922
560 0.000048 0.006285 200.000000 9.708738
560 0.000056 0.006372 300.000000 10.714286
560 0.000051 0.006680 400.000000 10.638298
560 0.000050 0.007617 500.000000 10.101010
560 0.000038 0.009792 600.000000 9.852217
560 0.000032 0.010437 700.000000 10.159652
560 0.000028 0.011472 800.000000 10.554090
570 0.000044 0.006527 100.000000 9.523809
570 0.000059 0.006229 200.000000 9.756098
570 0.000059 0.007046 300.000000 10.676157
570 0.000060 0.007789 400.000000 10.498688
570 0.000048 0.008404 500.000000 10.080646
570 0.000040 0.009962 600.000000 9.852217
570 0.000032 0.010982 700.000000 10.189228
570 0.000027 0.011543 800.000000 10.596026
580 0.000047 0.008028 100.000000 9.259259
580 0.000065 0.006599 200.000000 9.852217
580 0.000064 0.007443 300.000000 10.676157
580 0.000067 0.008588 400.000000 10.362695
580 0.000052 0.008838 500.000000 10.060362
580 0.000043 0.010409 600.000000 9.852217
580 0.000033 0.011904 700.000000 10.233918
580 0.000029 0.012374 800.000000 10.624170
590 0.000057 0.008349 100.000000 9.009009
590 0.000066 0.006662 200.000000 9.950249
590 0.000055 0.007501 300.000000 10.638298
590 0.000062 0.008812 400.000000 10.204082
590 0.000052 0.008951 500.000000 10.020041
590 0.000040 0.010230 600.000000 9.852217
590 0.000032 0.011711 700.000000 10.263929
590 0.000027 0.011844 800.000000 10.652463
600 0.000063 0.008145 100.000000 8.849558
600 0.000066 0.006670 200.000000 10.050251
600 0.000058 0.007415 300.000000 10.600707
600 0.000060 0.008540 400.000000 10.075566
600 0.000054 0.009738 500.000000 9.920635
600 0.000041 0.010631 600.000000 9.868421
600 0.000033 0.012074 700.000000 10.294118
600 0.000028 0.012087 800.000000 10.695188
610 0.000059 0.007866 100.000000 8.695652
610 0.000064 0.006840 200.000000 10.152285
610 0.000057 0.007146 300.000000 10.638298
610 0.000058 0.008352 400.000000 10.000000
610 0.000052 0.010533 500.000000 9.803922
610 0.000041 0.010881 600.000000 9.900990
610 0.000032 0.012320 700.000000 10.339734
610 0.000029 0.012392 800.000000 10.723861
620 0.000060 0.008688 100.000000 8.695652
620 0.000067 0.006961 200.000000 10.309278
620 0.000053 0.006855 300.000000 10.676157
620 0.000055 0.008350 400.000000 10.000000
620 0.000046 0.010714 500.000000 9.727627
620 0.000038 0.010948 600.000000 9.933775
620 0.000034 0.012424 700.000000 10.385756
620 0.000027 0.012508 800.000000 10.767160
630 0.000066 0.009376 100.000000 8.771930
630 0.000073 0.007215 200.000000 10.471204
630 0.000059 0.006785 300.000000 10.752688
630 0.000056 0.008742 400.000000 10.000000
630 0.000046 0.011138 500.000000 9.708738
630 0.000040 0.011428 600.000000 9.983361
630 0.000035 0.012837 700.000000 10.447762
630 0.000027 0.012974 800.000000 10.810811
640 0.000098 0.009869 100.000000 8.928572
640 0.000079 0.007638 200.000000 10.638298
640 0.000061 0.007079 300.000000 10.830325
640 0.000059 0.009178 400.000000 10.025063
640 0.000048 0.011758 500.000000 9.727627
640 0.000042 0.012236 600.000000 10.033444
640 0.000034 0.013461 700.000000 10.494753
640 0.000029 0.013491 800.000000 10.869565
650 0.000092 0.009927 100.000000 9.174312
650 0.000081 0.008148 200.000000 10.869565
650 0.000066 0.007681 300.000000 10.869565
650 0.000064 0.009722 400.000000 10.075566
650 0.000050 0.012278 500.000000 9.765625
650 0.000040 0.012644 600.000000 10.101010
650 0.000033 0.013623 700.000000 10.574018
650 0.000028 0.013579 800.000000 10.928962
660 0.000097 0.010289 100.000000 9.433962
660 0.000087 0.009086 200.000000 11.111111
660 0.000069 0.008497 300.000000 10.869565
660 0.000065 0.010057 400.000000 10.126582
660 0.000048 0.012625 500.000000 9.823183
660 0.000040 0.013159 600.000000 10.186757
660 0.000034 0.014187 700.000000 10.638298
660 0.000029 0.014207 800.000000 11.004127
670 0.000106 0.009957 100.000000 9.803922
670 0.000090 0.008796 200.000000 11.299435
670 0.000075 0.008518 300.000000 10.830325
670 0.000064 0.009862 400.000000 10.178117
670 0.000051 0.012229 500.000000 9.881423
670 0.000040 0.013463 600.000000 10.256411
670 0.000035 0.014316 700.000000 10.719755
670 0.000029 0.014453 800.000000 11.065007
680 0.000105 0.008782 100.000000 10.101010
680 0.000089 0.007987 200.000000 11.363636
680 0.000084 0.008160 300.000000 10.791367
680 0.000068 0.009555 400.000000 10.230179
680 0.000053 0.012011 500.000000 9.920635
680 0.000043 0.013743 600.000000 10.344828
680 0.000036 0.014559 700.000000 10.785825
680 0.000031 0.014797 800.000000 11.142061
690 0.000088 0.008089 100.000000 10.526316
690 0.000076 0.007147 200.000000 11.494253
690 0.000080 0.007862 300.000000 10.714286
690 0.000061 0.008329 400.000000 10.256411
690 0.000052 0.010799 500.000000 9.960159
690 0.000042 0.012930 600.000000 10.416667
690 0.000034 0.013681 700.000000 10.852714
690 0.000030 0.014033 800.000000 11.204482
700 0.000097 0.007717 100.000000 10.869565
700 0.000077 0.006557 200.000000 11.560694
700 0.000080 0.007573 300.000000 10.600707
700 0.000064 0.008536 400.000000 10.282776
700 0.000050 0.010887 500.000000 10.020041
700 0.000041 0.013052 600.000000 10.489511
700 0.000035 0.013529 700.000000 10.920437
700 0.000029 0.014036 800.000000 11.267606
710 0.000099 0.006860 100.000000 11.363636
710 0.000071 0.005795 200.000000 11.695907
710 0.000076 0.007195 300.000000 10.526316
710 0.000067 0.009129 400.000000 10.230179
710 0.000052 0.011296 500.000000 10.080646
710 0.000043 0.013477 600.000000 10.563380
710 0.000035 0.013914 700.000000 10.989011
710 0.000030 0.014585 800.000000 11.331445
720 0.000076 0.005318 100.000000 11.764706
720 0.000064 0.003914 200.000000 11.834319
720 0.000073 0.006111 300.000000 10.489511
720 0.000064 0.009024 400.000000 10.126582
720 0.000050 0.010469 500.000000 10.121457
720 0.000040 0.012491 600.000000 10.619469
720 0.000034 0.012918 700.000000 11.041010
720 0.000029 0.013433 800.000000 11.396011
730 0.000077 0.004456 100.000000 12.195122
730 0.000057 0.003614 200.000000 11.904762
730 0.000065 0.005724 300.000000 10.452962
730 0.000057 0.009201 400.000000 10.000000
730 0.000047 0.010145 500.000000 10.183299
730 0.000038 0.012260 600.000000 10.695188
730 0.000034 0.012778 700.000000 11.093502
730 0.000029 0.013368 800.000000 11.444921
740 0.000087 0.002822 100.000000 12.658228
740 0.000065 0.001800 200.000000 11.976048
740 0.000068 0.005393 300.000000 10.416667
740 0.000055 0.009159 400.000000 9.950249
740 0.000049 0.010264 500.000000 10.224949
740 0.000036 0.012339 600.000000 10.733453
740 0.000035 0.012933 700.000000 11.146497
740 0.000030 0.013780 800.000000 11.494253
750 0.000095 0.003490 100.000000 12.987013
750 0.000055 0.003331 200.000000 11.976048
750 0.000065 0.004183 300.000000 10.416667
750 0.000058 0.008801 400.000000 9.925558
750 0.000053 0.010703 500.000000 10.266940
750 0.000043 0.012958 600.000000 10.791367
750 0.000037 0.013853 700.000000 11.182109
750 0.000035 0.015152 800.000000 11.544011
760 0.000081 0.002606 100.000000 13.157895
760 0.000053 0.002417 200.000000 11.834319
760 0.000065 0.004692 300.000000 10.344828
760 0.000056 0.009086 400.000000 9.900990
760 0.000047 0.010574 500.000000 10.288066
760 0.000040 0.012315 600.000000 10.830325
760 0.000035 0.013010 700.000000 11.217949
760 0.000031 0.014305 800.000000 11.577424
770 0.000083 0.002521 100.000000 12.987013
770 0.000066 0.002793 200.000000 11.363636
770 0.000062 0.004525 300.000000 10.273973
770 0.000054 0.008294 400.000000 9.852217
770 0.000045 0.010283 500.000000 10.330579
770 0.000038 0.011709 600.000000 10.849910
770 0.000032 0.012410 700.000000 11.254020
770 0.000029 0.013817 800.000000 11.611031
780 0.000093 0.001937 100.000000 12.658228
780 0.000082 0.003605 200.000000 10.928962
780 0.000068 0.005277 300.000000 10.169492
780 0.000056 0.008695 400.000000 9.828010
780 0.000044 0.011335 500.000000 10.351967
780 0.000038 0.012324 600.000000 10.869565
780 0.000033 0.013108 700.000000 11.272141
780 0.000031 0.014647 800.000000 11.627907
790 0.000066 0.002223 100.000000 12.048193
790 0.000091 0.004277 200.000000 10.416667
790 0.000068 0.005158 300.000000 10.033444
790 0.000056 0.008292 400.000000 9.779951
790 0.000045 0.010960 500.000000 10.373444
790 0.000040 0.011628 600.000000 10.889292
790 0.000033 0.012658 700.000000 11.290322
790 0.000031 0.014438 800.000000 11.644833
800 0.000040 0.003490 100.000000 11.764706
800 0.000082 0.004390 200.000000 9.950249
800 0.000073 0.006017 300.000000 9.740260
800 0.000058 0.008337 400.000000 9.756098
800 0.000042 0.010864 500.000000 10.373444
800 0.000038 0.011518 600.000000 10.889292
800 0.000034 0.012609 700.000000 11.308562
800 0.000033 0.014529 800.000000 11.611031
810 0.000063 0.002811 100.000000 11.363636
810 0.000077 0.005285 200.000000 9.661836
810 0.000072 0.008261 300.000000 9.404388
810 0.000055 0.009363 400.000000 9.732360
810 0.000043 0.011705 500.000000 10.395010
810 0.000039 0.012325 600.000000 10.889292
810 0.000034 0.013239 700.000000 11.308562
810 0.000035 0.014906 800.000000 11.510792
820 0.000052 0.004535 100.000000 11.111111
820 0.000071 0.005490 200.000000 9.478673
820 0.000064 0.008547 300.000000 9.202454
820 0.000055 0.009532 400.000000 9.708738
820 0.000043 0.011740 500.000000 10.395010
820 0.000039 0.012380 600.000000 10.909091
820 0.000035 0.013676 700.000000 11.326860
820 0.000048 0.015341 800.000000 11.267606
830 0.000051 0.004514 100.000000 10.752688
830 0.000063 0.005267 200.000000 9.345795
830 0.000060 0.008385 300.000000 9.118541
830 0.000051 0.009103 400.000000 9.732360
830 0.000042 0.010790 500.000000 10.416667
830 0.000036 0.011323 600.000000 10.909091
830 0.000033 0.012769 700.000000 11.345219
830 0.000041 0.014173 800.000000 11.111111
840 0.000088 0.003789 100.000000 10.204082
840 0.000064 0.005032 200.000000 9.259259
840 0.000059 0.008392 300.000000 9.090909
840 0.000048 0.009342 400.000000 9.756098
840 0.000040 0.010763 500.000000 10.438414
840 0.000034 0.011360 600.000000 10.948905
840 0.000033 0.012844 700.000000 11.382113
840 0.000036 0.013745 800.000000 11.034483
850 0.000089 0.004828 100.000000 9.708738
850 0.000060 0.004936 200.000000 9.216590
850 0.000056 0.007337 300.000000 9.090909
850 0.000044 0.008909 400.000000 9.803922
850 0.000038 0.009611 500.000000 10.504202
850 0.000032 0.010149 600.000000 11.009174
850 0.000031 0.011784 700.000000 11.419250
850 0.000039 0.012608 800.000000 10.973937
860 0.000104 0.006278 100.000000 9.433962
860 0.000059 0.004862 200.000000 9.216590
860 0.000055 0.007307 300.000000 9.118541
860 0.000043 0.009378 400.000000 9.900990
860 0.000039 0.009691 500.000000 10.570825
860 0.000032 0.010275 600.000000 11.070110
860 0.000031 0.011955 700.000000 11.494253
870 0.000122 0.008229 100.000000 9.009009
870 0.000071 0.005680 200.000000 9.174312
870 0.000060 0.008147 300.000000 9.146341
870 0.000049 0.010512 400.000000 9.975062
870 0.000041 0.010611 500.000000 10.638298
870 0.000034 0.011465 600.000000 11.131725
870 0.000033 0.013343 700.000000 11.532125
880 0.000142 0.008296 100.000000 8.620689
880 0.000087 0.007511 200.000000 9.009009
880 0.000070 0.010113 300.000000 9.174312
880 0.000054 0.012639 400.000000 10.025063
880 0.000045 0.012739 500.000000 10.683761
880 0.000038 0.013855 600.000000 11.194030
880 0.000037 0.015845 700.000000 11.570248
890 0.000099 0.009475 100.000000 8.403361
890 0.000093 0.009841 200.000000 8.733624
890 0.000059 0.010437 300.000000 9.202454
890 0.000046 0.012590 400.000000 10.101010
890 0.000044 0.012465 500.000000 10.729613
890 0.000037 0.013185 600.000000 11.235955
890 0.000037 0.014891 700.000000 11.570248
900 0.000110 0.010947 100.000000 8.264462
900 0.000078 0.012431 200.000000 8.510638
900 0.000060 0.011951 300.000000 9.259259
900 0.000048 0.013928 400.000000 10.152285
900 0.000043 0.013606 500.000000 10.775862
900 0.000037 0.014311 600.000000 11.278195
900 0.000040 0.015765 700.000000 11.419250
910 0.000102 0.011440 100.000000 8.130081
910 0.000083 0.013061 200.000000 8.403361
910 0.000062 0.012389 300.000000 9.287926
910 0.000047 0.014099 400.000000 10.204082
910 0.000044 0.013808 500.000000 10.822511
910 0.000039 0.014860 600.000000 11.320755
910 0.000055 0.016499 700.000000 11.217949
920 0.000116 0.011257 100.000000 8.130081
920 0.000080 0.013945 200.000000 8.403361
920 0.000065 0.013442 300.000000 9.345795
920 0.000052 0.014735 400.000000 10.256411
920 0.000045 0.014414 500.000000 10.893247
920 0.000040 0.015624 600.000000 11.406844
920 0.000044 0.016988 700.000000 11.128776
930 0.000119 0.012017 100.000000 8.264462
930 0.000081 0.015085 200.000000 8.474576
930 0.000063 0.014350 300.000000 9.463722
930 0.000052 0.015412 400.000000 10.389610
930 0.000043 0.015145 500.000000 10.989011
930 0.000041 0.016416 600.000000 11.494253
930 0.000041 0.017228 700.000000 11.128776
940 0.000095 0.013043 100.000000 8.403361
940 0.000068 0.015080 200.000000 8.583691
940 0.000056 0.014445 300.000000 9.615385
940 0.000048 0.015023 400.000000 10.526316
940 0.000043 0.014473 500.000000 11.111111
940 0.000041 0.015721 600.000000 11.605416
940 0.000038 0.016111 700.000000 11.146497
950 0.000078 0.008010 100.000000 8.620689
950 0.000063 0.009827 200.000000 8.733624
950 0.000062 0.010570 300.000000 9.771987
950 0.000049 0.010910 400.000000 10.666667
950 0.000042 0.010898 500.000000 11.235955
950 0.000041 0.012627 600.000000 11.718750
950 0.000045 0.013725 700.000000 11.146497
960 0.000066 0.007749 100.000000 8.849558
960 0.000064 0.009066 200.000000 8.849558
960 0.000056 0.010340 300.000000 9.933775
960 0.000047 0.010180 400.000000 10.781672
960 0.000042 0.010154 500.000000 11.363636
960 0.000041 0.011929 600.000000 11.834319
960 0.000048 0.013168 700.000000 11.146497
970 0.000040 0.007991 100.000000 9.009009
970 0.000055 0.007026 200.000000 8.968610
970 0.000050 0.008068 300.000000 10.101010
970 0.000043 0.007512 400.000000 10.928962
970 0.000038 0.007479 500.000000 11.494253
970 0.000039 0.009496 600.000000 11.952191
980 0.000037 0.007638 100.000000 9.259259
980 0.000049 0.007860 200.000000 9.174312
980 0.000046 0.009226 300.000000 10.273973
980 0.000041 0.008093 400.000000 11.080333
980 0.000038 0.008055 500.000000 11.627907
980 0.000036 0.009923 600.000000 12.072434
990 0.000040 0.008411 100.000000 9.345795
990 0.000039 0.008944 200.000000 9.345795
990 0.000036 0.009691 300.000000 10.452962
990 0.000030 0.008094 400.000000 11.235955
990 0.000031 0.007695 500.000000 11.792453
990 0.000030 0.009216 600.000000 12.195122
1000 0.000062 0.007845 100.000000 9.174312
1000 0.000045 0.007070 200.000000 9.523809
1000 0.000033 0.008347 300.000000 10.638298
1000 0.000031 0.006664 400.000000 11.396011
1000 0.000032 0.006556 500.000000 11.904762
1000 0.000032 0.008417 600.000000 12.269938
1010 0.000097 0.008693 100.000000 8.928572
1010 0.000044 0.005743 200.000000 9.661836
1010 0.000035 0.007613 300.000000 10.791367
1010 0.000039 0.005977 400.000000 11.527377
1010 0.000033 0.006136 500.000000 12.048193
1010 0.000033 0.007867 600.000000 12.295082
1020 0.000073 0.009718 100.000000 8.695652
1020 0.000049 0.006068 200.000000 9.756098
1020 0.000036 0.008106 300.000000 10.948905
1020 0.000038 0.006475 400.000000 11.627907
1020 0.000034 0.006956 500.000000 12.135922
1020 0.000040 0.008481 600.000000 12.170385
1030 0.000082 0.010704 100.000000 8.620689
1030 0.000054 0.007044 200.000000 9.900990
1030 0.000041 0.008983 300.000000 11.070110
1030 0.000042 0.007598 400.000000 11.730206
1030 0.000039 0.008378 500.000000 12.224939
1030 0.000058 0.010212 600.000000 11.952191
1040 0.000080 0.010795 100.000000 8.620689
1040 0.000056 0.006788 200.000000 10.000000
1040 0.000042 0.008114 300.000000 11.194030
1040 0.000040 0.006593 400.000000 11.834319
1040 0.000036 0.007691 500.000000 12.345679
1040 0.000050 0.009697 600.000000 11.834319
1050 0.000069 0.011445 100.000000 8.620689
1050 0.000055 0.007075 200.000000 10.152285
1050 0.000044 0.007898 300.000000 11.320755
1050 0.000038 0.006563 400.000000 11.940298
1050 0.000037 0.007827 500.000000 12.437811
1050 0.000046 0.009627 600.000000 11.764706
1060 0.000072 0.010542 100.000000 8.695652
1060 0.000052 0.008097 200.000000 10.309278
1060 0.000045 0.007916 300.000000 11.450381
1060 0.000039 0.006679 400.000000 12.048193
1060 0.000039 0.008003 500.000000 12.531328
1060 0.000045 0.009620 600.000000 11.718750
1070 0.000078 0.009769 100.000000 8.771930
1070 0.000061 0.009203 200.000000 10.471204
1070 0.000044 0.007853 300.000000 11.583012
1070 0.000037 0.006694 400.000000 12.158054
1070 0.000040 0.008174 500.000000 12.626263
1070 0.000052 0.010002 600.000000 11.627907
1080 0.000071 0.010709 100.000000 8.849558
1080 0.000056 0.010987 200.000000 10.695188
1080 0.000045 0.008980 300.000000 11.718750
1080 0.000039 0.007962 400.000000 12.307693
1080 0.000041 0.009707 500.000000 12.755102
1090 0.000082 0.009309 100.000000 9.009009
1090 0.000054 0.009886 200.000000 10.869565
1090 0.000046 0.007062 300.000000 11.904762
1090 0.000042 0.006456 400.000000 12.461060
1090 0.000038 0.008291 500.000000 12.853471
1100 0.000109 0.009061 100.000000 9.345795
1100 0.000065 0.010242 200.000000 11.173184
1100 0.000053 0.007187 300.000000 12.096774
1100 0.000046 0.007267 400.000000 12.658228
1100 0.000044 0.009441 500.000000 12.987013
1110 0.000065 0.010015 100.000000 9.803922
1110 0.000050 0.011406 200.000000 11.560694
1110 0.000041 0.008766 300.000000 12.396694
1110 0.000041 0.007893 400.000000 12.861736
1110 0.000041 0.009444 500.000000 13.157895
1120 0.000029 0.009384 100.000000 10.309278
1120 0.000033 0.011304 200.000000 11.976048
1120 0.000037 0.009285 300.000000 12.658228
1120 0.000034 0.008124 400.000000 13.114754
1120 0.000032 0.008810 500.000000 13.262600
1130 0.000024 0.006915 100.000000 10.869565
1130 0.000028 0.009619 200.000000 12.345679
1130 0.000030 0.007327 300.000000 12.931034
1130 0.000029 0.006643 400.000000 13.333333
1130 0.000029 0.007522 500.000000 13.262600
1140 0.000030 0.004735 100.000000 11.235955
1140 0.000022 0.008145 200.000000 12.658228
1140 0.000028 0.005809 300.000000 13.157895
1140 0.000027 0.005470 400.000000 13.559322
1140 0.000048 0.006218 500.000000 13.054831
1150 0.000032 0.004281 100.000000 11.627907
1150 0.000021 0.007634 200.000000 12.903226
1150 0.000025 0.005078 300.000000 13.333333
1150 0.000026 0.004807 400.000000 13.698630
1150 0.000054 0.005920 500.000000 12.820513
1160 0.000038 0.004260 100.000000 11.904762
1160 0.000032 0.007833 200.000000 13.157895
1160 0.000032 0.005416 300.000000 13.513514
1160 0.000030 0.005929 400.000000 13.840831
1160 0.000046 0.007180 500.000000 12.690355
1170 0.000041 0.006461 100.000000 12.345679
1170 0.000034 0.008565 200.000000 13.333333
1170 0.000034 0.006460 300.000000 13.698630
1170 0.000035 0.007292 400.000000 13.986014
1170 0.000043 0.007957 500.000000 12.594459
1180 0.000063 0.011067 100.000000 12.658228
1180 0.000040 0.010523 200.000000 13.605442
1180 0.000034 0.008319 300.000000 13.824884
1180 0.000040 0.009111 400.000000 14.084507
1180 0.000044 0.009342 500.000000 12.468828
1190 0.000079 0.012618 100.000000 13.157895
1190 0.000051 0.009986 200.000000 13.793103
1190 0.000044 0.008002 300.000000 14.018692
1190 0.000043 0.009352 400.000000 14.234876
1200 0.000043 0.012739 100.000000 13.513514
1200 0.000030 0.009102 200.000000 13.986014
1200 0.000031 0.007325 300.000000 14.150944
1200 0.000032 0.008482 400.000000 14.285714
1210 0.000046 0.013476 100.000000 13.698630
1210 0.000031 0.008735 200.000000 14.084507
1210 0.000037 0.007063 300.000000 14.285714
1210 0.000036 0.008451 400.000000 14.285714
1220 0.000032 0.013162 100.000000 13.888889
1220 0.000027 0.007638 200.000000 14.184397
1220 0.000031 0.006221 300.000000 14.354067
1220 0.000029 0.007065 400.000000 13.986014
1230 0.000031 0.012811 100.000000 14.084507
1230 0.000042 0.007104 200.000000 14.285714
1230 0.000031 0.006048 300.000000 14.423077
1230 0.000069 0.006285 400.000000 13.333333
1240 0.000034 0.011826 100.000000 14.285714
1240 0.000032 0.006194 200.000000 14.285714
1240 0.000030 0.005518 300.000000 14.492754
1240 0.000057 0.006171 400.000000 12.861736
1250 0.000029 0.010642 100.000000 14.285714
1250 0.000033 0.006379 200.000000 14.388489
1250 0.000035 0.006575 300.000000 14.492754
1250 0.000050 0.006618 400.000000 12.578616
1260 0.000007 0.008285 100.000000 14.285714
1260 0.000016 0.005438 200.000000 14.388489
1260 0.000030 0.005732 300.000000 14.563107
1260 0.000058 0.006549 400.000000 12.232416
1270 0.000035 0.007662 100.000000 14.285714
1270 0.000030 0.005173 200.000000 14.388489
1270 0.000031 0.005686 300.000000 14.492754
1280 0.000036 0.004396 100.000000 14.084507
1280 0.000033 0.002521 200.000000 14.388489
1280 0.000034 0.004808 300.000000 14.423077
1290 0.000038 0.003172 100.000000 14.084507
1290 0.000037 0.002199 200.000000 14.388489
1290 0.000040 0.003994 300.000000 13.953488
1300 0.000051 0.002945 100.000000 14.084507
1300 0.000041 0.001933 200.000000 14.388489
1300 0.000092 0.003736 300.000000 12.931034
1310 0.000031 0.003154 100.000000 14.084507
1310 0.000028 0.002967 200.000000 14.492754
1310 0.000066 0.004786 300.000000 12.345679
1320 0.000033 0.003272 100.000000 14.084507
1320 0.000038 0.004494 200.000000 14.492754
1320 0.000062 0.005659 300.000000 12.000000
1330 0.000031 0.003367 100.000000 14.084507
1330 0.000039 0.005344 200.000000 14.492754
1330 0.000076 0.007349 300.000000 11.538462
1340 0.000041 0.004446 100.000000 14.084507
1340 0.000038 0.007476 200.000000 14.492754
1350 0.000049 0.003407 100.000000 14.285714
1350 0.000042 0.007646 200.000000 14.285714
1360 0.000040 0.004146 100.000000 14.285714
1360 0.000034 0.005764 200.000000 13.605442
1370 0.000041 0.004351 100.000000 14.492754
1370 0.000119 0.005357 200.000000 12.269938
1380 0.000025 0.004823 100.000000 14.492754
1380 0.000100 0.007063 200.000000 11.494253
1390 0.000047 0.007011 100.000000 14.492754
1390 0.000091 0.007901 200.000000 11.049724
1400 0.000044 0.008609 100.000000 14.492754
1410 0.000039 0.010199 100.000000 14.492754
1420 0.000038 0.010190 100.000000 13.888889
1430 0.000076 0.007291 100.000000 12.195122
1440 0.000228 0.008276 100.000000 10.101010
1450 0.000189 0.009397 100.000000 9.259259
1460 0.000201 0.011179 100.000000 8.547009
