0.000000 -0.000000 0.000000 0.000000
0.003267 4.566315 -0.027833 4.557315
-0.031716 9.099118 -0.076084 9.073984
-0.081952 13.587370 -0.142816 13.548105
-0.172757 18.042800 -0.230155 17.976036
-0.267875 22.451640 -0.318596 22.390684
-0.358400 26.802010 -0.410587 26.738371
-0.442803 31.082040 -0.503504 31.008949
-0.523018 35.271990 -0.592101 35.227516
-0.611006 39.330190 -0.669159 39.278236
-0.673187 43.239550 -0.723454 43.190636
-0.695957 46.977480 -0.748362 46.930660
-0.690361 50.605530 -0.718010 50.561760
-0.609462 54.132960 -0.612131 54.122677
-0.411112 57.531050 -0.404852 57.499168
-0.030280 60.807340 -0.007970 60.812210
0.568852 63.940690 0.582395 63.925625
1.400581 66.903860 1.411283 66.904396
2.445156 69.702430 2.432089 69.711266
3.697183 72.300100 3.683094 72.320053
5.171922 74.740420 5.162287 74.788269
6.852965 76.941870 6.856834 77.032921
8.750799 78.905900 8.774796 79.048203
10.823450 80.634320 10.863800 80.802879
13.066210 82.178440 13.129925 82.347443
15.504950 83.526400 15.613752 83.655922
18.101340 84.588810 18.274372 84.728127
20.853170 85.339470 21.071104 85.473251
23.704110 85.757740 23.952698 85.893822
26.596700 85.903500 26.906857 86.031250
29.539120 85.860020 29.915546 85.987167
32.495530 85.669740 32.922344 85.795227
35.473920 85.419290 35.945137 85.543495
38.479390 85.150930 38.979778 85.261955
41.523140 84.840110 42.023430 84.979347
44.591610 84.512730 45.104637 84.668831
47.698590 84.159740 48.212162 84.341637
50.851300 83.780360 51.374382 83.979660
54.021280 83.370120 54.541641 83.602562
57.236480 82.963200 57.714443 83.227539
60.484150 82.564450 60.947845 82.844902
63.801630 82.126570 64.248352 82.441833
67.115350 81.671290 67.547081 82.012634
70.485000 81.248710 70.850372 81.638847
73.889090 80.831410 74.275475 81.225250
77.339480 80.402860 77.714355 80.815094
80.814430 79.981940 81.172745 80.420242
84.311560 79.560560 84.693130 80.012802
87.843140 79.132970 88.272888 79.587357
91.452740 78.712050 91.884727 79.189484
95.109110 78.302620 95.550713 78.807907
98.802080 77.939830 99.254730 78.446373
102.537600 77.577720 102.990028 78.065117
106.283100 77.182590 106.762344 77.673599
110.001900 76.763780 110.526093 77.255615
113.690700 76.253080 114.227409 76.743187
117.341000 75.581300 117.886292 76.104279
120.903700 74.751300 121.433075 75.313683
124.437500 73.785660 124.955811 74.380157
127.882800 72.651860 128.390793 73.275444
131.253600 71.361680 131.767883 72.008499
134.528800 69.931300 135.065643 70.607758
137.742000 68.328450 138.289108 69.028091
140.926800 66.546730 141.518158 67.264206
144.031200 64.574810 144.640686 65.298950
147.051200 62.406270 147.703003 63.128365
149.969500 60.049300 150.640167 60.783516
152.781800 57.504160 153.478973 58.261990
155.436800 54.746640 156.177826 55.495354
157.947400 51.752940 158.648148 52.519611
160.279800 48.634580 160.910004 49.394608
162.349000 45.353340 162.925308 46.076672
164.179800 41.946720 164.727371 42.685490
165.830900 38.447790 166.362946 39.180187
167.335400 34.861970 167.868576 35.582249
168.691200 31.242820 169.221848 31.979336
169.969500 27.582240 170.574173 28.299208
171.127300 23.900190 171.869415 24.654037
172.263200 20.221330 173.114502 20.995716
173.377000 16.599090 174.367401 17.378426
174.627000 13.004350 175.666046 13.814178
175.942500 9.442182 177.012909 10.293125
177.356800 5.917093 178.448196 6.824306
178.928800 2.434985 180.049438 3.392181
180.675800 -0.971876 181.774445 0.041824
182.554400 -4.252484 183.628693 -3.156799
184.560700 -7.384682 185.615112 -6.211449
186.750900 -10.368790 187.770645 -9.106468
189.116500 -13.135630 190.112488 -11.828484
191.665700 -15.656880 192.648560 -14.319443
194.385900 -17.931220 195.331421 -16.574539
197.226100 -19.980800 198.201965 -18.588081
200.271800 -21.743030 201.245682 -20.310211
203.448300 -23.203180 204.470703 -21.795528
206.758900 -24.325190 207.815338 -22.903969
210.184300 -25.068170 211.253891 -23.639412
213.630700 -25.424490 214.728760 -24.012016
217.117000 -25.407460 218.175995 -23.979885
220.571900 -25.039820 221.661621 -23.642117
224.021200 -24.363710 225.078674 -22.968796
227.429900 -23.372920 228.470215 -21.973495
230.747500 -22.058700 231.754227 -20.664215
233.928400 -20.443850 234.905960 -19.048325
237.019600 -18.526770 237.924805 -17.128845
239.961000 -16.355940 240.799606 -14.949158
242.779800 -13.984550 243.567841 -12.573494
245.458500 -11.414060 246.200165 -10.000809
247.997000 -8.674394 248.693695 -7.249344
250.390600 -5.759310 251.038452 -4.306122
252.655600 -2.686673 253.276245 -1.208160
254.806500 0.534019 255.374573 2.011192
256.864000 3.862410 257.412659 5.364296
258.884400 7.263272 259.409027 8.793716
260.877600 10.718320 261.380127 12.267372
262.828700 14.222610 263.306274 15.795029
264.741600 17.745920 265.195496 19.326126
266.637600 21.266150 267.059967 22.853493
268.527700 24.786100 268.911560 26.369217
270.375000 28.334210 270.783447 29.895706
272.219500 31.917810 272.673584 33.471786
274.124700 35.502240 274.583527 37.068642
276.050500 39.060050 276.499298 40.705025
277.989700 42.665330 278.422272 44.359398
279.912600 46.301830 280.328705 47.994003
281.775800 49.949900 282.224457 51.635773
283.563100 53.532720 284.068359 55.251053
285.356500 57.056770 285.863190 58.819832
287.075600 60.536460 287.591858 62.331367
288.712000 63.954910 289.255188 65.788246
290.293900 67.289100 290.870331 69.166039
291.871100 70.559820 292.484009 72.482948
293.538100 73.753600 294.186768 75.713974
295.351100 76.864560 296.003326 78.862068
297.261700 79.892800 297.957458 81.928375
299.367900 82.771990 300.104736 84.827148
301.654700 85.444430 302.419647 87.508728
304.129900 87.873730 304.920807 89.984398
306.795800 90.009740 307.611969 92.145058
309.610300 91.815310 310.462738 93.995010
312.540600 93.287990 313.454315 95.506287
315.589700 94.424870 316.546753 96.672470
318.731100 95.231100 319.750580 97.498795
321.947000 95.719040 323.002380 98.017471
325.202000 95.875140 326.248169 98.148499
328.404100 95.672520 329.486267 97.946121
331.635400 95.086030 332.661072 97.386223
334.756200 94.171900 335.752930 96.466156
337.636900 92.963350 338.716370 95.222069
340.363200 91.461070 341.562744 93.635025
342.964100 89.692180 344.298492 91.709351
345.403300 87.579170 346.807068 89.463959
347.592200 85.092570 349.059174 86.909431
349.463400 82.321490 351.007874 84.087997
351.002500 79.397790 352.585510 81.132744
352.204000 76.402830 353.809906 78.066116
353.107800 73.306490 354.739105 74.894638
353.811200 70.096650 355.483887 71.686783
354.464700 66.889050 356.125580 68.480423
355.047400 63.664610 356.703033 65.276825
355.500500 60.449100 357.188293 62.044300
355.866900 57.296080 357.608673 58.869144
356.198500 54.208160 357.982666 55.774872
356.525800 51.221050 358.370758 52.765167
356.961300 48.369400 358.837616 49.919121
357.538900 45.752540 359.424622 47.307430
358.275300 43.388830 360.162567 44.956192
359.266800 41.238890 361.166016 42.851677
360.571800 39.373830 362.449646 41.038452
362.156300 37.835540 363.980103 39.535675
363.974400 36.638300 365.746033 38.360794
366.080400 35.761110 367.811768 37.518242
368.547300 35.234490 370.161133 37.005043
371.148400 35.045060 372.689667 36.840454
373.899500 35.175270 375.363770 36.978424
376.698100 35.611110 378.150787 37.413040
379.470900 36.322790 380.949799 38.131248
382.212100 37.294470 383.691895 39.101112
384.867700 38.517990 386.338593 40.336090
387.364100 39.991850 388.806915 41.819992
389.701500 41.780710 391.134521 43.625473
391.802700 43.839190 393.240967 45.686600
393.689400 46.099010 395.143799 47.946564
395.383900 48.474340 396.850464 50.333191
396.942200 50.928340 398.416138 52.800278
398.325500 53.450140 399.804718 55.329483
399.544900 56.052550 401.030914 57.934067
400.579700 58.728940 402.080597 60.603546
401.390700 61.486590 402.928680 63.385109
401.978000 64.333130 403.526306 66.230309
402.335300 67.250270 403.898499 69.164688
402.474600 70.259740 404.028778 72.199097
402.447300 73.356030 403.979095 75.321732
402.341800 76.540880 403.832275 78.507645
402.228800 79.805450 403.657776 81.755959
402.075400 83.156280 403.426117 85.118744
401.927800 86.597120 403.165466 88.573929
401.721900 90.113350 402.868591 92.068306
401.455800 93.737450 402.542389 95.663574
401.169200 97.438860 402.194153 99.370377
400.835400 101.196700 401.808899 103.125793
400.479100 104.981000 401.409943 106.883133
400.086700 108.745200 400.973755 110.657730
399.638200 112.493800 400.482574 114.381058
399.138700 116.226700 399.963776 118.106491
398.603300 119.924700 399.384583 121.789970
398.025400 123.612000 398.783600 125.455078
397.409200 127.314800 398.160522 129.159851
396.829000 131.013100 397.585663 132.808075
396.222300 134.687900 396.965820 136.455429
395.601900 138.281700 396.357361 140.109680
395.033400 141.881600 395.802032 143.775360
394.483600 145.487500 395.241486 147.396225
393.961300 149.091800 394.709045 151.031998
393.456700 152.724500 394.187378 154.671539
392.964400 156.362200 393.679382 158.311478
392.473900 160.012200 393.154266 161.990387
391.988000 163.681600 392.635681 165.682480
391.511200 167.360500 392.111145 169.406494
391.037700 171.040400 391.600006 173.120544
390.574400 174.743200 391.096375 176.816177
390.110100 178.440800 390.583618 180.539291
389.662900 182.147700 390.106415 184.271332
389.244100 185.891700 389.669128 188.044815
388.894800 189.677500 389.328613 191.802719
388.606000 193.461200 389.025818 195.584946
388.392800 197.250000 388.796448 199.360733
388.242200 201.058600 388.595825 203.172394
388.167200 204.843700 388.496216 206.974426
388.164900 208.656700 388.457214 210.811340
388.225800 212.467100 388.478058 214.639847
388.337900 216.277100 388.541534 218.470490
388.518500 220.100100 388.674072 222.338165
388.781300 223.924000 388.885956 226.193665
389.110400 227.762200 389.170685 230.058716
389.519500 231.600300 389.520386 233.928391
390.000700 235.455300 389.947418 237.804245
390.533100 239.323100 390.435944 241.683014
391.126500 243.191800 390.996246 245.580688
391.817200 247.082900 391.653809 249.493652
392.446500 250.991000 392.355835 253.414276
393.192700 254.933200 393.171173 257.335510
394.129800 258.841200 394.137695 261.241760
395.212400 262.725700 395.193604 265.162964
396.381300 266.559900 396.301880 269.035004
397.591700 270.309200 397.471008 272.831360
398.915600 273.988100 398.696533 276.559723
400.261600 277.620100 399.970825 280.226868
401.674900 281.230100 401.298401 283.872986
403.099300 284.836200 402.650879 287.515015
404.552600 288.368900 404.008301 291.083618
405.981400 291.858600 405.363007 294.610077
407.396700 295.286300 406.725037 298.106537
408.787500 298.654400 408.058838 301.532593
410.160300 301.970700 409.362976 304.893555
411.532700 305.248600 410.689636 308.219604
412.910200 308.514300 412.011475 311.470764
414.286500 311.815200 413.337463 314.838257
415.632400 315.158100 414.663269 318.184784
416.955300 318.554600 416.041748 321.594818
418.356500 321.950200 417.534943 324.978210
419.919100 325.360500 419.150787 328.415039
421.619500 328.772700 420.848755 331.844055
423.465300 332.205100 422.696747 335.305542
425.389400 335.648500 424.618347 338.778320
427.393700 339.062100 426.611511 342.223053
429.441400 342.427400 428.647858 345.647400
431.502800 345.736000 430.695557 348.994446
433.555500 349.037600 432.742218 352.330566
435.647400 352.345100 434.806580 355.674683
437.737700 355.673900 436.865845 359.014404
439.858900 359.019800 438.965027 362.378448
441.938400 362.354800 441.034119 365.747742
444.011500 365.707600 443.091766 369.102051
446.074200 369.043000 445.146484 372.483154
448.108100 372.393000 447.164490 375.811249
450.106200 375.748500 449.182739 379.161774
452.077600 379.076100 451.235535 382.514771
454.072700 382.382200 453.310669 385.855652
456.149900 385.671800 455.400299 389.185638
458.224600 388.968400 457.504639 392.505157
460.351800 392.205600 459.624390 395.761719
462.503100 395.388100 461.757690 398.976501
464.568500 398.419600 463.839050 402.028900
466.632000 401.347200 465.898987 404.974518
468.654400 404.221700 467.903748 407.878143
470.657600 407.038900 469.904327 410.710693
472.677800 409.783700 471.875641 413.500854
474.657200 412.487100 473.849121 416.242188
476.592600 415.139500 475.754242 418.918884
478.496300 417.710700 477.621796 421.503174
480.372100 420.213300 479.459869 423.987366
482.195400 422.602900 481.256470 426.404175
483.955500 424.843700 482.978394 428.650574
485.628500 426.923600 484.650269 430.749359
487.190800 428.865800 486.190399 432.715027
488.699400 430.731200 487.696533 434.592407
490.108000 432.491800 489.085266 436.362976
491.375400 434.138900 490.325500 438.003754
492.521700 435.661300 491.450989 439.526093
493.585300 437.088500 492.502502 440.950745
494.601900 438.498800 493.509033 442.352478
495.493900 439.942600 494.380493 443.768311
496.198400 441.455900 495.065979 445.241821
496.643000 443.038900 495.520569 446.765961
496.894900 444.688300 495.815521 448.375885
496.838300 446.434300 495.804840 450.125153
496.587000 448.236400 495.543854 451.917358
496.020500 450.035800 494.993378 453.752075
495.316800 451.880800 494.230591 455.563965
494.382600 453.714700 493.261566 457.365845
493.357500 455.591800 492.205933 459.228699
492.259600 457.525200 491.089783 461.156311
491.138900 459.531700 489.913788 463.193787
489.968800 461.583000 488.697845 465.251038
488.778600 463.722100 487.440063 467.403534
487.527700 465.987400 486.136322 469.666626
486.241900 468.332900 484.792786 472.003601
484.929200 470.750300 483.398987 474.359131
483.595100 473.196800 481.963959 476.812439
482.240900 475.680400 480.525665 479.284668
480.881200 478.179700 479.079559 481.750610
479.506700 480.715200 477.610474 484.281494
478.139700 483.249600 476.141296 486.751587
476.741800 485.776600 474.636169 489.284973
475.327000 488.358200 473.137909 491.853760
473.905700 490.923000 471.631317 494.394501
472.463600 493.499100 470.115784 496.928345
471.030900 496.048700 468.606750 499.437683
469.654400 498.493900 467.162933 501.840332
468.311000 500.883700 465.750732 504.196045
467.003300 503.201000 464.381378 506.436035
465.767600 505.385700 463.083313 508.612305
464.618000 507.421200 461.884521 510.625244
463.563200 509.303500 460.775970 512.453857
462.581700 511.077100 459.741821 514.195679
461.620900 512.827500 458.731506 515.922180
460.698800 514.516100 457.759186 517.587463
459.825600 516.111800 456.837769 519.159241
459.035800 517.582500 455.999084 520.602600
458.312900 518.912300 455.226868 521.894287
457.589200 520.176600 454.461151 523.137451
456.756600 521.359000 453.599121 524.278503
455.798000 522.446500 452.611023 525.319153
454.695200 523.354600 451.548615 526.146362
453.456700 523.963300 450.357117 526.789673
452.010000 524.448000 448.897552 527.263916
450.370300 524.664900 447.322632 527.514099
448.645800 524.629300 445.600739 527.371582
446.853700 524.242200 443.840179 526.932312
445.001300 523.578900 442.021820 526.249756
443.053700 522.715000 440.146423 525.337463
441.070200 521.621600 438.215881 524.214539
439.068600 520.385000 436.257446 522.936462
437.067600 519.079900 434.299713 521.606201
435.131900 517.711100 432.438446 520.224121
433.248700 516.276400 430.588562 518.759094
431.409100 514.772600 428.840515 517.248352
429.653800 513.188400 427.123535 515.653198
427.979000 511.552500 425.431091 513.993896
426.376200 509.872800 423.880951 512.305481
424.896200 508.159600 422.397980 510.590515
423.477300 506.386900 420.988251 508.818909
422.151700 504.603800 419.646973 507.027557
420.895300 502.757100 418.379456 505.171234
419.698800 500.847600 417.162537 503.255219
418.553100 498.879100 415.994507 501.269958
417.436100 496.852200 414.870239 499.238007
416.341100 494.769800 413.756104 497.109039
415.299400 492.613200 412.704346 494.949677
414.283100 490.400400 411.647675 492.721222
413.291100 488.174100 410.624756 490.473450
412.307400 485.928500 409.617432 488.214386
411.321100 483.659600 408.634399 485.942627
410.385800 481.369500 407.691467 483.651001
409.484300 479.070200 406.779297 481.351257
408.605900 476.771200 405.889404 479.026001
407.747600 474.482200 405.055603 476.714752
406.916200 472.194500 404.221008 474.414429
406.106200 469.923800 403.416687 472.151337
405.321800 467.714100 402.639282 469.941040
404.581200 465.613200 401.919037 467.841919
403.881000 463.647100 401.223724 465.880035
403.196100 461.842900 400.562622 464.051880
402.563700 460.074300 399.905640 462.285980
401.946900 458.305600 399.261658 460.521790
401.296600 456.548600 398.589966 458.758789
400.651300 454.770400 397.915833 456.976257
399.996700 452.984700 397.229248 455.189575
399.329600 451.125900 396.535522 453.321136
398.618400 449.218000 395.808655 451.422729
397.822000 447.249700 395.015076 449.444855
396.969800 445.208000 394.169006 447.404633
396.116100 443.116600 393.299866 445.329834
395.211200 440.967800 392.374634 443.201782
394.287700 438.749400 391.427551 441.025574
393.341900 436.497700 390.460846 438.819580
392.358600 434.221800 389.496643 436.571320
391.343800 431.907700 388.493469 434.291595
390.285600 429.531900 387.439117 431.946564
389.177900 427.104300 386.328064 429.550690
388.002000 424.633000 385.159973 427.124359
386.786000 422.153600 383.943329 424.675415
385.529200 419.645500 382.696167 422.204437
384.252800 417.122900 381.418091 419.706512
382.927300 414.575600 380.104248 417.182007
381.591500 412.030100 378.744324 414.657593
380.224100 409.463100 377.368225 412.116028
378.830100 406.889400 375.984497 409.565979
377.404400 404.303400 374.553314 406.994202
375.940700 401.722300 373.065002 404.419464
374.431300 399.137000 371.542877 401.817627
372.878200 396.550200 369.986145 399.239960
371.286300 393.960100 368.394104 396.655762
369.662600 391.367800 366.764557 394.078400
368.012000 388.798400 365.100708 391.502045
366.357200 386.258300 363.388062 388.924500
364.686300 383.683500 361.680908 386.337524
362.990500 381.103100 359.920349 383.709564
361.274100 378.545400 358.172211 381.159088
359.479500 376.079600 356.434814 378.681213
357.743100 373.713700 354.731140 376.310272
356.046500 371.424400 353.036316 374.022369
354.349500 369.168400 351.321655 371.740021
352.662900 366.944000 349.651367 369.494659
351.018900 364.780500 347.994873 367.314514
349.445300 362.679200 346.409851 365.195129
347.970100 360.669800 344.907227 363.169373
346.587900 358.760700 343.470184 361.240723
345.269200 357.004900 342.118805 359.473389
343.987600 355.420000 340.819275 357.876770
342.722300 353.942300 339.535736 356.402649
341.428400 352.599100 338.239227 355.077301
340.132200 351.423100 336.923920 353.922852
338.769300 350.441200 335.549042 352.954681
337.341700 349.681300 334.102356 352.192474
335.777200 349.128400 332.559204 351.695007
334.132400 348.908200 330.897339 351.453827
332.452400 349.031300 329.200684 351.555847
330.797800 349.428100 327.533600 351.946686
329.211100 350.167300 325.962524 352.673615
327.641800 351.098300 324.403656 353.625000
326.094800 352.236000 322.892395 354.771423
324.512700 353.489700 321.312836 356.039459
322.875800 354.863500 319.676025 357.406952
321.135500 356.302000 317.917816 358.839081
319.250000 357.710100 316.026764 360.217468
317.242300 359.002400 314.008545 361.503845
315.093800 360.160000 311.873260 362.667145
312.852600 361.167400 309.646118 363.642303
310.509200 362.008200 307.324280 364.451721
308.069100 362.662200 304.872772 365.089172
305.560600 363.146700 302.399048 365.542419
302.953900 363.438100 299.822021 365.827850
300.313300 363.558500 297.162628 365.955231
297.631800 363.522600 294.476562 365.917084
294.885100 363.381000 291.757690 365.758759
292.104200 363.172300 288.944122 365.585083
289.300900 362.939000 286.141724 365.332458
286.491000 362.678500 283.323303 365.065277
283.693500 362.370200 280.493958 364.751953
280.920600 362.098000 277.726257 364.454132
278.169000 361.857400 274.970276 364.201447
275.446800 361.657400 272.238922 363.971558
272.737000 361.519800 269.514343 363.814606
270.035600 361.455000 266.809113 363.737183
267.327700 361.497700 264.097229 363.774902
264.630400 361.676000 261.368622 363.952148
261.940300 361.979900 258.682983 364.241028
259.250900 362.413000 255.989197 364.647736
256.573600 362.959900 253.298523 365.187500
253.917300 363.655300 250.643066 365.855103
251.288400 364.497000 248.011459 366.668457
248.680300 365.504900 245.370056 367.659882
246.094700 366.666900 242.786682 368.820251
243.562600 367.994000 240.242371 370.157074
241.083300 369.508300 237.773911 371.669128
238.697300 371.174900 235.403275 373.317169
236.432200 372.983900 233.162186 375.131409
234.282400 374.915600 231.022217 377.058716
232.221400 376.965100 228.982849 379.099854
230.283900 379.136000 227.067047 381.260803
228.445400 381.408600 225.267792 383.529755
226.762700 383.789500 223.615280 385.890625
225.240300 386.284200 222.107697 388.383453
223.870500 388.875300 220.758453 390.973724
222.651800 391.576800 219.553757 393.663635
221.610300 394.407600 218.503540 396.506653
220.731600 397.346700 217.629395 399.442078
220.036100 400.374900 216.925461 402.480804
219.492700 403.546000 216.400284 405.661316
219.131100 406.829700 216.042175 408.973083
218.954900 410.176200 215.881302 412.322113
218.961000 413.566100 215.919861 415.710815
219.145900 416.967900 216.127380 419.095795
219.451900 420.389700 216.464233 422.515137
219.829800 423.806600 216.855515 425.918793
220.310500 427.237200 217.348953 429.354828
220.868900 430.684800 217.903839 432.790131
221.441400 434.161900 218.460632 436.261353
222.038500 437.663400 219.055634 439.728363
222.674200 441.192400 219.660110 443.250000
223.324700 444.766400 220.266052 446.816895
223.976800 448.390400 220.886322 450.402771
224.645100 452.052600 221.521057 454.041229
225.326300 455.738000 222.169769 457.693207
226.013500 459.438200 222.839142 461.381592
226.742700 463.131400 223.540314 465.031982
227.489100 466.830800 224.259888 468.710449
228.247700 470.527000 225.001434 472.381744
229.012100 474.215100 225.749817 476.080231
229.762000 477.897100 226.489090 479.731598
230.499300 481.567900 227.203644 483.376373
231.252900 485.238400 227.930817 487.040894
232.010300 488.886300 228.666382 490.704834
232.763300 492.531800 229.397797 494.352875
233.545900 496.169700 230.142242 497.985565
234.328200 499.811600 230.874390 501.612579
235.108100 503.420000 231.626266 505.198730
235.907500 507.019800 232.403564 508.806793
236.703700 510.603300 233.173203 512.411926
237.481000 514.162500 233.916092 515.968872
238.249000 517.704200 234.666229 519.503418
239.014400 521.230500 235.398407 523.008545
239.746800 524.741600 236.094543 526.474854
240.436600 528.231300 236.769791 529.955200
241.102000 531.689500 237.421570 533.413208
241.740900 535.133300 238.068634 536.828064
242.359400 538.550300 238.689514 540.201965
242.993900 541.935900 239.317261 543.571106
243.655500 545.295800 239.978973 546.939148
244.307800 548.630700 240.659241 550.263855
244.986700 551.924500 241.358749 553.555420
245.686600 555.189800 242.085907 556.802124
246.402300 558.403000 242.820740 560.003601
247.160300 561.604000 243.594589 563.185059
247.954300 564.747800 244.403412 566.296753
248.799800 567.843200 245.268311 569.379639
249.719700 570.881500 246.196533 572.406494
250.691800 573.875500 247.174469 575.394043
251.722500 576.816900 248.203583 578.334961
252.792400 579.719200 249.271866 581.242493
253.899200 582.619100 250.371811 584.126526
254.999400 585.538800 251.449585 587.011780
256.084000 588.464600 252.510803 589.944031
257.132200 591.413100 253.518219 592.875366
258.142200 594.337700 254.519562 595.766541
259.143500 597.295100 255.498444 598.714539
260.132300 600.227900 256.463440 601.657776
261.124300 603.146400 257.440155 604.565247
262.175000 606.016800 258.488831 607.415344
263.321800 608.844200 259.618835 610.237732
264.592700 611.600700 260.897705 612.985107
266.012800 614.279900 262.304718 615.647827
267.588100 616.881700 263.873566 618.247620
269.323800 619.428300 265.616791 620.786499
271.210100 621.881800 267.490234 623.232361
273.238300 624.254900 269.500031 625.596436
275.373300 626.509900 271.625549 627.852417
277.623300 628.637000 273.853638 629.988770
279.976600 630.608900 276.190857 631.971375
282.453700 632.438800 278.639862 633.810120
285.065600 634.108700 281.256104 635.503784
287.781800 635.684200 283.951294 637.088806
290.614800 637.170400 286.781799 638.604858
293.572000 638.551300 289.734100 640.000793
296.640000 639.897800 292.771667 641.354980
299.815900 641.203200 295.925964 642.699280
303.076400 642.494500 299.133789 644.010315
306.357100 643.765800 302.352173 645.297058
309.674900 645.021300 305.625610 646.576782
312.999700 646.243800 308.916504 647.820190
316.341000 647.457400 312.205688 649.059814
319.656500 648.689200 315.459656 650.307373
322.948500 649.961000 318.718811 651.619629
326.166800 651.311700 321.919098 652.989868
329.336100 652.739100 325.052002 654.424561
332.444200 654.205600 328.115875 655.897949
335.400500 655.659200 331.062927 657.358276
338.177900 657.091100 333.876038 658.794250
340.853600 658.520100 336.579773 660.222290
343.392000 659.901300 339.157715 661.610901
345.797500 661.222900 341.578247 662.947266
348.061700 662.470200 343.850342 664.177734
350.227800 663.663600 346.044342 665.361450
352.269800 664.764500 348.125305 666.458313
354.171500 665.743600 350.026886 667.453064
355.867200 666.596600 351.734467 668.302368
357.385800 667.323400 353.246582 669.049561
358.688300 667.945100 354.530090 669.703003
359.785500 668.454700 355.633362 670.201660
360.684700 668.879300 356.537048 670.635010
361.448900 669.240500 357.308838 671.002319
362.202200 669.609800 358.032532 671.361694
362.884200 670.041700 358.681549 671.821716
363.544500 670.582800 359.344727 672.345093
364.209800 671.330500 360.037292 673.055725
364.845000 672.309500 360.581116 674.099060
365.349200 673.552400 361.111511 675.336060
365.693100 675.079000 361.266296 676.767273
365.765200 676.782400 361.261505 678.394409
365.523700 678.539500 360.985077 680.215088
365.089100 680.489300 360.457428 682.160095
364.466100 682.514600 359.739075 684.076599
363.616300 684.610800 358.839996 686.093323
362.501500 686.760700 357.732300 688.208618
361.240200 688.988000 356.451111 690.400757
359.916600 691.336700 355.081635 692.727356
358.517400 693.800300 353.628571 695.176636
357.035700 696.407500 352.089661 697.742798
355.508800 699.115600 350.497253 700.395996
353.904300 701.929300 348.843109 703.106567
352.257400 704.823800 347.126831 705.938843
350.567500 707.796400 345.360016 708.856812
348.841400 710.853200 343.545715 711.858215
347.061700 713.947900 341.648865 714.912476
345.240600 717.126500 339.738953 718.037964
343.396200 720.384700 337.811005 721.226196
341.517100 723.688800 335.840393 724.482910
339.619000 727.060600 333.832397 727.819580
337.697800 730.488300 331.799225 731.194763
335.746300 733.965100 329.744995 734.586609
333.767200 737.500800 327.676880 738.029541
331.787300 741.093200 325.596863 741.551758
329.802100 744.697600 323.513184 745.072632
327.822700 748.252900 321.436707 748.530518
325.882900 751.750500 319.398682 751.935669
323.953700 755.221900 317.365845 755.337708
322.019400 758.698600 315.339447 758.729492
320.037700 762.177600 313.254822 762.146606
318.097700 765.622300 311.202576 765.518433
316.183200 769.057500 309.168091 768.901489
314.250000 772.494900 307.121826 772.264404
312.275800 775.931500 305.029724 775.635986
310.254000 779.359500 302.887787 778.958252
308.122800 782.782800 300.637726 782.358276
305.862800 786.166800 298.281006 785.671875
303.500700 789.503100 295.809113 788.929810
300.970800 792.776600 293.195923 792.138062
298.346100 795.948700 290.476685 795.214783
295.632400 799.046800 287.661591 798.222290
292.854400 802.131000 284.811646 801.168030
290.021900 805.167500 281.882385 804.110413
287.126600 808.146600 278.888611 806.984497
284.119000 811.063300 275.793945 809.781128
281.041800 813.860300 272.629700 812.451660
277.869300 816.545900 269.401459 815.023682
274.646800 819.105600 266.114410 817.463623
271.386100 821.531200 262.741272 819.828430
268.116800 823.813700 259.404602 821.987122
264.867100 825.970500 256.060913 824.066223
261.611600 828.060300 252.738083 826.041199
258.412200 830.064600 249.459381 827.938416
255.270800 831.964500 246.215454 829.742981
252.165400 833.785500 243.048859 831.452515
249.035500 835.465400 239.952393 833.054749
245.676600 836.941500 236.938690 834.574341
242.526400 838.395100 234.036377 836.013428
239.649200 839.782300 231.248520 837.389282
236.954200 841.095200 228.629196 838.663513
234.477400 842.339200 226.182190 839.865234
232.193600 843.528700 223.898636 841.012390
230.093400 844.639300 221.782379 842.095154
228.164600 845.633300 219.844055 843.056885
226.339700 846.487500 218.009766 843.863708
224.559800 847.148600 216.230804 844.461609
222.862900 847.611100 214.533447 844.861450
221.160000 847.853200 212.844238 845.016052
219.343600 847.650900 211.138641 844.904846
217.613700 847.228800 209.438980 844.460510
215.983200 846.459000 207.835754 843.709778
214.496600 845.376700 206.320251 842.610229
213.166300 844.015600 205.010864 841.234314
211.989600 842.443000 203.841614 839.623413
210.942500 840.673500 202.856934 837.843933
210.015200 838.668700 201.985825 835.839233
209.177100 836.492300 201.255234 833.653381
208.420100 834.203400 200.562927 831.303833
207.685300 831.756600 199.917328 828.839661
206.966400 829.169500 199.309921 826.248779
206.234900 826.499600 198.698639 823.572693
205.491300 823.727800 198.044479 820.758728
204.726900 820.872900 197.357819 817.872498
203.960100 817.947300 196.659927 814.887878
203.188700 814.944500 195.970108 811.840820
202.387700 811.853000 195.246460 808.703308
201.557100 808.685000 194.506180 805.493469
200.707000 805.446700 193.763153 802.232056
199.837600 802.169300 192.994415 798.903503
198.959100 798.853000 192.209183 795.524231
198.078300 795.512000 191.429489 792.127869
197.208100 792.134200 190.642029 788.695190
196.331500 788.727300 189.854828 785.255920
195.393800 785.296400 189.026291 781.777222
194.407000 781.832200 188.143463 778.283081
193.372100 778.361600 187.221664 774.752808
192.268500 774.862700 186.230530 771.209534
191.104500 771.351900 185.183563 767.650818
189.900200 767.803200 184.095779 764.039734
188.697400 764.215300 183.000458 760.397278
187.525500 760.573100 181.941086 756.692993
186.417200 756.874800 180.952759 752.950562
185.391100 753.140200 180.033447 749.159485
184.425300 749.376100 179.184677 745.351501
183.505800 745.586000 178.394379 741.508667
182.630800 741.760500 177.644226 737.633911
181.799600 737.920600 176.937927 733.763733
180.995700 734.046000 176.265213 729.887268
180.235100 730.165100 175.601044 725.986938
179.509000 726.267300 174.964005 722.058411
178.782600 722.358000 174.325592 718.109680
178.060700 718.433400 173.718369 714.189575
177.362100 714.485400 173.154755 710.231506
176.683600 710.485300 172.587769 706.229248
176.012100 706.523900 172.057037 702.221252
175.366700 702.573200 171.524536 698.215942
174.771600 698.664000 171.046722 694.284851
174.208700 694.786000 170.601959 690.337402
173.664500 690.971400 170.169754 686.482300
173.120400 687.194400 169.734299 682.682739
172.609800 683.452500 169.302277 678.903687
172.111300 679.757200 168.901947 675.199219
171.620100 676.075400 168.484833 671.498596
171.116500 672.425100 168.084869 667.839905
170.597300 668.791300 167.658691 664.187256
170.061700 665.158300 167.239090 660.543457
169.508500 661.515700 166.811310 656.886597
168.924400 657.855800 166.362411 653.201843
168.353600 654.164700 165.934906 649.512451
167.787000 650.469600 165.508087 645.808105
167.241700 646.760000 165.112900 642.103271
166.711700 643.033600 164.725739 638.353760
166.161900 639.298500 164.302078 634.619446
165.603300 635.547200 163.905243 630.877808
165.019900 631.781100 163.464386 627.083008
164.407900 627.989800 162.998215 623.296021
163.795100 624.165700 162.540512 619.467407
163.188600 620.333500 162.062820 615.601318
162.585900 616.485800 161.598663 611.748840
162.003800 612.637200 161.138275 607.884644
161.404000 608.796100 160.688568 604.023254
160.758000 604.972100 160.226334 600.123596
160.133600 601.135300 159.777115 596.251709
159.495800 597.273400 159.296753 592.338196
158.840300 593.366000 158.856323 588.412476
158.208600 589.447000 158.394073 584.438721
157.580800 585.515400 157.940948 580.465942
156.942900 581.558400 157.483612 576.485352
156.315100 577.584700 157.018066 572.471680
155.693100 573.602200 156.574066 568.471497
155.097900 569.612100 156.126846 564.479004
154.494600 565.631700 155.688934 560.489624
153.882900 561.635800 155.229553 556.485229
153.275400 557.661700 154.752960 552.478638
152.657100 553.699500 154.300568 548.497559
152.007000 549.736100 153.836685 544.488098
151.335500 545.780700 153.359344 540.499878
150.702300 541.830000 152.880508 536.477966
150.111100 537.863200 152.437668 532.516357
149.565800 533.878000 151.977875 528.512878
149.070700 529.886400 151.544373 524.513611
148.583300 525.892200 151.113647 520.511841
148.098100 521.899600 150.706024 516.502869
147.615200 517.906000 150.302338 512.495850
147.078600 513.924800 149.863220 508.499298
146.557400 509.928000 149.417160 504.480133
145.990800 505.947400 148.959427 500.504669
145.414200 501.983900 148.512650 496.508484
144.839400 498.023200 148.042908 492.515320
144.237000 494.066600 147.542450 488.528229
143.642200 490.086700 147.051697 484.545990
143.093600 486.100600 146.562851 480.551453
142.520000 482.109500 146.085510 476.570099
141.953600 478.120000 145.625824 472.571991
141.409200 474.120700 145.178528 468.582489
140.866200 470.116800 144.728180 464.570587
140.329900 466.129000 144.294556 460.590057
139.802900 462.170200 143.868713 456.667236
139.285200 458.259400 143.456665 452.783875
138.767400 454.380800 143.054062 448.940125
138.265200 450.537100 142.655670 445.115112
137.781900 446.703500 142.267014 441.283386
137.326700 442.890000 141.903671 437.465698
136.905100 439.064700 141.582626 433.625793
136.518100 435.237300 141.285812 429.793518
136.143200 431.414200 141.005157 425.970734
135.825400 427.592200 140.755707 422.172943
135.543200 423.737300 140.574219 418.340363
135.270100 419.908100 140.435410 414.501587
135.035900 416.031200 140.325073 410.628204
134.860400 412.167200 140.261017 406.786682
134.729600 408.319200 140.249939 402.947357
134.657500 404.515600 140.276291 399.150391
134.622800 400.768700 140.366547 395.411591
134.596400 397.079600 140.433777 391.719238
134.623000 393.460300 140.563828 388.086761
134.664700 389.903700 140.717056 384.523834
134.742900 386.395400 140.887970 381.033051
134.849100 382.945500 141.090652 377.597321
134.972000 379.565400 141.279892 374.222778
135.131800 376.244700 141.511002 370.927338
135.333900 373.018200 141.779205 367.715302
135.556500 369.861200 142.086731 364.581848
135.838900 366.777100 142.440872 361.519043
136.225700 363.791900 142.894043 358.563110
136.738700 360.891300 143.463959 355.687164
137.359000 358.081000 144.151031 352.897217
138.112400 355.303200 144.984116 350.135498
138.966200 352.534800 145.911102 347.386383
139.893600 349.805900 146.889969 344.688873
140.896000 347.157200 147.952820 342.058838
141.971400 344.579000 149.062317 339.525208
143.130500 342.084500 150.271423 337.069702
144.392300 339.674500 151.581696 334.701996
145.777400 337.332100 152.995483 332.407349
147.331500 335.073900 154.560516 330.200745
149.057400 332.893100 156.299973 328.090576
150.967000 330.772000 158.218964 326.081543
153.050000 328.762800 160.309723 324.174530
155.286900 326.913400 162.567200 322.381104
157.696000 325.210700 164.966827 320.770172
160.258100 323.696400 167.510162 319.346039
162.973100 322.395300 170.178192 318.152893
165.832800 321.314600 173.002701 317.192993
168.823000 320.455500 175.967438 316.425659
171.915000 319.751800 179.038773 315.813843
175.093600 319.154400 182.193207 315.313690
178.356600 318.621500 185.440659 314.864319
181.670600 318.107800 188.797379 314.443939
184.954100 317.552100 192.223663 314.056610
188.360600 317.014600 195.747467 313.660980
191.810500 316.498600 199.277328 313.251129
195.303300 315.956300 202.852554 312.788116
198.810200 315.370500 206.413406 312.283813
202.319700 314.727700 209.984680 311.703461
205.854900 314.018600 213.533600 311.074188
209.382100 313.210000 217.108658 310.338684
212.873900 312.313500 220.630051 309.514404
216.282400 311.315800 224.058304 308.599335
219.602300 310.211800 227.386322 307.573181
222.828600 308.969500 230.601776 306.412933
225.892800 307.618500 233.698944 305.138977
228.857400 306.132600 236.672943 303.721436
231.705300 304.510000 239.544952 302.177521
234.404500 302.795000 242.274841 300.533142
236.964200 301.022400 244.864716 298.826111
239.357400 299.191600 247.293839 297.050995
241.573300 297.348000 249.553574 295.261353
243.583200 295.531300 251.617599 293.473907
245.364000 293.745300 253.460693 291.721619
246.928300 292.003400 255.066345 290.010529
248.255900 290.313300 256.411407 288.348816
249.318200 288.712300 257.525787 286.759491
250.170400 287.137600 258.408325 285.185974
250.789300 285.600000 259.066742 283.640137
251.165900 284.019700 259.489502 282.025513
251.314100 282.347000 259.705841 280.418427
251.208600 280.685900 259.653412 278.730591
250.772400 279.031200 259.268127 276.990967
249.999900 277.363100 258.539337 275.267883
248.862600 275.742500 257.404816 273.596954
247.391400 274.199800 255.960312 272.031464
245.604100 272.717600 254.221634 270.509766
243.606700 271.249000 252.259247 268.985474
241.483200 269.657000 250.143784 267.326569
239.255900 267.931300 247.970108 265.560364
236.942400 266.062700 245.685379 263.625610
234.573400 264.060900 243.343994 261.558350
232.194200 261.911300 241.057922 259.371735
229.828600 259.643500 238.736633 257.049469
227.459400 257.285700 236.391388 254.633743
225.117700 254.818300 234.126862 252.131790
222.794900 252.268100 231.817383 249.527893
220.539900 249.684100 229.612869 246.893448
218.379000 247.150200 227.500885 244.307129
216.331900 244.688600 225.509735 241.794586
214.447100 242.296600 223.669083 239.355225
212.738900 239.986300 221.988480 237.003281
211.155100 237.800000 220.421112 234.772964
209.645500 235.806000 218.928619 232.741257
208.153800 234.063200 217.459610 230.966675
206.642600 232.599300 215.966339 229.452759
205.050700 231.388700 214.413940 228.218201
203.386000 230.453900 212.729630 227.226746
201.568800 229.804200 210.893036 226.515808
199.652600 229.469400 208.912338 226.128235
197.649300 229.448700 206.858795 226.111099
195.695200 229.808500 204.824203 226.440948
193.757500 230.545900 202.850906 227.148438
191.873400 231.575500 200.887268 228.156326
190.008500 232.786900 198.912994 229.358673
188.027800 234.075600 196.826233 230.619019
185.893500 235.390300 194.592758 231.934952
183.609800 236.705800 192.212173 233.226746
181.165200 238.005100 189.725739 234.433762
178.517300 239.254000 187.037994 235.610596
175.726900 240.407000 184.222412 236.677139
172.707400 241.421200 181.220520 237.641159
169.603600 242.357600 178.161133 238.536041
166.445500 243.209000 175.036743 239.332733
163.269700 243.975200 171.824249 240.017700
160.018600 244.710100 168.576508 240.709595
156.736700 245.397400 165.342026 241.346344
153.408400 246.036100 162.046036 241.937927
150.090200 246.634600 158.744781 242.474701
146.806300 247.228400 155.447495 242.993774
143.505000 247.801600 152.149048 243.494568
140.209300 248.367500 148.887848 243.991577
136.935100 248.926700 145.628799 244.478516
133.701200 249.482000 142.413101 244.975555
130.512300 250.041400 139.220856 245.492203
127.368600 250.623000 136.055756 246.057541
124.279500 251.271600 132.938416 246.676727
121.226800 251.988400 129.863342 247.381088
118.235900 252.796200 126.847275 248.159027
115.296000 253.710500 123.873222 249.056412
112.410900 254.793600 120.954330 250.069550
109.550100 256.073600 118.055161 251.267258
106.765300 257.559400 115.241821 252.658325
104.058300 259.195200 112.497704 254.226715
101.451300 260.983800 109.846298 255.945282
98.958900 262.930000 107.298340 257.816040
96.560750 265.038400 104.833824 259.846436
94.233290 267.302400 102.467575 262.027802
91.992660 269.682500 100.183090 264.362823
89.872160 272.215300 98.019081 266.848785
87.867480 274.902800 95.961479 269.505035
85.990600 277.735000 94.027939 272.277527
84.244040 280.710100 92.215981 275.211334
82.619100 283.777000 90.530701 278.237183
81.079690 286.968600 88.911636 281.411743
79.784310 290.233300 87.548782 284.635559
78.568560 293.653400 86.247070 288.012543
77.471470 297.091000 85.064774 291.384460
76.507590 300.590600 84.023277 294.819214
75.684350 304.118500 83.116829 298.312622
74.993740 307.691900 82.342758 301.855286
74.448540 311.297700 81.724586 305.444763
74.042020 314.935900 81.244621 309.064697
73.771590 318.594800 80.898308 312.682922
73.715910 322.261900 80.637306 316.337616
73.769420 325.907700 80.449020 319.976074
73.817040 329.552100 80.323242 323.617554
74.000290 333.173500 80.238197 327.240082
74.172500 336.809200 80.183235 330.834290
74.344680 340.442200 80.175797 334.475128
74.514430 344.091300 80.219246 338.082397
74.662940 347.746700 80.238602 341.700043
74.736070 351.400000 80.174599 345.287903
74.769320 355.000700 80.120705 348.861328
74.814470 358.586500 80.060196 352.410065
74.746920 362.178000 79.972733 355.964386
74.686830 365.745600 79.873993 359.530182
74.555740 369.317000 79.727280 363.093201
74.360040 372.935200 79.526764 366.658417
74.109450 376.533900 79.255005 370.195129
73.828330 380.133100 78.929390 373.747589
73.476450 383.716600 78.530487 377.259186
73.062260 387.295400 78.088058 380.792206
72.635640 390.839200 77.606125 384.297729
72.123690 394.365700 77.019501 387.792847
71.585570 397.910500 76.407494 391.315918
70.976400 401.435000 75.728905 394.816711
70.311850 404.959700 74.989899 398.323853
69.602670 408.449900 74.210106 401.811676
68.879140 411.948200 73.450836 405.303345
68.139490 415.452800 72.661758 408.751648
67.432580 418.981100 71.868431 412.218323
66.735590 422.501800 71.077240 415.683533
66.031790 425.991100 70.325195 419.168243
65.337700 429.457600 69.563980 422.654785
64.678150 432.971500 68.832230 426.171783
64.092350 436.564700 68.184441 429.755554
63.538820 440.165700 67.564400 433.322571
63.089490 443.780200 67.044548 436.924683
62.687700 447.405600 66.587189 440.508026
62.395430 451.016900 66.232254 444.088745
62.179910 454.600300 65.945412 447.674988
62.016060 458.184800 65.711609 451.246490
61.878910 461.762700 65.496605 454.818359
61.782260 465.339800 65.315582 458.383209
61.711200 468.924000 65.154198 461.953949
61.669710 472.506000 65.026108 465.524811
61.695530 476.094800 64.955498 469.079041
61.729390 479.666900 64.900726 472.648132
61.822870 483.270300 64.904152 476.236572
61.924810 486.878100 64.905472 479.835632
62.056550 490.478600 64.945953 483.432495
62.176020 494.117900 64.974533 487.084259
62.266690 497.773900 64.977295 490.699707
62.330910 501.484400 64.969902 494.387421
62.383600 505.245100 64.996727 498.038452
62.456820 509.016300 65.042130 501.773224
62.639660 512.800600 65.210281 505.535980
62.868350 516.638100 65.413506 509.344971
63.106400 520.456700 65.611420 513.124146
63.367240 524.259400 65.832787 516.910156
63.593570 528.081800 66.010414 520.688293
63.801530 531.888200 66.161652 524.469849
64.024540 535.667900 66.322990 528.218201
64.206830 539.467500 66.433273 531.978699
64.344710 543.234900 66.498695 535.673950
64.496310 546.996900 66.571640 539.386108
64.631930 550.743000 66.626091 543.086792
64.749170 554.462700 66.666206 546.778015
64.914610 558.167300 66.754089 550.465881
65.103700 561.867200 66.867798 554.164734
65.335960 565.517200 67.016487 557.792542
65.569200 569.190200 67.154366 561.414124
65.794250 572.863800 67.308098 565.044739
65.979210 576.521900 67.422455 568.662598
66.180050 580.172300 67.569313 572.247803
66.362280 583.853000 67.690704 575.903564
66.538350 587.515200 67.801826 579.529907
66.682270 591.168900 67.878235 583.154602
66.777600 594.811400 67.909218 586.755493
66.890400 598.420300 67.949341 590.336731
67.026690 602.042900 68.007553 593.952087
67.177460 605.622900 68.088448 597.515930
67.323020 609.198300 68.170769 601.073853
67.450500 612.758000 68.234779 604.620117
67.653570 616.289300 68.384430 608.139038
67.878290 619.813700 68.556808 611.687744
68.154010 623.308500 68.781479 615.183655
68.437020 626.799600 69.001938 618.675903
68.771410 630.257700 69.292122 622.160034
69.202550 633.695200 69.665741 625.621643
69.600670 637.103300 70.010452 629.027527
70.036830 640.488700 70.406097 632.393860
70.506270 643.807100 70.822205 635.678894
70.892770 647.161500 71.152817 638.983276
71.232770 650.443300 71.442612 642.288574
71.580170 653.720500 71.717514 645.492737
71.988160 656.939000 71.999496 648.765320
72.305150 660.204100 72.232483 651.982422
72.604120 663.408400 72.410980 655.205444
72.917010 666.635000 72.584137 658.432983
73.242550 669.852400 72.765396 661.681274
73.637330 673.050100 72.977348 664.916382
74.027710 676.284300 73.233475 668.181824
74.459600 679.526800 73.560867 671.411072
74.950660 682.820100 73.953644 674.671509
75.485380 686.101000 74.351921 677.968384
75.997000 689.438300 74.776215 681.288879
76.620780 692.817900 75.257980 684.656799
77.255750 696.266300 75.770798 688.077942
77.860920 699.720200 76.300400 691.518250
78.456960 703.252300 76.801620 695.066711
79.046650 706.838300 77.305084 698.659668
79.748960 710.431700 77.814423 702.262329
80.377820 714.087800 78.307274 705.944336
80.984990 717.795000 78.844452 709.625366
81.568530 721.524100 79.389618 713.365051
82.226950 725.230100 79.964455 717.098694
82.971570 728.932500 80.576439 720.813843
83.716810 732.637800 81.235092 724.474609
84.461420 736.340000 81.925247 728.226990
85.205890 740.041500 82.678558 731.909790
85.988280 743.734800 83.445786 735.588440
86.881120 747.371500 84.256439 739.222961
87.770200 751.019300 85.062439 742.884033
88.659140 754.657900 85.897873 746.509949
89.568830 758.256300 86.743988 750.128723
90.529500 761.919200 87.655800 753.793579
91.504420 765.495400 88.580025 757.342651
92.518360 769.126400 89.532661 761.003845
93.541990 772.703400 90.494850 764.557556
94.615270 776.302000 91.513397 768.178894
95.687250 779.833200 92.528694 771.719971
96.764590 783.369100 93.570831 775.268616
97.857970 786.887700 94.634811 778.799866
98.977700 790.363900 95.699966 782.264038
100.102700 793.842400 96.794525 785.741516
101.281700 797.278800 97.925262 789.183044
102.480100 800.701200 99.081512 792.631287
103.706800 804.080200 100.227661 796.014099
104.948300 807.449200 101.433121 799.443787
106.192400 810.798000 102.596512 802.783875
107.467000 814.117100 103.813187 806.132507
108.775000 817.411500 105.041306 809.460571
110.077600 820.689800 106.272186 812.778687
111.337000 823.916800 107.463303 816.046448
112.595900 827.082700 108.672546 819.253967
113.862500 830.153000 109.894012 822.350708
115.118400 833.166500 111.083664 825.396667
116.423500 836.128900 112.331284 828.389282
117.895400 839.037200 113.719757 831.345703
119.447600 841.885100 115.207123 834.255920
121.088600 844.701900 116.801331 837.143494
122.872100 847.290700 118.433075 839.919800
124.724400 849.810800 120.214050 842.685059
126.575500 852.329600 122.021851 845.308350
128.426600 854.848600 123.888702 847.880005
130.276800 857.367000 125.740967 850.326416
132.127400 859.883600 127.578156 852.665894
133.992200 862.014800 129.416290 854.872925
135.814600 864.035300 131.186218 856.980469
137.604800 865.988300 132.926453 858.998047
139.298200 867.835900 134.597748 860.912720
140.919200 869.609300 136.199036 862.722900
142.486000 871.338400 137.725677 864.511597
143.940800 872.954000 139.144592 866.187500
145.300100 874.412900 140.474152 867.692993
146.559000 875.661600 141.710571 868.984375
147.650800 876.418400 142.825073 870.023560
148.685500 877.020600 143.806030 870.813965
149.713200 877.623900 144.762787 871.512573
150.732500 878.227900 145.799042 872.126953
151.742600 878.831700 146.834961 872.529053
152.808100 879.342000 148.002731 872.849915
154.068700 879.516900 149.239197 873.046204
155.413300 879.479400 150.628830 873.092346
156.888700 879.272300 152.133331 872.927185
158.478100 878.881900 153.733765 872.568176
160.134900 878.287500 155.413742 871.998535
161.860100 877.489100 157.180588 871.228821
163.672500 876.562600 159.022537 870.330566
165.594100 875.530000 160.980103 869.333923
167.624000 874.437100 163.038345 868.286194
169.770000 873.289900 165.198578 867.184265
172.035600 872.094100 167.479996 866.044922
174.385300 870.862300 169.851105 864.840088
176.854600 869.589200 172.340866 863.613281
179.401000 868.288100 174.908096 862.362305
181.975500 866.969700 177.485046 861.075745
184.536700 865.639500 180.067810 859.785828
187.062400 864.284700 182.619446 858.468262
189.538900 862.924800 185.115784 857.153381
191.918900 861.611300 187.518784 855.878418
194.206900 860.315700 189.815933 854.631165
196.343300 858.956400 192.013062 853.454529
198.368400 857.888200 194.136932 852.393860
200.275000 856.919100 196.177551 851.444824
202.193600 856.085800 198.147888 850.664001
204.073500 855.496400 200.030899 850.146179
205.960400 855.183900 201.825623 849.882385
207.864300 855.202100 203.627197 849.901489
209.713700 855.529100 205.415390 850.238342
211.499200 856.220700 207.153625 850.935791
213.188100 857.107700 208.777802 852.006470
214.784400 858.522000 210.276794 853.391357
216.227100 860.190500 211.640106 855.064941
217.589200 862.100400 212.930954 856.993408
218.870200 864.194100 214.159943 859.125000
220.036500 866.491500 215.258240 861.437622
221.092500 868.955100 216.252441 863.935974
222.159200 871.551200 217.232147 866.535645
223.261300 874.233400 218.297974 869.271606
224.402100 877.003500 219.366638 872.074097
225.538100 879.835200 220.430984 874.946716
226.647400 882.714200 221.451904 877.824463
227.713000 885.605500 222.454865 880.722290
228.729800 888.498800 223.411255 883.695557
229.740400 891.364700 224.358002 886.594543
230.756400 894.190300 225.321518 889.453979
231.798000 896.975600 226.308228 892.286499
232.862200 899.689300 227.320984 895.046875
234.006400 902.314400 228.421356 897.721741
235.284000 904.779800 229.686630 900.273865
236.717300 907.106500 231.074921 902.651917
238.297800 909.282700 232.621735 904.872681
240.026200 911.279800 234.297607 906.893311
241.899800 913.107900 236.137451 908.782715
243.969200 914.753500 238.115753 910.463989
246.167200 916.200700 240.221558 911.960266
248.519300 917.425900 242.466278 913.239380
250.970500 918.372900 244.882202 914.287598
253.540200 919.159700 247.445511 915.160400
256.240400 919.688000 250.144241 915.770630
259.064500 919.965800 253.037857 916.165100
262.004800 920.092700 255.995972 916.374634
265.032800 920.081200 259.054413 916.426270
268.210100 920.078400 262.206818 916.323059
271.495300 919.927300 265.464783 916.144226
274.820000 919.698100 268.764191 915.926819
278.229300 919.336300 272.091583 915.624084
281.674700 918.885400 275.458374 915.237976
285.133600 918.345800 278.892242 914.772278
288.622600 917.728600 282.375580 914.244385
292.132800 917.013700 285.913269 913.625671
295.617300 916.238200 289.421204 912.919800
299.090900 915.358200 292.912109 912.154236
302.533100 914.353500 296.343079 911.308594
305.943200 913.309900 299.768188 910.384949
309.311700 912.191400 303.143921 909.404602
312.679900 911.045400 306.502991 908.352905
316.061700 909.902400 309.883301 907.294067
319.450400 908.753400 313.278290 906.227417
322.840000 907.560400 316.672668 905.124573
326.249400 906.356000 320.083038 904.010559
329.691100 905.139800 323.540863 902.879028
333.195400 903.900600 327.068207 901.718933
336.754600 902.625300 330.641479 900.522949
340.384100 901.328400 334.298889 899.293701
344.064600 899.969000 337.975342 898.014526
347.769700 898.590900 341.683868 896.717346
351.401700 897.220500 345.312744 895.422729
354.975200 895.841100 348.909424 894.118713
358.485000 894.463600 352.437592 892.812378
361.949500 893.084300 355.917450 891.506226
365.336200 891.732700 359.328888 890.232605
368.619200 890.389400 362.645386 888.961975
371.749500 889.112100 365.811279 887.755127
374.681800 887.918900 368.781433 886.631470
377.389200 886.824500 371.546478 885.577515
379.874900 885.837000 374.039124 884.629456
382.177900 884.931600 376.352783 883.764526
384.328100 884.100300 378.490417 882.957764
386.400700 883.311200 380.555420 882.187317
388.376900 882.536800 382.564819 881.440613
390.309000 881.774800 384.527924 880.711914
392.306100 880.993700 386.540283 879.966797
394.377700 880.162100 388.643311 879.183105
396.550200 879.262200 390.859009 878.340332
398.842300 878.314900 393.179504 877.464783
401.259600 877.339000 395.618713 876.556274
403.789800 876.325100 398.185455 875.607544
406.435900 875.291100 400.876221 874.645935
409.217000 874.214500 403.663025 873.629150
412.118100 873.111300 406.546112 872.582581
415.118700 871.959800 409.538025 871.487793
418.218100 870.771000 412.610321 870.363831
421.393100 869.520300 415.794586 869.189087
424.627300 868.193200 419.061493 867.935913
427.914800 866.771900 422.362976 866.603333
431.247800 865.254500 425.742523 865.162720
434.552400 863.690400 429.076813 863.682983
437.807500 862.081600 432.399963 862.154663
440.966600 860.444200 435.586639 860.606812
444.049200 858.816700 438.718353 859.025330
447.069000 857.193700 441.779114 857.463928
450.037100 855.607100 444.772949 855.950562
452.944600 854.081100 447.710175 854.500366
455.777600 852.654400 450.545715 853.145508
458.467600 851.383400 453.224640 851.927917
460.990700 850.198200 455.779053 850.795166
463.426800 849.070300 458.205017 849.742188
465.787600 847.990900 460.600677 848.711426
468.094900 846.950600 462.936340 847.715210
470.366800 845.937300 465.212891 846.766907
472.708100 844.897600 467.548248 845.789429
475.121700 843.800400 469.954102 844.752991
477.587500 842.683800 472.445251 843.703613
480.152400 841.532300 475.041779 842.604004
482.766300 840.339500 477.692200 841.465454
485.445100 839.143200 480.365265 840.310364
488.188300 837.891400 483.108215 839.129517
490.987500 836.623000 485.893158 837.943909
493.803100 835.351100 488.705078 836.745544
496.624700 834.094400 491.547119 835.545593
499.474300 832.809600 494.429657 834.331543
502.358500 831.502600 497.351654 833.075134
505.286800 830.236700 500.304718 831.828003
508.248000 828.948300 503.295807 830.572876
511.244100 827.658100 506.293579 829.319824
514.267100 826.347100 509.303619 828.062317
517.327800 825.031500 512.347839 826.813965
520.388500 823.719100 515.398071 825.568604
523.389100 822.420300 518.379883 824.345337
526.283400 821.190400 521.270447 823.171997
529.057000 820.023600 524.031311 822.064819
531.704800 818.934000 526.678345 821.025269
534.226500 817.916400 529.211975 820.059937
536.656700 816.946600 531.655640 819.142883
539.023500 815.952900 534.035950 818.193909
541.317300 814.866300 536.370728 817.155579
543.532000 813.688600 538.632874 816.017578
545.686900 812.396800 540.801147 814.757141
547.734700 810.971800 542.918884 813.356323
549.629400 809.339400 544.846680 811.750732
551.297600 807.502100 546.558289 809.917725
552.779900 805.465100 548.104126 807.846741
554.025400 803.122900 549.436584 805.541748
555.053800 800.603800 550.514526 803.003174
555.833800 797.890700 551.339294 800.280762
556.486200 795.031700 552.061340 797.411377
557.103100 792.043700 552.726440 794.447510
557.706900 788.950900 553.383301 791.368286
558.314100 785.757400 554.043091 788.191345
558.963000 782.480200 554.742310 784.952087
559.664300 779.132300 555.481506 781.643921
560.383500 775.702500 556.234924 778.243652
561.143700 772.190100 557.038818 774.828369
561.955700 768.606200 557.868164 771.303406
562.794300 764.921400 558.712097 767.683411
563.665600 761.194600 559.589844 763.996887
564.512000 757.439400 560.470947 760.277649
565.360500 753.691900 561.354492 756.578430
566.202300 749.955700 562.220581 752.880859
567.038700 746.210000 563.101868 749.182373
567.914000 742.455400 564.000977 745.450684
568.809800 738.700200 564.930420 741.727539
569.651600 734.948800 565.814392 737.991516
570.504400 731.165000 566.705811 734.256470
571.381700 727.390900 567.633057 730.489258
572.231200 723.645800 568.519653 726.748657
573.054100 719.904800 569.391602 723.035339
573.889700 716.163100 570.262573 719.328979
574.718600 712.404800 571.141907 715.588074
575.527100 708.639600 571.984619 711.847290
576.261300 704.869800 572.766052 708.043579
576.930700 701.064300 573.474854 704.258972
577.575900 697.234700 574.142273 700.437134
578.192400 693.375300 574.778442 696.614624
578.778500 689.496000 575.396057 692.736450
579.345900 685.591800 575.984741 688.838379
579.857300 681.665400 576.533691 684.942749
580.310600 677.720500 577.048462 680.982422
580.758800 673.746400 577.549377 677.021790
581.155000 669.796200 577.995911 673.094055
581.510700 665.865700 578.393921 669.173523
581.822900 661.969700 578.748291 665.278931
582.077900 658.112900 579.050110 661.421997
582.273900 654.274900 579.284607 657.589172
582.437900 650.427100 579.500000 653.737000
582.599800 646.577200 579.699585 649.929443
582.753900 642.693800 579.886536 646.062256
582.851400 638.813400 579.995300 642.203491
582.898800 634.890000 580.096497 638.287903
582.982400 630.949500 580.215637 634.347717
583.073100 627.003400 580.351685 630.401733
583.192100 623.061600 580.504883 626.422546
583.328900 619.143000 580.681030 622.503601
583.475300 615.223700 580.867065 618.568604
583.625900 611.282200 581.056519 614.632996
583.720700 607.341100 581.255737 610.706970
583.834500 603.396300 581.458313 606.743103
583.934300 599.462000 581.644897 602.805786
584.036500 595.562800 581.841248 598.921326
584.162200 591.689200 582.048706 595.044922
584.227300 587.867900 582.249207 591.197632
584.317600 584.024500 582.447876 587.319153
584.499000 580.192700 582.728088 583.476685
584.808000 576.397200 583.118469 579.685974
585.238500 572.636300 583.608276 575.934875
585.796800 568.901300 584.223694 572.211975
586.480500 565.193700 584.958374 568.499939
587.248500 561.507600 585.753784 564.813110
588.029900 557.836500 586.567017 561.136597
588.838600 554.171600 587.392944 557.493774
589.673700 550.509400 588.235352 553.845215
590.516100 546.866500 589.079224 550.197327
591.343500 543.261900 589.912842 546.635193
592.132200 539.698600 590.711243 543.095764
592.828000 536.162600 591.425781 539.590210
593.460000 532.659000 592.076904 536.126038
594.031700 529.277200 592.650818 532.769653
594.554500 526.081000 593.198669 529.629211
595.075800 523.072600 593.739075 526.684143
595.617300 520.255100 594.283142 523.908203
596.166400 517.626800 594.839111 521.293823
596.704800 515.143200 595.392517 518.812439
597.194900 512.833500 595.896545 516.515015
597.576200 510.694300 596.292664 514.365540
597.786600 508.667900 596.521301 512.316589
597.747500 506.649500 596.555908 510.305573
597.514600 504.697700 596.353516 508.324829
597.070500 502.800000 595.933716 506.421143
596.402400 500.998300 595.275757 504.605682
595.438900 499.228700 594.303101 502.783722
594.162500 497.526700 593.035339 501.051910
592.513700 495.900800 591.461487 499.483948
590.635600 494.532500 589.611694 498.116699
588.500500 493.343000 587.491028 496.926453
586.178900 492.278900 585.151489 495.854340
583.738500 491.279000 582.691406 494.836914
581.166800 490.215600 580.104614 493.752808
578.490800 489.083700 577.402649 492.605499
575.723500 487.861500 574.612610 491.370605
572.904600 486.554700 571.777954 490.049194
570.042200 485.190900 568.896484 488.672424
567.169200 483.760200 566.012268 487.230713
564.280500 482.280300 563.126587 485.755890
561.350400 480.769600 560.211792 484.234772
558.405800 479.261600 557.237549 482.726868
555.376800 477.743300 554.216919 481.163513
552.348800 476.229900 551.216553 479.629028
549.309400 474.657200 548.206055 478.050293
546.268100 473.067100 545.204712 476.453369
543.205700 471.460400 542.166504 474.841644
540.123400 469.844900 539.093872 473.220032
537.055800 468.227900 536.056519 471.603638
534.039300 466.620500 533.034424 469.993713
531.070100 465.041900 530.070068 468.409821
528.189800 463.496400 527.165588 466.846313
525.392500 461.985300 524.358582 465.318848
522.696400 460.482700 521.688782 463.815552
520.138600 459.018200 519.107727 462.355804
517.756100 457.609300 516.707886 460.926971
515.544600 456.272300 514.479553 459.579651
513.468500 454.993400 512.379578 458.290955
511.515000 453.792000 510.384521 457.071198
509.647000 452.752700 508.493744 456.013062
507.816400 451.952700 506.655212 455.174011
506.024700 451.375100 504.832611 454.596710
504.164400 451.057300 502.953033 454.266388
502.213400 450.955500 501.030609 454.242371
500.360000 451.174600 499.132141 454.431396
498.532400 451.717400 497.295441 454.976196
496.762400 452.594900 495.505402 455.826111
495.085200 453.803100 493.805206 457.020630
493.512800 455.370800 492.233826 458.558319
492.140200 457.192000 490.810730 460.420349
490.899800 459.329000 489.491760 462.589142
489.697100 461.689000 488.156525 465.048767
488.436200 464.216900 486.627350 467.560608
487.065300 466.910000 485.182251 470.285553
485.589500 469.753000 483.652863 473.172150
484.009700 472.740300 482.005859 476.289215
482.314200 475.837000 480.257477 479.365784
480.567300 479.018100 478.504944 482.715546
478.766800 482.282500 476.700806 485.923218
476.977200 485.484200 474.846252 489.156799
475.149800 488.770200 472.949066 492.456421
473.326600 492.020400 471.038605 495.750427
471.475600 495.302800 469.104797 499.089600
469.568200 498.617300 467.157715 502.427490
467.651300 501.958900 465.219025 505.760071
465.708000 505.334400 463.228302 509.140869
463.769100 508.731500 461.255676 512.527466
461.845200 512.161900 459.292358 515.927734
459.919600 515.621400 457.328461 519.362305
457.939000 519.112900 455.364380 522.803528
455.953400 522.620500 453.416412 526.260986
453.935100 526.117100 451.416748 529.722717
451.928900 529.614300 449.413574 533.197754
449.964500 533.134600 447.405457 536.682495
448.010500 536.687300 445.425659 540.190247
446.054100 540.236000 443.456146 543.708374
444.056100 543.807900 441.470825 547.246582
442.049300 547.417800 439.479614 550.812622
440.037800 551.028500 437.475037 554.371094
438.025200 554.634600 435.464935 557.914062
435.977800 558.237500 433.430481 561.474304
433.919500 561.855000 431.360718 565.052917
431.843000 565.470100 429.291199 568.650879
429.767800 569.108300 427.195496 572.252502
427.667800 572.747600 425.091919 575.828918
425.537800 576.435200 423.007507 579.456421
423.436400 580.100900 420.928986 583.004883
421.318500 583.767700 418.814453 586.609070
419.219900 587.449100 416.693359 590.248291
417.120400 591.134600 414.580902 593.864990
415.005200 594.832500 412.502747 597.490479
412.888500 598.541400 410.375671 601.116455
410.755500 602.261600 408.225037 604.741821
408.648800 605.999000 406.108459 608.439453
406.499300 609.720300 403.936340 612.104370
404.349900 613.457900 401.764587 615.789551
402.219500 617.158900 399.604431 619.438232
400.144400 620.804100 397.483948 623.028687
398.088300 624.376000 395.382202 626.552124
396.094000 627.872100 393.362305 630.044434
394.096100 631.363900 391.321259 633.481567
392.096200 634.841100 389.276154 636.938843
390.122200 638.266000 387.253387 640.319946
388.138200 641.719200 385.233490 643.719177
386.190000 645.182000 383.223877 647.068237
384.289400 648.626900 381.236633 650.459900
382.388400 652.005600 379.265137 653.778809
380.473700 655.356700 377.280487 657.077454
378.503900 658.701400 375.268066 660.363770
376.494800 662.062000 373.249695 663.660217
374.499000 665.373200 371.224304 666.980713
372.495100 668.759000 369.163940 670.329224
370.503500 672.182700 367.125122 673.694702
368.470500 675.625200 365.039490 677.093689
366.423200 679.124800 362.920807 680.568787
364.370700 682.649600 360.803406 684.044067
362.295100 686.175900 358.676514 687.527100
360.227100 689.735900 356.555725 691.060913
358.182300 693.297500 354.459869 694.581604
356.109700 696.850900 352.340637 698.076416
354.085800 700.357400 350.294373 701.442017
352.038300 703.859700 348.201233 704.856201
350.008800 707.353700 346.127563 708.284912
347.982700 710.855500 344.044800 711.700073
345.942000 714.320900 341.951233 715.100952
343.906200 717.779200 339.864136 718.484985
341.889600 721.226700 337.780029 721.874695
339.882000 724.654800 335.710175 725.262390
337.868700 728.103400 333.618774 728.687256
335.866200 731.571800 331.604675 732.064697
333.967500 735.105200 329.528687 735.484009
332.130600 738.707000 327.434540 738.989868
330.109000 742.325700 325.363708 742.522583
328.052600 745.993300 323.242126 746.116577
325.960300 749.694700 321.069336 749.752197
323.882400 753.400900 318.905945 753.420593
321.810400 757.046400 316.770081 756.982117
319.688500 760.664000 314.626465 760.546326
317.595700 764.288500 312.410339 764.088257
315.554700 767.892700 310.205780 767.593323
313.514600 771.526200 307.998077 771.112671
311.450700 775.119600 305.780029 774.576904
309.357300 778.629400 303.520966 777.995361
307.194900 782.050500 301.236176 781.359985
304.937400 785.448200 298.854858 784.681885
302.592400 788.799400 296.407166 787.920044
300.153800 792.111000 293.865051 791.158081
297.624000 795.374800 291.233459 794.324341
294.927000 798.539300 288.525970 797.409424
292.185800 801.678500 285.702911 800.479858
289.192200 804.695700 282.756226 803.468567
286.151300 807.624000 279.725586 806.369507
283.065000 810.476300 276.628723 809.203491
280.007100 813.213700 273.498199 811.877014
276.942200 815.904300 270.353149 814.427246
273.811500 818.493600 267.128967 816.873657
270.605600 820.960500 263.821228 819.242737
267.321200 823.303700 260.439117 821.488159
264.005200 825.567800 257.022156 823.663940
260.657900 827.735000 253.603317 825.695068
257.273000 829.813900 250.119125 827.656677
253.861800 831.809200 246.627258 829.533325
250.446800 833.761300 243.156372 831.350342
247.052800 835.652800 239.654709 833.152161
243.677200 837.476800 236.229431 834.878662
240.295500 839.294300 232.776123 836.611328
236.906500 841.089700 229.309235 838.328247
233.510200 842.896300 225.824936 840.035522
230.131200 844.723000 222.381454 841.754395
226.769300 846.514500 218.926636 843.456482
223.408300 848.268000 215.485428 845.116089
220.026300 849.991200 212.088776 846.740784
216.652600 851.728000 208.674759 848.358276
213.269900 853.442300 205.230194 849.975952
209.880600 855.139200 201.770447 851.570923
206.468800 856.885000 198.286942 853.193359
203.010300 858.620500 194.775101 854.818848
199.502700 860.363300 191.221527 856.462891
196.002500 862.107300 187.669693 858.119995
192.526600 863.893400 184.137360 859.815247
189.070200 865.686900 180.615295 861.532959
185.622800 867.526100 177.075378 863.308411
182.188500 869.362900 173.570999 865.048889
178.750800 871.210600 170.066208 866.772278
175.314500 873.051400 166.563889 868.518860
171.878500 874.938000 163.089706 870.302612
168.464000 876.882000 159.620499 872.161255
165.093500 878.898700 156.194855 874.116699
161.793700 881.039600 152.830536 876.167908
158.553600 883.315600 149.521484 878.352783
155.369300 885.727000 146.300598 880.663025
152.279000 888.277000 143.167450 883.117065
149.259200 890.897300 140.135803 885.616455
146.298100 893.633000 137.131348 888.247620
143.341500 896.377900 134.108521 890.920532
140.419600 899.149000 131.125885 893.629272
137.428800 901.883400 128.099792 896.289917
134.430600 904.585400 125.063049 898.926270
131.430500 907.268900 121.992340 901.575562
128.400000 909.942700 118.913147 904.187866
125.387100 912.605700 115.842529 906.789185
122.446000 915.311700 112.839355 909.436646
