1.0 0.0 0.0 0.0 0.0 1.0 0.0 0.0 0.0 0.0 1.0 0.0
1.0 -5.1065057050436735e-05 0.00011740216723410413 -0.01460786908864975 5.089591650175862e-05 0.9999989867210388 0.0014402669621631503 -0.012579856440424919 -0.00011747558892238885 -0.0014402609085664153 0.999998927116394 1.3157137632369995
0.9999984502792358 -0.0016322345472872257 -0.0006564680952578783 -0.01094148587435484 0.0016333857784047723 0.9999971389770508 0.001756946207024157 -0.03907134756445885 0.0006535985157825053 -0.001758015831001103 0.999998152256012 2.6180927753448486
0.9999958276748657 -0.002822668757289648 -0.000638565281406045 -0.01584158092737198 0.0028231043834239244 0.999995768070221 0.0006820250418968499 -0.054081983864307404 0.0006366375018842518 -0.0006838248227722943 0.9999995231628418 3.9305708408355713
0.9999949932098389 -0.0031127321999520063 -0.0006253422470763326 -0.024740664288401604 0.0031132122967392206 0.9999948143959045 0.0007680239505134523 -0.0721970796585083 0.0006229483406059444 -0.0007699669222347438 0.9999995231628418 5.2567291259765625
0.9999933838844299 -0.0035860829520970583 -0.0005842386744916439 -0.025917235761880875 0.0035870771389454603 0.9999921321868896 0.0017085858853533864 -0.09774433821439743 0.0005781069048680365 -0.0017106703016906977 0.9999983906745911 6.573731422424316
0.9999870657920837 -0.005084116477519274 -0.0002122267906088382 -0.03379351273179054 0.00508467061445117 0.9999834895133972 0.002694446360692382 -0.11103890836238861 0.00019852432888001204 -0.0026954906061291695 0.9999963641166687 7.898985385894775
0.9999892711639404 -0.004604007117450237 -0.00031222449615597725 -0.040013495832681656 0.004605029709637165 0.9999837279319763 0.003357718698680401 -0.13399814069271088 0.0002967604377772659 -0.003359121037647128 0.9999943375587463 9.238238334655762
0.9999939203262329 -0.0034564908128231764 -0.0005062675336375833 -0.050754353404045105 0.003457220271229744 0.999993085861206 0.0014474130002781749 -0.15050667524337769 0.000501261034514755 -0.0014491550391539931 0.9999988675117493 10.584187507629395
0.9999987483024597 -0.0012868361081928015 -0.0008231570827774704 -0.052830517292022705 0.0012864582240581512 0.9999989867210388 -0.0004588887095451355 -0.17314456403255463 0.0008237467845901847 0.00045782956294715405 0.9999995231628418 11.939335823059082
0.9999971389770508 0.0023545739240944386 -0.00043134726001881063 -0.07440203428268433 -0.002355177653953433 0.9999963641166687 -0.0014048087177798152 -0.2017439901828766 0.00042803792166523635 0.001405820483341813 0.999998927116394 13.247194290161133
0.9999884366989136 0.0047548930160701275 -0.0006848759949207306 -0.0842972844839096 -0.004755953326821327 0.9999874830245972 -0.001554700080305338 -0.2239714413881302 0.0006774751236662269 0.0015579398022964597 0.9999985694885254 14.586493492126465
0.9999828934669495 0.005836054217070341 -3.6913188523612916e-05 -0.10124485939741135 -0.005836070515215397 0.9999828934669495 -0.0004467705439310521 -0.24815228581428528 3.430517972446978e-05 0.0004469784034881741 0.9999998211860657 15.937216758728027
0.9999943971633911 0.0033352018799632788 0.0001347888319287449 -0.10401138663291931 -0.0033355013001710176 0.9999918341636658 0.002288209507241845 -0.2664681077003479 -0.00012715603224933147 -0.00228864629752934 0.9999973773956299 17.29046630859375
0.9999994039535522 -0.0010978903155773878 9.803696593735367e-05 -0.09728900343179703 0.0010974387405440211 0.9999893307685852 0.0044936505146324635 -0.29392290115356445 -0.0001029694321914576 -0.0044935401529073715 0.9999898672103882 18.660877227783203
0.9999949336051941 -0.0031549318227916956 -6.601934728678316e-05 -0.09852069616317749 0.0031550396233797073 0.9999935030937195 0.0017016250640153885 -0.30301690101623535 6.065064371796325e-05 -0.0017018248327076435 0.9999985694885254 19.99734115600586
0.9999919533729553 -0.00399566488340497 3.4066491934936494e-05 -0.11201103031635284 0.003995664417743683 0.9999920725822449 2.375978510826826e-05 -0.3227539360523224 -3.416118852328509e-05 -2.3623695597052574e-05 1.0 21.341686248779297
0.9999973773956299 -0.0019094632007181644 0.0012252706801518798 -0.12914107739925385 0.0019112412119284272 0.9999971389770508 -0.0014513564528897405 -0.34718582034111023 -0.0012224959209561348 0.0014536944217979908 0.999998152256012 22.691980361938477
0.9999980330467224 0.0012255910551175475 0.0015424200100824237 -0.12688219547271729 -0.0012260973453521729 0.9999992847442627 0.0003273955953773111 -0.37080544233322144 -0.0015420174458995461 -0.00032928609289228916 0.9999987483024597 24.068527221679688
0.9999962449073792 0.0017514278879389167 0.0020947870798408985 -0.13066811859607697 -0.0017594331875443459 0.9999911189079285 0.0038257334381341934 -0.38836637139320374 -0.002088067587465048 -0.003829405177384615 0.9999904632568359 25.4503231048584
0.9999959468841553 -0.0006653415621258318 0.0027605213690549135 -0.13360819220542908 0.0006490512751042843 0.9999824166297913 0.005897900089621544 -0.40435415506362915 -0.002764396369457245 -0.005896084476262331 0.9999788403511047 26.821752548217773
0.9999821782112122 -0.005672865081578493 0.0018674606690183282 -0.12119334191083908 0.005665048956871033 0.9999752640724182 0.004164403770118952 -0.4268934428691864 -0.0018910386133939028 -0.004153750371187925 0.9999895691871643 28.209545135498047
0.9999829530715942 -0.005444760899990797 0.0021139339078217745 -0.12722483277320862 0.00544096389785409 0.999983549118042 0.0017975722439587116 -0.43899017572402954 -0.0021236867178231478 -0.0017860396765172482 0.9999961256980896 29.584110260009766
0.9999763369560242 -0.0062439353205263615 0.0028908196836709976 -0.1363518238067627 0.006245627999305725 0.9999803304672241 -0.0005768847768194973 -0.46390044689178467 -0.0028871612157672644 0.0005949261249043047 0.9999956488609314 30.948509216308594
0.9999895095825195 -0.002828646218404174 0.0036085168831050396 -0.14840435981750488 0.002833039965480566 0.9999952912330627 -0.0012131305411458015 -0.4871305823326111 -0.0036050681956112385 0.0012233408633619547 0.9999927878379822 32.327579498291016
0.9999905824661255 -0.002313857665285468 0.00366408284753561 -0.13953271508216858 0.0023260770831257105 0.9999917149543762 -0.0033341767266392708 -0.5143875479698181 -0.0036563377361744642 0.003342668293043971 0.9999877214431763 33.7164306640625
0.9999917149543762 -0.0015065362676978111 0.0037796813994646072 -0.1391095519065857 0.0015171065460890532 0.9999949336051941 -0.0027952678501605988 -0.5358519554138184 -0.0037754508666694164 0.002800978720188141 0.9999889731407166 35.108970642089844
0.999992311000824 -0.0009143930510617793 0.003838638076558709 -0.15137793123722076 0.0009211959550157189 0.9999980330467224 -0.001770791714079678 -0.5604727268218994 -0.003837011521682143 0.0017743140924721956 0.9999910593032837 36.49526596069336
0.9999933838844299 0.00034259122912772 0.0036125320475548506 -0.15820494294166565 -0.00034324778243899345 0.9999999403953552 0.00018113816622644663 -0.5861177444458008 -0.0036124701146036386 -0.00018237694166600704 0.9999934434890747 37.89561462402344
0.9999896287918091 0.002989483065903187 0.00343231949955225 -0.15882450342178345 -0.0029907592106610537 0.9999954700469971 0.00036669845576398075 -0.6124855279922485 -0.003431207500398159 -0.00037695991341024637 0.9999940395355225 39.304996490478516
0.9999764561653137 0.005659527610987425 0.003871605731546879 -0.17105816304683685 -0.005659043788909912 0.9999839067459106 -0.00013606756692752242 -0.6315790414810181 -0.0038723137695342302 0.00011415479821152985 0.9999924898147583 40.69569778442383
0.9999637603759766 0.007644655182957649 0.003772574942559004 -0.17141039669513702 -0.007645594887435436 0.9999707341194153 0.00023407794651575387 -0.653036892414093 -0.003770675277337432 -0.0002629130322020501 0.999992847442627 42.11682891845703
0.9999601244926453 0.008307644166052341 0.0032900876831263304 -0.17128561437129974 -0.00830844510346651 0.9999654293060303 0.0002300165651831776 -0.6754810810089111 -0.00328806322067976 -0.00025734290829859674 0.9999945759773254 43.515350341796875
0.9999685287475586 0.007355391979217529 0.0029430007562041283 -0.17746208608150482 -0.00735637778416276 0.9999728798866272 0.00032412863220088184 -0.7028671503067017 -0.0029405371751636267 -0.0003457682905718684 0.9999955892562866 44.934627532958984
0.9999764561653137 0.006461326964199543 0.0022724878508597612 -0.17769894003868103 -0.006460998672991991 0.9999791383743286 -0.00015180854825302958 -0.7225359678268433 -0.0022734212689101696 0.0001371224643662572 0.9999974370002747 46.33647537231445
0.9999826550483704 0.005801368970423937 0.0011270428076386452 -0.177687406539917 -0.005801395513117313 0.9999833106994629 2.1357649529818445e-05 -0.7448387742042542 -0.0011269000824540854 -2.789570135064423e-05 0.9999993443489075 47.753334045410156
0.999981701374054 0.006045729387551546 2.0492705516517162e-05 -0.1812550276517868 -0.0060457494109869 0.9999811053276062 0.001178983598947525 -0.7657761573791504 -1.3364478945732117e-05 -0.001179085811600089 0.9999992847442627 49.18125915527344
0.9999775290489197 0.006610457319766283 -0.0010993870673701167 -0.18830862641334534 -0.006609432864934206 0.999977707862854 0.0009330366738140583 -0.7894081473350525 0.0011055304203182459 -0.0009257493657059968 0.9999989867210388 50.589324951171875
0.9999733567237854 0.006933746859431267 -0.0022332912776619196 -0.2026793360710144 -0.006930649280548096 0.9999750256538391 0.0013913942966610193 -0.808402955532074 0.002242883201688528 -0.0013758791610598564 0.9999966025352478 52.00950241088867
0.9999700784683228 0.006951934192329645 -0.003370055230334401 -0.21490415930747986 -0.0069441115483641624 0.9999732971191406 0.0023272926919162273 -0.8322526812553406 0.003386144293472171 -0.0023038210347294807 0.9999915957450867 53.431209564208984
0.9999768137931824 0.005706394091248512 -0.0036946539767086506 -0.2303503304719925 -0.005694286432117224 0.9999784231185913 0.0032797714229673147 -0.8521367907524109 0.00371328997425735 -0.0032586571760475636 0.999987781047821 54.870052337646484
0.999983549118042 0.0036424007266759872 -0.004428229294717312 -0.24041476845741272 -0.0036273992154747248 0.9999877214431763 0.00339094502851367 -0.8720976114273071 0.004440526012331247 -0.0033748261630535126 0.9999844431877136 56.299076080322266
0.9999875426292419 0.001202716026455164 -0.004830492194741964 -0.2552996277809143 -0.0011891961330547929 0.9999952912330627 0.0028006951324641705 -0.8941125273704529 0.004833837505429983 -0.0027949162758886814 0.9999843835830688 57.69874954223633
0.9999865889549255 0.0002061136910924688 -0.005164661444723606 -0.2671172320842743 -0.00018909423670265824 0.9999945163726807 0.0032956309150904417 -0.9149318933486938 0.005165311973541975 -0.003294610418379307 0.9999812245368958 59.121734619140625
0.9999895691871643 -0.0010546768316999078 -0.004447183571755886 -0.27761414647102356 0.001071292208507657 0.9999924302101135 0.003735440317541361 -0.9340189099311829 0.004443209618330002 -0.0037401653826236725 0.9999831318855286 60.540496826171875
0.9999887347221375 -0.00249975617043674 -0.004046733491122723 -0.2842879891395569 0.0025185411795973778 0.9999859929084778 0.004643614403903484 -0.9531328082084656 0.004035070538520813 -0.0046537527814507484 0.9999810457229614 61.974029541015625
0.9999875426292419 -0.0036686884704977274 -0.0033656961750239134 -0.3029114902019501 0.003682999638840556 0.9999841451644897 0.004255818668752909 -0.9803624749183655 0.003350029466673732 -0.004268161952495575 0.9999852180480957 63.38037109375
0.9999846816062927 -0.004807712510228157 -0.0027271301951259375 -0.3166341781616211 0.004816892556846142 0.9999827146530151 0.0033697637263685465 -0.9972039461135864 0.0027108825743198395 -0.003382848808541894 0.9999905824661255 64.78679656982422
0.9999834895133972 -0.005180389620363712 -0.0024822219274938107 -0.3158980906009674 0.005188586190342903 0.9999810457229614 0.003307610284537077 -1.0264041423797607 0.002465039724484086 -0.0033204343635588884 0.9999914765357971 66.19886779785156
0.9999895691871643 -0.004317463841289282 -0.001462167827412486 -0.3264656662940979 0.0043221330270171165 0.9999854564666748 0.003205225570127368 -1.0428391695022583 0.0014483084669336677 -0.003211512230336666 0.9999938011169434 67.63269805908203
0.9999992847442627 -0.0007846204098314047 -0.000862631481140852 -0.34723910689353943 0.0007883037906140089 0.9999905228614807 0.004277860280126333 -1.0616521835327148 0.0008592668455094099 -0.004278537817299366 0.9999904036521912 69.00932312011719
0.9999964833259583 0.0026529293972998857 1.5263794921338558e-06 -0.3637691140174866 -0.002652897033840418 0.9999810457229614 0.0055559976026415825 -1.0814220905303955 1.3213430065661669e-05 -0.005555982701480389 0.9999845623970032 70.40382385253906
0.9999799132347107 0.0062784659676253796 0.0008228671504184604 -0.3747822940349579 -0.0062835016287863255 0.9999606013298035 0.006267767399549484 -1.1037429571151733 -0.000783482741098851 -0.006272812373936176 0.9999800324440002 71.79927825927734
0.9999468922615051 0.010196102783083916 0.0014383536763489246 -0.39053550362586975 -0.01020453404635191 0.9999300837516785 0.005980419926345348 -1.121230959892273 -0.0013772761449217796 -0.005994780920445919 0.9999811053276062 73.19375610351562
0.9999011158943176 0.01391560398042202 0.0020245311316102743 -0.400892972946167 -0.013925743289291859 0.9998900890350342 0.005083219613879919 -1.1403475999832153 -0.0019535725004971027 -0.005110910162329674 0.9999850392341614 74.60132598876953
0.9998741149902344 0.015619812533259392 0.0027960024308413267 -0.4105985462665558 -0.01563408598303795 0.9998644590377808 0.005157368257641792 -1.1614686250686646 -0.002715066075325012 -0.005200430750846863 0.9999827742576599 75.98017120361328
0.9998764395713806 0.015447093173861504 0.00290363235399127 -0.4118894636631012 -0.01546288002282381 0.9998652935028076 0.005494252312928438 -1.1772358417510986 -0.0028183709364384413 -0.005538471508771181 0.9999806880950928 77.37983703613281
0.9998844265937805 0.014833544380962849 0.0033283045049756765 -0.42136213183403015 -0.01485024206340313 0.9998769164085388 0.005049381870776415 -1.1963379383087158 -0.0032529947347939014 -0.005098225083202124 0.999981701374054 78.75326538085938
0.9999054074287415 0.013403082266449928 0.0030758066568523645 -0.42426663637161255 -0.01341561134904623 0.9999016523361206 0.004088883753865957 -1.2136023044586182 -0.0030207005329430103 -0.0041297608986496925 0.9999868869781494 80.14605712890625
0.9999165534973145 0.012653916142880917 0.0025928702671080828 -0.42514821887016296 -0.01266478281468153 0.999910831451416 0.004217799752950668 -1.2338935136795044 -0.002539267996326089 -0.004250286612659693 0.9999877214431763 81.51970672607422
0.9999158382415771 0.012719648890197277 0.0025409788358956575 -0.4316076636314392 -0.012730468064546585 0.9999097585678101 0.004287537652999163 -1.2529284954071045 -0.002486213343217969 -0.004319523926824331 0.9999876022338867 82.88496398925781
0.9999252557754517 0.012118463404476643 0.0015686600236222148 -0.4244540333747864 -0.012124159373342991 0.9999197721481323 0.0036749760620296 -1.2678461074829102 -0.0015239990316331387 -0.0036937203258275986 0.9999920129776001 84.2702407836914
0.9999249577522278 0.012203052639961243 0.0010697710094973445 -0.43972647190093994 -0.0122073320671916 0.9999171495437622 0.0040894257836043835 -1.2855846881866455 -0.0010197790106758475 -0.0041021788492798805 0.9999910593032837 85.63847351074219
0.9999300837516785 0.011822579428553581 7.660836854483932e-05 -0.44120022654533386 -0.01182281319051981 0.9999181032180786 0.004905015230178833 -1.3084884881973267 -1.861215969256591e-05 -0.004905578214675188 0.9999879598617554 87.0027847290039
0.9999512434005737 0.009838273748755455 -0.0008314332808367908 -0.4582015872001648 -0.009833325631916523 0.9999350309371948 0.005762356333434582 -1.3234708309173584 0.0008880708483047783 -0.005753899924457073 0.9999831318855286 88.42796325683594
0.9999670386314392 0.007816140539944172 -0.0022096086759120226 -0.4543786644935608 -0.0078016286715865135 0.9999483823776245 0.006502234842628241 -1.3532943725585938 0.0022603170946240425 -0.006484780926257372 0.999976396560669 89.75816345214844
0.9999831914901733 0.004895278252661228 -0.0030915425159037113 -0.4614764451980591 -0.0048747132532298565 0.9999661445617676 0.006625108886510134 -1.372257947921753 0.003123869188129902 -0.006609926465898752 0.9999732375144958 91.1155014038086
0.9999855756759644 0.003941165283322334 -0.003656181739643216 -0.4660482406616211 -0.003918228205293417 0.9999727010726929 0.006259693298488855 -1.3973970413208008 0.0036807525902986526 -0.00624527782201767 0.9999736547470093 92.49677276611328
0.9999872446060181 0.003199394792318344 -0.003926570061594248 -0.47885382175445557 -0.003176702419295907 0.9999783635139465 0.005771883763372898 -1.4108428955078125 0.003944950643926859 -0.0057593355886638165 0.9999756217002869 93.83891296386719
0.9999862313270569 0.003398878499865532 -0.004001613240689039 -0.49255430698394775 -0.003377957036718726 0.9999805688858032 0.00522341625764966 -1.431220293045044 0.004019288811832666 -0.005209826864302158 0.9999783635139465 95.19976043701172
0.9999883770942688 0.0032757925800979137 -0.003537379438057542 -0.5148352980613708 -0.0032586741726845503 0.999983012676239 0.004834306426346302 -1.4499621391296387 0.0035531551111489534 -0.004822723101824522 0.9999820590019226 96.5549545288086
0.9999857544898987 0.0040749176405370235 -0.0034372846130281687 -0.5263278484344482 -0.0040616197511553764 0.9999842643737793 0.0038664897438138723 -1.467284917831421 0.0034529860131442547 -0.003852474270388484 0.9999865889549255 97.90110778808594
0.9999805092811584 0.005539577919989824 -0.0028774135280400515 -0.5516191124916077 -0.0055275242775678635 0.999975860118866 0.004180308897048235 -1.4843339920043945 0.0029005017131567 -0.004164321813732386 0.9999870657920837 99.24742126464844
0.999979555606842 0.005712175741791725 -0.00287590897642076 -0.5496104955673218 -0.005695378873497248 0.9999668598175049 0.005815236363559961 -1.5096867084503174 0.0029090309981256723 -0.005798737518489361 0.9999789595603943 100.57817077636719
0.9999745488166809 0.006496309768408537 -0.0029573431238532066 -0.570030152797699 -0.006475536618381739 0.9999546408653259 0.006980604492127895 -1.5229878425598145 0.0030025572050362825 -0.006961275823414326 0.9999712705612183 101.90680694580078
0.9999773502349854 0.006206822581589222 -0.0026130275800824165 -0.5704970955848694 -0.006192210130393505 0.9999653697013855 0.005563569720834494 -1.5475026369094849 0.002647468587383628 -0.005547263193875551 0.9999811053276062 103.2777328491211
0.9999780058860779 0.006220114417374134 -0.0023067642468959093 -0.5885363817214966 -0.006212350446730852 0.9999750852584839 0.0033577214926481247 -1.5630214214324951 0.002327591646462679 -0.003343316726386547 0.9999916553497314 104.6022720336914
0.999980628490448 0.0055868844501674175 -0.002719675190746784 -0.593139111995697 -0.005581208970397711 0.9999823570251465 0.0020896007772535086 -1.585517168045044 0.0027313008904457092 -0.0020743815694004297 0.9999940991401672 105.93463134765625
0.9999920725822449 0.003029434010386467 -0.002586166840046644 -0.6019071936607361 -0.003020753851160407 0.9999898672103882 0.003353589214384556 -1.603845238685608 0.0025962998624891043 -0.0033457502722740173 0.9999910593032837 107.2667465209961
0.9999974370002747 0.00153287872672081 -0.0016540639335289598 -0.619303822517395 -0.001524345832876861 0.9999855160713196 0.005147963762283325 -1.6180686950683594 0.0016619315138086677 -0.0051454296335577965 0.99998539686203 108.60113525390625
0.9999995231628418 -0.00017707786173559725 -0.0008941685082390904 -0.6244154572486877 0.00018219037156086415 0.9999836087226868 0.005720839835703373 -1.6382337808609009 0.0008931407355703413 -0.005721000488847494 0.9999833106994629 109.94019317626953
0.9999998211860657 -0.0005933218635618687 -1.2650380995182786e-05 -0.6345952153205872 0.0005933692445978522 0.999991238117218 0.00414814380928874 -1.6510610580444336 1.0189084605372045e-05 -0.00414815079420805 0.9999914169311523 111.28230285644531
0.9999986290931702 0.0014638861175626516 0.0007421813788823783 -0.6460237503051758 -0.001465496839955449 0.999996542930603 0.0021741881500929594 -1.6710906028747559 -0.0007389960810542107 -0.00217527337372303 0.9999974370002747 112.60820007324219
0.9999919533729553 0.0035072150640189648 0.0019541983492672443 -0.6558711528778076 -0.0035068120341748 0.9999938011169434 -0.00020934693748131394 -1.691720962524414 -0.001954920357093215 0.0002024922432610765 0.9999980926513672 113.93663024902344
0.9999749660491943 0.0063127512112259865 0.0032158857211470604 -0.6613227128982544 -0.006312304642051458 0.9999800324440002 -0.00014871629537083209 -1.7127478122711182 -0.003216759767383337 0.0001284128666156903 0.9999948740005493 115.25717163085938
0.9999586343765259 0.007651002611964941 0.00492196436971426 -0.6669083833694458 -0.007660292088985443 0.9999688267707825 0.0018711686134338379 -1.7367416620254517 -0.004907494876533747 -0.0019087946275249124 0.9999860525131226 116.59756469726562
0.999950647354126 0.007830030284821987 0.0061081331223249435 -0.6654874086380005 -0.007854917086660862 0.9999608397483826 0.004060800187289715 -1.7538740634918213 -0.006076098419725895 -0.004108578432351351 0.9999730587005615 117.92644500732422
0.9999508261680603 0.00721349474042654 0.006803130730986595 -0.6669117212295532 -0.007245953194797039 0.9999624490737915 0.0047585549764335155 -1.7761157751083374 -0.0067685493268072605 -0.00480761518701911 0.9999655485153198 119.26041412353516
0.9999419450759888 0.007744150701910257 0.007485299836844206 -0.6552789807319641 -0.007774652447551489 0.9999616146087646 0.004054407589137554 -1.791475772857666 -0.007453612983226776 -0.004112367983907461 0.9999637603759766 120.6127700805664
0.9999141097068787 0.009420656599104404 0.009109258651733398 -0.6605877876281738 -0.009455804713070393 0.9999479651451111 0.0038232195656746626 -1.812178134918213 -0.009072770364582539 -0.003909026738256216 0.9999511241912842 121.93065643310547
0.9998831748962402 0.011194035410881042 0.010407335124909878 -0.6561558246612549 -0.011229436844587326 0.999931275844574 0.0033495358657091856 -1.8237543106079102 -0.010369126684963703 -0.003466013353317976 0.9999401569366455 123.27722930908203
0.999860405921936 0.01212488766759634 0.011492093093693256 -0.6530942916870117 -0.01215300615876913 0.9999232888221741 0.0023801338393241167 -1.847609519958496 -0.011462351307272911 -0.002519464585930109 0.9999311566352844 124.60098266601562
0.9998295307159424 0.013512583449482918 0.012586225755512714 -0.6480709314346313 -0.01352712418884039 0.9999079704284668 0.0010708096669986844 -1.858993411064148 -0.012570597231388092 -0.0012408822076395154 0.9999201893806458 125.95497131347656
0.9998313188552856 0.012397455051541328 0.013553420081734657 -0.639106035232544 -0.012415693141520023 0.9999220371246338 0.0012622610665857792 -1.8830190896987915 -0.013536719605326653 -0.001430323114618659 0.999907374382019 127.2928237915039
0.999819815158844 0.012090310454368591 0.014637711457908154 -0.6305538415908813 -0.012125619687139988 0.9999237060546875 0.002325948793441057 -1.900734543800354 -0.01460847444832325 -0.002503020688891411 0.9998902082443237 128.64263916015625
0.9998310208320618 0.010342953726649284 0.015205862931907177 -0.614837646484375 -0.010394610464572906 0.9999404549598694 0.003322017379105091 -1.9233593940734863 -0.015170597471296787 -0.0034795147366821766 0.9998788833618164 129.99317932128906
0.9998288154602051 0.009684072807431221 0.015772072598338127 -0.6011276245117188 -0.009744908660650253 0.999945342540741 0.0037849051877856255 -1.9411664009094238 -0.015734558925032616 -0.003937954548746347 0.9998685121536255 131.33995056152344
0.99984210729599 0.00782649777829647 0.015955084934830666 -0.5905919075012207 -0.007885050028562546 0.9999624490737915 0.003610324114561081 -1.954196810722351 -0.01592622697353363 -0.003735561389476061 0.999866247177124 132.69390869140625
0.999858558177948 0.006351424381136894 0.015574333257973194 -0.5781867504119873 -0.006419070530682802 0.9999700784683228 0.004297297447919846 -1.9767574071884155 -0.015546576119959354 -0.004396660719066858 0.9998694658279419 134.034912109375
0.9998756051063538 0.004870465956628323 0.015003837645053864 -0.5666999816894531 -0.0049307155422866344 0.9999798536300659 0.003981282468885183 -1.9927833080291748 -0.014984146691858768 -0.004054766148328781 0.9998794794082642 135.385498046875
0.9998978972434998 0.003710072487592697 0.013798086903989315 -0.553230881690979 -0.003760639810934663 0.9999862313270569 0.003640680806711316 -2.0084075927734375 -0.013784388080239296 -0.003692199010401964 0.9998981952667236 136.71844482421875
0.9999179244041443 0.0024659489281475544 0.012571210041642189 -0.5403275489807129 -0.0025217016227543354 0.9999870657920837 0.004421015735715628 -2.023730993270874 -0.012560144998133183 -0.004452354274690151 0.9999112486839294 138.0724639892578
0.9999338984489441 0.00045983243035152555 0.011488835327327251 -0.5252043008804321 -0.0005162160377949476 0.9999879598617554 0.004905210342258215 -2.047241687774658 -0.01148643996566534 -0.004910816438496113 0.999921977519989 139.42147827148438
0.9999465942382812 0.00033095444086939096 0.010324736125767231 -0.5178854465484619 -0.00037929374957457185 0.9999889731407166 0.004680280573666096 -2.0602200031280518 -0.010323073714971542 -0.0046839467249810696 0.9999357461929321 140.76046752929688
0.999957263469696 -0.0003186358662787825 0.00923360139131546 -0.514278769493103 0.0002782133815344423 0.9999904036521912 0.0043787178583443165 -2.0838005542755127 -0.009234908036887646 -0.004375962074846029 0.9999477863311768 142.1025390625
0.999967098236084 -0.0002823605900630355 0.008106251247227192 -0.5130867958068848 0.00025187680148519576 0.999992847442627 0.0037613098975270987 -2.099609136581421 -0.008107254281640053 -0.003759144339710474 0.9999600648880005 143.43521118164062
0.9999694228172302 -0.002832529367879033 0.007290953770279884 -0.5060582160949707 0.002820694586262107 0.999994695186615 0.0016330659855157137 -2.122814655303955 -0.007295540999621153 -0.001612450578249991 0.9999720454216003 144.7762908935547
0.999946117401123 -0.00832234788686037 0.006214397959411144 -0.4913874864578247 0.008316397666931152 0.9999649524688721 0.0009827637113630772 -2.140728235244751 -0.006222359370440245 -0.0009310293244197965 0.9999802112579346 146.1487579345703
0.99986732006073 -0.015291238203644753 0.005613803397864103 -0.49194079637527466 0.015271209180355072 0.9998769760131836 0.003593364730477333 -2.166905164718628 -0.00566805899143219 -0.0035071582533419132 0.9999777674674988 147.47418212890625
0.9997351765632629 -0.02270202338695526 0.0037515785079449415 -0.4796180725097656 0.02268233709037304 0.9997291564941406 0.005209797993302345 -2.1821508407592773 -0.0038688352797180414 -0.0051233237609267235 0.9999793171882629 148.82196044921875
0.9996452927589417 -0.026508046314120293 0.002571800723671913 -0.46192243695259094 0.02650381624698639 0.9996473789215088 0.0016645214054733515 -2.1964378356933594 -0.0026150173507630825 -0.001595768379047513 0.9999952912330627 150.17893981933594
0.9996699690818787 -0.025489475578069687 0.0032071610912680626 -0.46923866868019104 0.025493618100881577 0.9996741414070129 -0.001258004573173821 -2.225619077682495 -0.0031740504782646894 0.0013393517583608627 0.9999939799308777 151.51559448242188
0.9997507333755493 -0.02197190187871456 0.003959753550589085 -0.4797670841217041 0.021984737366437912 0.9997530579566956 -0.0032272329553961754 -2.2534780502319336 -0.003887868020683527 0.0033134822733700275 0.9999868869781494 152.8392333984375
0.9997425079345703 -0.022070588544011116 0.005277622025460005 -0.48961377143859863 0.022087102755904198 0.9997512698173523 -0.0030915006063878536 -2.282477617263794 -0.0052080778405070305 0.003207271918654442 0.9999812841415405 154.17312622070312
0.9996663331985474 -0.025101713836193085 0.0060873678885400295 -0.4921148419380188 0.02509923465549946 0.999684751033783 0.0004829629324376583 -2.308229446411133 -0.006097572389990091 -0.0003300136886537075 0.9999813437461853 155.5160675048828
0.9994984865188599 -0.031012820079922676 0.00639839144423604 -0.4738529920578003 0.03099238872528076 0.9995142817497253 0.0032687366474419832 -2.3318283557891846 -0.0064966571517288685 -0.003068795893341303 0.9999741911888123 156.8634490966797
0.9993791580200195 -0.034706961363554 0.00604666443541646 -0.46106022596359253 0.0346793532371521 0.9993879199028015 0.0046120029874145985 -2.3478167057037354 -0.006203031167387962 -0.004399444907903671 0.9999710917472839 158.20254516601562
0.9993310570716858 -0.03601408004760742 0.006359113845974207 -0.45240819454193115 0.03598597273230553 0.9993422627449036 0.0044801607728004456 -2.3673646450042725 -0.006516279187053442 -0.004248324781656265 0.9999697208404541 159.5573272705078
0.9993884563446045 -0.034206125885248184 0.007258926052600145 -0.45065343379974365 0.034168045967817307 0.9994019865989685 0.005306484643369913 -2.3842029571533203 -0.00743609806522727 -0.0050552161410450935 0.9999595880508423 160.8993377685547
0.999513566493988 -0.030101042240858078 0.008159155026078224 -0.4423724412918091 0.030066264793276787 0.9995384812355042 0.00435203080996871 -2.4012374877929688 -0.008286390453577042 -0.004104598890990019 0.999957263469696 162.2616729736328
0.9995969533920288 -0.026634978130459785 0.009826484136283398 -0.46102726459503174 0.026612695306539536 0.9996429681777954 0.0023911031894385815 -2.4223010540008545 -0.009886662475764751 -0.0021286301780492067 0.9999488592147827 163.5686798095703
0.9996622204780579 -0.02370876632630825 0.010654378682374954 -0.4534738063812256 0.023691164329648018 0.9997177124023438 0.0017753627616912127 -2.4408884048461914 -0.010693464428186417 -0.001522348029538989 0.9999416470527649 164.9196319580078
0.9997023940086365 -0.021725818514823914 0.011094300076365471 -0.45420682430267334 0.021693821996450424 0.9997602701187134 0.0029961306136101484 -2.4607748985290527 -0.011156734079122543 -0.0027545613702386618 0.9999338984489441 166.2740478515625
0.9997522234916687 -0.019826123490929604 0.01012042909860611 -0.432603120803833 0.019801514223217964 0.9998008608818054 0.0025255547370761633 -2.4832046031951904 -0.010168484412133694 -0.0023245292250066996 0.9999455809593201 167.64039611816406
0.9997958540916443 -0.017325639724731445 0.010398403741419315 -0.43398261070251465 0.017326967790722847 0.999849796295166 -3.783164356718771e-05 -2.497445583343506 -0.010396189987659454 0.0002179967559641227 0.999945878982544 168.99864196777344
0.9998572468757629 -0.013692869804799557 0.009902025572955608 -0.43104088306427 0.013721410185098648 0.9999018311500549 -0.002820434747263789 -2.5180234909057617 -0.009862435050308704 0.002955902134999633 0.9999469518661499 170.34498596191406
0.9999147057533264 -0.008345461450517178 0.010045074857771397 -0.43366575241088867 0.008385229855775833 0.9999570846557617 -0.00392336817458272 -2.5487585067749023 -0.010011902078986168 0.004007263109087944 0.9999418258666992 171.7164764404297
0.9999385476112366 -0.0038700031582266092 0.010383651591837406 -0.43436169624328613 0.003898672992363572 0.9999886155128479 -0.00274227699264884 -2.5735559463500977 -0.010372919961810112 0.002782591385766864 0.9999423027038574 173.08673095703125
0.9999393820762634 -0.0007200316758826375 0.010979639366269112 -0.43519437313079834 0.000729694205801934 0.9999993443489075 -0.0008760780328884721 -2.5991053581237793 -0.01097900327295065 0.0008840368827804923 0.9999392628669739 174.45205688476562
0.9999397993087769 0.0002996695111505687 0.010968897491693497 -0.4285597801208496 -0.0003138562897220254 0.9999990463256836 0.0012916616396978498 -2.6210954189300537 -0.01096850074827671 -0.0012950263917446136 0.9999390244483948 175.83358764648438
0.9999469518661499 -0.0030816972721368074 0.00983431376516819 -0.41625118255615234 0.00305777695029974 0.9999923706054688 0.0024464265443384647 -2.6431541442871094 -0.009841776452958584 -0.002416225615888834 0.9999486804008484 177.21339416503906
0.9999513030052185 -0.0051827989518642426 0.008395942859351635 -0.40390264987945557 0.0051635559648275375 0.9999841451644897 0.0023117936216294765 -2.6592020988464355 -0.008407792076468468 -0.0022683285642415285 0.9999620914459229 178.6113739013672
0.9999643564224243 -0.005260924343019724 0.006598486099392176 -0.40124690532684326 0.005274970084428787 0.9999838471412659 -0.002113181399181485 -2.6796839237213135 -0.006587263196706772 0.002147912746295333 0.9999760389328003 180.01068115234375
0.9999786019325256 -0.004497034475207329 0.0047525325790047646 -0.3931806683540344 0.004524520132690668 0.999972939491272 -0.005788429174572229 -2.7123825550079346 -0.004726373590528965 0.005809807684272528 0.9999719262123108 181.406005859375
0.9999911785125732 0.000517999054864049 0.004155410453677177 -0.40297967195510864 -0.0004912707954645157 0.9999791979789734 -0.0064306119456887245 -2.7393698692321777 -0.004158655647188425 0.006428515072911978 0.9999706745147705 182.80873107910156
0.999983012676239 0.00416976772248745 0.004069348331540823 -0.4091968536376953 -0.004146579187363386 0.999975323677063 -0.005690207704901695 -2.768105983734131 -0.0040929741226136684 0.005673238541930914 0.9999754428863525 184.2032470703125
0.9999714493751526 0.0059767528437078 0.004619713872671127 -0.4200522303581238 -0.005966997239738703 0.9999799728393555 -0.0021226222161203623 -2.7978270053863525 -0.0046323081478476524 0.0020949961617588997 0.999987006187439 185.5931854248047
0.9999657273292542 0.00666032312437892 0.004917765501886606 -0.4219381809234619 -0.006660540588200092 0.9999778270721436 2.7790782041847706e-05 -2.820819616317749 -0.004917472135275602 -6.0544811276486143e-05 0.9999879002571106 186.9925994873047
0.999968945980072 0.005973248742520809 0.005144540220499039 -0.42231661081314087 -0.005977816414088011 0.9999817609786987 0.0008728309185244143 -2.8352489471435547 -0.005139232613146305 -0.0009035568800754845 0.9999864101409912 188.4163818359375
0.9999774694442749 0.004447606857866049 0.005026592407375574 -0.41794127225875854 -0.004454479087144136 0.9999891519546509 0.0013568365247920156 -2.85762882232666 -0.005020503420382738 -0.0013791965320706367 0.999986469745636 189.84732055664062
0.9999850392341614 0.0012416261015459895 0.005309215746819973 -0.4196969270706177 -0.0012532391119748354 0.9999967813491821 0.00218475260771811 -2.884049892425537 -0.005306486506015062 -0.002191373845562339 0.9999834895133972 191.27890014648438
0.9999858736991882 -0.0013773342361673713 0.005128588527441025 -0.3990876078605652 0.0013671857304871082 0.999997079372406 0.0019817990250885487 -2.9000988006591797 -0.005131303332746029 -0.001974759390577674 0.999984860420227 192.71432495117188
0.9999725222587585 -0.004732629284262657 0.005697661079466343 -0.4014962911605835 0.004713163711130619 0.999983012676239 0.003425043076276779 -2.9237213134765625 -0.005713772960007191 -0.0033980950247496367 0.9999778866767883 194.1390380859375
0.9999396800994873 -0.009164437651634216 0.006054752506315708 -0.38954269886016846 0.009135812520980835 0.9999470114707947 0.00473890732973814 -2.9394731521606445 -0.006097861565649509 -0.0046833050437271595 0.9999703764915466 195.59384155273438
0.9999111890792847 -0.011687367223203182 0.006407871842384338 -0.37995660305023193 0.011657636612653732 0.9999212026596069 0.004657496698200703 -2.95615553855896 -0.006461800541728735 -0.004582381807267666 0.9999686479568481 197.0365447998047
0.999930202960968 -0.009717865847051144 0.006722693797200918 -0.3800889253616333 0.009715383872389793 0.9999527335166931 0.0004017457249574363 -2.9811904430389404 -0.006726279854774475 -0.0003364041040185839 0.9999773502349854 198.47311401367188
0.9999716877937317 -0.002486045239493251 0.00709712877869606 -0.38538217544555664 0.0025193674955517054 0.9999858140945435 -0.004690137691795826 -3.0012519359588623 -0.007085368502885103 0.004707885906100273 0.9999637603759766 199.89797973632812
0.9999412298202515 0.006717897951602936 0.008507337421178818 -0.39691126346588135 -0.006677162833511829 0.9999661445617676 -0.004807584453374147 -3.0278172492980957 -0.008539346046745777 0.004750498104840517 0.9999522566795349 201.34487915039062
0.9998498558998108 0.014607013203203678 0.009323593229055405 -0.4006161689758301 -0.014595829881727695 0.9998927116394043 -0.0012664585374295712 -3.0497641563415527 -0.009341091848909855 0.0011301827616989613 0.9999557137489319 202.79173278808594
0.999834418296814 0.014900252223014832 0.010447460226714611 -0.4016144275665283 -0.014914736151695251 0.9998878836631775 0.001309828134253621 -3.0803987979888916 -0.010426770895719528 -0.0014654321130365133 0.9999445676803589 204.22474670410156
0.9998661875724792 0.01310297567397356 0.009791046380996704 -0.3952951431274414 -0.013119951821863651 0.9999125003814697 0.0016717547550797462 -3.098458766937256 -0.009768283925950527 -0.0017999892588704824 0.999950647354126 205.6576690673828
0.999913215637207 0.009856998920440674 0.0087368693202734 -0.3797473907470703 -0.009870318695902824 0.999950110912323 0.0014827377162873745 -3.11598801612854 -0.008721820078790188 -0.001568844891153276 0.999960720539093 207.12429809570312
0.9999334812164307 0.00805901549756527 0.00824766792356968 -0.3818798065185547 -0.008066640235483646 0.9999670386314392 0.0008917648228816688 -3.1349129676818848 -0.008240208961069584 -0.0009582365746609867 0.9999655485153198 208.57676696777344
0.9999369978904724 0.0085488585755229 0.007283033337444067 -0.35952794551849365 -0.008550908416509628 0.9999634027481079 0.00025051727425307035 -3.156092882156372 -0.007280625402927399 -0.0003127780510112643 0.999973475933075 210.0807342529297
0.999919593334198 0.010301073081791401 0.007395117077976465 -0.3677253723144531 -0.010305536910891533 0.9999467134475708 0.0005657243309542537 -3.181032180786133 -0.007388893980532885 -0.0006418892880901694 0.9999725222587585 211.51919555664062
0.9999182820320129 0.010873871855437756 0.006716415286064148 -0.3593560457229614 -0.010881999507546425 0.9999399781227112 0.001174609991721809 -3.2037086486816406 -0.006703239865601063 -0.0012476020492613316 0.9999767541885376 212.9770965576172
0.9999164938926697 0.010859576985239983 0.00700392946600914 -0.36310911178588867 -0.010866775177419186 0.9999403953552246 0.0009903735481202602 -3.2264063358306885 -0.006992756389081478 -0.0010664009023457766 0.9999749660491943 214.4507293701172
0.9999246597290039 0.010283639654517174 0.006699972320348024 -0.3616209030151367 -0.01028344128280878 0.9999471306800842 -6.382924038916826e-05 -3.254391670227051 -0.0067002736032009125 -5.074311047792435e-06 0.9999775290489197 215.9221954345703
0.9999331831932068 0.009685559198260307 0.006305083632469177 -0.35442984104156494 -0.00968245230615139 0.9999529719352722 -0.0005233331467024982 -3.267881155014038 -0.006309856195002794 0.00046224953257478774 0.9999799728393555 217.39683532714844
0.9999307990074158 0.010085027664899826 0.006052877753973007 -0.3557777404785156 -0.010080898180603981 0.9999488592147827 -0.000712487380951643 -3.2908246517181396 -0.006059754174202681 0.0006514196866191924 0.9999814033508301 218.87245178222656
0.9999287724494934 0.010366573929786682 0.005909803323447704 -0.3568803071975708 -0.010361057706177235 0.999945878982544 -0.0009628559346310794 -3.313119411468506 -0.005919464863836765 0.0009015555260702968 0.9999820590019226 220.35472106933594
0.9999316334724426 0.010287375189363956 0.005553671158850193 -0.3534224033355713 -0.010281430557370186 0.9999465942382812 -0.0010978810023516417 -3.339250087738037 -0.00556466868147254 0.0010407062945887446 0.9999839663505554 221.85006713867188
0.9999262094497681 0.011028707958757877 0.0050886995159089565 -0.3520174026489258 -0.011023513972759247 0.9999386668205261 -0.0010477002942934632 -3.3717191219329834 -0.005099942907691002 0.0009915278060361743 0.999986469745636 223.314697265625
0.9999260902404785 0.011106080375611782 0.004951012320816517 -0.35738277435302734 -0.011100610718131065 0.9999377727508545 -0.001130902674049139 -3.3960318565368652 -0.004963264800608158 0.0010758597636595368 0.9999870657920837 224.7943878173828
0.9999226331710815 0.011573027819395065 0.004562556743621826 -0.3548107147216797 -0.011567294597625732 0.9999322295188904 -0.001281460514292121 -3.418400764465332 -0.004577078856527805 0.001228584791533649 0.9999887943267822 226.3017120361328
0.999934732913971 0.01046699658036232 0.00457634124904871 -0.3576021194458008 -0.010460211895406246 0.9999441504478455 -0.0015038847923278809 -3.4405980110168457 -0.004591827746480703 0.0014559171395376325 0.9999884366989136 227.7978515625
0.9999451041221619 0.009453839622437954 0.004518596455454826 -0.3552168607711792 -0.009446748532354832 0.999954104423523 -0.0015881942817941308 -3.470764636993408 -0.0045334030874073505 0.0015454210806638002 0.9999885559082031 229.29444885253906
0.9999549984931946 0.008230192586779594 0.0047167218290269375 -0.3592081069946289 -0.008225060999393463 0.9999655485153198 -0.0011062631383538246 -3.5001232624053955 -0.004725663457065821 0.0010674179065972567 0.9999882578849792 230.79067993164062
0.999963641166687 0.007004504557698965 0.004862809553742409 -0.35352444648742676 -0.007002541795372963 0.9999753832817078 -0.00042072052019648254 -3.5239062309265137 -0.004865637514740229 0.0003866532351821661 0.9999880194664001 232.298583984375
0.9999637603759766 0.007047983817756176 0.0047668153420090675 -0.35372424125671387 -0.00704611511901021 0.9999750852584839 -0.00040853177779354155 -3.545602798461914 -0.0047695753164589405 0.0003749294555746019 0.9999885559082031 233.8018798828125
0.99996018409729 0.007399723865091801 0.004987079184502363 -0.35783839225769043 -0.007397070061415434 0.999972403049469 -0.0005502915009856224 -3.580404758453369 -0.004991013091057539 0.0005133797531016171 0.9999874234199524 235.31919860839844
0.9999523758888245 0.008209128864109516 0.0052976966835558414 -0.35749876499176025 -0.008203578181564808 0.9999657273292542 -0.001069089979864657 -3.6076838970184326 -0.00530629139393568 0.0010255789384245872 0.99998539686203 236.8253936767578
0.9999381303787231 0.009569620713591576 0.005667963530868292 -0.3584401607513428 -0.00956795085221529 0.9999541640281677 -0.0003216558834537864 -3.634026050567627 -0.005670782178640366 0.0002674051793292165 0.9999838471412659 238.33045959472656
0.9999257326126099 0.010094597004354 0.006824844051152468 -0.3672748804092407 -0.010105663910508156 0.9999476671218872 0.001588940853253007 -3.6579577922821045 -0.006808449048548937 -0.0016577922506257892 0.9999754428863525 239.85531616210938
0.9999204277992249 0.01010070275515318 0.007563130930066109 -0.3676830530166626 -0.01011432334780693 0.9999473094940186 0.001764754531905055 -3.678344249725342 -0.007544907741248608 -0.0018411099445074797 0.9999698400497437 241.36509704589844
0.9999141693115234 0.010421901941299438 0.007928687147796154 -0.35859906673431396 -0.010426073335111141 0.9999454617500305 0.0004851194971706718 -3.7041776180267334 -0.00792319979518652 -0.0005677428562194109 0.999968409538269 242.87518310546875
0.9999027252197266 0.010981361381709576 0.008591529913246632 -0.3513681888580322 -0.010971450246870518 0.9999390244483948 -0.0011998927220702171 -3.7237589359283447 -0.008604183793067932 0.0011055145878344774 0.9999623894691467 244.3917236328125
0.9999067187309265 0.01056770421564579 0.008645517751574516 -0.34679651260375977 -0.010566378943622112 0.9999441504478455 -0.00019883562345057726 -3.7556874752044678 -0.008647135458886623 0.00010746523184934631 0.9999626278877258 245.91513061523438
0.9999151229858398 0.010084605775773525 0.008243123069405556 -0.3345491886138916 -0.010093233548104763 0.9999485611915588 0.0010058189509436488 -3.783548355102539 -0.008232555352151394 -0.0010889334371313453 0.9999655485153198 247.4513397216797
0.9999057054519653 0.0108898114413023 0.008365358226001263 -0.33644843101501465 -0.010900257155299187 0.9999398589134216 0.0012039239518344402 -3.80509877204895 -0.008351746015250683 -0.0012949949596077204 0.9999643564224243 248.9725341796875
0.9999127388000488 0.010637686587870121 0.007851428352296352 -0.3313477039337158 -0.01065086293965578 0.999941885471344 0.001638112124055624 -3.837388277053833 -0.00783354602754116 -0.0017215933185070753 0.9999678134918213 250.51531982421875
0.9998942017555237 0.012031576596200466 0.008180489763617516 -0.32676076889038086 -0.012046252377331257 0.999925971031189 0.0017471624305471778 -3.8569440841674805 -0.008158862590789795 -0.0018455216195434332 0.9999650120735168 252.0598602294922
0.9998706579208374 0.013621901161968708 0.008549625985324383 -0.33472156524658203 -0.013638283126056194 0.9999052286148071 0.0018606687663123012 -3.8843231201171875 -0.008523470722138882 -0.00197703018784523 0.9999616742134094 253.58212280273438
0.9998612999916077 0.014019482769072056 0.008987324312329292 -0.3355875015258789 -0.01404142752289772 0.9998985528945923 0.0023833534214645624 -3.9094245433807373 -0.008952997624874115 -0.0025092177093029022 0.9999567866325378 255.113525390625
0.9998845458030701 0.012470043264329433 0.008676651865243912 -0.3300182819366455 -0.01249232329428196 0.9999189376831055 0.0025184934493154287 -3.9332823753356934 -0.008644542656838894 -0.0026265946216881275 0.9999591708183289 256.67529296875
0.9999056458473206 0.01082055363804102 0.008466172963380814 -0.317537784576416 -0.010848179459571838 0.9999359250068665 0.0032238210551440716 -3.9538464546203613 -0.008430748246610165 -0.0033153598196804523 0.9999589920043945 258.2003479003906
0.9999266266822815 0.008455620147287846 0.008670206181704998 -0.31533288955688477 -0.00848804134875536 0.9999571442604065 0.003709518350660801 -3.969027042388916 -0.008638468571007252 -0.0037828399799764156 0.9999555349349976 259.7222900390625
0.9999364018440247 0.00728113017976284 0.008607558906078339 -0.3142096996307373 -0.007304019294679165 0.9999698400497437 0.0026308009400963783 -3.983726978302002 -0.008588144555687904 -0.0026935036294162273 0.9999594688415527 261.2730407714844
0.9999459981918335 0.006133839022368193 0.008375007659196854 -0.3113985061645508 -0.00614577904343605 0.999980092048645 0.0014007255667820573 -4.002747535705566 -0.008366248570382595 -0.0014521211851388216 0.9999639391899109 262.8247985839844
0.9999525547027588 0.00433904305100441 0.008720018900930882 -0.29451608657836914 -0.004368806257843971 0.9999848008155823 0.003397217718884349 -4.027449131011963 -0.008705143816769123 -0.003435153281316161 0.9999561309814453 264.3852233886719
0.9999550580978394 0.002232417231425643 0.009214986115694046 -0.29042673110961914 -0.0022775037214159966 0.9999854564666748 0.00488514406606555 -4.04495096206665 -0.009203946217894554 -0.0049059116281569 0.9999455809593201 265.9292907714844
0.9999589323997498 0.0012664210516959429 0.008971277624368668 -0.2726891040802002 -0.001303943106904626 0.9999904036521912 0.0041778432205319405 -4.063570499420166 -0.008965901099145412 -0.004189368803054094 0.9999510049819946 267.51739501953125
0.999955415725708 0.0008541295537725091 0.00940580852329731 -0.2613067626953125 -0.0008794781751930714 0.9999959468841553 0.002691169735044241 -4.076566219329834 -0.009403472766280174 -0.002699321834370494 0.9999521374702454 269.0679626464844
0.9999499320983887 0.0015289941802620888 0.009889372624456882 -0.24575400352478027 -0.0015573084820061922 0.9999948143959045 0.0028560359496623278 -4.105492115020752 -0.009884955361485481 -0.002871294040232897 0.9999470114707947 270.62164306640625
0.9999344944953918 0.0030259788036346436 0.011029953137040138 -0.24468517303466797 -0.0030627103988081217 0.9999898672103882 0.0033147898502647877 -4.134381294250488 -0.011019809171557426 -0.0033483547158539295 0.999933660030365 272.15228271484375
0.9999179244041443 0.004956165794283152 0.011813282035291195 -0.23713421821594238 -0.004986675456166267 0.9999843239784241 0.002554575214162469 -4.150872707366943 -0.0118004335090518 -0.002613274147734046 0.9999269843101501 273.6893005371094
0.9999001622200012 0.0060683926567435265 0.012760764919221401 -0.22554755210876465 -0.006100201979279518 0.9999784231185913 0.0024553334806114435 -4.176301002502441 -0.012745589017868042 -0.002532931510359049 0.9999155402183533 275.2484436035156
0.9998837113380432 0.007041651289910078 0.013526314869523048 -0.20406174659729004 -0.007069815415889025 0.9999728798866272 0.0020354767329990864 -4.196903705596924 -0.013511615805327892 -0.0021308683790266514 0.9999064207077026 276.78509521484375
0.9998683333396912 0.007807093672454357 0.014223809354007244 -0.19515085220336914 -0.00782508309930563 0.9999686479568481 0.0012095746351405978 -4.221070766448975 -0.014213921502232552 -0.0013207180891186 0.9998980164527893 278.3286437988281
0.9998614192008972 0.006718586198985577 0.015228111296892166 -0.17951107025146484 -0.006732641253620386 0.9999769926071167 0.0008719421457499266 -4.244377613067627 -0.015221902169287205 -0.0009743470000103116 0.9998835921287537 279.8870544433594
0.9998565316200256 0.006329931318759918 0.015706071630120277 -0.1429905891418457 -0.0063531422056257725 0.99997878074646 0.00142834079451859 -4.275722980499268 -0.01569669507443905 -0.0015279189683496952 0.9998756051063538 281.43731689453125
0.9998534917831421 0.005097511690109968 0.016340868547558784 -0.12318038940429688 -0.005137328524142504 0.9999839067459106 0.0023956059012562037 -4.2980828285217285 -0.016328394412994385 -0.0024792030453681946 0.9998636245727539 283.00970458984375
0.9998542666435242 0.00408961484208703 0.01657547615468502 -0.10599708557128906 -0.00413057766854763 0.9999884963035583 0.0024378858506679535 -4.318406105041504 -0.016565315425395966 -0.0025059974286705256 0.999859631061554 284.5745544433594
0.9998611807823181 0.003838668577373028 0.016207341104745865 -0.07894468307495117 -0.003842070233076811 0.9999926090240479 0.00017884027329273522 -4.347209453582764 -0.016206538304686546 -0.0002410852612229064 0.9998685717582703 286.1394348144531
0.9998717904090881 0.0022060927003622055 0.015856049954891205 -0.05694580078125 -0.002178878290578723 0.9999961256980896 -0.0017333999276161194 -4.37664270401001 -0.0158598143607378 0.0016986294649541378 0.9998727440834045 287.6996154785156
0.9998773336410522 0.002053295960649848 0.015523804351687431 -0.04405355453491211 -0.0020234528928995132 0.9999960064888 -0.0019378578290343285 -4.402833461761475 -0.015527721494436264 0.001906208461150527 0.9998776316642761 289.2693786621094
0.9998940229415894 0.0009648450650274754 0.014523589983582497 -0.027616024017333984 -0.000937111908569932 0.9999977350234985 -0.0019162165699526668 -4.428808212280273 -0.014525405131280422 0.0019024028442800045 0.9998927116394043 290.8299865722656
0.999907374382019 0.0008205586927942932 0.013585740700364113 -0.019112110137939453 -0.0007865654188208282 0.999996542930603 -0.0025072733405977488 -4.45542573928833 -0.013587749563157558 0.002496354980394244 0.9999045729637146 292.37713623046875
0.9999142289161682 0.0009851212380453944 0.013060846365988255 -0.008838176727294922 -0.0009475398692302406 0.9999954104423523 -0.0028832796961069107 -4.4822869300842285 -0.013063626363873482 0.0028706572484225035 0.9999105334281921 293.9488220214844
0.9999223351478577 0.0009399320697411895 0.012429497204720974 0.008390188217163086 -0.00091274653095752 0.9999971985816956 -0.0021926648914813995 -4.51606559753418 -0.012431521899998188 0.002181149320676923 0.9999203085899353 295.521484375
0.999934196472168 0.0005460819229483604 0.011453167535364628 0.017371177673339844 -0.000522503221873194 0.9999978542327881 -0.0020615863613784313 -4.547863006591797 -0.011454267427325249 0.0020554668735712767 0.9999322295188904 297.09503173828125
0.9999464750289917 -3.878053121297853e-06 0.010346955619752407 0.027326583862304688 9.298046279582195e-06 0.9999998807907104 -0.0005237683653831482 -4.57890510559082 -0.010346951894462109 0.0005238365265540779 0.9999463558197021 298.666015625
0.999952495098114 0.0017253626137971878 0.009589285589754581 0.03131461143493652 -0.0017318822210654616 0.9999982714653015 0.0006716682109981775 -4.603177547454834 -0.009588110260665417 -0.0006882438901811838 0.9999537467956543 300.2449951171875
0.999942421913147 0.0018304584082216024 0.010572169907391071 0.03577017784118652 -0.001838595257140696 0.9999980330467224 0.0007599796517752111 -4.6269001960754395 -0.010570758953690529 -0.0007793738041073084 0.9999437928199768 301.8292541503906
0.9999333620071411 0.0021873272489756346 0.011333337984979153 0.04781150817871094 -0.002194761298596859 0.9999974966049194 0.000643581326585263 -4.652310371398926 -0.01133190281689167 -0.0006684124236926436 0.9999355673789978 303.4284973144531
0.9999309778213501 0.0009189597330987453 0.01171453483402729 0.05622673034667969 -0.0009238244383595884 0.999999463558197 0.00040989252738654613 -4.675098896026611 -0.011714152991771698 -0.00042068635229952633 0.9999312162399292 305.0107727050781
0.9999276399612427 -0.0007393080741167068 0.012015244923532009 0.07052063941955566 0.000745490484405309 0.9999997019767761 -0.000510075653437525 -4.702061653137207 -0.012014864943921566 0.0005189961520954967 0.9999276995658875 306.60711669921875
0.9999198913574219 -0.0023489082232117653 0.012438311241567135 0.08827376365661621 0.002381634432822466 0.9999936819076538 -0.002616909332573414 -4.725192546844482 -0.01243208721280098 0.002646323759108782 0.9999191761016846 308.2118835449219
0.9999222159385681 -0.002722504548728466 0.012174077332019806 0.10189223289489746 0.002765922574326396 0.9999898076057434 -0.0035510100424289703 -4.754546642303467 -0.012164286337792873 0.0035844065714627504 0.999919593334198 309.8118591308594
0.9999485611915588 -0.0019125776598230004 0.009963558986783028 0.10771799087524414 0.0019592558965086937 0.9999870657920837 -0.00467727379873395 -4.781944751739502 -0.009954486042261124 0.004696554504334927 0.9999394416809082 311.41912841796875
0.9999675154685974 -0.0008670376846566796 0.008003116585314274 0.11427831649780273 0.0008986195316538215 0.9999918341636658 -0.003943450748920441 -4.810184478759766 -0.007999630644917488 0.0039505138993263245 0.99996018409729 313.0251770019531
0.9999709725379944 0.00021484977332875133 0.007614423520863056 0.11692404747009277 -0.00020875777408946306 0.9999997019767761 -0.0008008312433958054 -4.836787700653076 -0.007614593021571636 0.000799218425527215 0.9999706149101257 314.65692138671875
0.9999656081199646 -0.0013160300441086292 0.008189287967979908 0.12902474403381348 0.0012970640091225505 0.9999966025352478 0.002320829313248396 -4.864913463592529 -0.008192315697669983 -0.0023101279512047768 0.9999637603759766 316.28851318359375
0.9999657273292542 -0.0023976508527994156 0.007926597259938717 0.13767123222351074 0.002372116781771183 0.9999920725822449 0.0032291458919644356 -4.887481689453125 -0.007934276945888996 -0.0032102330587804317 0.9999633431434631 317.9102478027344
0.9999582767486572 -0.002940717153251171 0.00865002442151308 0.14149808883666992 0.002926110289990902 0.9999942183494568 0.0017008011927828193 -4.907008647918701 -0.008654976263642311 -0.0016754193929955363 0.9999611377716064 319.53106689453125
0.999949038028717 -0.004783164709806442 0.008897940628230572 0.14474987983703613 0.00476259458810091 0.9999859929084778 0.0023315211292356253 -4.934309959411621 -0.008908968418836594 -0.0022890246473252773 0.9999576807022095 321.1423034667969
0.9999421834945679 -0.004556541331112385 0.009739785455167294 0.13950443267822266 0.0045346710830926895 0.9999872446060181 0.002266343217343092 -4.951485633850098 -0.009749985300004482 -0.0022220457904040813 0.9999499917030334 322.7492980957031
0.9999380111694336 -0.004522374831140041 0.010186285711824894 0.1504833698272705 0.004500430542975664 0.9999876022338867 0.002176165347918868 -4.974606513977051 -0.010195999406278133 -0.0021301880478858948 0.9999457001686096 324.3692626953125
0.9999415874481201 -0.0032280031591653824 0.010315809398889542 0.16282272338867188 0.0032175686210393906 0.9999942779541016 0.0010279089910909534 -4.995466232299805 -0.01031906995922327 -0.0009946570498868823 0.9999462366104126 325.994384765625
0.9999355673789978 -0.002259656321257353 0.011120718903839588 0.16877460479736328 0.0022517957258969545 0.9999971985816956 0.0007192993070930243 -5.030111789703369 -0.01112231146544218 -0.0006942113977856934 0.999937891960144 327.6199645996094
0.999926745891571 -0.003863436868414283 0.011465861462056637 0.18531370162963867 0.0038321122992783785 0.9999887347221375 0.0027526754420250654 -5.055862903594971 -0.011476368643343449 -0.0027085356414318085 0.9999304413795471 329.2606201171875
0.9999204874038696 -0.0047655715607106686 0.01167269703000784 0.19467544555664062 0.004725749138742685 0.9999829530715942 0.0034367262851446867 -5.076339244842529 -0.01168887410312891 -0.003381290938705206 0.999925971031189 330.8659362792969
0.9999159574508667 -0.005581763107329607 0.011700212955474854 0.20748424530029297 0.005558716598898172 0.9999825358390808 0.002001326996833086 -5.095690727233887 -0.011711180210113525 -0.0019361200975254178 0.9999295473098755 332.5036315917969
0.9999247193336487 -0.004734022077172995 0.011312567628920078 0.22902226448059082 0.004711254965513945 0.9999868273735046 0.002038343111053109 -5.120047092437744 -0.01132206805050373 -0.001984893111512065 0.9999338984489441 334.14190673828125
0.9999316930770874 -0.0026123346760869026 0.011391417123377323 0.21900296211242676 0.002611936302855611 0.9999966025352478 4.9883106839843094e-05 -5.147451877593994 -0.01139150932431221 -2.0125991795794107e-05 0.9999350309371948 335.720947265625
0.9999401569366455 -0.0007366994395852089 0.010916367173194885 0.22645878791809082 0.0007700990536250174 0.9999950528144836 -0.0030556805431842804 -5.172755718231201 -0.010914062149822712 0.0030639038886874914 0.9999357461929321 337.3343811035156
0.9999474287033081 0.00039649568498134613 0.01024175900965929 0.22979211807250977 -0.00037180286017246544 0.9999970197677612 -0.002412783447653055 -5.206780433654785 -0.010242683812975883 0.0024088493082672358 0.9999446272850037 338.93499755859375
0.999954879283905 0.0015594132710248232 0.00937515590339899 0.23053789138793945 -0.0015703635290265083 0.999998152256012 0.001160770421847701 -5.237520217895508 -0.009373328648507595 -0.0011754403822124004 0.9999553561210632 340.5152893066406
0.9999688863754272 0.0017936044605448842 0.007681310176849365 0.24937105178833008 -0.0018252270529046655 0.9999898672103882 0.004111774731427431 -5.26506233215332 -0.007673857733607292 -0.004125666804611683 0.9999620318412781 342.14031982421875
0.999977171421051 0.0022199491504579782 0.0063715968281030655 0.2512096166610718 -0.0022382468450814486 0.9999933838844299 0.002866122405976057 -5.288046836853027 -0.006365192122757435 -0.002880318555980921 0.9999755620956421 343.7344055175781
0.9999886751174927 0.0017722431803122163 0.004416620824486017 0.2521054744720459 -0.0017771271523088217 0.9999977350234985 0.0011022182879969478 -5.309304714202881 -0.004414657596498728 -0.0011100545525550842 0.9999896287918091 345.3257141113281
0.9999969005584717 0.0004244256124366075 0.0024518666323274374 0.2582930326461792 -0.00043046451173722744 0.9999968409538269 0.002462994074448943 -5.334933280944824 -0.002450813539326191 -0.002464041579514742 0.9999939799308777 346.9182434082031
0.9999988079071045 -0.0006460080039687455 0.0014346380485221744 0.25770294666290283 0.000642049650195986 0.9999960064888 0.002757938113063574 -5.358406066894531 -0.0014364143135026097 -0.0027570135425776243 0.999995231628418 348.5155029296875
0.9999985694885254 -0.0011163557646796107 0.001271652290597558 0.24437624216079712 0.0011136680841445923 0.9999971389770508 0.002112418645992875 -5.379646301269531 -0.0012740067904815078 -0.0021109990775585175 0.9999969601631165 350.09979248046875
0.9999973177909851 -0.0021803537383675575 0.0007231472991406918 0.24338191747665405 0.0021795793436467648 0.999997079372406 0.0010696728713810444 -5.403408050537109 -0.0007254774682223797 -0.0010680940467864275 0.9999991059303284 351.6943054199219
0.9999971985816956 -0.0021773390471935272 0.0008399321231991053 0.23619815707206726 0.00217664847150445 0.9999973177909851 0.0008231414249166846 -5.425419330596924 -0.0008417221251875162 -0.0008213107357732952 0.9999992251396179 353.28216552734375
0.9999953508377075 -0.0029588923789560795 0.0006258802022784948 0.23461225628852844 0.0029584714211523533 0.9999953508377075 0.0006717068026773632 -5.449540615081787 -0.0006278647342696786 -0.0006698522483929992 0.9999995827674866 354.8763732910156
0.9999944567680359 -0.0032919561490416527 0.0004279967397451401 0.23134654760360718 0.0032919428776949644 0.9999945759773254 3.13266646116972e-05 -5.47559928894043 -0.0004280974972061813 -2.9917689971625805e-05 0.9999998807907104 356.4747009277344
0.9999948143959045 -0.0031804691534489393 0.0005507110618054867 0.22315193712711334 0.003180774161592126 0.9999949336051941 -0.0005548355402424932 -5.505970001220703 -0.0005489435279741883 0.0005565843894146383 0.9999997019767761 358.0714416503906
0.9999925494194031 -0.003824002342298627 0.0005769138806499541 0.22051194310188293 0.0038241923321038485 0.9999926090240479 -0.0003285500861238688 -5.533392429351807 -0.0005756532773375511 0.00033075385726988316 0.9999997615814209 359.65911865234375
0.9999927282333374 -0.0037942880298942327 0.0004006349772680551 0.21832379698753357 0.003794689429923892 0.9999922513961792 -0.001006553415209055 -5.562782287597656 -0.0003968127421103418 0.001008066232316196 0.9999994039535522 361.25140380859375
0.9999852776527405 -0.005399681627750397 0.0005069216713309288 0.21330244839191437 0.005400871858000755 0.9999825954437256 -0.0023765340447425842 -5.591446876525879 -0.000494080304633826 0.0023792372085154057 0.9999970197677612 362.8391418457031
0.9999762773513794 -0.006870786193758249 0.00044927402632310987 0.2099183201789856 0.006870943587273359 0.9999763369560242 -0.00034945333027280867 -5.621822357177734 -0.00044686245382763445 0.0003525319916661829 0.9999998211860657 364.4461975097656
0.9999588131904602 -0.00907608587294817 -0.00015327977598644793 0.22224615514278412 0.009076162241399288 0.9999586939811707 0.0005020652897655964 -5.650590896606445 0.0001487165573053062 -0.0005034357309341431 0.9999998807907104 366.0458068847656
0.999960720539093 -0.008854450657963753 0.0004425948718562722 0.20554953813552856 0.008854782208800316 0.9999605417251587 -0.0007495800964534283 -5.673006534576416 -0.0004359403974376619 0.0007534697069786489 0.9999996423721313 367.6456604003906
0.9999696612358093 -0.0076417094096541405 0.0015645439270883799 0.18518105149269104 0.007644667290151119 0.9999690651893616 -0.0018928637728095055 -5.690597057342529 -0.0015500306617468596 0.0019047664245590568 0.9999969601631165 369.2579345703125
0.9999765157699585 -0.00670485757291317 0.0014250712702050805 0.1774618923664093 0.006705211475491524 0.9999774098396301 -0.00024400462280027568 -5.735631942749023 -0.001423403387889266 0.00025355437537655234 0.999998927116394 370.84716796875
0.9999859929084778 -0.004988475237041712 0.001768770394846797 0.1739954650402069 0.004988119006156921 0.9999875426292419 0.0002049860340775922 -5.753694534301758 -0.0017697707517072558 -0.00019616034114733338 0.9999983906745911 372.457763671875
0.9999818801879883 -0.005579829681664705 0.0022487277165055275 0.16521531343460083 0.005578054580837488 0.9999842643737793 0.0007942843367345631 -5.795131206512451 -0.002253124024719 -0.0007817265577614307 0.9999971389770508 374.0422058105469
0.9999821186065674 -0.005341724492609501 0.0027007609605789185 0.14865046739578247 0.005344212520867586 0.9999853372573853 -0.0009149971301667392 -5.808025360107422 -0.0026958337984979153 0.000929413887206465 0.9999958872795105 375.63494873046875
0.9999831318855286 -0.005118266213685274 0.0027448979672044516 0.1526343822479248 0.00511885667219758 0.999987006187439 -0.00020831216534134 -5.848956108093262 -0.002743795281276107 0.0002223594201495871 0.9999961853027344 377.247314453125
0.9999814033508301 -0.005245310254395008 0.0031165825203061104 0.16100728511810303 0.005245256703346968 0.9999862313270569 2.5138069759123027e-05 -5.8798828125 -0.003116670995950699 -8.79022991284728e-06 0.9999951124191284 378.87176513671875
0.9999891519546509 -0.0030432536732405424 0.0035301032476127148 0.13946092128753662 0.0030447235330939293 0.999995231628418 -0.0004110425361432135 -5.898536205291748 -0.003528835717588663 0.00042178621515631676 0.9999936819076538 380.4885559082031
0.9999915957450867 -0.0013023759238421917 0.0038966212887316942 0.13888943195343018 0.0013023726642131805 0.9999991059303284 3.4320983104407787e-06 -5.922879219055176 -0.0038966231513768435 1.642765710130334e-06 0.9999923706054688 382.0938720703125
0.9999906420707703 8.900783723220229e-05 0.004307675175368786 0.12260973453521729 -8.57243940117769e-05 0.9999997019767761 -0.0007624137215316296 -5.948665618896484 -0.0043077412992715836 0.0007620373507961631 0.9999904036521912 383.73602294921875
0.9999867677688599 0.0015785829164087772 0.004902948159724474 0.11828148365020752 -0.0015711886808276176 0.999997615814209 -0.00151164922863245 -5.973338603973389 -0.004905322100967169 0.0015039258869364858 0.9999867677688599 385.3421936035156
0.9999890327453613 0.001446975045837462 0.00445933872833848 0.1266345977783203 -0.0014403037494048476 0.9999978542327881 -0.001498865196481347 -6.000791549682617 -0.004461498931050301 0.0014924259157851338 0.9999889135360718 386.9836730957031
0.9999855756759644 0.0026746480725705624 0.004667265340685844 0.1268092393875122 -0.0026716701686382294 0.9999962449073792 -0.000644098618067801 -6.02659797668457 -0.004668970126658678 0.0006316198268905282 0.9999889135360718 388.60479736328125
0.9999814033508301 0.003736866870895028 0.004819029476493597 0.12480580806732178 -0.0037359106354415417 0.9999930262565613 -0.00020753289572894573 -6.057310104370117 -0.004819771274924278 0.00018952557002194226 0.9999883770942688 390.22857666015625
0.999975323677063 0.004548004828393459 0.00535341864451766 0.12643814086914062 -0.0045443447306752205 0.9999894499778748 -0.0006957329460419714 -6.083094120025635 -0.005356526002287865 0.000671388057526201 0.9999854564666748 391.8572082519531
0.9999738335609436 0.005125703290104866 0.005107169505208731 0.1343991756439209 -0.005122869275510311 0.9999867081642151 -0.0005678051966242492 -6.1123247146606445 -0.00511001143604517 0.0005416269996203482 0.9999867081642151 393.49310302734375
