0 0.000014 0.010572 100.000000 9.090909
0 0.000074 0.004323 200.000000 7.633588
0 0.000061 0.003280 300.000000 7.159904
0 0.000023 0.002556 400.000000 6.896552
0 0.000019 0.001964 500.000000 7.278020
0 0.000017 0.002568 600.000000 7.272727
0 0.000017 0.002208 700.000000 7.186858
0 0.000016 0.001425 800.000000 7.305936
10 0.000030 0.011099 100.000000 8.849558
10 0.000075 0.004443 200.000000 7.722008
10 0.000043 0.003481 300.000000 7.075472
10 0.000021 0.002562 400.000000 6.932409
10 0.000017 0.001989 500.000000 7.320644
10 0.000016 0.002570 600.000000 7.290401
10 0.000017 0.002062 700.000000 7.201646
10 0.000016 0.001435 800.000000 7.332722
20 0.000113 0.011128 100.000000 8.196721
20 0.000076 0.004317 200.000000 7.782101
20 0.000031 0.003614 300.000000 7.042253
20 0.000020 0.002664 400.000000 6.968641
20 0.000015 0.001880 500.000000 7.352941
20 0.000015 0.002406 600.000000 7.299270
20 0.000014 0.001787 700.000000 7.209063
20 0.000016 0.001387 800.000000 7.352941
30 0.000104 0.009929 100.000000 7.751938
30 0.000076 0.004010 200.000000 7.782101
30 0.000034 0.003565 300.000000 7.009346
30 0.000021 0.002503 400.000000 6.980803
30 0.000014 0.001756 500.000000 7.374631
30 0.000012 0.002347 600.000000 7.299270
30 0.000015 0.001602 700.000000 7.194244
30 0.000016 0.001311 800.000000 7.359705
40 0.000099 0.009401 100.000000 7.575758
40 0.000071 0.003862 200.000000 7.692307
40 0.000034 0.003399 300.000000 6.993007
40 0.000020 0.002268 400.000000 6.956522
40 0.000015 0.001836 500.000000 7.374631
40 0.000012 0.002388 600.000000 7.281553
40 0.000016 0.001602 700.000000 7.150153
40 0.000015 0.001299 800.000000 7.352941
50 0.000094 0.008755 100.000000 7.407407
50 0.000074 0.004031 200.000000 7.575758
50 0.000032 0.003481 300.000000 6.976744
50 0.000021 0.002346 400.000000 6.932409
50 0.000017 0.001990 500.000000 7.363770
50 0.000012 0.002533 600.000000 7.194244
50 0.000016 0.001773 700.000000 7.113821
50 0.000015 0.001484 800.000000 7.332722
60 0.000098 0.007590 100.000000 7.194244
60 0.000070 0.004100 200.000000 7.407407
60 0.000028 0.003706 300.000000 6.944445
60 0.000020 0.002248 400.000000 6.920415
60 0.000016 0.001862 500.000000 7.352941
60 0.000009 0.002202 600.000000 7.050529
60 0.000015 0.001575 700.000000 7.099391
60 0.000015 0.001440 800.000000 7.305936
70 0.000117 0.006301 100.000000 6.944445
70 0.000081 0.004139 200.000000 7.220217
70 0.000034 0.004110 300.000000 6.849315
70 0.000019 0.001752 400.000000 6.908463
70 0.000014 0.001718 500.000000 7.331378
70 0.000013 0.002087 600.000000 6.993007
70 0.000014 0.001260 700.000000 7.092198
70 0.000016 0.001303 800.000000 7.252946
80 0.000121 0.006315 100.000000 6.711410
80 0.000084 0.004230 200.000000 6.968641
80 0.000025 0.004469 300.000000 6.622517
80 0.000020 0.001778 400.000000 6.896552
80 0.000013 0.001758 500.000000 7.278020
80 0.000014 0.001914 600.000000 6.960557
80 0.000016 0.001277 700.000000 7.092198
80 0.000018 0.001584 800.000000 7.111111
90 0.000134 0.005377 100.000000 6.535948
90 0.000085 0.005070 200.000000 6.711410
90 0.000031 0.004835 300.000000 6.396588
90 0.000019 0.001600 400.000000 6.884682
90 0.000014 0.001747 500.000000 7.173601
90 0.000015 0.001676 600.000000 6.936416
90 0.000015 0.001114 700.000000 7.085020
90 0.000018 0.001664 800.000000 7.048458
100 0.000128 0.006067 100.000000 6.451613
100 0.000084 0.005800 200.000000 6.578948
100 0.000032 0.004379 300.000000 6.342494
100 0.000020 0.001735 400.000000 6.884682
100 0.000021 0.001826 500.000000 7.002801
100 0.000016 0.001619 600.000000 6.928406
100 0.000016 0.001219 700.000000 7.085020
100 0.000016 0.001741 800.000000 7.023705
110 0.000133 0.006050 100.000000 6.535948
110 0.000084 0.005643 200.000000 6.451613
110 0.000025 0.003703 300.000000 6.369427
110 0.000021 0.001544 400.000000 6.920415
110 0.000017 0.001878 500.000000 6.983240
110 0.000018 0.001567 600.000000 6.936416
110 0.000016 0.001107 700.000000 7.099391
110 0.000016 0.001548 800.000000 7.029877
120 0.000138 0.005401 100.000000 6.756757
120 0.000062 0.005397 200.000000 6.410256
120 0.000024 0.003219 300.000000 6.437768
120 0.000018 0.001165 400.000000 6.993007
120 0.000015 0.001831 500.000000 7.022472
120 0.000018 0.001429 600.000000 6.968641
120 0.000017 0.000985 700.000000 7.135576
120 0.000016 0.001366 800.000000 7.060900
130 0.000119 0.007527 100.000000 6.993007
130 0.000037 0.005741 200.000000 6.451613
130 0.000016 0.003468 300.000000 6.521739
130 0.000014 0.001369 400.000000 7.067138
130 0.000007 0.001768 500.000000 7.072136
130 0.000016 0.001583 600.000000 7.009346
130 0.000014 0.001561 700.000000 7.179487
130 0.000013 0.001533 800.000000 7.098492
140 0.000114 0.009832 100.000000 7.299270
140 0.000022 0.006186 200.000000 6.535948
140 0.000024 0.004312 300.000000 6.607930
140 0.000019 0.002039 400.000000 7.142857
140 0.000004 0.002014 500.000000 7.122507
140 0.000014 0.002107 600.000000 7.050529
140 0.000015 0.002346 700.000000 7.231405
140 0.000016 0.002003 800.000000 7.130125
150 0.000073 0.010287 100.000000 7.575758
150 0.000011 0.006304 200.000000 6.622517
150 0.000022 0.004054 300.000000 6.681514
150 0.000015 0.001788 400.000000 7.220217
150 0.000011 0.001632 500.000000 7.173601
150 0.000008 0.001641 600.000000 7.083825
150 0.000010 0.002120 700.000000 7.268951
150 0.000013 0.001940 800.000000 7.162041
160 0.000038 0.010499 100.000000 7.751938
160 0.000036 0.006644 200.000000 6.666667
160 0.000026 0.003709 300.000000 6.741573
160 0.000020 0.001420 400.000000 7.272727
160 0.000015 0.000829 500.000000 7.204611
160 0.000003 0.000855 600.000000 7.092198
160 0.000004 0.001561 700.000000 7.299270
160 0.000009 0.001912 800.000000 7.174888
170 0.000052 0.010890 100.000000 7.751938
170 0.000040 0.007428 200.000000 6.711410
170 0.000031 0.004225 300.000000 6.756757
170 0.000023 0.001692 400.000000 7.312614
170 0.000015 0.000927 500.000000 7.215007
170 0.000008 0.001340 600.000000 7.083825
170 0.000008 0.001994 700.000000 7.314525
170 0.000012 0.002218 800.000000 7.162041
180 0.000065 0.009735 100.000000 7.692307
180 0.000028 0.006083 200.000000 6.734007
180 0.000024 0.003310 300.000000 6.772009
180 0.000018 0.001442 400.000000 7.326007
180 0.000014 0.001111 500.000000 7.173601
180 0.000006 0.001165 600.000000 7.058824
180 0.000005 0.001743 700.000000 7.314525
180 0.000011 0.001803 800.000000 7.117438
190 0.000049 0.009989 100.000000 7.575758
190 0.000028 0.006209 200.000000 6.756757
190 0.000024 0.003124 300.000000 6.787330
190 0.000020 0.001317 400.000000 7.352941
190 0.000017 0.001335 500.000000 7.072136
190 0.000004 0.001155 600.000000 7.058824
190 0.000005 0.001838 700.000000 7.306890
190 0.000009 0.001708 800.000000 7.085917
200 0.000046 0.009214 100.000000 7.518797
200 0.000028 0.005401 200.000000 6.779661
200 0.000022 0.002474 300.000000 6.818182
200 0.000020 0.001194 400.000000 7.366483
200 0.000008 0.001477 500.000000 6.993007
200 0.000002 0.000985 600.000000 7.075472
200 0.000002 0.001587 700.000000 7.306890
200 0.000009 0.001390 800.000000 7.079646
210 0.000061 0.009493 100.000000 7.407407
210 0.000035 0.005654 200.000000 6.779661
210 0.000026 0.002455 300.000000 6.864988
210 0.000023 0.000961 400.000000 7.393715
210 0.000010 0.001063 500.000000 6.983240
210 0.000003 0.000888 600.000000 7.100592
210 0.000005 0.001694 700.000000 7.291667
210 0.000009 0.001407 800.000000 7.092198
220 0.000081 0.009790 100.000000 7.352941
220 0.000030 0.005764 200.000000 6.688963
220 0.000028 0.002284 300.000000 6.912442
220 0.000024 0.001188 400.000000 7.421150
220 0.000010 0.001317 500.000000 6.993007
220 0.000003 0.001158 600.000000 7.125891
220 0.000003 0.001910 700.000000 7.231405
220 0.000010 0.001331 800.000000 7.104796
230 0.000069 0.009761 100.000000 7.142857
230 0.000038 0.006254 200.000000 6.514658
230 0.000029 0.002028 300.000000 6.944445
230 0.000026 0.001299 400.000000 7.407407
230 0.000008 0.001225 500.000000 7.002801
230 0.000004 0.001060 600.000000 7.151371
230 0.000009 0.001881 700.000000 7.150153
230 0.000010 0.001210 800.000000 7.123775
240 0.000071 0.006602 100.000000 6.896552
240 0.000051 0.005439 200.000000 6.329114
240 0.000031 0.000463 300.000000 6.976744
240 0.000029 0.001876 400.000000 7.352941
240 0.000008 0.001464 500.000000 7.012623
240 0.000005 0.000602 600.000000 7.168459
240 0.000011 0.001576 700.000000 7.121058
240 0.000011 0.000754 800.000000 7.136485
250 0.000062 0.005833 100.000000 6.711410
250 0.000054 0.004112 200.000000 6.269592
250 0.000032 0.000369 300.000000 7.009346
250 0.000035 0.002323 400.000000 7.194244
250 0.000009 0.001503 500.000000 7.012623
250 0.000006 0.000502 600.000000 7.185629
250 0.000014 0.001385 700.000000 7.106599
250 0.000012 0.000521 800.000000 7.142857
260 0.000035 0.006182 100.000000 6.369427
260 0.000047 0.003037 200.000000 6.269592
260 0.000033 0.000921 300.000000 7.042253
260 0.000032 0.002715 400.000000 7.092198
260 0.000009 0.001722 500.000000 7.012623
260 0.000006 0.000550 600.000000 7.194244
260 0.000015 0.001206 700.000000 7.099391
260 0.000011 0.000284 800.000000 7.149240
270 0.000043 0.005009 100.000000 5.952381
270 0.000051 0.001988 200.000000 6.269592
270 0.000033 0.001643 300.000000 7.058824
270 0.000030 0.003117 400.000000 7.067138
270 0.000007 0.001920 500.000000 6.993007
270 0.000005 0.000641 600.000000 7.202881
270 0.000013 0.001019 700.000000 7.099391
270 0.000012 0.000221 800.000000 7.155635
280 0.000093 0.005059 100.000000 5.813953
280 0.000053 0.001120 200.000000 6.289308
280 0.000034 0.002476 300.000000 7.075472
280 0.000029 0.003902 400.000000 7.067138
280 0.000010 0.002308 500.000000 6.983240
280 0.000006 0.000787 600.000000 7.211538
280 0.000012 0.000791 700.000000 7.099391
280 0.000012 0.000351 800.000000 7.168459
290 0.000087 0.005129 100.000000 5.813953
290 0.000055 0.000587 200.000000 6.309148
290 0.000038 0.002933 300.000000 7.109005
290 0.000027 0.004274 400.000000 7.067138
290 0.000010 0.002214 500.000000 6.963789
290 0.000006 0.000948 600.000000 7.220217
290 0.000013 0.000878 700.000000 7.092198
290 0.000014 0.000380 800.000000 7.181329
300 0.000078 0.004053 100.000000 5.882353
300 0.000049 0.000420 200.000000 6.329114
300 0.000035 0.002933 300.000000 7.159904
300 0.000026 0.004022 400.000000 7.067138
300 0.000008 0.001910 500.000000 6.944445
300 0.000005 0.000899 600.000000 7.237636
300 0.000012 0.000752 700.000000 7.063572
300 0.000013 0.000475 800.000000 7.200720
310 0.000070 0.003887 100.000000 5.952381
310 0.000047 0.001330 200.000000 6.369427
310 0.000036 0.003695 300.000000 7.194244
310 0.000026 0.004818 400.000000 7.017544
310 0.000010 0.002282 500.000000 6.934813
310 0.000006 0.001230 600.000000 7.246377
310 0.000014 0.000595 700.000000 7.028112
310 0.000013 0.000791 800.000000 7.220217
320 0.000086 0.002615 100.000000 6.024096
320 0.000042 0.001714 200.000000 6.410256
320 0.000033 0.003717 300.000000 7.246377
320 0.000029 0.004938 400.000000 6.932409
320 0.000008 0.002287 500.000000 6.944445
320 0.000003 0.001055 600.000000 7.255139
320 0.000013 0.000400 700.000000 7.007007
320 0.000013 0.000867 800.000000 7.246377
330 0.000087 0.002160 100.000000 6.097561
330 0.000046 0.002077 200.000000 6.472492
330 0.000035 0.004056 300.000000 7.299270
330 0.000018 0.005043 400.000000 6.861063
330 0.000008 0.002270 500.000000 6.973501
330 0.000006 0.001021 600.000000 7.263923
330 0.000013 0.000261 700.000000 7.007007
330 0.000012 0.000967 800.000000 7.266122
340 0.000100 0.002205 100.000000 6.172840
340 0.000053 0.003201 200.000000 6.535948
340 0.000040 0.005076 300.000000 7.352941
340 0.000026 0.005595 400.000000 6.849315
340 0.000014 0.002694 500.000000 7.012623
340 0.000008 0.001108 600.000000 7.263923
340 0.000015 0.000226 700.000000 7.028112
340 0.000014 0.001249 800.000000 7.292616
350 0.000109 0.002465 100.000000 6.134969
350 0.000053 0.004009 200.000000 6.622517
350 0.000038 0.005509 300.000000 7.389163
350 0.000027 0.005671 400.000000 6.872852
350 0.000013 0.002852 500.000000 7.052186
350 0.000009 0.001285 600.000000 7.228916
350 0.000015 0.000415 700.000000 7.049345
350 0.000014 0.001440 800.000000 7.326007
360 0.000120 0.002188 100.000000 6.024096
360 0.000059 0.004729 200.000000 6.734007
360 0.000043 0.006589 300.000000 7.444169
360 0.000027 0.006163 400.000000 6.920415
360 0.000013 0.003045 500.000000 7.092198
360 0.000006 0.001694 600.000000 7.168459
360 0.000017 0.000451 700.000000 7.077857
360 0.000015 0.001722 800.000000 7.359705
370 0.000142 0.001042 100.000000 5.917160
370 0.000053 0.005077 200.000000 6.825939
370 0.000043 0.006739 300.000000 7.481297
370 0.000025 0.006013 400.000000 6.956522
370 0.000012 0.002945 500.000000 7.142857
370 0.000004 0.001483 600.000000 7.142857
370 0.000015 0.000567 700.000000 7.113821
370 0.000014 0.001769 800.000000 7.400555
380 0.000116 0.001480 100.000000 5.813953
380 0.000051 0.005280 200.000000 6.944445
380 0.000042 0.006691 300.000000 7.500000
380 0.000022 0.005775 400.000000 7.005254
380 0.000014 0.002854 500.000000 7.194244
380 0.000006 0.001292 600.000000 7.142857
380 0.000015 0.000697 700.000000 7.150153
380 0.000014 0.001796 800.000000 7.434944
390 0.000093 0.001978 100.000000 5.813953
390 0.000054 0.005329 200.000000 7.067138
390 0.000041 0.007032 300.000000 7.444169
390 0.000019 0.005610 400.000000 7.054674
390 0.000012 0.002797 500.000000 7.235890
390 0.000009 0.000970 600.000000 7.159904
390 0.000015 0.000776 700.000000 7.179487
390 0.000015 0.001857 800.000000 7.476635
400 0.000107 0.002392 100.000000 5.847953
400 0.000054 0.005976 200.000000 7.168459
400 0.000046 0.007621 300.000000 7.317073
400 0.000017 0.005600 400.000000 7.092198
400 0.000012 0.002746 500.000000 7.278020
400 0.000014 0.000769 600.000000 7.168459
400 0.000016 0.000926 700.000000 7.209063
400 0.000015 0.002037 800.000000 7.511737
410 0.000106 0.003432 100.000000 5.988024
410 0.000057 0.006559 200.000000 7.299270
410 0.000052 0.007971 300.000000 7.317073
410 0.000018 0.005701 400.000000 7.142857
410 0.000011 0.002792 500.000000 7.331378
410 0.000016 0.000743 600.000000 7.202881
410 0.000016 0.001104 700.000000 7.246377
410 0.000016 0.002183 800.000000 7.547170
420 0.000107 0.003665 100.000000 6.211180
420 0.000054 0.006576 200.000000 7.462687
420 0.000044 0.007871 300.000000 7.371007
420 0.000016 0.005481 400.000000 7.194244
420 0.000011 0.002717 500.000000 7.396450
420 0.000016 0.000673 600.000000 7.246377
420 0.000016 0.001117 700.000000 7.284079
420 0.000015 0.002191 800.000000 7.597341
430 0.000096 0.001910 100.000000 6.410256
430 0.000047 0.005180 200.000000 7.633588
430 0.000035 0.006199 300.000000 7.462687
430 0.000012 0.003977 400.000000 7.259528
430 0.000005 0.001781 500.000000 7.462687
430 0.000016 0.000443 600.000000 7.290401
430 0.000013 0.000736 700.000000 7.329843
430 0.000013 0.001714 800.000000 7.648183
440 0.000071 0.002022 100.000000 6.622517
440 0.000035 0.003073 200.000000 7.782101
440 0.000021 0.003881 300.000000 7.537688
440 0.000008 0.002370 400.000000 7.312614
440 0.000010 0.001541 500.000000 7.518797
440 0.000017 0.000742 600.000000 7.334963
440 0.000009 0.000288 700.000000 7.376185
440 0.000009 0.001032 800.000000 7.684918
450 0.000058 0.002677 100.000000 6.756757
450 0.000027 0.004049 200.000000 7.905138
450 0.000010 0.004654 300.000000 7.575758
450 0.000011 0.002996 400.000000 7.326007
450 0.000014 0.001971 500.000000 7.552870
450 0.000017 0.000643 600.000000 7.352941
450 0.000007 0.000539 700.000000 7.399577
450 0.000007 0.001314 800.000000 7.714561
460 0.000060 0.003560 100.000000 6.802721
460 0.000030 0.005386 200.000000 7.936508
460 0.000012 0.005694 300.000000 7.575758
460 0.000017 0.003593 400.000000 7.299270
460 0.000016 0.002250 500.000000 7.564297
460 0.000019 0.000578 600.000000 7.343941
460 0.000009 0.000888 700.000000 7.415254
460 0.000008 0.001715 800.000000 7.722008
470 0.000068 0.003645 100.000000 6.802721
470 0.000036 0.005366 200.000000 7.968128
470 0.000014 0.005595 300.000000 7.537688
470 0.000018 0.003129 400.000000 7.233273
470 0.000014 0.002008 500.000000 7.564297
470 0.000017 0.000388 600.000000 7.290401
470 0.000009 0.000920 700.000000 7.430998
470 0.000041 0.002183 800.000000 7.707129
480 0.000050 0.003696 100.000000 6.756757
480 0.000033 0.005081 200.000000 8.000000
480 0.000016 0.005183 300.000000 7.371007
480 0.000015 0.002617 400.000000 7.207207
480 0.000011 0.001630 500.000000 7.552870
480 0.000011 0.000290 600.000000 7.211538
480 0.000010 0.000962 700.000000 7.438895
480 0.000008 0.001712 800.000000 7.677543
490 0.000054 0.004675 100.000000 6.802721
490 0.000032 0.005423 200.000000 8.032128
490 0.000020 0.005375 300.000000 7.159904
490 0.000016 0.002626 400.000000 7.207207
490 0.000010 0.001620 500.000000 7.530120
490 0.000012 0.000282 600.000000 7.177033
490 0.000009 0.001070 700.000000 7.454739
490 0.000007 0.001873 800.000000 7.504691
500 0.000059 0.005835 100.000000 6.896552
500 0.000035 0.005995 200.000000 8.064516
500 0.000025 0.005045 300.000000 7.092198
500 0.000012 0.002689 400.000000 7.233273
500 0.000012 0.001636 500.000000 7.518797
500 0.000012 0.000372 600.000000 7.177033
500 0.000010 0.001197 700.000000 7.478632
500 0.000007 0.001981 800.000000 7.469655
510 0.000067 0.006587 100.000000 7.092198
510 0.000037 0.006334 200.000000 8.163265
510 0.000032 0.005078 300.000000 7.125891
510 0.000015 0.002719 400.000000 7.299270
510 0.000011 0.001709 500.000000 7.485030
510 0.000013 0.000475 600.000000 7.211538
510 0.000011 0.001325 700.000000 7.518797
510 0.000008 0.002086 800.000000 7.483630
520 0.000063 0.005342 100.000000 7.407407
520 0.000029 0.005472 200.000000 8.298756
520 0.000022 0.004287 300.000000 7.211538
520 0.000014 0.002354 400.000000 7.366483
520 0.000013 0.001471 500.000000 7.440476
520 0.000010 0.000381 600.000000 7.255139
520 0.000010 0.001100 700.000000 7.567567
520 0.000007 0.001747 800.000000 7.518797
530 0.000071 0.006602 100.000000 7.692307
530 0.000035 0.006835 200.000000 8.438819
530 0.000015 0.004877 300.000000 7.299270
530 0.000018 0.002363 400.000000 7.448790
530 0.000021 0.001351 500.000000 7.418397
530 0.000009 0.000329 600.000000 7.308161
530 0.000009 0.001186 700.000000 7.616975
530 0.000008 0.001891 800.000000 7.561437
540 0.000057 0.007989 100.000000 8.130081
540 0.000029 0.007628 200.000000 8.620689
540 0.000017 0.005073 300.000000 7.389163
540 0.000018 0.002484 400.000000 7.532957
540 0.000022 0.001178 500.000000 7.440476
540 0.000007 0.000541 600.000000 7.361963
540 0.000007 0.001406 700.000000 7.675438
540 0.000007 0.002165 800.000000 7.604563
550 0.000021 0.008581 100.000000 8.547009
550 0.000015 0.007570 200.000000 8.695652
550 0.000018 0.005138 300.000000 7.500000
550 0.000020 0.002710 400.000000 7.619048
550 0.000016 0.001130 500.000000 7.473842
550 0.000002 0.000661 600.000000 7.416564
550 0.000002 0.001539 700.000000 7.726269
550 0.000003 0.002276 800.000000 7.648183
560 0.000023 0.009058 100.000000 8.849558
560 0.000027 0.008640 200.000000 8.620689
560 0.000021 0.005551 300.000000 7.556675
560 0.000018 0.003010 400.000000 7.692307
560 0.000012 0.000929 500.000000 7.485030
560 0.000005 0.000755 600.000000 7.453416
560 0.000005 0.001778 700.000000 7.777778
560 0.000007 0.002607 800.000000 7.684918
570 0.000028 0.009559 100.000000 9.090909
570 0.000036 0.009740 200.000000 8.298756
570 0.000024 0.005702 300.000000 7.594937
570 0.000020 0.002921 400.000000 7.736944
570 0.000009 0.000790 500.000000 7.485030
570 0.000007 0.000735 600.000000 7.481297
570 0.000006 0.001923 700.000000 7.812500
570 0.000008 0.002865 800.000000 7.707129
580 0.000014 0.007099 100.000000 9.259259
580 0.000040 0.007196 200.000000 8.097166
580 0.000017 0.003946 300.000000 7.575758
580 0.000016 0.002057 400.000000 7.751938
580 0.000012 0.000357 500.000000 7.485030
580 0.000002 0.000499 600.000000 7.490637
580 0.000003 0.001453 700.000000 7.838746
580 0.000006 0.002194 800.000000 7.722008
590 0.000005 0.008001 100.000000 9.345795
590 0.000032 0.007372 200.000000 8.032128
590 0.000019 0.003897 300.000000 7.537688
590 0.000019 0.001879 400.000000 7.751938
590 0.000015 0.000423 500.000000 7.473842
590 0.000005 0.000505 600.000000 7.500000
590 0.000003 0.001582 700.000000 7.856341
590 0.000005 0.002364 800.000000 7.736944
600 0.000010 0.008139 100.000000 9.345795
600 0.000036 0.006936 200.000000 8.000000
600 0.000020 0.003439 300.000000 7.481297
600 0.000020 0.001622 400.000000 7.766990
600 0.000015 0.000564 500.000000 7.462687
600 0.000002 0.000536 600.000000 7.509387
600 0.000003 0.001559 700.000000 7.865169
600 0.000007 0.002251 800.000000 7.751938
610 0.000007 0.007910 100.000000 9.523809
610 0.000036 0.006764 200.000000 7.968128
610 0.000022 0.003195 300.000000 7.425743
610 0.000019 0.001563 400.000000 7.766990
610 0.000014 0.000724 500.000000 7.429420
610 0.000002 0.000559 600.000000 7.528231
610 0.000005 0.001590 700.000000 7.865169
610 0.000006 0.002204 800.000000 7.759457
620 0.000018 0.007191 100.000000 9.615385
620 0.000039 0.006271 200.000000 7.874016
620 0.000023 0.002470 300.000000 7.352941
620 0.000017 0.001328 400.000000 7.766990
620 0.000008 0.000939 500.000000 7.342144
620 0.000003 0.000513 600.000000 7.547170
620 0.000029 0.001759 700.000000 7.838746
620 0.000007 0.002034 800.000000 7.774539
630 0.000018 0.006747 100.000000 9.615385
630 0.000031 0.005886 200.000000 7.518797
630 0.000021 0.002135 300.000000 7.334963
630 0.000017 0.001143 400.000000 7.736944
630 0.000004 0.001101 500.000000 7.267442
630 0.000003 0.000482 600.000000 7.556675
630 0.000005 0.001494 700.000000 7.769145
630 0.000009 0.001925 800.000000 7.789679
640 0.000021 0.006490 100.000000 9.615385
640 0.000027 0.005204 200.000000 7.220217
640 0.000020 0.002052 300.000000 7.334963
640 0.000017 0.001340 400.000000 7.707129
640 0.000005 0.001045 500.000000 7.225433
640 0.000003 0.000438 600.000000 7.566204
640 0.000002 0.001503 700.000000 7.567567
640 0.000005 0.001908 800.000000 7.797271
650 0.000012 0.006448 100.000000 9.433962
650 0.000046 0.004651 200.000000 7.117438
650 0.000024 0.001838 300.000000 7.334963
650 0.000020 0.001686 400.000000 7.561437
650 0.000004 0.001034 500.000000 7.215007
650 0.000002 0.000469 600.000000 7.575758
650 0.000004 0.001489 700.000000 7.534984
650 0.000004 0.001961 800.000000 7.804878
660 0.000022 0.006879 100.000000 9.174312
660 0.000036 0.004435 200.000000 7.067138
660 0.000025 0.001817 300.000000 7.334963
660 0.000019 0.002347 400.000000 7.299270
660 0.000004 0.001012 500.000000 7.215007
660 0.000002 0.000484 600.000000 7.585335
660 0.000004 0.001548 700.000000 7.526882
660 0.000005 0.002069 800.000000 7.812500
670 0.000042 0.007608 100.000000 8.403361
670 0.000031 0.003851 200.000000 7.017544
670 0.000027 0.001724 300.000000 7.334963
670 0.000018 0.002172 400.000000 7.194244
670 0.000003 0.000964 500.000000 7.215007
670 0.000002 0.000520 600.000000 7.604563
670 0.000005 0.001565 700.000000 7.526882
670 0.000006 0.002017 800.000000 7.827789
680 0.000076 0.008166 100.000000 7.407407
680 0.000025 0.003263 200.000000 6.968641
680 0.000022 0.001651 300.000000 7.334963
680 0.000013 0.002000 400.000000 7.142857
680 0.000003 0.000833 500.000000 7.204611
680 0.000003 0.000551 600.000000 7.623888
680 0.000006 0.001544 700.000000 7.534984
680 0.000006 0.001937 800.000000 7.835455
690 0.000079 0.007059 100.000000 7.092198
690 0.000028 0.002561 200.000000 6.896552
690 0.000023 0.001707 300.000000 7.317073
690 0.000017 0.002132 400.000000 7.117438
690 0.000002 0.000870 500.000000 7.204611
690 0.000002 0.000540 600.000000 7.633588
690 0.000007 0.001515 700.000000 7.534984
690 0.000006 0.001821 800.000000 7.850834
700 0.000076 0.006379 100.000000 6.944445
700 0.000031 0.002239 200.000000 6.825939
700 0.000028 0.002195 300.000000 7.317073
700 0.000017 0.002661 400.000000 7.092198
700 0.000004 0.001063 500.000000 7.204611
700 0.000003 0.000500 600.000000 7.643312
700 0.000006 0.001516 700.000000 7.543103
700 0.000005 0.001890 800.000000 7.858546
710 0.000069 0.006155 100.000000 6.849315
710 0.000034 0.001880 200.000000 6.711410
710 0.000028 0.002368 300.000000 7.299270
710 0.000021 0.002826 400.000000 7.054674
710 0.000002 0.000975 500.000000 7.215007
710 0.000003 0.000528 600.000000 7.633588
710 0.000006 0.001451 700.000000 7.551240
710 0.000007 0.001724 800.000000 7.866273
720 0.000079 0.005838 100.000000 6.666667
720 0.000035 0.001829 200.000000 6.578948
720 0.000027 0.002773 300.000000 7.281553
720 0.000014 0.003163 400.000000 6.956522
720 0.000003 0.001013 500.000000 7.215007
720 0.000058 0.001104 600.000000 7.604563
720 0.000009 0.001449 700.000000 7.559395
720 0.000006 0.001703 800.000000 7.866273
730 0.000073 0.005741 100.000000 6.250000
730 0.000038 0.002092 200.000000 6.514658
730 0.000027 0.002965 300.000000 7.246377
730 0.000005 0.003361 400.000000 6.837607
730 0.000002 0.000950 500.000000 7.225433
730 0.000005 0.000671 600.000000 7.547170
730 0.000007 0.001435 700.000000 7.567567
730 0.000005 0.001633 800.000000 7.858546
740 0.000058 0.005621 100.000000 5.780347
740 0.000039 0.002358 200.000000 6.514658
740 0.000029 0.003199 300.000000 7.194244
740 0.000009 0.003304 400.000000 6.791172
740 0.000003 0.000919 500.000000 7.235890
740 0.000002 0.000763 600.000000 7.308161
740 0.000004 0.001477 700.000000 7.575758
740 0.000005 0.001714 800.000000 7.858546
750 0.000090 0.004041 100.000000 5.649717
750 0.000041 0.002648 200.000000 6.535948
750 0.000031 0.003700 300.000000 7.109005
750 0.000006 0.003279 400.000000 6.791172
750 0.000002 0.000989 500.000000 7.256894
750 0.000003 0.000721 600.000000 7.272727
750 0.000004 0.001481 700.000000 7.592191
750 0.000003 0.001831 800.000000 7.850834
760 0.000085 0.003797 100.000000 5.649717
760 0.000040 0.002454 200.000000 6.600660
760 0.000031 0.004122 300.000000 6.912442
760 0.000006 0.003111 400.000000 6.814310
760 0.000002 0.000906 500.000000 7.288630
760 0.000001 0.000734 600.000000 7.272727
760 0.000003 0.001424 700.000000 7.616975
760 0.000005 0.001758 800.000000 7.850834
770 0.000081 0.003777 100.000000 5.714286
770 0.000044 0.003264 200.000000 6.666667
770 0.000033 0.005066 300.000000 6.802721
770 0.000008 0.003262 400.000000 6.849315
770 0.000004 0.000978 500.000000 7.331378
770 0.000001 0.000747 600.000000 7.299270
770 0.000002 0.001499 700.000000 7.650273
770 0.000004 0.001940 800.000000 7.850834
780 0.000077 0.004147 100.000000 5.813953
780 0.000041 0.004153 200.000000 6.756757
780 0.000030 0.005762 300.000000 6.802721
780 0.000009 0.003434 400.000000 6.896552
780 0.000004 0.001013 500.000000 7.396450
780 0.000003 0.000736 600.000000 7.343941
780 0.000005 0.001560 700.000000 7.700770
780 0.000005 0.002046 800.000000 7.843137
790 0.000085 0.004293 100.000000 5.988024
790 0.000046 0.004749 200.000000 6.896552
790 0.000035 0.006065 300.000000 6.864988
790 0.000012 0.003668 400.000000 6.968641
790 0.000007 0.001083 500.000000 7.462687
790 0.000006 0.000739 600.000000 7.398274
790 0.000006 0.001632 700.000000 7.751938
790 0.000013 0.002109 800.000000 7.835455
800 0.000098 0.006540 100.000000 6.211180
800 0.000047 0.006736 200.000000 7.042253
800 0.000032 0.007138 300.000000 6.928406
800 0.000018 0.004140 400.000000 7.042253
800 0.000012 0.001219 500.000000 7.541478
800 0.000010 0.000737 600.000000 7.462687
800 0.000009 0.001842 700.000000 7.812500
800 0.000012 0.002318 800.000000 7.835455
810 0.000108 0.007621 100.000000 6.451613
810 0.000052 0.007770 200.000000 7.220217
810 0.000038 0.007824 300.000000 7.009346
810 0.000021 0.004485 400.000000 7.117438
810 0.000016 0.001413 500.000000 7.621951
810 0.000011 0.000690 600.000000 7.518797
810 0.000012 0.001893 700.000000 7.874016
810 0.000016 0.002347 800.000000 7.812500
820 0.000111 0.007687 100.000000 6.622517
820 0.000055 0.007804 200.000000 7.326007
820 0.000044 0.007612 300.000000 7.075472
820 0.000024 0.004269 400.000000 7.181329
820 0.000017 0.001349 500.000000 7.692307
820 0.000013 0.000687 600.000000 7.566204
820 0.000012 0.001794 700.000000 7.918552
820 0.000019 0.002170 800.000000 7.782101
830 0.000097 0.006071 100.000000 6.666667
830 0.000049 0.006534 200.000000 7.407407
830 0.000047 0.006172 300.000000 7.109005
830 0.000020 0.003348 400.000000 7.220217
830 0.000015 0.000991 500.000000 7.739938
830 0.000014 0.000771 600.000000 7.604563
830 0.000012 0.001551 700.000000 7.963595
830 0.000018 0.001819 800.000000 7.766990
840 0.000085 0.003921 100.000000 6.622517
840 0.000056 0.004884 200.000000 7.462687
840 0.000043 0.005051 300.000000 7.109005
840 0.000015 0.002790 400.000000 7.246377
840 0.000012 0.000815 500.000000 7.776050
840 0.000009 0.000794 600.000000 7.633588
840 0.000011 0.001180 700.000000 7.990868
840 0.000015 0.001271 800.000000 7.766990
850 0.000077 0.003902 100.000000 6.535948
850 0.000048 0.004555 200.000000 7.490637
850 0.000043 0.004787 300.000000 7.109005
850 0.000017 0.002374 400.000000 7.272727
850 0.000013 0.000740 500.000000 7.788162
850 0.000010 0.000854 600.000000 7.653061
850 0.000012 0.001048 700.000000 8.009153
850 0.000014 0.001386 800.000000 7.782101
860 0.000091 0.003861 100.000000 6.451613
860 0.000051 0.004517 200.000000 7.518797
860 0.000042 0.004995 300.000000 7.075472
860 0.000017 0.002357 400.000000 7.299270
860 0.000016 0.000743 500.000000 7.800312
860 0.000010 0.000920 600.000000 7.682458
860 0.000013 0.001001 700.000000 8.027523
860 0.000015 0.001347 800.000000 7.804878
870 0.000089 0.004640 100.000000 6.410256
870 0.000051 0.004390 200.000000 7.575758
870 0.000040 0.005087 300.000000 7.009346
870 0.000016 0.002313 400.000000 7.352941
870 0.000069 0.000727 500.000000 7.800312
870 0.000010 0.000855 600.000000 7.712082
870 0.000012 0.000950 700.000000 8.064516
870 0.000015 0.001389 800.000000 7.835455
880 0.000080 0.005230 100.000000 6.578948
880 0.000044 0.005107 200.000000 7.692307
880 0.000029 0.005472 300.000000 7.009346
880 0.000018 0.002322 400.000000 7.421150
880 0.000010 0.000880 500.000000 7.836991
880 0.000011 0.001144 600.000000 7.772021
880 0.000012 0.001226 700.000000 8.101851
880 0.000015 0.001572 800.000000 7.881773
890 0.000074 0.005219 100.000000 6.802721
890 0.000043 0.004975 200.000000 7.843137
890 0.000024 0.005324 300.000000 7.042253
890 0.000016 0.002247 400.000000 7.518797
890 0.000010 0.000883 500.000000 7.861635
890 0.000009 0.001185 600.000000 7.832898
890 0.000011 0.001257 700.000000 8.158508
890 0.000014 0.001576 800.000000 7.936508
900 0.000066 0.006546 100.000000 7.042253
900 0.000031 0.006450 200.000000 8.000000
900 0.000018 0.005997 300.000000 7.109005
900 0.000011 0.002567 400.000000 7.604563
900 0.000009 0.001090 500.000000 7.788162
900 0.000010 0.001540 600.000000 7.905138
900 0.000013 0.001706 700.000000 8.215962
900 0.000010 0.001614 800.000000 7.984032
910 0.000054 0.005555 100.000000 7.352941
910 0.000034 0.004970 200.000000 8.163265
910 0.000015 0.004747 300.000000 7.177033
910 0.000014 0.001985 400.000000 7.692307
910 0.000010 0.000877 500.000000 7.704160
910 0.000010 0.000964 600.000000 7.968128
910 0.000012 0.001060 700.000000 8.264462
910 0.000011 0.001331 800.000000 8.040201
920 0.000045 0.006502 100.000000 7.575758
920 0.000035 0.006109 200.000000 8.196721
920 0.000017 0.004806 300.000000 7.228916
920 0.000018 0.002066 400.000000 7.766990
920 0.000016 0.000951 500.000000 7.704160
920 0.000012 0.000998 600.000000 8.021390
920 0.000014 0.001480 700.000000 8.293839
920 0.000011 0.001933 800.000000 8.080808
930 0.000058 0.008046 100.000000 7.751938
930 0.000037 0.007154 200.000000 8.000000
930 0.000026 0.005248 300.000000 7.263923
930 0.000021 0.002157 400.000000 7.812500
930 0.000019 0.001033 500.000000 7.704160
930 0.000017 0.001297 600.000000 8.053691
930 0.000017 0.002137 700.000000 8.303678
930 0.000012 0.002550 800.000000 8.105370
940 0.000041 0.006824 100.000000 7.874016
940 0.000040 0.006425 200.000000 7.575758
940 0.000021 0.004312 300.000000 7.299270
940 0.000019 0.001854 400.000000 7.858546
940 0.000017 0.000943 500.000000 7.704160
940 0.000016 0.001145 600.000000 8.086253
940 0.000017 0.001856 700.000000 8.293839
940 0.000009 0.001927 800.000000 8.130081
950 0.000031 0.005322 100.000000 7.936508
950 0.000038 0.006111 200.000000 7.380074
950 0.000016 0.003444 300.000000 7.317073
950 0.000015 0.001450 400.000000 7.905138
950 0.000014 0.000899 500.000000 7.727975
950 0.000014 0.001096 600.000000 8.119080
950 0.000014 0.001704 700.000000 8.235294
950 0.000009 0.001518 800.000000 8.154943
960 0.000025 0.004951 100.000000 8.064516
960 0.000028 0.006160 200.000000 7.299270
960 0.000017 0.003146 300.000000 7.334963
960 0.000016 0.001187 400.000000 7.952286
960 0.000015 0.001009 500.000000 7.751938
960 0.000014 0.001262 600.000000 8.141112
960 0.000013 0.001403 700.000000 8.101851
960 0.000007 0.001391 800.000000 8.171603
970 0.000020 0.005284 100.000000 8.130081
970 0.000029 0.006282 200.000000 7.299270
970 0.000017 0.002986 300.000000 7.371007
970 0.000016 0.001100 400.000000 8.000000
970 0.000017 0.001156 500.000000 7.776050
970 0.000015 0.001461 600.000000 8.174387
970 0.000010 0.001643 700.000000 7.972665
970 0.000005 0.001547 800.000000 8.196721
980 0.000020 0.005414 100.000000 8.264462
980 0.000032 0.006187 200.000000 7.299270
980 0.000018 0.002811 300.000000 7.407407
980 0.000017 0.000968 400.000000 8.048289
980 0.000019 0.001233 500.000000 7.812500
980 0.000016 0.001420 600.000000 8.219178
980 0.000007 0.001681 700.000000 7.936508
980 0.000006 0.001545 800.000000 8.213552
990 0.000029 0.005590 100.000000 8.403361
990 0.000033 0.005784 200.000000 7.352941
990 0.000018 0.002464 300.000000 7.444169
990 0.000017 0.000751 400.000000 8.097166
990 0.000018 0.001279 500.000000 7.849294
990 0.000015 0.001516 600.000000 8.253095
990 0.000007 0.001839 700.000000 7.954545
990 0.000008 0.001747 800.000000 8.238929
1000 0.000025 0.005912 100.000000 8.620689
1000 0.000033 0.005883 200.000000 7.380074
1000 0.000018 0.002269 300.000000 7.518797
1000 0.000018 0.000724 400.000000 8.146640
1000 0.000019 0.001519 500.000000 7.898894
1000 0.000016 0.001810 600.000000 8.298756
1000 0.000009 0.002103 700.000000 7.981756
1000 0.000009 0.001963 800.000000 8.273009
1010 0.000026 0.005947 100.000000 8.849558
1010 0.000033 0.005862 200.000000 7.407407
1010 0.000023 0.001942 300.000000 7.594937
1010 0.000020 0.000672 400.000000 8.196721
1010 0.000020 0.001571 500.000000 7.949126
1010 0.000016 0.001950 600.000000 8.344924
1010 0.000009 0.002309 700.000000 8.018328
1010 0.000010 0.002168 800.000000 8.298756
1020 0.000022 0.005774 100.000000 9.090909
1020 0.000026 0.005880 200.000000 7.352941
1020 0.000023 0.001868 300.000000 7.672634
1020 0.000088 0.001738 400.000000 8.213552
1020 0.000021 0.001641 500.000000 8.000000
1020 0.000019 0.001902 600.000000 8.379889
1020 0.000007 0.002000 700.000000 8.064516
1020 0.000008 0.001697 800.000000 8.333333
1030 0.000024 0.005979 100.000000 9.174312
1030 0.000031 0.005464 200.000000 7.220217
1030 0.000022 0.001432 300.000000 7.731959
1030 0.000021 0.001124 400.000000 8.213552
1030 0.000022 0.001842 500.000000 8.038586
1030 0.000017 0.002161 600.000000 8.415147
1030 0.000008 0.002193 700.000000 8.101851
1030 0.000009 0.001904 800.000000 8.350731
1040 0.000025 0.006026 100.000000 9.090909
1040 0.000029 0.004984 200.000000 7.092198
1040 0.000026 0.001216 300.000000 7.772021
1040 0.000018 0.001391 400.000000 7.984032
1040 0.000020 0.002066 500.000000 8.077544
1040 0.000019 0.002464 600.000000 8.426967
1040 0.000009 0.002547 700.000000 8.130081
1040 0.000010 0.002281 800.000000 8.368201
1050 0.000023 0.007162 100.000000 8.849558
1050 0.000035 0.004795 200.000000 7.042253
1050 0.000027 0.001329 300.000000 7.792208
1050 0.000022 0.001729 400.000000 7.707129
1050 0.000019 0.002541 500.000000 8.090615
1050 0.000019 0.003099 600.000000 8.415147
1050 0.000010 0.003037 700.000000 8.139535
1050 0.000010 0.002732 800.000000 8.368201
1060 0.000023 0.007341 100.000000 7.874016
1060 0.000035 0.004273 200.000000 7.017544
1060 0.000024 0.001435 300.000000 7.812500
1060 0.000020 0.001896 400.000000 7.662835
1060 0.000020 0.002650 500.000000 8.103727
1060 0.000018 0.003195 600.000000 8.379889
1060 0.000008 0.002938 700.000000 8.149011
1060 0.000011 0.002691 800.000000 8.368201
1070 0.000043 0.008237 100.000000 6.944445
1070 0.000034 0.003547 200.000000 6.993007
1070 0.000025 0.001632 300.000000 7.832898
1070 0.000021 0.002230 400.000000 7.648183
1070 0.000020 0.002893 500.000000 8.116883
1070 0.000019 0.003521 600.000000 8.310249
1070 0.000009 0.002973 700.000000 8.158508
1070 0.000011 0.002669 800.000000 8.376964
1080 0.000079 0.008612 100.000000 6.666667
1080 0.000035 0.003169 200.000000 6.993007
1080 0.000027 0.001859 300.000000 7.874016
1080 0.000022 0.002713 400.000000 7.648183
1080 0.000021 0.003193 500.000000 8.143323
1080 0.000023 0.003802 600.000000 8.163265
1080 0.000010 0.003439 700.000000 8.168028
1080 0.000011 0.003075 800.000000 8.394544
1090 0.000075 0.008512 100.000000 6.535948
1090 0.000033 0.003023 200.000000 6.993007
1090 0.000025 0.002239 300.000000 7.915567
1090 0.000024 0.003088 400.000000 7.677543
1090 0.000021 0.003521 500.000000 8.169934
1090 0.000016 0.003838 600.000000 7.947020
1090 0.000007 0.003506 700.000000 8.187135
1090 0.000010 0.003041 800.000000 8.403361
1100 0.000078 0.008220 100.000000 6.493506
1100 0.000034 0.002694 200.000000 6.993007
1100 0.000027 0.002265 300.000000 7.957560
1100 0.000026 0.003274 400.000000 7.692307
1100 0.000024 0.003546 500.000000 8.183306
1100 0.000012 0.003777 600.000000 7.874016
1100 0.000008 0.003340 700.000000 8.196721
1100 0.000012 0.002801 800.000000 8.412198
1110 0.000058 0.007789 100.000000 6.451613
1110 0.000039 0.002277 200.000000 7.017544
1110 0.000030 0.002262 300.000000 7.978724
1110 0.000027 0.003243 400.000000 7.707129
1110 0.000024 0.003465 500.000000 8.210180
1110 0.000008 0.003660 600.000000 7.863696
1110 0.000008 0.003078 700.000000 8.206330
1110 0.000012 0.002440 800.000000 8.412198
1120 0.000069 0.007689 100.000000 6.329114
1120 0.000041 0.002333 200.000000 7.042253
1120 0.000032 0.002926 300.000000 7.978724
1120 0.000028 0.003833 400.000000 7.722008
1120 0.000024 0.004115 500.000000 8.223684
1120 0.000010 0.004274 600.000000 7.874016
1120 0.000011 0.003725 700.000000 8.215962
1120 0.000012 0.003027 800.000000 8.350731
1130 0.000062 0.008209 100.000000 6.097561
1130 0.000039 0.002854 200.000000 7.092198
1130 0.000124 0.004372 300.000000 7.936508
1130 0.000033 0.004314 400.000000 7.751938
1130 0.000024 0.004496 500.000000 8.237232
1130 0.000008 0.004327 600.000000 7.905138
1130 0.000011 0.003582 700.000000 8.225616
1130 0.000008 0.002930 800.000000 8.205129
1140 0.000069 0.007207 100.000000 5.847953
1140 0.000042 0.003335 200.000000 7.142857
1140 0.000033 0.004068 300.000000 7.874016
1140 0.000030 0.004821 400.000000 7.797271
1140 0.000024 0.005069 500.000000 8.264462
1140 0.000011 0.004777 600.000000 7.936508
1140 0.000011 0.004065 700.000000 8.235294
1140 0.000010 0.003343 800.000000 8.171603
1150 0.000069 0.007150 100.000000 5.747127
1150 0.000034 0.003508 200.000000 7.220217
1150 0.000029 0.004234 300.000000 7.518797
1150 0.000027 0.004859 400.000000 7.827789
1150 0.000022 0.004944 500.000000 8.278146
1150 0.000009 0.004402 600.000000 7.968128
1150 0.000010 0.003676 700.000000 8.254717
1150 0.000011 0.003110 800.000000 8.171603
1160 0.000078 0.006936 100.000000 5.780347
1160 0.000044 0.004463 200.000000 7.299270
1160 0.000028 0.005130 300.000000 7.371007
1160 0.000025 0.005639 400.000000 7.889546
1160 0.000024 0.005863 500.000000 8.305648
1160 0.000013 0.005318 600.000000 8.010681
1160 0.000011 0.004682 700.000000 8.284023
1160 0.000011 0.003760 800.000000 8.196721
1170 0.000085 0.007207 100.000000 5.917160
1170 0.000045 0.005232 200.000000 7.434944
1170 0.000032 0.005779 300.000000 7.407407
1170 0.000025 0.006271 400.000000 7.968128
1170 0.000024 0.006420 500.000000 8.347245
1170 0.000012 0.005696 600.000000 8.064516
1170 0.000010 0.004990 700.000000 8.333333
1170 0.000011 0.003953 800.000000 8.238929
1180 0.000084 0.007654 100.000000 6.134969
1180 0.000044 0.005733 200.000000 7.633588
1180 0.000033 0.006122 300.000000 7.500000
1180 0.000028 0.006496 400.000000 8.080808
1180 0.000025 0.006712 500.000000 8.417508
1180 0.000012 0.005901 600.000000 8.141112
1180 0.000012 0.005181 700.000000 8.393286
1180 0.000011 0.004040 800.000000 8.290155
1190 0.000078 0.007937 100.000000 6.369427
1190 0.000046 0.005821 200.000000 7.843137
1190 0.000030 0.006065 300.000000 7.614213
1190 0.000026 0.006377 400.000000 8.196721
1190 0.000024 0.006481 500.000000 8.503402
1190 0.000010 0.005444 600.000000 8.219178
1190 0.000011 0.004675 700.000000 8.464329
1190 0.000010 0.003683 800.000000 8.359457
1200 0.000080 0.007972 100.000000 6.666667
1200 0.000041 0.006676 200.000000 8.064516
1200 0.000034 0.006829 300.000000 7.751938
1200 0.000030 0.007082 400.000000 8.316009
1200 0.000025 0.007140 500.000000 8.576329
1200 0.000008 0.005760 600.000000 8.298756
1200 0.000009 0.004837 700.000000 8.536586
1200 0.000010 0.003848 800.000000 8.421053
1210 0.000085 0.008313 100.000000 6.896552
1210 0.000042 0.007523 200.000000 8.264462
1210 0.000032 0.007679 300.000000 7.853403
1210 0.000029 0.007869 400.000000 8.421053
1210 0.000027 0.007843 500.000000 8.620689
1210 0.000010 0.006195 600.000000 8.368201
1210 0.000006 0.005224 700.000000 8.599508
1210 0.000008 0.004210 800.000000 8.474576
1220 0.000074 0.006949 100.000000 7.142857
1220 0.000042 0.006911 200.000000 8.438819
1220 0.000034 0.007189 300.000000 7.936508
1220 0.000029 0.007122 400.000000 8.510638
1220 0.000025 0.007063 500.000000 8.605852
1220 0.000005 0.005282 600.000000 8.426967
1220 0.000005 0.004511 700.000000 8.652658
1220 0.000009 0.003777 800.000000 8.528785
1230 0.000076 0.005668 100.000000 7.299270
1230 0.000044 0.006612 200.000000 8.620689
1230 0.000035 0.007213 300.000000 8.021390
1230 0.000030 0.007034 400.000000 8.602151
1230 0.000022 0.006648 500.000000 8.488964
1230 0.000006 0.005168 600.000000 8.474576
1230 0.000004 0.004479 700.000000 8.706468
1230 0.000010 0.003699 800.000000 8.565310
1240 0.000055 0.004448 100.000000 7.407407
1240 0.000032 0.005520 200.000000 8.771930
1240 0.000033 0.006048 300.000000 8.086253
1240 0.000024 0.005619 400.000000 8.658009
1240 0.000011 0.004764 500.000000 8.291874
1240 0.000003 0.004068 600.000000 8.522727
1240 0.000008 0.003692 700.000000 8.739077
1240 0.000012 0.003161 800.000000 8.602151
1250 0.000068 0.003984 100.000000 7.462687
1250 0.000039 0.004930 200.000000 8.888889
1250 0.000038 0.005315 300.000000 8.152174
1250 0.000028 0.004627 400.000000 8.714597
1250 0.000005 0.003993 500.000000 8.210180
1250 0.000004 0.003568 600.000000 8.547009
1250 0.000010 0.003400 700.000000 8.760951
1250 0.000014 0.002863 800.000000 8.639309
1260 0.000070 0.004210 100.000000 7.575758
1260 0.000039 0.005187 200.000000 8.968610
1260 0.000036 0.005359 300.000000 8.196721
1260 0.000023 0.004690 400.000000 8.771930
1260 0.000003 0.004113 500.000000 8.196721
1260 0.000006 0.003670 600.000000 8.571428
1260 0.000011 0.003487 700.000000 8.782936
1260 0.000014 0.002805 800.000000 8.658009
1270 0.000075 0.005026 100.000000 7.692307
1270 0.000045 0.005483 200.000000 9.049774
1270 0.000038 0.005230 300.000000 8.241758
1270 0.000027 0.004566 400.000000 8.810573
1270 0.000003 0.004086 500.000000 8.223684
1270 0.000006 0.003583 600.000000 8.595988
1270 0.000011 0.003373 700.000000 8.760951
1270 0.000014 0.002623 800.000000 8.695652
1280 0.000078 0.005597 100.000000 7.936508
1280 0.000050 0.005796 200.000000 9.132421
1280 0.000041 0.005411 300.000000 8.333333
1280 0.000026 0.004674 400.000000 8.888889
1280 0.000003 0.004082 500.000000 8.291874
1280 0.000007 0.003506 600.000000 8.633094
1280 0.000008 0.003369 700.000000 8.717310
1280 0.000014 0.002469 800.000000 8.733624
1290 0.000074 0.006324 100.000000 8.264462
1290 0.000156 0.008260 200.000000 9.259259
1290 0.000039 0.006124 300.000000 8.450705
1290 0.000030 0.005296 400.000000 8.988764
1290 0.000001 0.004335 500.000000 8.361204
1290 0.000003 0.003618 600.000000 8.695652
1290 0.000008 0.003517 700.000000 8.631319
1290 0.000013 0.002493 800.000000 8.781559
1300 0.000053 0.007946 100.000000 8.620689
1300 0.000104 0.008735 200.000000 9.389671
1300 0.000031 0.007278 300.000000 8.595988
1300 0.000022 0.006332 400.000000 9.090909
1300 0.000006 0.005160 500.000000 8.445946
1300 0.000003 0.004438 600.000000 8.759124
1300 0.000007 0.004115 700.000000 8.620689
1300 0.000013 0.002914 800.000000 8.839779
1310 0.000015 0.007889 100.000000 9.090909
1310 0.000021 0.007431 200.000000 9.478673
1310 0.000021 0.006375 300.000000 8.720930
1310 0.000013 0.005390 400.000000 9.195402
1310 0.000012 0.004403 500.000000 8.532423
1310 0.000010 0.003578 600.000000 8.823529
1310 0.000008 0.003325 700.000000 8.641975
1310 0.000008 0.002028 800.000000 8.888889
1320 0.000024 0.007708 100.000000 9.433962
1320 0.000014 0.007815 200.000000 9.049774
1320 0.000018 0.006592 300.000000 8.849558
1320 0.000013 0.005584 400.000000 9.259259
1320 0.000011 0.004548 500.000000 8.605852
1320 0.000011 0.003781 600.000000 8.875740
1320 0.000010 0.003450 700.000000 8.674102
1320 0.000010 0.002114 800.000000 8.938547
1330 0.000021 0.007381 100.000000 9.708738
1330 0.000014 0.007438 200.000000 8.510638
1330 0.000012 0.006205 300.000000 8.928572
1330 0.000011 0.005423 400.000000 9.280743
1330 0.000012 0.004350 500.000000 8.650519
1330 0.000013 0.003676 600.000000 8.902077
1330 0.000013 0.003211 700.000000 8.695652
1330 0.000010 0.001869 800.000000 8.968610
1340 0.000015 0.007324 100.000000 9.900990
1340 0.000021 0.007332 200.000000 8.403361
1340 0.000014 0.006391 300.000000 8.982036
1340 0.000011 0.005778 400.000000 9.280743
1340 0.000012 0.004410 500.000000 8.680555
1340 0.000015 0.003778 600.000000 8.928572
1340 0.000011 0.003191 700.000000 8.717310
1340 0.000008 0.001922 800.000000 8.998875
1350 0.000012 0.006969 100.000000 10.101010
1350 0.000013 0.007079 200.000000 8.368201
1350 0.000014 0.006123 300.000000 9.036144
1350 0.000013 0.005680 400.000000 9.195402
1350 0.000011 0.003876 500.000000 8.710801
1350 0.000016 0.003189 600.000000 8.941877
1350 0.000010 0.002651 700.000000 8.739077
1350 0.000006 0.001533 800.000000 9.009009
1360 0.000018 0.006901 100.000000 10.204082
1360 0.000019 0.007086 200.000000 8.403361
1360 0.000017 0.006017 300.000000 9.063444
1360 0.000014 0.005586 400.000000 9.029346
1360 0.000010 0.003779 500.000000 8.726004
1360 0.000014 0.003131 600.000000 8.968610
1360 0.000009 0.002561 700.000000 8.760951
1360 0.000006 0.001595 800.000000 9.029346
1370 0.000010 0.007165 100.000000 10.526316
1370 0.000021 0.007213 200.000000 8.438819
1370 0.000013 0.006246 300.000000 9.118541
1370 0.000013 0.004992 400.000000 8.658009
1370 0.000011 0.003862 500.000000 8.756567
1370 0.000013 0.003144 600.000000 8.982036
1370 0.000009 0.002513 700.000000 8.782936
1370 0.000006 0.001577 800.000000 9.039548
1380 0.000010 0.007080 100.000000 10.638298
1380 0.000022 0.007023 200.000000 8.474576
1380 0.000014 0.005924 300.000000 9.174312
1380 0.000016 0.004719 400.000000 8.403361
1380 0.000011 0.003652 500.000000 8.771930
1380 0.000014 0.002952 600.000000 8.995502
1380 0.000009 0.002304 700.000000 8.805032
1380 0.000007 0.001446 800.000000 9.049774
1390 0.000017 0.006969 100.000000 10.752688
1390 0.000022 0.006676 200.000000 8.510638
1390 0.000013 0.005487 300.000000 9.202454
1390 0.000017 0.004420 400.000000 8.350731
1390 0.000013 0.003337 500.000000 8.787346
1390 0.000015 0.002724 600.000000 8.995502
1390 0.000008 0.001987 700.000000 8.827238
1390 0.000005 0.001207 800.000000 9.049774
1400 0.000010 0.007605 100.000000 10.752688
1400 0.000016 0.007092 200.000000 8.510638
1400 0.000017 0.005950 300.000000 9.230769
1400 0.000017 0.004665 400.000000 8.350731
1400 0.000014 0.003467 500.000000 8.771930
1400 0.000015 0.002790 600.000000 8.928572
1400 0.000007 0.002036 700.000000 8.838384
1400 0.000005 0.001358 800.000000 9.039548
1410 0.000321 0.011191 100.000000 10.309278
1410 0.000021 0.006911 200.000000 8.510638
1410 0.000015 0.005792 300.000000 9.202454
1410 0.000018 0.004430 400.000000 8.368201
1410 0.000014 0.003317 500.000000 8.771930
1410 0.000010 0.002863 600.000000 8.670520
1410 0.000008 0.001837 700.000000 8.849558
1410 0.000006 0.001316 800.000000 8.978676
1420 0.000033 0.008254 100.000000 9.615385
1420 0.000024 0.006739 200.000000 8.510638
1420 0.000013 0.005470 300.000000 9.174312
1420 0.000017 0.004109 400.000000 8.385744
1420 0.000014 0.003128 500.000000 8.741259
1420 0.000011 0.002821 600.000000 8.559201
1420 0.000009 0.001622 700.000000 8.849558
1420 0.000008 0.001371 800.000000 8.064516
1430 0.000024 0.008111 100.000000 7.575758
1430 0.000014 0.006441 200.000000 8.510638
1430 0.000014 0.005329 300.000000 9.118541
1430 0.000016 0.003671 400.000000 8.385744
1430 0.000015 0.002842 500.000000 8.741259
1430 0.000013 0.002654 600.000000 8.522727
1430 0.000009 0.001458 700.000000 8.860760
1430 0.000011 0.001390 800.000000 7.984032
1440 0.000023 0.007917 100.000000 7.194244
1440 0.000016 0.006440 200.000000 8.547009
1440 0.000013 0.005675 300.000000 9.036144
1440 0.000017 0.003629 400.000000 8.403361
1440 0.000020 0.002842 500.000000 8.726004
1440 0.000011 0.002461 600.000000 8.522727
1440 0.000008 0.001402 700.000000 8.860760
1440 0.000007 0.001304 800.000000 7.968128
1450 0.000020 0.007917 100.000000 7.042253
1450 0.000017 0.006343 200.000000 8.547009
1450 0.000015 0.005852 300.000000 8.849558
1450 0.000014 0.003351 400.000000 8.403361
1450 0.000018 0.002607 500.000000 8.726004
1450 0.000010 0.002174 600.000000 8.534851
1450 0.000007 0.001363 700.000000 8.860760
1450 0.000007 0.001128 800.000000 7.968128
1460 0.000017 0.008193 100.000000 6.993007
1460 0.000015 0.006422 200.000000 8.510638
1460 0.000015 0.004990 300.000000 8.403361
1460 0.000017 0.003223 400.000000 8.385744
1460 0.000018 0.002487 500.000000 8.710801
1460 0.000010 0.001918 600.000000 8.534851
1460 0.000006 0.001314 700.000000 8.849558
1460 0.000006 0.000910 800.000000 7.968128
1470 0.000035 0.007866 100.000000 6.944445
1470 0.000017 0.006291 200.000000 8.510638
1470 0.000026 0.004663 300.000000 7.874016
1470 0.000017 0.003195 400.000000 8.368201
1470 0.000016 0.002422 500.000000 8.710801
1470 0.000010 0.001851 600.000000 8.534851
1470 0.000008 0.001328 700.000000 8.838384
1470 0.000007 0.000745 800.000000 7.968128
1480 0.000020 0.007497 100.000000 6.944445
1480 0.000013 0.005884 200.000000 8.510638
1480 0.000026 0.004323 300.000000 7.731959
1480 0.000018 0.002824 400.000000 8.368201
1480 0.000017 0.002245 500.000000 8.695652
1480 0.000009 0.001628 600.000000 8.547009
1480 0.000006 0.001340 700.000000 8.827238
1480 0.000005 0.000558 800.000000 7.960199
1490 0.000026 0.006806 100.000000 6.944445
1490 0.000016 0.005350 200.000000 8.547009
1490 0.000026 0.003874 300.000000 7.731959
1490 0.000021 0.002561 400.000000 8.368201
1490 0.000020 0.002075 500.000000 8.635578
1490 0.000009 0.001460 600.000000 8.559201
1490 0.000006 0.001332 700.000000 8.827238
1490 0.000005 0.000437 800.000000 7.968128
1500 0.000056 0.010304 100.000000 7.042253
1500 0.000040 0.008651 200.000000 8.620689
1500 0.000046 0.006182 300.000000 7.792208
1500 0.000031 0.004783 400.000000 8.385744
1500 0.000022 0.004481 500.000000 8.488964
1500 0.000009 0.003123 600.000000 8.595988
1500 0.000014 0.002919 700.000000 8.805032
1500 0.000009 0.001024 800.000000 7.984032
1510 0.000327 0.035798 100.000000 7.246377
1510 0.000171 0.034056 200.000000 8.733624
1510 0.000119 0.029182 300.000000 7.874016
1510 0.000082 0.025310 400.000000 8.438819
1510 0.000059 0.020915 500.000000 8.333333
1510 0.000049 0.013162 600.000000 8.645534
1510 0.000047 0.009664 700.000000 8.771930
1510 0.000043 0.003662 800.000000 8.008008
1520 0.000023 0.005652 100.000000 7.462687
1520 0.000020 0.004288 200.000000 8.849558
1520 0.000033 0.002702 300.000000 7.978724
1520 0.000024 0.001739 400.000000 8.510638
1520 0.000013 0.002172 500.000000 8.333333
1520 0.000010 0.001267 600.000000 8.695652
1520 0.000008 0.001567 700.000000 7.874016
1520 0.000004 0.000440 800.000000 8.040201
1530 0.000038 0.005557 100.000000 7.874016
1530 0.000022 0.004107 200.000000 9.090909
1530 0.000032 0.002478 300.000000 8.108109
1530 0.000024 0.001705 400.000000 8.620689
1530 0.000013 0.002119 500.000000 8.403361
1530 0.000010 0.001289 600.000000 8.784773
1530 0.000011 0.001631 700.000000 7.874016
1530 0.000005 0.000445 800.000000 8.088979
1540 0.000029 0.004995 100.000000 8.403361
1540 0.000025 0.003682 200.000000 9.433962
1540 0.000026 0.002243 300.000000 8.310249
1540 0.000022 0.001650 400.000000 8.771930
1540 0.000013 0.002058 500.000000 8.517887
1540 0.000011 0.001255 600.000000 8.888889
1540 0.000009 0.001598 700.000000 7.927520
1540 0.000007 0.000430 800.000000 8.154943
1550 0.000028 0.004898 100.000000 9.009009
1550 0.000016 0.003709 200.000000 9.756098
1550 0.000025 0.002190 300.000000 8.498584
1550 0.000021 0.001652 400.000000 8.908686
1550 0.000015 0.002019 500.000000 8.620689
1550 0.000010 0.001244 600.000000 8.995502
1550 0.000011 0.001626 700.000000 7.990868
1550 0.000007 0.000408 800.000000 8.221993
1560 0.000027 0.005690 100.000000 9.615385
1560 0.000025 0.004534 200.000000 10.050251
1560 0.000027 0.002389 300.000000 8.670520
1560 0.000020 0.002074 400.000000 9.049774
1560 0.000013 0.002297 500.000000 8.726004
1560 0.000008 0.001766 600.000000 9.090909
1560 0.000014 0.001974 700.000000 8.036739
1560 0.000007 0.000521 800.000000 8.281573
1570 0.000039 0.005685 100.000000 10.000000
1570 0.000018 0.004777 200.000000 10.256411
1570 0.000026 0.002198 300.000000 8.797654
1570 0.000020 0.001878 400.000000 9.132421
1570 0.000013 0.002114 500.000000 8.787346
1570 0.000007 0.001741 600.000000 9.160305
1570 0.000010 0.001907 700.000000 8.064516
1570 0.000007 0.000471 800.000000 8.316009
1580 0.000014 0.005565 100.000000 10.416667
1580 0.000022 0.004906 200.000000 10.256411
1580 0.000029 0.001984 300.000000 8.875740
1580 0.000026 0.001783 400.000000 9.195402
1580 0.000013 0.001942 500.000000 8.833922
1580 0.000008 0.001669 600.000000 9.202454
1580 0.000006 0.001752 700.000000 8.083141
1580 0.000005 0.000429 800.000000 8.350731
1590 0.000023 0.005286 100.000000 10.638298
1590 0.000021 0.005000 200.000000 10.050251
1590 0.000025 0.001902 300.000000 8.928572
1590 0.000025 0.001978 400.000000 9.237875
1590 0.000011 0.001936 500.000000 8.880995
1590 0.000007 0.001871 600.000000 9.230769
1590 0.000006 0.001718 700.000000 8.101851
1590 0.000006 0.000444 800.000000 8.368201
1600 0.000018 0.005062 100.000000 10.752688
1600 0.000034 0.004556 200.000000 9.433962
1600 0.000033 0.001694 300.000000 8.928572
1600 0.000028 0.001657 400.000000 9.259259
1600 0.000014 0.001516 500.000000 8.896797
1600 0.000009 0.001752 600.000000 9.244992
1600 0.000004 0.001481 700.000000 8.111239
1600 0.000005 0.000489 800.000000 8.376964
1610 0.000014 0.005483 100.000000 10.752688
1610 0.000051 0.003618 200.000000 8.510638
1610 0.000034 0.001677 300.000000 8.955224
1610 0.000027 0.002045 400.000000 9.259259
1610 0.000012 0.001753 500.000000 8.912656
1610 0.000008 0.002087 600.000000 9.244992
1610 0.000003 0.001483 700.000000 8.120649
1610 0.000004 0.000472 800.000000 8.376964
1620 0.000024 0.005023 100.000000 10.869565
1620 0.000044 0.003355 200.000000 8.196721
1620 0.000032 0.001416 300.000000 8.955224
1620 0.000027 0.001604 400.000000 9.259259
1620 0.000013 0.001387 500.000000 8.944544
1620 0.000009 0.001933 600.000000 9.244992
1620 0.000004 0.001255 700.000000 8.120649
1620 0.000008 0.000503 800.000000 8.368201
1630 0.000035 0.004873 100.000000 10.869565
1630 0.000055 0.002948 200.000000 8.130081
1630 0.000034 0.001456 300.000000 8.928572
1630 0.000032 0.002249 400.000000 9.195402
1630 0.000012 0.001791 500.000000 8.960573
1630 0.000010 0.002232 600.000000 9.216590
1630 0.000003 0.001268 700.000000 8.120649
1630 0.000007 0.000560 800.000000 8.368201
1640 0.000034 0.004804 100.000000 10.869565
1640 0.000054 0.002755 200.000000 8.163265
1640 0.000035 0.001103 300.000000 8.928572
1640 0.000024 0.002112 400.000000 8.908686
1640 0.000013 0.001712 500.000000 8.960573
1640 0.000012 0.002418 600.000000 9.174312
1640 0.000003 0.001300 700.000000 8.120649
1640 0.000007 0.000777 800.000000 8.376964
1650 0.000042 0.003890 100.000000 10.752688
1650 0.000060 0.002006 200.000000 8.196721
1650 0.000040 0.001966 300.000000 8.875740
1650 0.000020 0.003076 400.000000 8.583691
1650 0.000014 0.002405 500.000000 8.976661
1650 0.000014 0.002859 600.000000 8.941877
1650 0.000004 0.001445 700.000000 8.111239
1650 0.000007 0.000872 800.000000 8.376964
1660 0.000033 0.004000 100.000000 10.526316
1660 0.000053 0.001547 200.000000 8.196721
1660 0.000036 0.001320 300.000000 8.849558
1660 0.000022 0.002412 400.000000 8.510638
1660 0.000014 0.002245 500.000000 8.976661
1660 0.000014 0.002629 600.000000 7.822686
1660 0.000005 0.001388 700.000000 8.111239
1660 0.000006 0.000980 800.000000 8.368201
1670 0.000029 0.005137 100.000000 10.204082
1670 0.000049 0.001651 200.000000 8.230453
1670 0.000037 0.001117 300.000000 8.823529
1670 0.000022 0.001887 400.000000 8.492569
1670 0.000013 0.002189 500.000000 8.976661
1670 0.000008 0.002560 600.000000 7.792208
1670 0.000006 0.001327 700.000000 8.111239
1670 0.000010 0.001061 800.000000 8.350731
1680 0.000028 0.006116 100.000000 9.708738
1680 0.000053 0.000919 200.000000 8.230453
1680 0.000040 0.001434 300.000000 8.823529
1680 0.000019 0.002124 400.000000 8.492569
1680 0.000014 0.002790 500.000000 8.976661
1680 0.000006 0.002747 600.000000 7.782101
1680 0.000007 0.001480 700.000000 8.111239
1680 0.000009 0.001266 800.000000 8.342023
1690 0.000045 0.005681 100.000000 8.620689
1690 0.000051 0.001105 200.000000 8.196721
1690 0.000041 0.002450 300.000000 8.823529
1690 0.000018 0.002651 400.000000 8.510638
1690 0.000014 0.003105 500.000000 8.976661
1690 0.000005 0.002716 600.000000 7.782101
1690 0.000005 0.001498 700.000000 8.111239
1690 0.000007 0.001252 800.000000 8.333333
1700 0.000087 0.003770 100.000000 7.042253
1700 0.000048 0.001209 200.000000 8.196721
1700 0.000037 0.002278 300.000000 8.797654
1700 0.000021 0.002269 400.000000 8.510638
1700 0.000013 0.003018 500.000000 8.960573
1700 0.000005 0.002459 600.000000 7.782101
1700 0.000009 0.001429 700.000000 8.101851
1700 0.000009 0.001410 800.000000 8.333333
1710 0.000096 0.004617 100.000000 6.493506
1710 0.000054 0.000959 200.000000 8.163265
1710 0.000039 0.001821 300.000000 8.771930
1710 0.000022 0.002158 400.000000 8.528785
1710 0.000016 0.003185 500.000000 8.944544
1710 0.000008 0.002532 600.000000 7.782101
1710 0.000011 0.001796 700.000000 8.092485
1710 0.000014 0.001737 800.000000 8.333333
1720 0.000098 0.002731 100.000000 6.410256
1720 0.000045 0.001460 200.000000 8.130081
1720 0.000040 0.002600 300.000000 8.695652
1720 0.000019 0.002451 400.000000 8.547009
1720 0.000012 0.003163 500.000000 8.928572
1720 0.000004 0.002154 600.000000 7.772021
1720 0.000011 0.001424 700.000000 8.083141
1720 0.000010 0.001345 800.000000 8.333333
1730 0.000099 0.002454 100.000000 6.451613
1730 0.000047 0.001161 200.000000 8.130081
1730 0.000032 0.002645 300.000000 8.379889
1730 0.000020 0.002659 400.000000 8.547009
1730 0.000015 0.003561 500.000000 8.865249
1730 0.000006 0.002296 600.000000 7.772021
1730 0.000011 0.001679 700.000000 8.092485
1730 0.000012 0.001668 800.000000 8.324662
1740 0.000108 0.002147 100.000000 6.535948
1740 0.000052 0.001343 200.000000 8.130081
1740 0.000032 0.003195 300.000000 8.021390
1740 0.000023 0.003284 400.000000 8.583691
1740 0.000018 0.004135 500.000000 8.695652
1740 0.000006 0.002573 600.000000 7.782101
1740 0.000012 0.001859 700.000000 8.101851
1740 0.000012 0.001785 800.000000 8.316009
1750 0.000092 0.001999 100.000000 6.622517
1750 0.000051 0.000542 200.000000 8.130081
1750 0.000029 0.002460 300.000000 7.978724
1750 0.000028 0.002982 400.000000 8.620689
1750 0.000016 0.003668 500.000000 7.440476
1750 0.000009 0.002486 600.000000 7.792208
1750 0.000014 0.002040 700.000000 8.111239
1750 0.000013 0.002182 800.000000 8.324662
1760 0.000091 0.002027 100.000000 6.711410
1760 0.000055 0.001162 200.000000 8.163265
1760 0.000032 0.002646 300.000000 7.978724
1760 0.000023 0.003253 400.000000 8.658009
1760 0.000015 0.003770 500.000000 7.418397
1760 0.000008 0.002380 600.000000 7.802341
1760 0.000012 0.001931 700.000000 8.120649
1760 0.000012 0.002154 800.000000 8.342023
1770 0.000092 0.002108 100.000000 6.849315
1770 0.000061 0.001692 200.000000 8.230453
1770 0.000028 0.002861 300.000000 8.042895
1770 0.000022 0.004024 400.000000 8.695652
1770 0.000012 0.004150 500.000000 7.429420
1770 0.000010 0.002739 600.000000 7.832898
1770 0.000015 0.002391 700.000000 8.130081
1770 0.000014 0.002669 800.000000 8.368201
1780 0.000093 0.003273 100.000000 7.042253
1780 0.000058 0.003109 200.000000 8.368201
1780 0.000028 0.003546 300.000000 8.108109
1780 0.000020 0.004608 400.000000 8.771930
1780 0.000010 0.004407 500.000000 7.462687
1780 0.000011 0.002854 600.000000 7.874016
1780 0.000014 0.002456 700.000000 8.158508
1780 0.000013 0.002673 800.000000 8.403361
1790 0.000104 0.004011 100.000000 7.246377
1790 0.000066 0.004153 200.000000 8.547009
1790 0.000034 0.004641 300.000000 8.219178
1790 0.000023 0.005427 400.000000 8.869180
1790 0.000008 0.005062 500.000000 7.518797
1790 0.000010 0.003342 600.000000 7.926024
1790 0.000014 0.002704 700.000000 8.196721
1790 0.000015 0.002636 800.000000 8.447730
1800 0.000105 0.003555 100.000000 7.575758
1800 0.000065 0.003861 200.000000 8.733624
1800 0.000033 0.004263 300.000000 8.356546
1800 0.000022 0.005109 400.000000 8.968610
1800 0.000008 0.004639 500.000000 7.587254
1800 0.000011 0.003132 600.000000 7.978724
1800 0.000013 0.002591 700.000000 8.244994
1800 0.000015 0.002530 800.000000 8.501594
1810 0.000127 0.002934 100.000000 7.936508
1810 0.000083 0.004166 200.000000 9.009009
1810 0.000047 0.004327 300.000000 8.522727
1810 0.000030 0.005090 400.000000 9.111617
1810 0.000014 0.004910 500.000000 7.656968
1810 0.000017 0.003813 600.000000 8.053691
1810 0.000016 0.003361 700.000000 8.313540
1810 0.000018 0.003381 800.000000 8.565310
1820 0.000084 0.000793 100.000000 8.474576
1820 0.000056 0.001662 200.000000 9.302325
1820 0.000031 0.002359 300.000000 8.720930
1820 0.000023 0.003724 400.000000 9.259259
1820 0.000013 0.003460 500.000000 7.751938
1820 0.000015 0.002562 600.000000 8.130081
1820 0.000013 0.002671 700.000000 8.383233
1820 0.000017 0.003037 800.000000 8.629990
1830 0.000068 0.004750 100.000000 9.009009
1830 0.000053 0.004560 200.000000 9.615385
1830 0.000042 0.003099 300.000000 8.902077
1830 0.000030 0.003163 400.000000 9.411765
1830 0.000021 0.002738 500.000000 7.836991
1830 0.000023 0.002340 600.000000 8.207934
1830 0.000021 0.003106 700.000000 8.464329
1830 0.000020 0.004001 800.000000 8.695652
1840 0.000059 0.004129 100.000000 9.615385
1840 0.000051 0.004306 200.000000 9.950249
1840 0.000039 0.003342 300.000000 9.118541
1840 0.000026 0.003461 400.000000 9.569378
1840 0.000021 0.002660 500.000000 7.923930
1840 0.000022 0.001875 600.000000 8.287292
1840 0.000017 0.002478 700.000000 8.536586
1840 0.000019 0.003259 800.000000 8.771930
1850 0.000053 0.005778 100.000000 10.204082
1850 0.000052 0.005761 200.000000 10.309278
1850 0.000039 0.004640 300.000000 9.287926
1850 0.000028 0.004217 400.000000 9.708738
1850 0.000024 0.002908 500.000000 8.012820
1850 0.000022 0.001681 600.000000 8.356546
1850 0.000018 0.002069 700.000000 8.610086
1850 0.000019 0.002943 800.000000 8.830022
1860 0.000045 0.004744 100.000000 10.752688
1860 0.000046 0.005160 200.000000 10.526316
1860 0.000035 0.004374 300.000000 9.433962
1860 0.000024 0.004318 400.000000 9.828010
1860 0.000022 0.002823 500.000000 8.064516
1860 0.000021 0.001348 600.000000 8.403361
1860 0.000018 0.001618 700.000000 8.663366
1860 0.000018 0.002482 800.000000 8.879024
1870 0.000031 0.004858 100.000000 10.869565
1870 0.000039 0.005394 200.000000 10.582010
1870 0.000034 0.004623 300.000000 9.523809
1870 0.000021 0.004718 400.000000 9.852217
1870 0.000022 0.002798 500.000000 8.090615
1870 0.000021 0.001027 600.000000 8.426967
1870 0.000019 0.001427 700.000000 8.684863
1880 0.000025 0.004897 100.000000 10.869565
1880 0.000027 0.005397 200.000000 10.152285
1880 0.000034 0.004627 300.000000 9.554140
1880 0.000015 0.005117 400.000000 9.803922
1880 0.000024 0.002735 500.000000 8.090615
1880 0.000019 0.001053 600.000000 8.426967
1880 0.000017 0.001525 700.000000 8.674102
1890 0.000033 0.005756 100.000000 10.638298
1890 0.000036 0.005912 200.000000 9.049774
1890 0.000039 0.004732 300.000000 9.523809
1890 0.000015 0.005291 400.000000 9.546539
1890 0.000024 0.002366 500.000000 8.077544
1890 0.000020 0.001103 600.000000 8.426967
1890 0.000018 0.001947 700.000000 8.641975
1900 0.000025 0.005739 100.000000 10.416667
1900 0.000042 0.005518 200.000000 8.810573
1900 0.000033 0.004667 300.000000 9.523809
1900 0.000029 0.004887 400.000000 7.648183
1900 0.000026 0.002096 500.000000 8.051530
1900 0.000021 0.001461 600.000000 8.415147
1900 0.000017 0.002473 700.000000 8.631319
1910 0.000040 0.005155 100.000000 10.204082
1910 0.000052 0.005519 200.000000 8.733624
1910 0.000031 0.005172 300.000000 9.523809
1910 0.000032 0.004945 400.000000 7.575758
1910 0.000026 0.001972 500.000000 8.038586
1910 0.000021 0.001256 600.000000 8.391608
1910 0.000018 0.002372 700.000000 8.620689
1920 0.000066 0.005517 100.000000 10.204082
1920 0.000047 0.005593 200.000000 8.733624
1920 0.000032 0.005532 300.000000 9.523809
1920 0.000031 0.004680 400.000000 7.561437
1920 0.000027 0.001798 500.000000 8.051530
1920 0.000021 0.001552 600.000000 8.368201
1920 0.000019 0.002785 700.000000 8.620689
1930 0.000060 0.005674 100.000000 10.204082
1930 0.000047 0.005184 200.000000 8.771930
1930 0.000030 0.005325 300.000000 9.523809
1930 0.000030 0.004211 400.000000 7.561437
1930 0.000026 0.001704 500.000000 8.051530
1930 0.000021 0.002044 600.000000 8.356546
1930 0.000020 0.003188 700.000000 8.631319
1940 0.000053 0.005119 100.000000 10.204082
1940 0.000039 0.004467 200.000000 8.810573
1940 0.000025 0.005020 300.000000 9.523809
1940 0.000026 0.003668 400.000000 7.575758
1940 0.000024 0.001631 500.000000 8.051530
1940 0.000020 0.002192 600.000000 8.368201
1940 0.000018 0.003132 700.000000 8.641975
1950 0.000047 0.005533 100.000000 10.204082
1950 0.000043 0.004709 200.000000 8.849558
1950 0.000028 0.005286 300.000000 9.523809
1950 0.000028 0.003489 400.000000 7.575758
1950 0.000022 0.001876 500.000000 8.038586
1950 0.000021 0.002460 600.000000 8.368201
1950 0.000019 0.003508 700.000000 8.652658
1960 0.000047 0.006022 100.000000 10.101010
1960 0.000043 0.004600 200.000000 8.888889
1960 0.000025 0.005300 300.000000 9.493670
1960 0.000027 0.003332 400.000000 7.575758
1960 0.000024 0.002319 500.000000 8.038586
1960 0.000022 0.003028 600.000000 8.379889
1970 0.000029 0.006557 100.000000 9.433962
1970 0.000051 0.004570 200.000000 8.968610
1970 0.000023 0.005699 300.000000 9.463722
1970 0.000032 0.003399 400.000000 7.590133
1970 0.000025 0.002871 500.000000 8.051530
1970 0.000022 0.003762 600.000000 8.379889
1980 0.000047 0.005120 100.000000 8.000000
1980 0.000047 0.004193 200.000000 9.009009
1980 0.000021 0.005574 300.000000 9.287926
1980 0.000032 0.003321 400.000000 7.590133
1980 0.000025 0.003472 500.000000 8.064516
1980 0.000022 0.004429 600.000000 8.368201
1990 0.000083 0.005264 100.000000 7.633588
1990 0.000043 0.004957 200.000000 9.049774
1990 0.000034 0.005753 300.000000 7.109005
1990 0.000033 0.003168 400.000000 7.604563
1990 0.000026 0.003218 500.000000 8.077544
1990 0.000023 0.004191 600.000000 8.368201
2000 0.000085 0.005318 100.000000 7.518797
2000 0.000049 0.005546 200.000000 9.132421
2000 0.000054 0.005693 300.000000 6.976744
2000 0.000035 0.003456 400.000000 7.604563
2000 0.000026 0.003913 500.000000 8.077544
2000 0.000024 0.005085 600.000000 8.379889
2010 0.000081 0.006649 100.000000 7.575758
2010 0.000046 0.007509 200.000000 9.132421
2010 0.000051 0.006583 300.000000 6.944445
2010 0.000036 0.004554 400.000000 7.619048
2010 0.000028 0.004822 500.000000 8.064516
2010 0.000025 0.005779 600.000000 8.391608
2020 0.000058 0.006405 100.000000 7.575758
2020 0.000043 0.008139 200.000000 9.174312
2020 0.000046 0.007037 300.000000 6.944445
2020 0.000036 0.005500 400.000000 7.633588
2020 0.000023 0.005928 500.000000 8.051530
2020 0.000024 0.006754 600.000000 8.403361
2030 0.000054 0.006095 100.000000 7.633588
2030 0.000044 0.007990 200.000000 9.132421
2030 0.000044 0.006977 300.000000 6.944445
2030 0.000032 0.005766 400.000000 7.633588
2030 0.000026 0.006568 500.000000 8.051530
2030 0.000026 0.007464 600.000000 8.403361
2040 0.000081 0.006066 100.000000 7.692307
2040 0.000043 0.007771 200.000000 9.132421
2040 0.000042 0.006497 300.000000 6.944445
2040 0.000031 0.005674 400.000000 7.619048
2040 0.000027 0.006394 500.000000 8.051530
2040 0.000025 0.007272 600.000000 8.415147
2050 0.000079 0.006030 100.000000 7.751938
2050 0.000048 0.007787 200.000000 9.132421
2050 0.000046 0.006621 300.000000 6.960557
2050 0.000031 0.006446 400.000000 7.619048
2050 0.000029 0.007142 500.000000 8.064516
2060 0.000091 0.006508 100.000000 7.936508
2060 0.000048 0.008352 200.000000 9.174312
2060 0.000048 0.006884 300.000000 6.993007
2060 0.000032 0.006858 400.000000 7.648183
2060 0.000029 0.007495 500.000000 8.090615
2070 0.000093 0.006246 100.000000 8.196721
2070 0.000045 0.008047 200.000000 9.302325
2070 0.000048 0.006880 300.000000 7.058824
2070 0.000035 0.007147 400.000000 7.707129
2070 0.000031 0.007911 500.000000 8.143323
2080 0.000088 0.005279 100.000000 8.620689
2080 0.000033 0.007347 200.000000 9.478673
2080 0.000043 0.005520 300.000000 7.142857
2080 0.000030 0.005709 400.000000 7.797271
2080 0.000026 0.006480 500.000000 8.210180
2090 0.000063 0.006074 100.000000 9.259259
2090 0.000020 0.007884 200.000000 9.756098
2090 0.000036 0.005003 300.000000 7.263923
2090 0.000024 0.004421 400.000000 7.905138
2090 0.000021 0.004819 500.000000 8.305648
2100 0.000057 0.007031 100.000000 9.900990
2100 0.000018 0.008561 200.000000 9.950249
2100 0.000039 0.005629 300.000000 7.389163
2100 0.000023 0.004952 400.000000 8.016032
2100 0.000020 0.005261 500.000000 8.389262
2110 0.000054 0.007697 100.000000 10.526316
2110 0.000018 0.009007 200.000000 9.950249
2110 0.000033 0.005860 300.000000 7.500000
2110 0.000017 0.005271 400.000000 8.113590
2110 0.000019 0.005427 500.000000 8.474576
2120 0.000018 0.009464 100.000000 10.989011
2120 0.000050 0.009395 200.000000 6.849315
2120 0.000033 0.006771 300.000000 7.575758
2120 0.000018 0.006280 400.000000 8.179959
2120 0.000017 0.006191 500.000000 8.517887
2130 0.000044 0.010333 100.000000 11.235955
2130 0.000076 0.009108 200.000000 6.688963
2130 0.000037 0.007243 300.000000 7.594937
2130 0.000021 0.007115 400.000000 8.213552
2130 0.000021 0.007384 500.000000 8.547009
2140 0.000047 0.010630 100.000000 11.363636
2140 0.000059 0.008370 200.000000 6.644518
2140 0.000034 0.007137 300.000000 7.614213
2140 0.000021 0.007264 400.000000 8.196721
2140 0.000020 0.007412 500.000000 8.561644
2150 0.000044 0.010055 100.000000 11.363636
2150 0.000048 0.007422 200.000000 6.622517
2150 0.000031 0.006195 300.000000 7.614213
2150 0.000016 0.006573 400.000000 8.146640
2150 0.000019 0.006905 500.000000 8.561644
2160 0.000036 0.009434 100.000000 11.235955
2160 0.000047 0.006844 200.000000 6.622517
2160 0.000028 0.005174 300.000000 7.594937
2160 0.000021 0.005706 400.000000 8.130081
2160 0.000020 0.006099 500.000000 8.561644
2170 0.000025 0.009260 100.000000 11.111111
2170 0.000039 0.006500 200.000000 6.600660
2170 0.000022 0.005420 300.000000 7.575758
2170 0.000016 0.005613 400.000000 8.130081
2170 0.000017 0.005935 500.000000 8.547009
2180 0.000030 0.009370 100.000000 10.869565
2180 0.000039 0.006511 200.000000 6.578948
2180 0.000017 0.005869 300.000000 7.537688
2180 0.000017 0.005910 400.000000 8.130081
2190 0.000037 0.009643 100.000000 10.526316
2190 0.000039 0.006310 200.000000 6.557377
2190 0.000016 0.005837 300.000000 7.518797
2190 0.000017 0.005967 400.000000 8.097166
2200 0.000044 0.010104 100.000000 9.900990
2200 0.000042 0.006595 200.000000 6.535948
2200 0.000014 0.006369 300.000000 7.518797
2200 0.000015 0.006351 400.000000 8.064516
2210 0.000101 0.008933 100.000000 4.901961
2210 0.000046 0.006584 200.000000 6.514658
2210 0.000019 0.006788 300.000000 7.518797
2210 0.000020 0.006659 400.000000 8.032128
2220 0.000118 0.007527 100.000000 4.694836
2220 0.000044 0.006351 200.000000 6.493506
2220 0.000014 0.006698 300.000000 7.481297
2220 0.000014 0.006607 400.000000 8.032128
2230 0.000081 0.005283 100.000000 4.651163
2230 0.000035 0.005923 200.000000 6.493506
2230 0.000016 0.006297 300.000000 7.444169
2230 0.000015 0.006258 400.000000 8.032128
2240 0.000073 0.004521 100.000000 4.651163
2240 0.000033 0.005849 200.000000 6.514658
2240 0.000019 0.006266 300.000000 7.425743
2240 0.000017 0.006393 400.000000 8.048289
2250 0.000074 0.005074 100.000000 4.651163
2250 0.000026 0.005571 200.000000 6.514658
2250 0.000012 0.005823 300.000000 7.425743
2250 0.000016 0.005925 400.000000 8.064516
2260 0.000068 0.005688 100.000000 4.672897
2260 0.000021 0.006118 200.000000 6.514658
2260 0.000013 0.005898 300.000000 7.444169
2260 0.000016 0.006020 400.000000 8.064516
2270 0.000059 0.006546 100.000000 4.672897
2270 0.000016 0.006716 200.000000 6.493506
2270 0.000016 0.006119 300.000000 7.462687
2280 0.000074 0.006657 100.000000 4.716981
2280 0.000024 0.006753 200.000000 6.535948
2280 0.000020 0.006151 300.000000 7.481297
2290 0.000084 0.007565 100.000000 4.761905
2290 0.000035 0.007238 200.000000 6.578948
2290 0.000021 0.006462 300.000000 7.518797
2300 0.000093 0.009242 100.000000 4.854369
2300 0.000031 0.008254 200.000000 6.688963
2300 0.000023 0.007356 300.000000 7.575758
2310 0.000083 0.009711 100.000000 5.000000
2310 0.000026 0.008509 200.000000 6.825939
2310 0.000025 0.007495 300.000000 7.692307
2320 0.000103 0.009663 100.000000 5.181347
2320 0.000032 0.008525 200.000000 7.017544
2320 0.000026 0.007624 300.000000 7.832898
2330 0.000097 0.010279 100.000000 5.434783
2330 0.000030 0.008964 200.000000 7.246377
2330 0.000024 0.007887 300.000000 8.021390
2340 0.000095 0.010192 100.000000 5.747127
2340 0.000030 0.008956 200.000000 7.518797
2340 0.000025 0.007910 300.000000 8.241758
2350 0.000096 0.010171 100.000000 6.097561
2350 0.000030 0.009114 200.000000 7.812500
2350 0.000025 0.008097 300.000000 8.474576
2360 0.000099 0.009660 100.000000 6.493506
2360 0.000031 0.008679 200.000000 8.130081
2360 0.000025 0.007737 300.000000 8.720930
2370 0.000096 0.009113 100.000000 6.944445
2370 0.000030 0.008179 200.000000 8.474576
2370 0.000024 0.007280 300.000000 8.982036
2380 0.000095 0.008593 100.000000 7.462687
2380 0.000030 0.007699 200.000000 8.849558
2380 0.000024 0.006852 300.000000 9.259259
2390 0.000093 0.008475 100.000000 8.064516
2390 0.000029 0.007551 200.000000 9.259259
2390 0.000023 0.006691 300.000000 9.554140
2400 0.000086 0.007893 100.000000 8.771930
2400 0.000028 0.006697 200.000000 9.708738
2400 0.000021 0.005785 300.000000 9.868421
2410 0.000076 0.006435 100.000000 9.433962
2410 0.000035 0.005044 200.000000 10.101010
2410 0.000024 0.004438 300.000000 10.101010
2420 0.000071 0.006647 100.000000 10.000000
2420 0.000043 0.004932 200.000000 10.362695
2420 0.000025 0.004662 300.000000 10.309278
2430 0.000066 0.007526 100.000000 10.416667
2430 0.000042 0.005896 200.000000 10.582010
2430 0.000028 0.005374 300.000000 10.452962
2440 0.000036 0.007824 100.000000 10.638298
2440 0.000032 0.006194 200.000000 10.582010
2440 0.000024 0.004687 300.000000 10.526316
2450 0.000024 0.007814 100.000000 10.638298
2450 0.000028 0.006611 200.000000 10.526316
2450 0.000024 0.005360 300.000000 10.563380
2460 0.000036 0.006155 100.000000 10.638298
2460 0.000024 0.005495 200.000000 10.471204
2460 0.000026 0.004834 300.000000 10.600707
2470 0.000041 0.006748 100.000000 10.638298
2470 0.000029 0.005536 200.000000 10.526316
2470 0.000030 0.004987 300.000000 10.600707
2480 0.000042 0.006041 100.000000 10.526316
2480 0.000035 0.004648 200.000000 10.526316
2490 0.000065 0.005580 100.000000 10.526316
2490 0.000033 0.004597 200.000000 10.526316
2500 0.000058 0.005319 100.000000 10.526316
2500 0.000035 0.004471 200.000000 10.471204
2510 0.000061 0.005695 100.000000 10.638298
2510 0.000034 0.004469 200.000000 10.416667
2520 0.000056 0.006176 100.000000 10.638298
2520 0.000028 0.004915 200.000000 10.416667
2530 0.000066 0.006438 100.000000 10.526316
2530 0.000033 0.005086 200.000000 10.416667
2540 0.000048 0.006696 100.000000 10.204082
2540 0.000031 0.005422 200.000000 10.416667
2550 0.000028 0.007270 100.000000 10.101010
2550 0.000030 0.006037 200.000000 10.471204
2560 0.000028 0.006923 100.000000 10.204082
2560 0.000028 0.006259 200.000000 10.526316
2570 0.000025 0.005324 100.000000 10.309278
2570 0.000025 0.005651 200.000000 10.582010
2580 0.000032 0.006632 100.000000 10.416667
2590 0.000024 0.006244 100.000000 10.309278
2600 0.000022 0.005113 100.000000 10.101010
2610 0.000040 0.006219 100.000000 10.000000
2620 0.000029 0.005611 100.000000 10.101010
2630 0.000015 0.004323 100.000000 10.309278
2640 0.000042 0.005665 100.000000 10.526316
2650 0.000041 0.005345 100.000000 10.638298
2660 0.000041 0.005877 100.000000 10.638298
