0 0.000068 0.005219 100.000000 5.780347
0 0.000065 0.004451 200.000000 6.369427
0 0.000043 0.004471 300.000000 6.726458
0 0.000011 0.002572 400.000000 6.908463
0 0.000011 0.002190 500.000000 6.297229
0 0.000017 0.001460 600.000000 6.741573
10 0.000081 0.004533 100.000000 6.097561
10 0.000048 0.005067 200.000000 6.451613
10 0.000041 0.004953 300.000000 6.849315
10 0.000014 0.002886 400.000000 7.017544
10 0.000013 0.002318 500.000000 6.369427
10 0.000018 0.001396 600.000000 6.802721
20 0.000093 0.002971 100.000000 6.369427
20 0.000032 0.005079 200.000000 6.493506
20 0.000037 0.005144 300.000000 6.960557
20 0.000014 0.003183 400.000000 7.117438
20 0.000015 0.002457 500.000000 6.435007
20 0.000021 0.001517 600.000000 6.857143
30 0.000142 0.000974 100.000000 6.622517
30 0.000067 0.007414 200.000000 6.535948
30 0.000046 0.007306 300.000000 7.042253
30 0.000021 0.004650 400.000000 7.207207
30 0.000026 0.003295 500.000000 6.501951
30 0.000024 0.001157 600.000000 6.888634
40 0.000161 0.000430 100.000000 6.849315
40 0.000066 0.006247 200.000000 6.578948
40 0.000041 0.007174 300.000000 7.075472
40 0.000022 0.004734 400.000000 7.299270
40 0.000029 0.003355 500.000000 6.561680
40 0.000022 0.001052 600.000000 6.912442
50 0.000166 0.002158 100.000000 7.042253
50 0.000072 0.005249 200.000000 6.600660
50 0.000039 0.005574 300.000000 7.058824
50 0.000018 0.004355 400.000000 7.366483
50 0.000030 0.003180 500.000000 6.605020
50 0.000018 0.001227 600.000000 6.896552
60 0.000179 0.002365 100.000000 7.092198
60 0.000076 0.004864 200.000000 6.622517
60 0.000045 0.005851 300.000000 6.993007
60 0.000019 0.004513 400.000000 7.407407
60 0.000030 0.003147 500.000000 6.640106
60 0.000016 0.001191 600.000000 6.880734
70 0.000177 0.001579 100.000000 7.142857
70 0.000091 0.005105 200.000000 6.644518
70 0.000045 0.006301 300.000000 6.944445
70 0.000020 0.004582 400.000000 7.421150
70 0.000029 0.003015 500.000000 6.666667
70 0.000016 0.001085 600.000000 6.872852
80 0.000196 0.001927 100.000000 7.142857
80 0.000089 0.004719 200.000000 6.688963
80 0.000047 0.005965 300.000000 6.928406
80 0.000021 0.004747 400.000000 7.434944
80 0.000029 0.002954 500.000000 6.684492
80 0.000016 0.001060 600.000000 6.864988
90 0.000194 0.002296 100.000000 7.142857
90 0.000083 0.005224 200.000000 6.711410
90 0.000050 0.006184 300.000000 6.944445
90 0.000021 0.005075 400.000000 7.434944
90 0.000031 0.002794 500.000000 6.711410
90 0.000016 0.001029 600.000000 6.857143
100 0.000172 0.002308 100.000000 7.092198
100 0.000078 0.005765 200.000000 6.756757
100 0.000041 0.006122 300.000000 6.960557
100 0.000022 0.005043 400.000000 7.299270
100 0.000031 0.002529 500.000000 6.729475
100 0.000014 0.001048 600.000000 6.833713
110 0.000182 0.002642 100.000000 7.092198
110 0.000075 0.006226 200.000000 6.802721
110 0.000040 0.006040 300.000000 6.993007
110 0.000025 0.004469 400.000000 6.220840
110 0.000031 0.002349 500.000000 6.756757
110 0.000017 0.000967 600.000000 6.810442
120 0.000170 0.003920 100.000000 7.142857
120 0.000071 0.006414 200.000000 6.872852
120 0.000035 0.005712 300.000000 7.025761
120 0.000031 0.004502 400.000000 6.211180
120 0.000031 0.002328 500.000000 6.793478
120 0.000014 0.001073 600.000000 6.779661
130 0.000135 0.004521 100.000000 7.352941
130 0.000042 0.004781 200.000000 6.993007
130 0.000028 0.004844 300.000000 7.092198
130 0.000035 0.004040 400.000000 6.250000
130 0.000028 0.003005 500.000000 6.839945
130 0.000011 0.001779 600.000000 6.726458
140 0.000050 0.008589 100.000000 7.575758
140 0.000018 0.003339 200.000000 7.142857
140 0.000038 0.003464 300.000000 7.177033
140 0.000035 0.004216 400.000000 6.299212
140 0.000028 0.004183 500.000000 6.896552
140 0.000014 0.002405 600.000000 6.666667
150 0.000059 0.005137 100.000000 7.751938
150 0.000040 0.004590 200.000000 7.246377
150 0.000028 0.003686 300.000000 7.263923
150 0.000024 0.003992 400.000000 6.339144
150 0.000023 0.003663 500.000000 6.934813
150 0.000008 0.001818 600.000000 6.593407
160 0.000086 0.002876 100.000000 7.692307
160 0.000055 0.005442 200.000000 7.299270
160 0.000023 0.003852 300.000000 7.317073
160 0.000013 0.003872 400.000000 6.379585
160 0.000021 0.003274 500.000000 6.963789
160 0.000006 0.001217 600.000000 6.535948
170 0.000087 0.004394 100.000000 7.142857
170 0.000059 0.005635 200.000000 7.272727
170 0.000025 0.003837 300.000000 7.352941
170 0.000010 0.003944 400.000000 6.420546
170 0.000020 0.003270 500.000000 6.963789
180 0.000079 0.005508 100.000000 6.369427
180 0.000047 0.005399 200.000000 7.220217
180 0.000028 0.003839 300.000000 7.407407
180 0.000011 0.004088 400.000000 6.451613
180 0.000016 0.003418 500.000000 6.925208
190 0.000103 0.005286 100.000000 6.172840
190 0.000037 0.005393 200.000000 7.067138
190 0.000035 0.004121 300.000000 7.444169
190 0.000011 0.004478 400.000000 6.493506
190 0.000019 0.003675 500.000000 6.868132
200 0.000106 0.005226 100.000000 6.134969
200 0.000027 0.005556 200.000000 6.872852
200 0.000036 0.004384 300.000000 7.481297
200 0.000012 0.004791 400.000000 6.514658
200 0.000018 0.003716 500.000000 6.821282
210 0.000116 0.004309 100.000000 6.172840
210 0.000022 0.005315 200.000000 6.802721
210 0.000035 0.004559 300.000000 7.500000
210 0.000012 0.005031 400.000000 6.546645
210 0.000020 0.003846 500.000000 6.802721
220 0.000110 0.004224 100.000000 6.211180
220 0.000030 0.005197 200.000000 6.802721
220 0.000038 0.005325 300.000000 7.518797
220 0.000019 0.005561 400.000000 6.568144
220 0.000021 0.004017 500.000000 6.793478
230 0.000106 0.005348 100.000000 6.289308
230 0.000035 0.005334 200.000000 6.825939
230 0.000039 0.005275 300.000000 7.518797
230 0.000021 0.005562 400.000000 6.600660
230 0.000022 0.003947 500.000000 6.784261
240 0.000081 0.005848 100.000000 6.410256
240 0.000040 0.005361 200.000000 6.872852
240 0.000032 0.005345 300.000000 7.334963
240 0.000023 0.005480 400.000000 6.633499
240 0.000018 0.003682 500.000000 6.765900
250 0.000087 0.007306 100.000000 6.493506
250 0.000050 0.006422 200.000000 6.920415
250 0.000051 0.007614 300.000000 5.964215
250 0.000030 0.006571 400.000000 6.666667
250 0.000018 0.003987 500.000000 6.747638
260 0.000072 0.008335 100.000000 6.578948
260 0.000046 0.006759 200.000000 6.944445
260 0.000047 0.007705 300.000000 5.928854
260 0.000027 0.006372 400.000000 6.700168
260 0.000019 0.003636 500.000000 6.693440
270 0.000072 0.008995 100.000000 6.666667
270 0.000055 0.007276 200.000000 6.968641
270 0.000043 0.008228 300.000000 5.940594
270 0.000029 0.006707 400.000000 6.722689
270 0.000018 0.003388 500.000000 6.510417
280 0.000064 0.010429 100.000000 6.756757
280 0.000058 0.008018 200.000000 7.017544
280 0.000044 0.008627 300.000000 5.976096
280 0.000031 0.007361 400.000000 6.756757
280 0.000018 0.003335 500.000000 6.377551
290 0.000071 0.011249 100.000000 6.849315
290 0.000062 0.008629 200.000000 7.117438
290 0.000042 0.009183 300.000000 6.024096
290 0.000037 0.008065 400.000000 6.791172
290 0.000020 0.002909 500.000000 6.321113
300 0.000074 0.012749 100.000000 7.092198
300 0.000074 0.010419 200.000000 7.246377
300 0.000048 0.010774 300.000000 6.109980
300 0.000041 0.009414 400.000000 6.837607
310 0.000081 0.009435 100.000000 7.407407
310 0.000062 0.007595 200.000000 7.462687
310 0.000039 0.008402 300.000000 6.198347
310 0.000039 0.007508 400.000000 6.908463
320 0.000074 0.007537 100.000000 7.751938
320 0.000049 0.005090 200.000000 7.692307
320 0.000030 0.005966 300.000000 6.315790
320 0.000034 0.005261 400.000000 6.993007
330 0.000059 0.008225 100.000000 8.130081
330 0.000031 0.004576 200.000000 7.905138
330 0.000029 0.004388 300.000000 6.410256
330 0.000029 0.003860 400.000000 7.054674
340 0.000054 0.008888 100.000000 8.264462
340 0.000045 0.004708 200.000000 8.097166
340 0.000038 0.004919 300.000000 6.507592
340 0.000036 0.004659 400.000000 7.079646
350 0.000100 0.007797 100.000000 8.130081
350 0.000047 0.006912 200.000000 8.230453
350 0.000037 0.006703 300.000000 6.578948
350 0.000033 0.005814 400.000000 7.042253
360 0.000099 0.008169 100.000000 7.751938
360 0.000051 0.007486 200.000000 8.333333
360 0.000039 0.007538 300.000000 6.622517
360 0.000025 0.006121 400.000000 6.993007
370 0.000119 0.010653 100.000000 7.518797
370 0.000062 0.010823 200.000000 8.368201
370 0.000047 0.010098 300.000000 6.651885
370 0.000030 0.007784 400.000000 6.968641
380 0.000108 0.010061 100.000000 7.407407
380 0.000054 0.010629 200.000000 8.333333
380 0.000047 0.009692 300.000000 6.666667
380 0.000028 0.007039 400.000000 6.932409
390 0.000116 0.009331 100.000000 7.352941
390 0.000050 0.009068 200.000000 8.196721
390 0.000046 0.008493 300.000000 6.681514
390 0.000028 0.005883 400.000000 6.884682
400 0.000125 0.008738 100.000000 7.299270
400 0.000057 0.009040 200.000000 5.747127
400 0.000049 0.008178 300.000000 6.696429
400 0.000025 0.005120 400.000000 6.814310
410 0.000101 0.008291 100.000000 7.246377
410 0.000086 0.009022 200.000000 5.617978
410 0.000046 0.007711 300.000000 6.711410
410 0.000025 0.004485 400.000000 6.700168
420 0.000121 0.008108 100.000000 7.194244
420 0.000079 0.009204 200.000000 5.617978
420 0.000046 0.007951 300.000000 6.726458
420 0.000023 0.004067 400.000000 6.400000
430 0.000128 0.007933 100.000000 7.246377
430 0.000079 0.009570 200.000000 5.633803
430 0.000050 0.009008 300.000000 6.726458
430 0.000030 0.004455 400.000000 6.230530
440 0.000112 0.007894 100.000000 7.352941
440 0.000069 0.009289 200.000000 5.698006
440 0.000050 0.008830 300.000000 6.741573
450 0.000088 0.006429 100.000000 7.575758
450 0.000057 0.007280 200.000000 5.763689
450 0.000043 0.006704 300.000000 6.741573
460 0.000060 0.004869 100.000000 7.874016
460 0.000047 0.004853 200.000000 5.865103
460 0.000040 0.004192 300.000000 6.726458
470 0.000051 0.006448 100.000000 8.196721
470 0.000030 0.002679 200.000000 5.952381
470 0.000009 0.003096 300.000000 6.726458
480 0.000059 0.005658 100.000000 8.620689
480 0.000015 0.003036 200.000000 6.060606
480 0.000021 0.002760 300.000000 6.741573
490 0.000053 0.005041 100.000000 8.928572
490 0.000020 0.003540 200.000000 6.172840
490 0.000022 0.002533 300.000000 6.756757
500 0.000057 0.004965 100.000000 9.259259
500 0.000014 0.003447 200.000000 6.250000
500 0.000023 0.002233 300.000000 6.787330
510 0.000058 0.005120 100.000000 9.433962
510 0.000017 0.004320 200.000000 6.309148
510 0.000024 0.002439 300.000000 6.787330
520 0.000057 0.005583 100.000000 9.345795
520 0.000016 0.004130 200.000000 6.349206
520 0.000027 0.002318 300.000000 6.741573
530 0.000069 0.004385 100.000000 8.196721
530 0.000016 0.002039 200.000000 6.369427
530 0.000020 0.001535 300.000000 6.681514
540 0.000075 0.002400 100.000000 4.608295
540 0.000021 0.002071 200.000000 6.410256
540 0.000018 0.001275 300.000000 6.593407
550 0.000077 0.002797 100.000000 4.566210
550 0.000021 0.001758 200.000000 6.451613
550 0.000019 0.001502 300.000000 6.410256
560 0.000055 0.003399 100.000000 4.566210
560 0.000028 0.000887 200.000000 6.472492
560 0.000016 0.002047 300.000000 6.072875
570 0.000063 0.003773 100.000000 4.587156
570 0.000042 0.002105 200.000000 6.472492
570 0.000012 0.003179 300.000000 5.870842
580 0.000066 0.003834 100.000000 4.629630
580 0.000043 0.001799 200.000000 6.349206
590 0.000074 0.004039 100.000000 4.651163
590 0.000038 0.001958 200.000000 6.153846
600 0.000082 0.004493 100.000000 4.672897
600 0.000024 0.002720 200.000000 5.988024
610 0.000071 0.005791 100.000000 4.694836
610 0.000021 0.003278 200.000000 5.934718
620 0.000083 0.006572 100.000000 4.739336
620 0.000024 0.003804 200.000000 5.899705
630 0.000087 0.007526 100.000000 4.807693
630 0.000022 0.004143 200.000000 5.899705
640 0.000106 0.009770 100.000000 4.950495
640 0.000031 0.005976 200.000000 5.952381
650 0.000103 0.009414 100.000000 5.154639
650 0.000028 0.005423 200.000000 6.079027
660 0.000094 0.008739 100.000000 5.405406
660 0.000024 0.004590 200.000000 6.230530
670 0.000097 0.009868 100.000000 5.714286
670 0.000031 0.005251 200.000000 6.430868
680 0.000098 0.008753 100.000000 6.060606
680 0.000025 0.004601 200.000000 6.644518
690 0.000100 0.009359 100.000000 6.451613
690 0.000029 0.004895 200.000000 6.872852
700 0.000104 0.009301 100.000000 6.896552
700 0.000029 0.004956 200.000000 7.117438
710 0.000103 0.009571 100.000000 7.407407
710 0.000031 0.005061 200.000000 7.380074
720 0.000101 0.007306 100.000000 8.000000
720 0.000027 0.003790 200.000000 7.633588
730 0.000093 0.004827 100.000000 8.695652
730 0.000024 0.002568 200.000000 7.936508
740 0.000082 0.003569 100.000000 9.345795
740 0.000022 0.001975 200.000000 8.163265
750 0.000081 0.003775 100.000000 10.101010
750 0.000024 0.004139 200.000000 8.333333
760 0.000097 0.007607 100.000000 10.526316
760 0.000042 0.007076 200.000000 8.333333
770 0.000091 0.006528 100.000000 10.869565
770 0.000033 0.006329 200.000000 7.843137
780 0.000092 0.006019 100.000000 10.869565
780 0.000030 0.006482 200.000000 7.092198
790 0.000073 0.004441 100.000000 10.526316
800 0.000039 0.005366 100.000000 9.433962
810 0.000067 0.004755 100.000000 8.403361
820 0.000084 0.003781 100.000000 8.000000
830 0.000093 0.004450 100.000000 7.692307
840 0.000100 0.004310 100.000000 7.352941
850 0.000078 0.005038 100.000000 6.993007
860 0.000094 0.006631 100.000000 6.134969
870 0.000090 0.009573 100.000000 5.208333
880 0.000109 0.013752 100.000000 4.830918
