0 0.000175 0.005390 100.000000 7.633588
0 0.000146 0.005817 200.000000 7.782101
0 0.000119 0.006800 300.000000 7.772021
0 0.000090 0.007116 400.000000 8.146640
0 0.000079 0.008225 500.000000 8.051530
0 0.000064 0.009363 600.000000 7.957560
0 0.000058 0.009171 700.000000 8.505467
0 0.000048 0.008660 800.000000 8.528785
10 0.000159 0.004925 100.000000 8.130081
10 0.000138 0.003089 200.000000 8.000000
10 0.000112 0.003179 300.000000 7.936508
10 0.000085 0.004533 400.000000 8.281573
10 0.000079 0.005217 500.000000 8.064516
10 0.000062 0.005808 600.000000 8.042895
10 0.000055 0.005544 700.000000 8.599508
10 0.000047 0.005982 800.000000 8.592911
20 0.000151 0.004487 100.000000 8.547009
20 0.000119 0.002034 200.000000 8.163265
20 0.000096 0.002052 300.000000 8.064516
20 0.000072 0.006292 400.000000 8.403361
20 0.000066 0.006079 500.000000 7.974482
20 0.000053 0.005147 600.000000 8.130081
20 0.000049 0.003059 700.000000 8.674102
20 0.000042 0.002965 800.000000 8.658009
30 0.000139 0.001336 100.000000 8.928572
30 0.000108 0.003462 200.000000 8.230453
30 0.000095 0.004812 300.000000 8.152174
30 0.000075 0.008183 400.000000 8.474576
30 0.000060 0.008676 500.000000 7.898894
30 0.000051 0.007835 600.000000 8.196721
30 0.000047 0.005982 700.000000 8.750000
30 0.000041 0.004665 800.000000 8.686211
40 0.000141 0.002750 100.000000 9.009009
40 0.000106 0.005266 200.000000 8.230453
40 0.000098 0.006394 300.000000 8.174387
40 0.000070 0.009791 400.000000 8.528785
40 0.000058 0.010208 500.000000 7.861635
40 0.000049 0.008675 600.000000 8.241758
40 0.000045 0.006576 700.000000 8.793970
40 0.000041 0.004598 800.000000 8.629990
50 0.000129 0.004216 100.000000 9.090909
50 0.000096 0.005323 200.000000 8.196721
50 0.000091 0.005302 300.000000 8.196721
50 0.000073 0.009092 400.000000 8.547009
50 0.000054 0.009009 500.000000 7.861635
50 0.000045 0.007009 600.000000 8.287292
50 0.000044 0.004777 700.000000 8.816121
50 0.000039 0.003363 800.000000 8.333333
60 0.000137 0.004952 100.000000 9.174312
60 0.000106 0.006311 200.000000 8.163265
60 0.000098 0.007339 300.000000 8.219178
60 0.000067 0.009898 400.000000 8.547009
60 0.000053 0.009527 500.000000 7.861635
60 0.000047 0.007205 600.000000 8.333333
60 0.000044 0.004802 700.000000 8.805032
60 0.000041 0.003227 800.000000 8.281573
70 0.000117 0.005553 100.000000 9.174312
70 0.000093 0.007547 200.000000 8.163265
70 0.000089 0.008514 300.000000 8.264462
70 0.000064 0.010296 400.000000 8.528785
70 0.000052 0.010123 500.000000 7.886436
70 0.000045 0.008100 600.000000 8.391608
70 0.000045 0.006130 700.000000 8.739077
70 0.000039 0.004385 800.000000 8.281573
80 0.000114 0.005236 100.000000 9.174312
80 0.000098 0.007607 200.000000 8.130081
80 0.000091 0.009120 300.000000 8.287292
80 0.000064 0.010291 400.000000 8.492569
80 0.000052 0.010656 500.000000 7.911392
80 0.000044 0.009205 600.000000 8.438819
80 0.000042 0.007528 700.000000 8.695652
80 0.000039 0.005917 800.000000 8.290155
90 0.000135 0.005487 100.000000 8.928572
90 0.000100 0.008288 200.000000 8.032128
90 0.000084 0.010013 300.000000 8.264462
90 0.000059 0.010793 400.000000 8.438819
90 0.000051 0.011015 500.000000 7.923930
90 0.000045 0.009341 600.000000 8.474576
90 0.000038 0.007452 700.000000 8.663366
90 0.000039 0.005624 800.000000 8.281573
100 0.000164 0.006144 100.000000 8.695652
100 0.000110 0.008761 200.000000 7.936508
100 0.000081 0.010674 300.000000 8.264462
100 0.000058 0.011245 400.000000 8.368201
100 0.000051 0.011290 500.000000 7.936508
100 0.000042 0.009360 600.000000 8.522727
100 0.000037 0.007111 700.000000 8.641975
100 0.000040 0.005433 800.000000 8.273009
110 0.000122 0.008910 100.000000 8.403361
110 0.000103 0.009448 200.000000 7.874016
110 0.000064 0.011758 300.000000 8.264462
110 0.000058 0.011774 400.000000 8.316009
110 0.000047 0.011357 500.000000 7.949126
110 0.000040 0.009085 600.000000 8.559201
110 0.000034 0.006523 700.000000 8.641975
110 0.000037 0.004496 800.000000 8.273009
120 0.000158 0.006707 100.000000 8.064516
120 0.000108 0.007633 200.000000 7.843137
120 0.000067 0.010094 300.000000 8.264462
120 0.000062 0.009943 400.000000 8.264462
120 0.000052 0.009842 500.000000 7.974482
120 0.000042 0.007938 600.000000 8.608321
120 0.000036 0.006034 700.000000 8.641975
120 0.000037 0.005197 800.000000 8.273009
130 0.000130 0.007646 100.000000 7.812500
130 0.000091 0.007294 200.000000 7.782101
130 0.000063 0.009192 300.000000 8.287292
130 0.000058 0.008925 400.000000 8.113590
130 0.000042 0.009063 500.000000 8.000000
130 0.000039 0.007494 600.000000 8.658009
130 0.000031 0.005894 700.000000 8.652658
130 0.000033 0.005356 800.000000 8.255934
140 0.000104 0.007151 100.000000 7.575758
140 0.000085 0.005516 200.000000 7.782101
140 0.000062 0.007440 300.000000 8.310249
140 0.000052 0.007665 400.000000 7.677543
140 0.000041 0.007280 500.000000 8.038586
140 0.000037 0.006083 600.000000 8.695652
140 0.000031 0.005104 700.000000 8.641975
140 0.000030 0.005347 800.000000 8.188332
150 0.000076 0.006586 100.000000 7.462687
150 0.000084 0.005676 200.000000 7.751938
150 0.000060 0.006702 300.000000 8.333333
150 0.000049 0.007810 400.000000 7.604563
150 0.000039 0.007203 500.000000 8.090615
150 0.000036 0.006506 600.000000 8.733624
150 0.000026 0.005680 700.000000 8.536586
150 0.000027 0.005693 800.000000 7.662835
160 0.000070 0.006428 100.000000 7.352941
160 0.000086 0.005333 200.000000 7.782101
160 0.000065 0.006238 300.000000 8.356546
160 0.000049 0.007648 400.000000 7.575758
160 0.000037 0.007440 500.000000 8.130081
160 0.000035 0.006876 600.000000 8.759124
160 0.000024 0.006236 700.000000 8.206330
170 0.000087 0.006434 100.000000 7.299270
170 0.000084 0.005038 200.000000 7.812500
170 0.000059 0.006056 300.000000 8.333333
170 0.000049 0.007117 400.000000 7.575758
170 0.000038 0.006569 500.000000 8.183306
170 0.000036 0.005960 600.000000 8.708273
170 0.000027 0.005735 700.000000 8.158508
180 0.000068 0.006635 100.000000 7.246377
180 0.000083 0.005141 200.000000 7.843137
180 0.000052 0.005220 300.000000 8.287292
180 0.000046 0.006787 400.000000 7.604563
180 0.000037 0.006737 500.000000 8.237232
180 0.000035 0.006472 600.000000 8.633094
180 0.000025 0.006087 700.000000 8.149011
190 0.000092 0.007759 100.000000 7.194244
190 0.000078 0.007352 200.000000 7.874016
190 0.000056 0.007247 300.000000 8.264462
190 0.000044 0.008030 400.000000 7.633588
190 0.000034 0.007239 500.000000 8.305648
190 0.000026 0.006226 600.000000 8.595988
190 0.000030 0.005564 700.000000 8.158508
200 0.000071 0.007247 100.000000 7.194244
200 0.000071 0.006511 200.000000 7.905138
200 0.000046 0.005930 300.000000 8.264462
200 0.000045 0.007507 400.000000 7.677543
200 0.000036 0.007272 500.000000 8.375210
200 0.000022 0.006743 600.000000 8.595988
200 0.000026 0.006050 700.000000 8.177570
210 0.000081 0.005078 100.000000 7.246377
210 0.000062 0.004734 200.000000 7.968128
210 0.000044 0.004063 300.000000 8.241758
210 0.000041 0.005969 400.000000 7.722008
210 0.000035 0.006248 500.000000 8.445946
210 0.000017 0.006121 600.000000 8.608321
210 0.000024 0.006034 700.000000 8.196721
220 0.000093 0.006182 100.000000 7.299270
220 0.000058 0.006300 200.000000 8.064516
220 0.000052 0.005770 300.000000 8.241758
220 0.000041 0.007469 400.000000 7.766990
220 0.000035 0.007153 500.000000 8.517887
220 0.000020 0.006288 600.000000 8.633094
220 0.000025 0.005851 700.000000 8.225616
230 0.000115 0.006109 100.000000 7.352941
230 0.000057 0.006377 200.000000 8.163265
230 0.000050 0.005946 300.000000 8.264462
230 0.000041 0.007935 400.000000 7.827789
230 0.000033 0.007609 500.000000 8.591065
230 0.000021 0.006579 600.000000 8.670520
230 0.000026 0.006080 700.000000 8.244994
240 0.000102 0.005512 100.000000 7.462687
240 0.000051 0.006311 200.000000 8.298756
240 0.000050 0.005736 300.000000 8.287292
240 0.000036 0.007142 400.000000 7.905138
240 0.000030 0.006457 500.000000 8.680555
240 0.000020 0.005358 600.000000 8.720930
240 0.000024 0.005227 700.000000 8.274232
250 0.000076 0.004824 100.000000 7.633588
250 0.000053 0.003615 200.000000 8.438819
250 0.000053 0.003068 300.000000 8.287292
250 0.000041 0.005424 400.000000 7.984032
250 0.000034 0.005872 500.000000 8.771930
250 0.000020 0.005564 600.000000 8.771930
250 0.000018 0.006063 700.000000 8.303678
260 0.000069 0.005897 100.000000 7.751938
260 0.000052 0.003753 200.000000 8.547009
260 0.000052 0.004048 300.000000 8.021390
260 0.000037 0.006031 400.000000 8.064516
260 0.000029 0.006201 500.000000 8.849558
260 0.000017 0.005650 600.000000 8.810573
260 0.000018 0.006091 700.000000 8.313540
270 0.000081 0.005605 100.000000 7.874016
270 0.000055 0.003634 200.000000 8.658009
270 0.000055 0.004271 300.000000 7.692307
270 0.000039 0.005106 400.000000 8.130081
270 0.000032 0.005366 500.000000 8.928572
270 0.000022 0.005232 600.000000 8.823529
270 0.000021 0.005942 700.000000 8.264462
280 0.000093 0.005575 100.000000 7.936508
280 0.000048 0.003492 200.000000 8.771930
280 0.000051 0.004822 300.000000 7.614213
280 0.000038 0.004952 400.000000 8.213552
280 0.000031 0.005269 500.000000 9.009009
280 0.000020 0.005192 600.000000 8.784773
280 0.000019 0.005888 700.000000 7.803791
290 0.000115 0.006138 100.000000 8.064516
290 0.000077 0.003737 200.000000 8.849558
290 0.000057 0.005462 300.000000 7.614213
290 0.000040 0.005713 400.000000 8.281573
290 0.000035 0.005984 500.000000 9.057971
290 0.000020 0.006076 600.000000 8.403361
300 0.000122 0.002586 100.000000 8.196721
300 0.000062 0.003662 200.000000 8.928572
300 0.000050 0.005815 300.000000 7.633588
300 0.000036 0.005816 400.000000 8.368201
300 0.000031 0.005484 500.000000 9.074410
300 0.000019 0.005725 600.000000 8.321775
310 0.000091 0.002431 100.000000 8.333333
310 0.000057 0.002912 200.000000 8.888889
310 0.000051 0.005088 300.000000 7.672634
310 0.000034 0.005302 400.000000 8.456659
310 0.000029 0.005258 500.000000 9.009009
310 0.000019 0.005753 600.000000 8.310249
320 0.000109 0.004027 100.000000 8.474576
320 0.000045 0.004026 200.000000 8.849558
320 0.000048 0.005272 300.000000 7.731959
320 0.000035 0.004778 400.000000 8.547009
320 0.000026 0.004414 500.000000 8.944544
320 0.000024 0.005179 600.000000 8.321775
330 0.000081 0.004826 100.000000 8.620689
330 0.000051 0.003705 200.000000 8.849558
330 0.000046 0.004823 300.000000 7.772021
330 0.000035 0.004587 400.000000 8.620689
330 0.000016 0.004392 500.000000 8.912656
330 0.000023 0.005044 600.000000 8.333333
340 0.000063 0.005632 100.000000 8.695652
340 0.000047 0.004052 200.000000 8.849558
340 0.000039 0.004658 300.000000 7.832898
340 0.000029 0.003962 400.000000 8.714597
340 0.000016 0.003537 500.000000 8.912656
340 0.000019 0.004321 600.000000 8.356546
350 0.000071 0.005430 100.000000 8.849558
350 0.000045 0.003452 200.000000 8.771930
350 0.000041 0.004065 300.000000 7.894737
350 0.000029 0.003886 400.000000 8.810573
350 0.000016 0.003869 500.000000 8.928572
350 0.000018 0.004775 600.000000 8.368201
360 0.000048 0.006827 100.000000 8.928572
360 0.000053 0.004328 200.000000 8.771930
360 0.000045 0.003997 300.000000 7.936508
360 0.000031 0.003405 400.000000 8.888889
360 0.000017 0.003079 500.000000 8.960573
360 0.000018 0.004236 600.000000 8.391608
370 0.000051 0.007979 100.000000 9.090909
370 0.000050 0.005229 200.000000 8.733624
370 0.000040 0.003569 300.000000 8.000000
370 0.000026 0.002664 400.000000 8.988764
370 0.000020 0.002337 500.000000 8.976661
370 0.000016 0.003769 600.000000 8.403361
380 0.000055 0.009552 100.000000 9.259259
380 0.000055 0.005672 200.000000 8.620689
380 0.000046 0.003211 300.000000 8.086253
380 0.000028 0.003051 400.000000 9.070294
380 0.000021 0.002858 500.000000 9.009009
380 0.000017 0.004369 600.000000 8.415147
390 0.000058 0.011168 100.000000 9.433962
390 0.000066 0.006000 200.000000 7.843137
390 0.000040 0.003788 300.000000 8.152174
390 0.000029 0.003212 400.000000 9.174312
390 0.000021 0.002829 500.000000 9.025270
390 0.000019 0.004419 600.000000 8.379889
400 0.000047 0.012879 100.000000 9.615385
400 0.000062 0.007577 200.000000 7.462687
400 0.000035 0.003669 300.000000 8.241758
400 0.000025 0.002719 400.000000 9.237875
400 0.000024 0.001900 500.000000 9.009009
400 0.000019 0.003433 600.000000 8.241758
410 0.000037 0.014895 100.000000 9.708738
410 0.000054 0.009572 200.000000 7.380074
410 0.000031 0.004558 300.000000 8.310249
410 0.000021 0.003144 400.000000 9.302325
410 0.000020 0.001549 500.000000 8.650519
420 0.000033 0.011180 100.000000 9.615385
420 0.000055 0.008214 200.000000 7.352941
420 0.000036 0.003728 300.000000 8.379889
420 0.000017 0.002615 400.000000 9.280743
420 0.000021 0.001589 500.000000 8.319468
430 0.000022 0.008481 100.000000 9.345795
430 0.000059 0.006662 200.000000 7.352941
430 0.000030 0.002624 300.000000 8.474576
430 0.000016 0.001185 400.000000 9.132421
430 0.000025 0.002658 500.000000 8.278146
440 0.000043 0.008150 100.000000 9.090909
440 0.000053 0.005762 200.000000 7.380074
440 0.000031 0.001932 300.000000 8.547009
440 0.000022 0.001254 400.000000 9.009009
440 0.000023 0.003261 500.000000 8.264462
450 0.000063 0.006535 100.000000 8.928572
450 0.000054 0.004116 200.000000 7.407407
450 0.000037 0.001492 300.000000 8.645534
450 0.000024 0.002322 400.000000 8.948545
450 0.000024 0.004516 500.000000 8.264462
460 0.000060 0.006770 100.000000 8.695652
460 0.000053 0.003869 200.000000 7.434944
460 0.000036 0.001384 300.000000 8.746356
460 0.000033 0.002553 400.000000 8.928572
460 0.000026 0.004761 500.000000 8.264462
470 0.000088 0.006773 100.000000 8.474576
470 0.000066 0.003513 200.000000 7.462687
470 0.000037 0.001194 300.000000 8.823529
470 0.000033 0.002321 400.000000 8.928572
470 0.000027 0.004878 500.000000 8.264462
480 0.000085 0.006589 100.000000 8.196721
480 0.000057 0.003441 200.000000 7.518797
480 0.000033 0.001122 300.000000 8.928572
480 0.000036 0.002433 400.000000 8.928572
480 0.000029 0.005356 500.000000 8.250825
490 0.000080 0.005493 100.000000 7.575758
490 0.000055 0.003342 200.000000 7.575758
490 0.000029 0.001151 300.000000 9.009009
490 0.000034 0.002264 400.000000 8.908686
490 0.000030 0.005218 500.000000 8.223684
500 0.000099 0.007251 100.000000 6.172840
500 0.000042 0.004434 200.000000 7.633588
500 0.000023 0.001379 300.000000 9.090909
500 0.000034 0.002190 400.000000 8.869180
500 0.000031 0.004823 500.000000 8.077544
510 0.000089 0.009200 100.000000 5.917160
510 0.000036 0.004319 200.000000 7.692307
510 0.000018 0.001527 300.000000 9.146341
510 0.000031 0.002262 400.000000 8.547009
520 0.000097 0.009116 100.000000 5.882353
520 0.000040 0.003793 200.000000 7.812500
520 0.000021 0.001218 300.000000 9.146341
520 0.000031 0.003066 400.000000 8.048289
530 0.000105 0.008691 100.000000 5.952381
530 0.000044 0.002936 200.000000 7.968128
530 0.000020 0.001269 300.000000 9.090909
530 0.000035 0.004230 400.000000 8.016032
540 0.000106 0.009931 100.000000 6.060606
540 0.000037 0.003765 200.000000 8.130081
540 0.000034 0.000324 300.000000 8.982036
540 0.000034 0.004479 400.000000 8.032128
550 0.000075 0.010736 100.000000 6.134969
550 0.000032 0.005568 200.000000 8.298756
550 0.000038 0.002063 300.000000 8.928572
550 0.000030 0.004799 400.000000 8.064516
560 0.000055 0.011338 100.000000 6.250000
560 0.000027 0.006125 200.000000 8.438819
560 0.000038 0.002266 300.000000 8.928572
560 0.000037 0.004452 400.000000 8.080808
570 0.000050 0.011791 100.000000 6.410256
570 0.000024 0.006662 200.000000 8.658009
570 0.000049 0.002665 300.000000 8.955224
570 0.000044 0.005252 400.000000 8.130081
580 0.000050 0.013216 100.000000 6.535948
580 0.000018 0.007724 200.000000 8.849558
580 0.000051 0.003307 300.000000 9.009009
580 0.000047 0.005041 400.000000 8.163265
590 0.000044 0.013651 100.000000 6.666667
590 0.000014 0.008169 200.000000 9.049774
590 0.000045 0.004082 300.000000 9.063444
590 0.000039 0.004844 400.000000 8.196721
600 0.000047 0.012612 100.000000 6.849315
600 0.000009 0.006986 200.000000 9.259259
600 0.000054 0.002921 300.000000 9.146341
600 0.000047 0.004808 400.000000 8.230453
610 0.000053 0.011533 100.000000 7.092198
610 0.000010 0.006013 200.000000 9.523809
610 0.000055 0.002393 300.000000 9.259259
610 0.000050 0.004858 400.000000 8.281573
620 0.000036 0.012694 100.000000 7.462687
620 0.000010 0.007270 200.000000 9.852217
620 0.000055 0.002899 300.000000 9.404388
620 0.000052 0.004902 400.000000 8.368201
630 0.000048 0.011806 100.000000 7.936508
630 0.000009 0.006132 200.000000 10.256411
630 0.000050 0.002555 300.000000 9.646302
630 0.000048 0.004595 400.000000 8.492569
640 0.000036 0.012234 100.000000 8.547009
640 0.000011 0.006713 200.000000 10.752688
640 0.000053 0.002886 300.000000 9.900990
640 0.000050 0.004697 400.000000 8.620689
650 0.000014 0.013391 100.000000 9.174312
650 0.000021 0.008044 200.000000 11.235955
650 0.000053 0.003281 300.000000 10.135135
650 0.000053 0.005060 400.000000 8.714597
660 0.000017 0.012953 100.000000 9.803922
660 0.000024 0.008024 200.000000 11.764706
660 0.000059 0.003042 300.000000 10.344828
660 0.000055 0.005608 400.000000 8.733624
670 0.000026 0.009396 100.000000 10.416667
670 0.000027 0.005960 200.000000 12.195122
670 0.000061 0.002169 300.000000 10.380623
670 0.000059 0.006134 400.000000 8.492569
680 0.000018 0.009112 100.000000 10.989011
680 0.000023 0.005342 200.000000 12.500000
680 0.000058 0.002979 300.000000 9.677420
690 0.000015 0.009492 100.000000 11.494253
690 0.000026 0.005395 200.000000 12.578616
690 0.000059 0.004168 300.000000 9.090909
700 0.000024 0.009713 100.000000 11.904762
700 0.000067 0.005761 200.000000 12.048193
700 0.000064 0.004787 300.000000 9.009009
710 0.000018 0.008290 100.000000 12.345679
710 0.000092 0.004115 200.000000 11.494253
710 0.000063 0.005558 300.000000 8.955224
720 0.000019 0.006558 100.000000 12.820513
720 0.000088 0.002246 200.000000 11.235955
720 0.000068 0.006592 300.000000 8.902077
730 0.000018 0.005815 100.000000 13.333333
730 0.000075 0.001604 200.000000 11.049724
730 0.000066 0.007235 300.000000 8.875740
740 0.000040 0.006567 100.000000 13.698630
740 0.000079 0.001619 200.000000 10.928962
740 0.000062 0.007277 300.000000 8.823529
750 0.000044 0.005929 100.000000 14.084507
750 0.000080 0.001474 200.000000 10.810811
750 0.000072 0.008412 300.000000 8.746356
760 0.000039 0.005678 100.000000 14.285714
760 0.000081 0.003823 200.000000 10.582010
760 0.000071 0.009702 300.000000 8.426967
770 0.000024 0.004216 100.000000 14.084507
770 0.000081 0.005664 200.000000 8.928572
780 0.000092 0.004227 100.000000 12.500000
780 0.000087 0.008444 200.000000 8.032128
790 0.000173 0.003773 100.000000 10.416667
790 0.000086 0.010363 200.000000 7.812500
800 0.000162 0.005388 100.000000 9.523809
800 0.000095 0.012657 200.000000 7.633588
810 0.000161 0.005794 100.000000 9.009009
810 0.000091 0.012952 200.000000 7.462687
820 0.000142 0.007507 100.000000 8.620689
820 0.000092 0.013092 200.000000 7.272727
830 0.000159 0.011479 100.000000 8.130081
830 0.000095 0.013904 200.000000 6.825939
840 0.000158 0.013903 100.000000 6.211180
850 0.000151 0.017492 100.000000 5.813953
860 0.000136 0.016963 100.000000 5.882353
870 0.000077 0.011558 100.000000 6.024096
880 0.000047 0.009077 100.000000 6.134969
890 0.000044 0.007948 100.000000 6.211180
900 0.000056 0.008405 100.000000 6.289308
910 0.000088 0.009452 100.000000 6.329114
920 0.000101 0.011278 100.000000 6.329114
930 0.000087 0.011610 100.000000 6.289308
940 0.000075 0.011382 100.000000 6.172840
950 0.000091 0.009964 100.000000 5.882353
960 0.000092 0.009304 100.000000 5.128205
970 0.000079 0.007322 100.000000 4.405286
