0 0.000179 0.036673 100.000000 12.195122
0 0.000085 0.021747 200.000000 15.384615
0 0.000070 0.020488 300.000000 17.543859
0 0.000061 0.022611 400.000000 19.138756
0 0.000044 0.022779 500.000000 20.325203
0 0.000037 0.023783 600.000000 21.126760
0 0.000026 0.024574 700.000000 21.806854
0 0.000020 0.024369 800.000000 22.284122
10 0.000152 0.035436 100.000000 12.987013
10 0.000073 0.020326 200.000000 16.129032
10 0.000066 0.019402 300.000000 18.181818
10 0.000050 0.021455 400.000000 19.704433
10 0.000035 0.021593 500.000000 20.833334
10 0.000031 0.022689 600.000000 21.582733
10 0.000021 0.023312 700.000000 22.222221
10 0.000015 0.022942 800.000000 22.662889
20 0.000122 0.031102 100.000000 13.888889
20 0.000054 0.016635 200.000000 16.949152
20 0.000063 0.016718 300.000000 18.867924
20 0.000041 0.018813 400.000000 20.304569
20 0.000027 0.018970 500.000000 21.367521
20 0.000024 0.020098 600.000000 22.140221
20 0.000016 0.020716 700.000000 22.653721
20 0.000012 0.020219 800.000000 23.121387
30 0.000083 0.026701 100.000000 14.925373
30 0.000031 0.013121 200.000000 17.857143
30 0.000057 0.014393 300.000000 19.607843
30 0.000036 0.016107 400.000000 21.052631
30 0.000022 0.016318 500.000000 22.026432
30 0.000016 0.017626 600.000000 22.641510
30 0.000009 0.018074 700.000000 23.178808
30 0.000009 0.017530 800.000000 23.529411
40 0.000020 0.019342 100.000000 16.129032
40 0.000022 0.007458 200.000000 18.867924
40 0.000046 0.010743 300.000000 20.408163
40 0.000027 0.011815 400.000000 21.739130
40 0.000018 0.011813 500.000000 22.624434
40 0.000013 0.013182 600.000000 23.166023
40 0.000012 0.013485 700.000000 23.648649
40 0.000017 0.013104 800.000000 23.952095
50 0.000028 0.010839 100.000000 17.241379
50 0.000032 0.007753 200.000000 19.801981
50 0.000044 0.011024 300.000000 21.276596
50 0.000028 0.011106 400.000000 22.471910
50 0.000021 0.010942 500.000000 23.148148
50 0.000014 0.012121 600.000000 23.715416
50 0.000015 0.012229 700.000000 24.054983
50 0.000023 0.011964 800.000000 24.316109
60 0.000016 0.006312 100.000000 18.518518
60 0.000030 0.011875 200.000000 20.618557
60 0.000047 0.014034 300.000000 21.897810
60 0.000030 0.012797 400.000000 22.988506
60 0.000019 0.012848 500.000000 23.696682
60 0.000013 0.013653 600.000000 24.096386
60 0.000014 0.013532 700.000000 24.475525
60 0.000023 0.013131 800.000000 24.691359
70 0.000035 0.009089 100.000000 19.230770
70 0.000044 0.015203 200.000000 21.276596
70 0.000052 0.015906 300.000000 22.556391
70 0.000031 0.013997 400.000000 23.529411
70 0.000023 0.013647 500.000000 24.154589
70 0.000014 0.014480 600.000000 24.489796
70 0.000015 0.014102 700.000000 24.822695
70 0.000025 0.013541 800.000000 25.000000
80 0.000046 0.014264 100.000000 20.408163
80 0.000045 0.017250 200.000000 21.978022
80 0.000047 0.017634 300.000000 23.255814
80 0.000028 0.014621 400.000000 24.096386
80 0.000020 0.014678 500.000000 24.509804
80 0.000012 0.015010 600.000000 24.896265
80 0.000017 0.014467 700.000000 25.089605
80 0.000025 0.013737 800.000000 25.316456
90 0.000040 0.017202 100.000000 21.276596
90 0.000063 0.018714 200.000000 22.471910
90 0.000035 0.017727 300.000000 23.809525
90 0.000024 0.015050 400.000000 24.539877
90 0.000018 0.015472 500.000000 24.875622
90 0.000014 0.015438 600.000000 25.210085
90 0.000019 0.014677 700.000000 25.362318
90 0.000026 0.013810 800.000000 25.477707
100 0.000052 0.020631 100.000000 21.739130
100 0.000070 0.019851 200.000000 23.255814
100 0.000036 0.017446 300.000000 24.390244
100 0.000023 0.015144 400.000000 24.844721
100 0.000016 0.015557 500.000000 25.252525
100 0.000016 0.015339 600.000000 25.423729
100 0.000021 0.014589 700.000000 25.547445
100 0.000025 0.013444 800.000000 25.723473
110 0.000048 0.022558 100.000000 22.222221
110 0.000056 0.019803 200.000000 23.809525
110 0.000031 0.016520 300.000000 24.793388
110 0.000020 0.015120 400.000000 25.157232
110 0.000012 0.015589 500.000000 25.510204
110 0.000016 0.015084 600.000000 25.641026
110 0.000025 0.014441 700.000000 25.830257
110 0.000028 0.013102 800.000000 25.889967
120 0.000073 0.022981 100.000000 22.727272
120 0.000071 0.020608 200.000000 24.096386
120 0.000037 0.016632 300.000000 25.210085
120 0.000025 0.016244 400.000000 25.477707
120 0.000013 0.016919 500.000000 25.773195
120 0.000013 0.016376 600.000000 25.862068
120 0.000025 0.015477 700.000000 25.925926
120 0.000024 0.014007 800.000000 25.974026
130 0.000084 0.021208 100.000000 23.255814
130 0.000056 0.020728 200.000000 24.691359
130 0.000025 0.016974 300.000000 25.423729
130 0.000021 0.017310 400.000000 25.641026
130 0.000006 0.017692 500.000000 25.906736
130 0.000012 0.016808 600.000000 25.974026
130 0.000025 0.015620 700.000000 26.119404
130 0.000023 0.014200 800.000000 26.143791
140 0.000115 0.019947 100.000000 23.809525
140 0.000047 0.018692 200.000000 25.000000
140 0.000019 0.016237 300.000000 25.641026
140 0.000012 0.017028 400.000000 25.974026
140 0.000007 0.017128 500.000000 26.041666
140 0.000017 0.015988 600.000000 26.086956
140 0.000025 0.014584 700.000000 26.217228
140 0.000025 0.013267 800.000000 26.229507
150 0.000092 0.020870 100.000000 23.809525
150 0.000034 0.017421 200.000000 25.641026
150 0.000020 0.016226 300.000000 25.862068
150 0.000009 0.017428 400.000000 26.143791
150 0.000010 0.017018 500.000000 26.178011
150 0.000023 0.016102 600.000000 26.200872
150 0.000025 0.014209 700.000000 26.315790
150 0.000026 0.012898 800.000000 26.315790
160 0.000077 0.017899 100.000000 25.000000
160 0.000022 0.014042 200.000000 25.974026
160 0.000011 0.014147 300.000000 26.086956
160 0.000008 0.015133 400.000000 26.315790
160 0.000017 0.014630 500.000000 26.315790
160 0.000033 0.013718 600.000000 26.315790
160 0.000032 0.012165 700.000000 26.415094
160 0.000031 0.011008 800.000000 26.402639
170 0.000050 0.019347 100.000000 25.641026
170 0.000014 0.013424 200.000000 26.315790
170 0.000004 0.014051 300.000000 26.315790
170 0.000015 0.014730 400.000000 26.315790
170 0.000025 0.013746 500.000000 26.455027
170 0.000037 0.012683 600.000000 26.431719
170 0.000033 0.011540 700.000000 26.415094
170 0.000033 0.010338 800.000000 26.490067
180 0.000041 0.015277 100.000000 25.641026
180 0.000037 0.011567 200.000000 26.315790
180 0.000025 0.012768 300.000000 26.548672
180 0.000030 0.012957 400.000000 26.490067
180 0.000041 0.012013 500.000000 26.455027
180 0.000044 0.011375 600.000000 26.548672
180 0.000041 0.011012 700.000000 26.515152
180 0.000040 0.010613 800.000000 26.490067
190 0.000043 0.011700 100.000000 26.315790
190 0.000025 0.010890 200.000000 26.315790
190 0.000025 0.012900 300.000000 26.548672
190 0.000034 0.012605 400.000000 26.490067
190 0.000044 0.012036 500.000000 26.455027
190 0.000043 0.010877 600.000000 26.548672
190 0.000042 0.010610 700.000000 26.515152
190 0.000041 0.010327 800.000000 26.490067
200 0.000037 0.009928 100.000000 26.315790
200 0.000024 0.011358 200.000000 26.315790
200 0.000034 0.012973 300.000000 26.548672
200 0.000038 0.012654 400.000000 26.490067
200 0.000051 0.012009 500.000000 26.455027
200 0.000047 0.011387 600.000000 26.431719
200 0.000043 0.011123 700.000000 26.515152
200 0.000043 0.011372 800.000000 26.402639
210 0.000041 0.009728 100.000000 25.641026
210 0.000017 0.011926 200.000000 26.315790
210 0.000030 0.013251 300.000000 26.315790
210 0.000038 0.012134 400.000000 26.490067
210 0.000050 0.011203 500.000000 26.455027
210 0.000042 0.010384 600.000000 26.431719
210 0.000042 0.009687 700.000000 26.415094
210 0.000039 0.009856 800.000000 26.402639
220 0.000024 0.012068 100.000000 25.641026
220 0.000019 0.015126 200.000000 26.315790
220 0.000027 0.015024 300.000000 26.315790
220 0.000038 0.013671 400.000000 26.315790
220 0.000042 0.011953 500.000000 26.455027
220 0.000041 0.010939 600.000000 26.431719
220 0.000039 0.009875 700.000000 26.415094
220 0.000036 0.010128 800.000000 26.315790
230 0.000016 0.012915 100.000000 25.641026
230 0.000021 0.015488 200.000000 26.315790
230 0.000035 0.014437 300.000000 26.315790
230 0.000050 0.013343 400.000000 26.315790
230 0.000048 0.011434 500.000000 26.455027
230 0.000045 0.010660 600.000000 26.431719
230 0.000043 0.009857 700.000000 26.415094
230 0.000037 0.010611 800.000000 26.315790
240 0.000015 0.013236 100.000000 25.641026
240 0.000036 0.015080 200.000000 25.974026
240 0.000044 0.013468 300.000000 26.315790
240 0.000060 0.012221 400.000000 26.315790
240 0.000052 0.011288 500.000000 26.315790
240 0.000047 0.010514 600.000000 26.431719
240 0.000046 0.010834 700.000000 26.315790
240 0.000040 0.011962 800.000000 26.229507
250 0.000028 0.018759 100.000000 25.641026
250 0.000027 0.018133 200.000000 25.974026
250 0.000038 0.015639 300.000000 26.315790
250 0.000050 0.013637 400.000000 26.315790
250 0.000044 0.012020 500.000000 26.315790
250 0.000043 0.010524 600.000000 26.315790
250 0.000038 0.010215 700.000000 26.315790
250 0.000032 0.011212 800.000000 26.229507
260 0.000018 0.019497 100.000000 25.641026
260 0.000038 0.017247 200.000000 25.974026
260 0.000050 0.014855 300.000000 26.315790
260 0.000050 0.012544 400.000000 26.315790
260 0.000048 0.011564 500.000000 26.315790
260 0.000045 0.010263 600.000000 26.315790
260 0.000039 0.010669 700.000000 26.315790
260 0.000036 0.011889 800.000000 26.143791
270 0.000034 0.017983 100.000000 25.641026
270 0.000051 0.015391 200.000000 25.974026
270 0.000066 0.013531 300.000000 26.315790
270 0.000058 0.011543 400.000000 26.315790
270 0.000052 0.010765 500.000000 26.315790
270 0.000049 0.010249 600.000000 26.315790
270 0.000041 0.011331 700.000000 26.217228
270 0.000040 0.012609 800.000000 26.143791
280 0.000059 0.017352 100.000000 25.641026
280 0.000065 0.013811 200.000000 25.974026
280 0.000077 0.012383 300.000000 26.315790
280 0.000062 0.011347 400.000000 26.315790
280 0.000054 0.010653 500.000000 26.315790
280 0.000051 0.011043 600.000000 26.315790
280 0.000043 0.012430 700.000000 26.217228
280 0.000043 0.013784 800.000000 26.058632
290 0.000046 0.016565 100.000000 25.641026
290 0.000068 0.013477 200.000000 25.974026
290 0.000070 0.011658 300.000000 26.315790
290 0.000057 0.010662 400.000000 26.315790
290 0.000052 0.009783 500.000000 26.315790
290 0.000044 0.010426 600.000000 26.200872
290 0.000039 0.011750 700.000000 26.119404
290 0.000041 0.012927 800.000000 26.058632
300 0.000076 0.014581 100.000000 25.641026
300 0.000080 0.012793 200.000000 25.974026
300 0.000065 0.010399 300.000000 26.315790
300 0.000061 0.010190 400.000000 26.315790
300 0.000053 0.009648 500.000000 26.315790
300 0.000045 0.010780 600.000000 26.200872
300 0.000042 0.012316 700.000000 26.119404
300 0.000039 0.013320 800.000000 26.058632
310 0.000066 0.014394 100.000000 25.641026
310 0.000089 0.012676 200.000000 25.974026
310 0.000067 0.010695 300.000000 26.086956
310 0.000056 0.010049 400.000000 26.315790
310 0.000054 0.009648 500.000000 26.178011
310 0.000043 0.010770 600.000000 26.200872
310 0.000042 0.012268 700.000000 26.022305
310 0.000040 0.013059 800.000000 26.058632
320 0.000068 0.013666 100.000000 25.641026
320 0.000084 0.011776 200.000000 25.974026
320 0.000058 0.010355 300.000000 26.086956
320 0.000052 0.008981 400.000000 26.315790
320 0.000047 0.009089 500.000000 26.178011
320 0.000039 0.010610 600.000000 26.086956
320 0.000041 0.011647 700.000000 26.022305
320 0.000035 0.012338 800.000000 26.058632
330 0.000092 0.012939 100.000000 25.641026
330 0.000076 0.010823 200.000000 25.974026
330 0.000060 0.010000 300.000000 26.086956
330 0.000051 0.008896 400.000000 26.143791
330 0.000044 0.009504 500.000000 26.178011
330 0.000041 0.010761 600.000000 26.086956
330 0.000040 0.011691 700.000000 26.022305
330 0.000033 0.012528 800.000000 26.058632
340 0.000090 0.014723 100.000000 25.641026
340 0.000069 0.010576 200.000000 25.974026
340 0.000057 0.009614 300.000000 26.086956
340 0.000050 0.008309 400.000000 26.143791
340 0.000038 0.009024 500.000000 26.178011
340 0.000036 0.010571 600.000000 25.974026
340 0.000035 0.011068 700.000000 26.022305
340 0.000030 0.011781 800.000000 26.058632
350 0.000112 0.013640 100.000000 25.641026
350 0.000068 0.010854 200.000000 25.974026
350 0.000054 0.009391 300.000000 26.086956
350 0.000050 0.009087 400.000000 26.143791
350 0.000039 0.010002 500.000000 26.041666
350 0.000039 0.011300 600.000000 25.974026
350 0.000035 0.011669 700.000000 25.925926
350 0.000031 0.012180 800.000000 26.143791
360 0.000106 0.013283 100.000000 25.641026
360 0.000053 0.010979 200.000000 25.974026
360 0.000049 0.009027 300.000000 26.086956
360 0.000042 0.008668 400.000000 26.143791
360 0.000033 0.010212 500.000000 26.041666
360 0.000037 0.010961 600.000000 25.862068
360 0.000029 0.011354 700.000000 26.022305
360 0.000027 0.011435 800.000000 26.143791
370 0.000077 0.012227 100.000000 25.641026
370 0.000055 0.011265 200.000000 25.974026
370 0.000047 0.009470 300.000000 26.086956
370 0.000038 0.009828 400.000000 25.974026
370 0.000035 0.011125 500.000000 25.906736
370 0.000034 0.011487 600.000000 25.862068
370 0.000028 0.011790 700.000000 26.022305
370 0.000023 0.011808 800.000000 26.143791
380 0.000047 0.012586 100.000000 25.641026
380 0.000038 0.012255 200.000000 25.974026
380 0.000034 0.010745 300.000000 26.086956
380 0.000025 0.011131 400.000000 25.974026
380 0.000025 0.012174 500.000000 25.906736
380 0.000026 0.011891 600.000000 25.862068
380 0.000021 0.012067 700.000000 26.022305
380 0.000019 0.011621 800.000000 26.143791
390 0.000027 0.014840 100.000000 25.641026
390 0.000026 0.013023 200.000000 25.974026
390 0.000030 0.012544 300.000000 26.086956
390 0.000022 0.012989 400.000000 25.974026
390 0.000025 0.013665 500.000000 25.773195
390 0.000023 0.013019 600.000000 25.862068
390 0.000018 0.012991 700.000000 26.022305
390 0.000015 0.012495 800.000000 26.143791
400 0.000017 0.015739 100.000000 25.641026
400 0.000027 0.014023 200.000000 25.974026
400 0.000022 0.013367 300.000000 25.862068
400 0.000015 0.014259 400.000000 25.806452
400 0.000024 0.014308 500.000000 25.773195
400 0.000017 0.013935 600.000000 25.862068
400 0.000019 0.013539 700.000000 26.119404
400 0.000015 0.013367 800.000000 26.229507
410 0.000035 0.014987 100.000000 25.641026
410 0.000033 0.012428 200.000000 25.974026
410 0.000024 0.012590 300.000000 25.862068
410 0.000024 0.013773 400.000000 25.806452
410 0.000025 0.013429 500.000000 25.773195
410 0.000020 0.013394 600.000000 25.974026
410 0.000017 0.012978 700.000000 26.119404
410 0.000015 0.013031 800.000000 26.229507
420 0.000037 0.014696 100.000000 25.641026
420 0.000033 0.013339 200.000000 25.641026
420 0.000019 0.013540 300.000000 25.862068
420 0.000024 0.014682 400.000000 25.641026
420 0.000023 0.014133 500.000000 25.773195
420 0.000019 0.014197 600.000000 25.974026
420 0.000016 0.013417 700.000000 26.119404
420 0.000016 0.013965 800.000000 26.143791
430 0.000028 0.013090 100.000000 25.641026
430 0.000030 0.013418 200.000000 25.641026
430 0.000021 0.014471 300.000000 25.641026
430 0.000025 0.015123 400.000000 25.641026
430 0.000021 0.014359 500.000000 25.773195
430 0.000018 0.014190 600.000000 25.974026
430 0.000014 0.013801 700.000000 26.119404
430 0.000017 0.014143 800.000000 26.143791
440 0.000038 0.013110 100.000000 25.641026
440 0.000022 0.013406 200.000000 25.641026
440 0.000017 0.014959 300.000000 25.641026
440 0.000024 0.015161 400.000000 25.641026
440 0.000019 0.014850 500.000000 25.773195
440 0.000018 0.014427 600.000000 26.086956
440 0.000014 0.014297 700.000000 26.119404
440 0.000020 0.014410 800.000000 26.143791
450 0.000030 0.013124 100.000000 25.000000
450 0.000020 0.014012 200.000000 25.641026
450 0.000021 0.015761 300.000000 25.641026
450 0.000022 0.015152 400.000000 25.641026
450 0.000018 0.015136 500.000000 25.773195
450 0.000016 0.014512 600.000000 26.086956
450 0.000014 0.014770 700.000000 26.119404
450 0.000019 0.014585 800.000000 26.058632
460 0.000046 0.014448 100.000000 25.000000
460 0.000021 0.015614 200.000000 25.316456
460 0.000025 0.016869 300.000000 25.423729
460 0.000024 0.015941 400.000000 25.641026
460 0.000018 0.015798 500.000000 25.906736
460 0.000014 0.014922 600.000000 26.086956
460 0.000016 0.015447 700.000000 26.119404
460 0.000020 0.014865 800.000000 25.974026
470 0.000041 0.015643 100.000000 25.000000
470 0.000020 0.017706 200.000000 25.316456
470 0.000028 0.017838 300.000000 25.423729
470 0.000019 0.016641 400.000000 25.641026
470 0.000019 0.016298 500.000000 25.906736
470 0.000014 0.015782 600.000000 26.086956
470 0.000017 0.015970 700.000000 26.119404
470 0.000021 0.015355 800.000000 25.889967
480 0.000026 0.016973 100.000000 25.000000
480 0.000019 0.018717 200.000000 25.316456
480 0.000027 0.018220 300.000000 25.423729
480 0.000018 0.017511 400.000000 25.641026
480 0.000014 0.016816 500.000000 26.041666
480 0.000012 0.016583 600.000000 26.086956
480 0.000019 0.016432 700.000000 26.119404
480 0.000019 0.015550 800.000000 25.806452
490 0.000024 0.018778 100.000000 25.000000
490 0.000023 0.020424 200.000000 25.316456
490 0.000020 0.018858 300.000000 25.423729
490 0.000015 0.018218 400.000000 25.806452
490 0.000014 0.017178 500.000000 26.041666
490 0.000012 0.017427 600.000000 26.200872
490 0.000018 0.016960 700.000000 26.022305
490 0.000018 0.015922 800.000000 25.723473
500 0.000023 0.021440 100.000000 25.000000
500 0.000022 0.022479 200.000000 25.000000
500 0.000017 0.020262 300.000000 25.423729
500 0.000012 0.019803 400.000000 25.806452
500 0.000011 0.018546 500.000000 26.041666
500 0.000011 0.018866 600.000000 26.200872
500 0.000016 0.018066 700.000000 25.925926
500 0.000014 0.016980 800.000000 25.559105
510 0.000026 0.023114 100.000000 25.000000
510 0.000029 0.021961 200.000000 25.000000
510 0.000012 0.019949 300.000000 25.423729
510 0.000015 0.019005 400.000000 25.974026
510 0.000013 0.018287 500.000000 26.178011
510 0.000016 0.018537 600.000000 26.086956
510 0.000020 0.017609 700.000000 25.830257
510 0.000015 0.016251 800.000000 25.396826
520 0.000041 0.022613 100.000000 24.390244
520 0.000030 0.020236 200.000000 25.000000
520 0.000016 0.018960 300.000000 25.641026
520 0.000013 0.018157 400.000000 25.974026
520 0.000012 0.017762 500.000000 26.178011
520 0.000020 0.017597 600.000000 26.086956
520 0.000019 0.016489 700.000000 25.735294
520 0.000016 0.015282 800.000000 25.236593
530 0.000029 0.023357 100.000000 24.390244
530 0.000026 0.019600 200.000000 25.000000
530 0.000017 0.018970 300.000000 25.641026
530 0.000015 0.017524 400.000000 25.974026
530 0.000014 0.017890 500.000000 26.178011
530 0.000021 0.017219 600.000000 26.086956
530 0.000020 0.016110 700.000000 25.641026
530 0.000018 0.014881 800.000000 25.078369
540 0.000039 0.023778 100.000000 24.390244
540 0.000027 0.019650 200.000000 25.316456
540 0.000018 0.019170 300.000000 25.862068
540 0.000014 0.017714 400.000000 26.143791
540 0.000016 0.018345 500.000000 26.178011
540 0.000021 0.017360 600.000000 25.974026
540 0.000017 0.016361 700.000000 25.454546
540 0.000014 0.015070 800.000000 24.844721
550 0.000064 0.020638 100.000000 24.390244
550 0.000020 0.018660 200.000000 25.316456
550 0.000025 0.017581 300.000000 26.086956
550 0.000018 0.017112 400.000000 26.315790
550 0.000023 0.017549 500.000000 26.178011
550 0.000026 0.016616 600.000000 25.862068
550 0.000020 0.015258 700.000000 25.362318
550 0.000012 0.014109 800.000000 24.464832
560 0.000042 0.020135 100.000000 24.390244
560 0.000021 0.018941 200.000000 25.641026
560 0.000019 0.018281 300.000000 26.086956
560 0.000018 0.018283 400.000000 26.315790
560 0.000025 0.018264 500.000000 26.178011
560 0.000023 0.016983 600.000000 25.751074
560 0.000020 0.015756 700.000000 25.179855
560 0.000011 0.014347 800.000000 24.024025
570 0.000030 0.017344 100.000000 25.000000
570 0.000020 0.018219 200.000000 25.974026
570 0.000019 0.017082 300.000000 26.315790
570 0.000017 0.018211 400.000000 26.315790
570 0.000024 0.017453 500.000000 26.178011
570 0.000022 0.016323 600.000000 25.641026
570 0.000019 0.015014 700.000000 25.000000
570 0.000013 0.013467 800.000000 23.598820
580 0.000027 0.018323 100.000000 25.000000
580 0.000020 0.019352 200.000000 25.974026
580 0.000029 0.018270 300.000000 26.315790
580 0.000020 0.019374 400.000000 26.490067
580 0.000023 0.018473 500.000000 26.041666
580 0.000020 0.017304 600.000000 25.531916
580 0.000015 0.015902 700.000000 24.734982
580 0.000017 0.013921 800.000000 23.054754
590 0.000028 0.020214 100.000000 25.641026
590 0.000021 0.020086 200.000000 26.315790
590 0.000027 0.020081 300.000000 26.548672
590 0.000019 0.020791 400.000000 26.315790
590 0.000022 0.019548 500.000000 26.041666
590 0.000017 0.017922 600.000000 25.316456
590 0.000012 0.016517 700.000000 24.305555
590 0.000019 0.014074 800.000000 22.662889
600 0.000020 0.020727 100.000000 25.641026
600 0.000024 0.019932 200.000000 26.315790
600 0.000021 0.020262 300.000000 26.548672
600 0.000020 0.020254 400.000000 26.315790
600 0.000020 0.018661 500.000000 25.773195
600 0.000018 0.017237 600.000000 25.104603
600 0.000011 0.015624 700.000000 23.809525
600 0.000020 0.012687 800.000000 22.222221
610 0.000023 0.021676 100.000000 25.641026
610 0.000023 0.019091 200.000000 26.666666
610 0.000019 0.020727 300.000000 26.548672
610 0.000023 0.019649 400.000000 26.143791
610 0.000017 0.018120 500.000000 25.641026
610 0.000017 0.016639 600.000000 24.793388
610 0.000014 0.014710 700.000000 23.178808
610 0.000021 0.011631 800.000000 21.798365
620 0.000031 0.020954 100.000000 26.315790
620 0.000036 0.018968 200.000000 26.666666
620 0.000020 0.020390 300.000000 26.548672
620 0.000024 0.019157 400.000000 25.974026
620 0.000020 0.017606 500.000000 25.380711
620 0.000014 0.016020 600.000000 24.390244
620 0.000017 0.013706 700.000000 22.653721
620 0.000023 0.010758 800.000000 21.505377
630 0.000047 0.018318 100.000000 26.315790
630 0.000032 0.018325 200.000000 26.666666
630 0.000028 0.019271 300.000000 26.315790
630 0.000029 0.017625 400.000000 25.806452
630 0.000023 0.015814 500.000000 25.000000
630 0.000011 0.014288 600.000000 23.904383
630 0.000021 0.011673 700.000000 22.082020
630 0.000022 0.009327 800.000000 21.164021
640 0.000030 0.017377 100.000000 26.315790
640 0.000022 0.018624 200.000000 26.666666
640 0.000026 0.018775 300.000000 26.086956
640 0.000024 0.016868 400.000000 25.477707
640 0.000023 0.015325 500.000000 24.752476
640 0.000011 0.013533 600.000000 23.166023
640 0.000022 0.010590 700.000000 21.538462
640 0.000020 0.008694 800.000000 20.725389
650 0.000040 0.016019 100.000000 26.315790
650 0.000022 0.020012 200.000000 26.315790
650 0.000029 0.018603 300.000000 25.862068
650 0.000023 0.016996 400.000000 25.157232
650 0.000017 0.015516 500.000000 24.271845
650 0.000016 0.013398 600.000000 22.471910
650 0.000026 0.010179 700.000000 21.084337
650 0.000020 0.008505 800.000000 20.304569
660 0.000046 0.017996 100.000000 26.315790
660 0.000025 0.020403 200.000000 25.974026
660 0.000033 0.018549 300.000000 25.641026
660 0.000020 0.016628 400.000000 24.844721
660 0.000011 0.014915 500.000000 23.809525
660 0.000020 0.012365 600.000000 21.818182
660 0.000025 0.009561 700.000000 20.771513
660 0.000018 0.009052 800.000000 19.851116
670 0.000035 0.019719 100.000000 25.641026
670 0.000035 0.019996 200.000000 25.974026
670 0.000029 0.017618 300.000000 25.210085
670 0.000021 0.015678 400.000000 24.390244
670 0.000007 0.014067 500.000000 23.041475
670 0.000024 0.010950 600.000000 21.201414
670 0.000025 0.008675 700.000000 20.348837
670 0.000021 0.009466 800.000000 19.417477
680 0.000018 0.021674 100.000000 25.641026
680 0.000033 0.019315 200.000000 25.641026
680 0.000031 0.016977 300.000000 24.793388
680 0.000024 0.014986 400.000000 23.952095
680 0.000010 0.013003 500.000000 22.222221
680 0.000026 0.009984 600.000000 20.689655
680 0.000024 0.008410 700.000000 19.886364
680 0.000025 0.009737 800.000000 19.093079
690 0.000028 0.021666 100.000000 25.641026
690 0.000045 0.017935 200.000000 25.316456
690 0.000028 0.016047 300.000000 24.390244
690 0.000022 0.014485 400.000000 23.529411
690 0.000017 0.011862 500.000000 21.459227
690 0.000026 0.009969 600.000000 20.202021
690 0.000024 0.009117 700.000000 19.444445
700 0.000063 0.021092 100.000000 25.000000
700 0.000056 0.017643 200.000000 24.691359
700 0.000029 0.015059 300.000000 24.000000
700 0.000012 0.013622 400.000000 22.857143
700 0.000024 0.010770 500.000000 20.833334
700 0.000028 0.009270 600.000000 19.867550
700 0.000020 0.009242 700.000000 18.970190
710 0.000081 0.018565 100.000000 25.000000
710 0.000046 0.015473 200.000000 24.390244
710 0.000028 0.013565 300.000000 23.622047
710 0.000002 0.011936 400.000000 21.978022
710 0.000025 0.008934 500.000000 20.161291
710 0.000027 0.008056 600.000000 19.417477
710 0.000023 0.008908 700.000000 18.567638
720 0.000069 0.016171 100.000000 24.390244
720 0.000039 0.014345 200.000000 23.809525
720 0.000026 0.012651 300.000000 23.076923
720 0.000009 0.010643 400.000000 21.164021
720 0.000028 0.007907 500.000000 19.607843
720 0.000027 0.007300 600.000000 18.987341
730 0.000062 0.015677 100.000000 23.809525
730 0.000025 0.014545 200.000000 23.529411
730 0.000014 0.012962 300.000000 22.556391
730 0.000021 0.010171 400.000000 20.304569
730 0.000035 0.007635 500.000000 19.230770
730 0.000029 0.007365 600.000000 18.518518
740 0.000047 0.016286 100.000000 23.809525
740 0.000012 0.013916 200.000000 22.988506
740 0.000010 0.012693 300.000000 21.739130
740 0.000031 0.009321 400.000000 19.704433
740 0.000037 0.006285 500.000000 18.867924
740 0.000031 0.007002 600.000000 18.072289
750 0.000018 0.016043 100.000000 23.255814
750 0.000013 0.014970 200.000000 22.471910
750 0.000026 0.013254 300.000000 20.833334
750 0.000042 0.008833 400.000000 19.047619
750 0.000040 0.004843 500.000000 18.518518
750 0.000040 0.006687 600.000000 17.751480
760 0.000018 0.015662 100.000000 22.727272
760 0.000007 0.014022 200.000000 21.978022
760 0.000023 0.011998 300.000000 20.000000
760 0.000044 0.006994 400.000000 18.604650
760 0.000037 0.005019 500.000000 18.050541
770 0.000020 0.015871 100.000000 22.222221
770 0.000007 0.013755 200.000000 21.505377
770 0.000033 0.010891 300.000000 19.230770
770 0.000050 0.006026 400.000000 18.181818
770 0.000041 0.005762 500.000000 17.605635
780 0.000033 0.014127 100.000000 21.739130
780 0.000039 0.013330 200.000000 20.833334
780 0.000050 0.010364 300.000000 18.518518
780 0.000053 0.004883 400.000000 17.857143
780 0.000046 0.005508 500.000000 17.241379
790 0.000012 0.013397 100.000000 21.276596
790 0.000046 0.011831 200.000000 19.801981
790 0.000053 0.008045 300.000000 17.964071
790 0.000049 0.004613 400.000000 17.543859
790 0.000048 0.005876 500.000000 16.891891
800 0.000000 0.012786 100.000000 20.833334
800 0.000036 0.011440 200.000000 18.867924
800 0.000060 0.006300 300.000000 17.441860
800 0.000048 0.005178 400.000000 17.167381
800 0.000058 0.005939 500.000000 16.666666
810 0.000015 0.012092 100.000000 20.408163
810 0.000038 0.009194 200.000000 18.018019
810 0.000059 0.005311 300.000000 17.142857
810 0.000048 0.006424 400.000000 16.806723
820 0.000035 0.010620 100.000000 19.607843
820 0.000052 0.007946 200.000000 17.241379
820 0.000062 0.005445 300.000000 16.853933
820 0.000050 0.006966 400.000000 16.393442
830 0.000082 0.010411 100.000000 18.518518
830 0.000067 0.007753 200.000000 16.666666
830 0.000063 0.005949 300.000000 16.574585
830 0.000055 0.006642 400.000000 16.129032
840 0.000083 0.010980 100.000000 17.241379
840 0.000086 0.007742 200.000000 16.129032
840 0.000064 0.007386 300.000000 16.304348
840 0.000067 0.005871 400.000000 15.873015
850 0.000075 0.011228 100.000000 16.393442
850 0.000093 0.006748 200.000000 15.873015
850 0.000066 0.008739 300.000000 15.957447
860 0.000093 0.010963 100.000000 15.625000
860 0.000095 0.006833 200.000000 15.625000
860 0.000064 0.009079 300.000000 15.625000
870 0.000100 0.008576 100.000000 14.925373
870 0.000087 0.007448 200.000000 15.503876
870 0.000057 0.008738 300.000000 15.384615
880 0.000125 0.007573 100.000000 14.705882
880 0.000083 0.008552 200.000000 15.503876
880 0.000052 0.008234 300.000000 15.306123
890 0.000119 0.007093 100.000000 14.705882
890 0.000077 0.009975 200.000000 15.625000
890 0.000053 0.007956 300.000000 15.306123
900 0.000134 0.009249 100.000000 14.925373
900 0.000078 0.012319 200.000000 15.625000
900 0.000070 0.008145 300.000000 15.306123
910 0.000130 0.012622 100.000000 14.925373
910 0.000077 0.013579 200.000000 15.503876
920 0.000110 0.015435 100.000000 15.384615
920 0.000075 0.014245 200.000000 15.503876
930 0.000092 0.017370 100.000000 15.625000
930 0.000075 0.014978 200.000000 15.503876
940 0.000073 0.018389 100.000000 15.873015
940 0.000077 0.014245 200.000000 15.384615
950 0.000043 0.018206 100.000000 16.129032
950 0.000082 0.013653 200.000000 15.384615
960 0.000046 0.017273 100.000000 16.129032
960 0.000084 0.012690 200.000000 15.384615
970 0.000049 0.015310 100.000000 15.873015
970 0.000087 0.012230 200.000000 15.384615
980 0.000083 0.014473 100.000000 15.625000
990 0.000114 0.013466 100.000000 15.151515
1000 0.000137 0.013975 100.000000 14.705882
1010 0.000144 0.015932 100.000000 14.492754
1020 0.000158 0.018415 100.000000 14.492754
1030 0.000169 0.021373 100.000000 14.705882
