0 0.000005 0.010414 100.000000 9.090909
0 0.000066 0.004718 200.000000 7.633588
0 0.000048 0.003059 300.000000 7.159904
0 0.000017 0.002874 400.000000 6.896552
0 0.000014 0.002198 500.000000 7.278020
0 0.000013 0.002507 600.000000 7.272727
0 0.000013 0.002380 700.000000 7.186858
0 0.000013 0.001739 800.000000 7.305936
10 0.000021 0.010920 100.000000 8.849558
10 0.000062 0.004778 200.000000 7.722008
10 0.000034 0.003055 300.000000 7.075472
10 0.000014 0.002920 400.000000 6.932409
10 0.000013 0.002239 500.000000 7.320644
10 0.000012 0.002579 600.000000 7.290401
10 0.000013 0.002288 700.000000 7.201646
10 0.000013 0.001778 800.000000 7.332722
20 0.000095 0.011183 100.000000 8.196721
20 0.000064 0.004695 200.000000 7.782101
20 0.000026 0.003156 300.000000 7.042253
20 0.000015 0.002967 400.000000 6.968641
20 0.000010 0.002138 500.000000 7.352941
20 0.000009 0.002466 600.000000 7.299270
20 0.000010 0.002058 700.000000 7.209063
20 0.000012 0.001679 800.000000 7.352941
30 0.000083 0.009996 100.000000 7.751938
30 0.000056 0.004493 200.000000 7.782101
30 0.000023 0.003134 300.000000 7.009346
30 0.000015 0.002862 400.000000 6.980803
30 0.000010 0.001981 500.000000 7.374631
30 0.000008 0.002288 600.000000 7.299270
30 0.000010 0.001879 700.000000 7.194244
30 0.000013 0.001645 800.000000 7.359705
40 0.000091 0.009880 100.000000 7.575758
40 0.000061 0.004556 200.000000 7.692307
40 0.000025 0.003342 300.000000 6.993007
40 0.000015 0.002844 400.000000 6.956522
40 0.000012 0.002079 500.000000 7.374631
40 0.000007 0.002445 600.000000 7.281553
40 0.000013 0.001948 700.000000 7.150153
40 0.000013 0.001717 800.000000 7.352941
50 0.000080 0.008766 100.000000 7.407407
50 0.000057 0.004791 200.000000 7.575758
50 0.000023 0.003611 300.000000 6.976744
50 0.000014 0.002959 400.000000 6.932409
50 0.000015 0.002146 500.000000 7.363770
50 0.000008 0.002566 600.000000 7.194244
50 0.000011 0.002098 700.000000 7.113821
50 0.000011 0.001935 800.000000 7.332722
60 0.000085 0.007492 100.000000 7.194244
60 0.000056 0.004620 200.000000 7.407407
60 0.000022 0.003685 300.000000 6.944445
60 0.000015 0.002679 400.000000 6.920415
60 0.000015 0.001933 500.000000 7.352941
60 0.000008 0.002396 600.000000 7.050529
60 0.000011 0.001874 700.000000 7.099391
60 0.000012 0.001771 800.000000 7.305936
70 0.000104 0.006379 100.000000 6.944445
70 0.000066 0.004477 200.000000 7.220217
70 0.000028 0.003737 300.000000 6.849315
70 0.000014 0.002144 400.000000 6.908463
70 0.000012 0.001799 500.000000 7.331378
70 0.000009 0.002312 600.000000 6.993007
70 0.000012 0.001597 700.000000 7.092198
70 0.000013 0.001567 800.000000 7.252946
80 0.000096 0.006415 100.000000 6.711410
80 0.000071 0.004410 200.000000 6.968641
80 0.000036 0.003975 300.000000 6.622517
80 0.000014 0.002120 400.000000 6.896552
80 0.000011 0.001794 500.000000 7.278020
80 0.000010 0.002123 600.000000 6.960557
80 0.000013 0.001559 700.000000 7.092198
80 0.000015 0.001785 800.000000 7.111111
90 0.000116 0.006212 100.000000 6.535948
90 0.000073 0.004823 200.000000 6.711410
90 0.000022 0.004664 300.000000 6.396588
90 0.000015 0.001826 400.000000 6.884682
90 0.000014 0.001733 500.000000 7.173601
90 0.000011 0.001834 600.000000 6.936416
90 0.000013 0.001359 700.000000 7.085020
90 0.000015 0.001698 800.000000 7.048458
100 0.000119 0.006678 100.000000 6.451613
100 0.000075 0.005601 200.000000 6.578948
100 0.000026 0.004268 300.000000 6.342494
100 0.000015 0.001791 400.000000 6.884682
100 0.000019 0.001810 500.000000 7.002801
100 0.000012 0.001750 600.000000 6.928406
100 0.000014 0.001351 700.000000 7.085020
100 0.000014 0.001712 800.000000 7.023705
110 0.000124 0.006474 100.000000 6.535948
110 0.000072 0.005732 200.000000 6.451613
110 0.000019 0.003752 300.000000 6.369427
110 0.000017 0.001606 400.000000 6.920415
110 0.000013 0.001868 500.000000 6.983240
110 0.000013 0.001678 600.000000 6.936416
110 0.000015 0.001320 700.000000 7.099391
110 0.000015 0.001556 800.000000 7.029877
120 0.000128 0.005738 100.000000 6.756757
120 0.000055 0.005268 200.000000 6.410256
120 0.000019 0.003398 300.000000 6.437768
120 0.000015 0.001348 400.000000 6.993007
120 0.000012 0.001850 500.000000 7.022472
120 0.000015 0.001611 600.000000 6.968641
120 0.000015 0.001282 700.000000 7.135576
120 0.000014 0.001457 800.000000 7.060900
130 0.000112 0.008131 100.000000 6.993007
130 0.000045 0.006341 200.000000 6.451613
130 0.000013 0.004075 300.000000 6.521739
130 0.000013 0.001551 400.000000 7.067138
130 0.000004 0.001733 500.000000 7.072136
130 0.000013 0.001660 600.000000 7.009346
130 0.000012 0.001802 700.000000 7.179487
130 0.000013 0.001799 800.000000 7.098492
140 0.000111 0.010446 100.000000 7.299270
140 0.000034 0.007415 200.000000 6.535948
140 0.000022 0.005078 300.000000 6.607930
140 0.000016 0.002085 400.000000 7.142857
140 0.000007 0.001920 500.000000 7.122507
140 0.000011 0.002045 600.000000 7.050529
140 0.000013 0.002416 700.000000 7.231405
140 0.000014 0.002296 800.000000 7.130125
150 0.000064 0.011127 100.000000 7.575758
150 0.000018 0.007476 200.000000 6.622517
150 0.000024 0.004684 300.000000 6.681514
150 0.000016 0.001806 400.000000 7.220217
150 0.000013 0.001500 500.000000 7.173601
150 0.000006 0.001535 600.000000 7.083825
150 0.000008 0.002174 700.000000 7.268951
150 0.000010 0.002182 800.000000 7.162041
160 0.000024 0.011063 100.000000 7.751938
160 0.000032 0.007171 200.000000 6.666667
160 0.000026 0.004023 300.000000 6.741573
160 0.000021 0.001330 400.000000 7.272727
160 0.000017 0.000684 500.000000 7.204611
160 0.000004 0.000794 600.000000 7.092198
160 0.000002 0.001577 700.000000 7.299270
160 0.000007 0.001973 800.000000 7.174888
170 0.000035 0.011563 100.000000 7.751938
170 0.000029 0.007604 200.000000 6.711410
170 0.000028 0.004305 300.000000 6.756757
170 0.000021 0.001555 400.000000 7.312614
170 0.000019 0.000744 500.000000 7.215007
170 0.000006 0.001210 600.000000 7.083825
170 0.000006 0.001968 700.000000 7.314525
170 0.000009 0.002201 800.000000 7.162041
180 0.000045 0.010290 100.000000 7.692307
180 0.000025 0.006267 200.000000 6.734007
180 0.000023 0.003430 300.000000 6.772009
180 0.000017 0.001312 400.000000 7.326007
180 0.000017 0.000973 500.000000 7.173601
180 0.000003 0.001051 600.000000 7.058824
180 0.000003 0.001678 700.000000 7.314525
180 0.000009 0.001852 800.000000 7.117438
190 0.000021 0.010553 100.000000 7.575758
190 0.000024 0.006401 200.000000 6.756757
190 0.000024 0.003155 300.000000 6.787330
190 0.000021 0.001203 400.000000 7.352941
190 0.000016 0.001329 500.000000 7.072136
190 0.000003 0.000986 600.000000 7.058824
190 0.000002 0.001761 700.000000 7.306890
190 0.000009 0.001743 800.000000 7.085917
200 0.000033 0.010196 100.000000 7.518797
200 0.000025 0.005989 200.000000 6.779661
200 0.000024 0.002757 300.000000 6.818182
200 0.000022 0.001096 400.000000 7.366483
200 0.000013 0.001283 500.000000 6.993007
200 0.000003 0.000973 600.000000 7.075472
200 0.000003 0.001715 700.000000 7.306890
200 0.000010 0.001568 800.000000 7.079646
210 0.000032 0.010483 100.000000 7.407407
210 0.000031 0.005737 200.000000 6.779661
210 0.000027 0.002332 300.000000 6.864988
210 0.000023 0.001007 400.000000 7.393715
210 0.000016 0.001239 500.000000 6.983240
210 0.000005 0.000818 600.000000 7.100592
210 0.000004 0.001653 700.000000 7.291667
210 0.000010 0.001416 800.000000 7.092198
220 0.000061 0.010116 100.000000 7.352941
220 0.000025 0.005414 200.000000 6.688963
220 0.000027 0.002126 300.000000 6.912442
220 0.000023 0.001119 400.000000 7.421150
220 0.000011 0.001223 500.000000 6.993007
220 0.000003 0.000941 600.000000 7.125891
220 0.000003 0.001708 700.000000 7.231405
220 0.000010 0.001318 800.000000 7.104796
230 0.000075 0.009667 100.000000 7.142857
230 0.000025 0.005549 200.000000 6.514658
230 0.000028 0.001834 300.000000 6.944445
230 0.000025 0.001172 400.000000 7.407407
230 0.000009 0.001107 500.000000 7.002801
230 0.000006 0.000787 600.000000 7.151371
230 0.000009 0.001684 700.000000 7.150153
230 0.000010 0.001183 800.000000 7.123775
240 0.000067 0.006782 100.000000 6.896552
240 0.000049 0.005192 200.000000 6.329114
240 0.000032 0.000300 300.000000 6.976744
240 0.000029 0.001887 400.000000 7.352941
240 0.000010 0.001570 500.000000 7.012623
240 0.000006 0.000506 600.000000 7.168459
240 0.000010 0.001464 700.000000 7.121058
240 0.000011 0.000782 800.000000 7.136485
250 0.000050 0.006432 100.000000 6.711410
250 0.000051 0.004166 200.000000 6.269592
250 0.000031 0.000573 300.000000 7.009346
250 0.000036 0.002374 400.000000 7.194244
250 0.000009 0.001706 500.000000 7.012623
250 0.000006 0.000566 600.000000 7.185629
250 0.000010 0.001336 700.000000 7.106599
250 0.000012 0.000582 800.000000 7.142857
260 0.000036 0.006557 100.000000 6.369427
260 0.000049 0.003186 200.000000 6.269592
260 0.000033 0.001065 300.000000 7.042253
260 0.000034 0.002646 400.000000 7.092198
260 0.000010 0.001851 500.000000 7.012623
260 0.000006 0.000616 600.000000 7.194244
260 0.000010 0.001181 700.000000 7.099391
260 0.000011 0.000422 800.000000 7.149240
270 0.000038 0.005928 100.000000 5.952381
270 0.000051 0.002590 200.000000 6.269592
270 0.000036 0.001622 300.000000 7.058824
270 0.000031 0.002974 400.000000 7.067138
270 0.000010 0.001887 500.000000 6.993007
270 0.000005 0.000689 600.000000 7.202881
270 0.000010 0.001148 700.000000 7.099391
270 0.000012 0.000361 800.000000 7.155635
280 0.000070 0.005645 100.000000 5.813953
280 0.000054 0.001857 200.000000 6.289308
280 0.000033 0.002261 300.000000 7.075472
280 0.000027 0.003472 400.000000 7.067138
280 0.000011 0.001888 500.000000 6.983240
280 0.000005 0.000686 600.000000 7.211538
280 0.000010 0.001035 700.000000 7.099391
280 0.000012 0.000274 800.000000 7.168459
290 0.000072 0.005237 100.000000 5.813953
290 0.000052 0.001473 200.000000 6.309148
290 0.000037 0.002545 300.000000 7.109005
290 0.000027 0.003588 400.000000 7.067138
290 0.000009 0.001742 500.000000 6.963789
290 0.000003 0.000716 600.000000 7.220217
290 0.000010 0.001021 700.000000 7.092198
290 0.000013 0.000270 800.000000 7.181329
300 0.000066 0.004640 100.000000 5.882353
300 0.000052 0.000962 200.000000 6.329114
300 0.000036 0.002904 300.000000 7.159904
300 0.000028 0.003772 400.000000 7.067138
300 0.000008 0.001703 500.000000 6.944445
300 0.000005 0.000759 600.000000 7.237636
300 0.000011 0.000934 700.000000 7.063572
300 0.000014 0.000381 800.000000 7.200720
310 0.000067 0.004207 100.000000 5.952381
310 0.000047 0.000952 200.000000 6.369427
310 0.000034 0.003481 300.000000 7.194244
310 0.000028 0.004436 400.000000 7.017544
310 0.000008 0.001982 500.000000 6.934813
310 0.000004 0.000925 600.000000 7.246377
310 0.000012 0.000731 700.000000 7.028112
310 0.000013 0.000659 800.000000 7.220217
320 0.000059 0.003090 100.000000 6.024096
320 0.000040 0.001165 200.000000 6.410256
320 0.000029 0.003355 300.000000 7.246377
320 0.000022 0.004208 400.000000 6.932409
320 0.000006 0.001868 500.000000 6.944445
320 0.000001 0.000907 600.000000 7.255139
320 0.000012 0.000539 700.000000 7.007007
320 0.000012 0.000727 800.000000 7.246377
330 0.000070 0.002586 100.000000 6.097561
330 0.000042 0.001787 200.000000 6.472492
330 0.000033 0.003931 300.000000 7.299270
330 0.000026 0.004595 400.000000 6.861063
330 0.000007 0.002089 500.000000 6.973501
330 0.000006 0.000948 600.000000 7.263923
330 0.000013 0.000360 700.000000 7.007007
330 0.000012 0.000926 800.000000 7.266122
340 0.000078 0.002771 100.000000 6.172840
340 0.000049 0.002586 200.000000 6.535948
340 0.000033 0.004706 300.000000 7.352941
340 0.000028 0.004776 400.000000 6.849315
340 0.000010 0.002299 500.000000 7.012623
340 0.000007 0.000978 600.000000 7.263923
340 0.000015 0.000228 700.000000 7.028112
340 0.000014 0.001134 800.000000 7.292616
350 0.000087 0.002549 100.000000 6.134969
350 0.000049 0.003584 200.000000 6.622517
350 0.000036 0.005390 300.000000 7.389163
350 0.000028 0.005137 400.000000 6.872852
350 0.000010 0.002581 500.000000 7.052186
350 0.000008 0.001181 600.000000 7.228916
350 0.000015 0.000255 700.000000 7.049345
350 0.000013 0.001405 800.000000 7.326007
360 0.000112 0.003636 100.000000 6.024096
360 0.000056 0.004335 200.000000 6.734007
360 0.000035 0.006382 300.000000 7.444169
360 0.000026 0.005561 400.000000 6.920415
360 0.000012 0.002881 500.000000 7.092198
360 0.000007 0.001702 600.000000 7.168459
360 0.000016 0.000346 700.000000 7.077857
360 0.000014 0.001698 800.000000 7.359705
370 0.000125 0.002012 100.000000 5.917160
370 0.000054 0.004878 200.000000 6.825939
370 0.000038 0.006715 300.000000 7.481297
370 0.000025 0.005633 400.000000 6.956522
370 0.000011 0.002920 500.000000 7.142857
370 0.000004 0.001540 600.000000 7.142857
370 0.000016 0.000503 700.000000 7.113821
370 0.000014 0.001825 800.000000 7.400555
380 0.000110 0.002161 100.000000 5.813953
380 0.000049 0.005162 200.000000 6.944445
380 0.000037 0.006590 300.000000 7.500000
380 0.000024 0.005365 400.000000 7.005254
380 0.000013 0.002790 500.000000 7.194244
380 0.000003 0.001380 600.000000 7.142857
380 0.000015 0.000622 700.000000 7.150153
380 0.000014 0.001837 800.000000 7.434944
390 0.000096 0.002416 100.000000 5.813953
390 0.000054 0.005300 200.000000 7.067138
390 0.000039 0.007005 300.000000 7.444169
390 0.000021 0.005244 400.000000 7.054674
390 0.000012 0.002730 500.000000 7.235890
390 0.000007 0.001117 600.000000 7.159904
390 0.000016 0.000691 700.000000 7.179487
390 0.000015 0.001909 800.000000 7.476635
400 0.000105 0.003254 100.000000 5.847953
400 0.000054 0.006348 200.000000 7.168459
400 0.000044 0.007743 300.000000 7.317073
400 0.000019 0.005521 400.000000 7.092198
400 0.000013 0.002904 500.000000 7.278020
400 0.000011 0.001029 600.000000 7.168459
400 0.000017 0.000933 700.000000 7.209063
400 0.000015 0.002179 800.000000 7.511737
410 0.000102 0.003433 100.000000 5.988024
410 0.000054 0.006145 200.000000 7.299270
410 0.000049 0.007247 300.000000 7.317073
410 0.000018 0.005039 400.000000 7.142857
410 0.000009 0.002537 500.000000 7.331378
410 0.000012 0.000810 600.000000 7.202881
410 0.000015 0.000945 700.000000 7.246377
410 0.000014 0.002059 800.000000 7.547170
420 0.000114 0.003576 100.000000 6.211180
420 0.000057 0.006084 200.000000 7.462687
420 0.000048 0.007030 300.000000 7.371007
420 0.000016 0.004777 400.000000 7.194244
420 0.000009 0.002086 500.000000 7.396450
420 0.000013 0.000592 600.000000 7.246377
420 0.000017 0.000946 700.000000 7.284079
420 0.000016 0.001999 800.000000 7.597341
430 0.000099 0.002781 100.000000 6.410256
430 0.000049 0.004827 200.000000 7.633588
430 0.000038 0.005548 300.000000 7.462687
430 0.000010 0.003383 400.000000 7.259528
430 0.000006 0.001394 500.000000 7.462687
430 0.000014 0.000708 600.000000 7.290401
430 0.000014 0.000616 700.000000 7.329843
430 0.000013 0.001562 800.000000 7.648183
440 0.000088 0.002872 100.000000 6.622517
440 0.000045 0.003882 200.000000 7.782101
440 0.000029 0.004392 300.000000 7.537688
440 0.000004 0.002435 400.000000 7.312614
440 0.000009 0.001297 500.000000 7.518797
440 0.000015 0.000826 600.000000 7.334963
440 0.000012 0.000409 700.000000 7.376185
440 0.000011 0.001258 800.000000 7.684918
450 0.000073 0.002767 100.000000 6.756757
450 0.000033 0.004011 200.000000 7.905138
450 0.000014 0.004150 300.000000 7.575758
450 0.000003 0.002317 400.000000 7.326007
450 0.000010 0.001523 500.000000 7.552870
450 0.000016 0.000753 600.000000 7.352941
450 0.000008 0.000404 700.000000 7.399577
450 0.000008 0.001205 800.000000 7.714561
460 0.000070 0.002336 100.000000 6.802721
460 0.000033 0.005181 200.000000 7.936508
460 0.000013 0.005134 300.000000 7.575758
460 0.000011 0.002851 400.000000 7.299270
460 0.000014 0.001778 500.000000 7.564297
460 0.000018 0.000635 600.000000 7.343941
460 0.000010 0.000684 700.000000 7.415254
460 0.000008 0.001572 800.000000 7.722008
470 0.000075 0.002270 100.000000 6.802721
470 0.000038 0.005247 200.000000 7.968128
470 0.000015 0.004990 300.000000 7.537688
470 0.000012 0.002450 400.000000 7.233273
470 0.000013 0.001519 500.000000 7.564297
470 0.000017 0.000490 600.000000 7.290401
470 0.000010 0.000752 700.000000 7.430998
470 0.000044 0.002071 800.000000 7.707129
480 0.000073 0.002333 100.000000 6.756757
480 0.000040 0.005216 200.000000 8.000000
480 0.000020 0.004842 300.000000 7.371007
480 0.000011 0.002010 400.000000 7.207207
480 0.000008 0.001179 500.000000 7.552870
480 0.000013 0.000439 600.000000 7.211538
480 0.000012 0.000903 700.000000 7.438895
480 0.000010 0.001701 800.000000 7.677543
490 0.000069 0.003347 100.000000 6.802721
490 0.000040 0.005374 200.000000 8.032128
490 0.000014 0.004896 300.000000 7.159904
490 0.000010 0.001946 400.000000 7.207207
490 0.000005 0.001141 500.000000 7.530120
490 0.000012 0.000308 600.000000 7.177033
490 0.000012 0.000991 700.000000 7.454739
490 0.000010 0.001750 800.000000 7.504691
500 0.000064 0.004459 100.000000 6.896552
500 0.000037 0.005869 200.000000 8.064516
500 0.000018 0.004341 300.000000 7.092198
500 0.000008 0.002080 400.000000 7.233273
500 0.000008 0.001234 500.000000 7.518797
500 0.000013 0.000281 600.000000 7.177033
500 0.000010 0.001136 700.000000 7.478632
500 0.000009 0.001875 800.000000 7.469655
510 0.000073 0.004907 100.000000 7.092198
510 0.000038 0.005919 200.000000 8.163265
510 0.000020 0.004123 300.000000 7.125891
510 0.000010 0.001977 400.000000 7.299270
510 0.000007 0.001299 500.000000 7.485030
510 0.000013 0.000265 600.000000 7.211538
510 0.000012 0.001172 700.000000 7.518797
510 0.000009 0.001863 800.000000 7.483630
520 0.000071 0.004136 100.000000 7.407407
520 0.000036 0.005466 200.000000 8.298756
520 0.000009 0.003741 300.000000 7.211538
520 0.000011 0.001664 400.000000 7.366483
520 0.000011 0.001188 500.000000 7.440476
520 0.000011 0.000193 600.000000 7.255139
520 0.000011 0.001022 700.000000 7.567567
520 0.000010 0.001640 800.000000 7.518797
530 0.000094 0.007817 100.000000 7.692307
530 0.000050 0.008424 200.000000 8.438819
530 0.000019 0.006065 300.000000 7.299270
530 0.000024 0.002669 400.000000 7.448790
530 0.000027 0.001406 500.000000 7.418397
530 0.000013 0.000437 600.000000 7.308161
530 0.000012 0.001507 700.000000 7.616975
530 0.000013 0.002355 800.000000 7.561437
540 0.000061 0.006999 100.000000 8.130081
540 0.000034 0.007344 200.000000 8.620689
540 0.000019 0.005024 300.000000 7.389163
540 0.000022 0.002446 400.000000 7.532957
540 0.000024 0.001194 500.000000 7.440476
540 0.000008 0.000413 600.000000 7.361963
540 0.000008 0.001392 700.000000 7.675438
540 0.000009 0.002099 800.000000 7.604563
550 0.000021 0.008200 100.000000 8.547009
550 0.000017 0.007732 200.000000 8.695652
550 0.000020 0.004933 300.000000 7.500000
550 0.000021 0.002626 400.000000 7.619048
550 0.000018 0.001099 500.000000 7.473842
550 0.000002 0.000524 600.000000 7.416564
550 0.000001 0.001643 700.000000 7.726269
550 0.000004 0.002287 800.000000 7.648183
560 0.000023 0.009734 100.000000 8.849558
560 0.000019 0.009300 200.000000 8.620689
560 0.000024 0.005494 300.000000 7.556675
560 0.000020 0.003040 400.000000 7.692307
560 0.000014 0.000973 500.000000 7.485030
560 0.000006 0.000654 600.000000 7.453416
560 0.000004 0.001992 700.000000 7.777778
560 0.000005 0.002740 800.000000 7.684918
570 0.000028 0.010160 100.000000 9.090909
570 0.000034 0.009777 200.000000 8.298756
570 0.000024 0.005260 300.000000 7.594937
570 0.000020 0.002769 400.000000 7.736944
570 0.000012 0.000740 500.000000 7.485030
570 0.000007 0.000674 600.000000 7.481297
570 0.000005 0.002047 700.000000 7.812500
570 0.000007 0.002832 800.000000 7.707129
580 0.000011 0.007869 100.000000 9.259259
580 0.000037 0.007310 200.000000 8.097166
580 0.000018 0.003675 300.000000 7.575758
580 0.000018 0.001809 400.000000 7.751938
580 0.000013 0.000340 500.000000 7.485030
580 0.000002 0.000433 600.000000 7.490637
580 0.000003 0.001568 700.000000 7.838746
580 0.000006 0.002216 800.000000 7.722008
590 0.000010 0.009187 100.000000 9.345795
590 0.000027 0.007559 200.000000 8.032128
590 0.000018 0.003755 300.000000 7.537688
590 0.000019 0.001719 400.000000 7.751938
590 0.000016 0.000440 500.000000 7.473842
590 0.000005 0.000544 600.000000 7.500000
590 0.000002 0.001731 700.000000 7.856341
590 0.000005 0.002393 800.000000 7.736944
600 0.000011 0.009623 100.000000 9.345795
600 0.000030 0.007272 200.000000 8.000000
600 0.000019 0.003312 300.000000 7.481297
600 0.000020 0.001453 400.000000 7.766990
600 0.000016 0.000561 500.000000 7.462687
600 0.000003 0.000586 600.000000 7.509387
600 0.000001 0.001705 700.000000 7.865169
600 0.000007 0.002282 800.000000 7.751938
610 0.000013 0.009258 100.000000 9.523809
610 0.000027 0.007073 200.000000 7.968128
610 0.000021 0.003048 300.000000 7.425743
610 0.000021 0.001302 400.000000 7.766990
610 0.000016 0.000681 500.000000 7.429420
610 0.000002 0.000587 600.000000 7.528231
610 0.000005 0.001694 700.000000 7.865169
610 0.000007 0.002210 800.000000 7.759457
620 0.000017 0.008442 100.000000 9.615385
620 0.000031 0.006533 200.000000 7.874016
620 0.000021 0.002426 300.000000 7.352941
620 0.000020 0.001060 400.000000 7.766990
620 0.000009 0.000923 500.000000 7.342144
620 0.000002 0.000572 600.000000 7.547170
620 0.000031 0.001897 700.000000 7.838746
620 0.000007 0.002050 800.000000 7.774539
630 0.000032 0.007567 100.000000 9.615385
630 0.000032 0.005872 200.000000 7.518797
630 0.000019 0.001953 300.000000 7.334963
630 0.000018 0.000880 400.000000 7.736944
630 0.000002 0.001011 500.000000 7.267442
630 0.000003 0.000581 600.000000 7.556675
630 0.000005 0.001587 700.000000 7.769145
630 0.000009 0.001863 800.000000 7.789679
640 0.000023 0.007335 100.000000 9.615385
640 0.000038 0.004991 200.000000 7.220217
640 0.000020 0.001858 300.000000 7.334963
640 0.000020 0.001169 400.000000 7.707129
640 0.000005 0.001028 500.000000 7.225433
640 0.000004 0.000564 600.000000 7.566204
640 0.000004 0.001579 700.000000 7.567567
640 0.000008 0.001887 800.000000 7.797271
650 0.000016 0.006916 100.000000 9.433962
650 0.000043 0.004353 200.000000 7.117438
650 0.000023 0.001752 300.000000 7.334963
650 0.000022 0.001552 400.000000 7.561437
650 0.000003 0.001056 500.000000 7.215007
650 0.000002 0.000590 600.000000 7.575758
650 0.000003 0.001545 700.000000 7.534984
650 0.000004 0.001868 800.000000 7.804878
660 0.000016 0.007548 100.000000 9.174312
660 0.000038 0.004147 200.000000 7.067138
660 0.000025 0.001772 300.000000 7.334963
660 0.000020 0.002329 400.000000 7.299270
660 0.000004 0.001077 500.000000 7.215007
660 0.000002 0.000643 600.000000 7.585335
660 0.000006 0.001606 700.000000 7.526882
660 0.000006 0.002015 800.000000 7.812500
670 0.000044 0.007650 100.000000 8.403361
670 0.000034 0.003249 200.000000 7.017544
670 0.000028 0.001541 300.000000 7.334963
670 0.000018 0.002331 400.000000 7.194244
670 0.000003 0.001118 500.000000 7.215007
670 0.000004 0.000609 600.000000 7.604563
670 0.000005 0.001524 700.000000 7.526882
670 0.000008 0.001919 800.000000 7.827789
680 0.000076 0.007711 100.000000 7.407407
680 0.000027 0.002514 200.000000 6.968641
680 0.000023 0.001474 300.000000 7.334963
680 0.000016 0.002278 400.000000 7.142857
680 0.000003 0.001052 500.000000 7.204611
680 0.000001 0.000589 600.000000 7.623888
680 0.000006 0.001469 700.000000 7.534984
680 0.000006 0.001813 800.000000 7.835455
690 0.000068 0.006433 100.000000 7.092198
690 0.000026 0.002022 200.000000 6.896552
690 0.000025 0.001734 300.000000 7.317073
690 0.000018 0.002374 400.000000 7.117438
690 0.000003 0.001116 500.000000 7.204611
690 0.000001 0.000550 600.000000 7.633588
690 0.000006 0.001413 700.000000 7.534984
690 0.000006 0.001646 800.000000 7.850834
700 0.000058 0.005797 100.000000 6.944445
700 0.000029 0.001707 200.000000 6.825939
700 0.000028 0.002192 300.000000 7.317073
700 0.000020 0.002896 400.000000 7.092198
700 0.000004 0.001207 500.000000 7.204611
700 0.000002 0.000508 600.000000 7.643312
700 0.000006 0.001386 700.000000 7.543103
700 0.000005 0.001687 800.000000 7.858546
710 0.000053 0.005872 100.000000 6.849315
710 0.000035 0.001715 200.000000 6.711410
710 0.000031 0.002783 300.000000 7.299270
710 0.000025 0.003299 400.000000 7.054674
710 0.000005 0.001246 500.000000 7.215007
710 0.000001 0.000493 600.000000 7.633588
710 0.000005 0.001385 700.000000 7.551240
710 0.000006 0.001638 800.000000 7.866273
720 0.000066 0.005483 100.000000 6.666667
720 0.000032 0.002042 200.000000 6.578948
720 0.000029 0.003192 300.000000 7.281553
720 0.000016 0.003471 400.000000 6.956522
720 0.000005 0.001191 500.000000 7.215007
720 0.000059 0.001066 600.000000 7.604563
720 0.000008 0.001360 700.000000 7.559395
720 0.000005 0.001562 800.000000 7.866273
730 0.000055 0.006184 100.000000 6.250000
730 0.000036 0.002638 200.000000 6.514658
730 0.000027 0.003524 300.000000 7.246377
730 0.000007 0.003550 400.000000 6.837607
730 0.000005 0.001010 500.000000 7.225433
730 0.000004 0.000710 600.000000 7.547170
730 0.000008 0.001344 700.000000 7.567567
730 0.000005 0.001503 800.000000 7.858546
740 0.000087 0.005840 100.000000 5.780347
740 0.000038 0.003027 200.000000 6.514658
740 0.000030 0.003822 300.000000 7.194244
740 0.000010 0.003582 400.000000 6.791172
740 0.000005 0.000932 500.000000 7.235890
740 0.000002 0.000764 600.000000 7.308161
740 0.000007 0.001445 700.000000 7.575758
740 0.000005 0.001616 800.000000 7.858546
750 0.000097 0.004583 100.000000 5.649717
750 0.000038 0.003152 200.000000 6.535948
750 0.000031 0.004158 300.000000 7.109005
750 0.000008 0.003364 400.000000 6.791172
750 0.000004 0.000881 500.000000 7.256894
750 0.000004 0.000750 600.000000 7.272727
750 0.000005 0.001379 700.000000 7.592191
750 0.000003 0.001675 800.000000 7.850834
760 0.000087 0.004486 100.000000 5.649717
760 0.000040 0.003096 200.000000 6.600660
760 0.000030 0.004617 300.000000 6.912442
760 0.000008 0.003234 400.000000 6.814310
760 0.000005 0.000741 500.000000 7.288630
760 0.000002 0.000770 600.000000 7.272727
760 0.000004 0.001323 700.000000 7.616975
760 0.000005 0.001635 800.000000 7.850834
770 0.000082 0.004366 100.000000 5.714286
770 0.000039 0.003720 200.000000 6.666667
770 0.000031 0.005459 300.000000 6.802721
770 0.000007 0.003377 400.000000 6.849315
770 0.000003 0.000815 500.000000 7.331378
770 0.000004 0.000717 600.000000 7.299270
770 0.000005 0.001357 700.000000 7.650273
770 0.000005 0.001736 800.000000 7.850834
780 0.000077 0.004973 100.000000 5.813953
780 0.000040 0.004893 200.000000 6.756757
780 0.000030 0.006366 300.000000 6.802721
780 0.000010 0.003778 400.000000 6.896552
780 0.000006 0.000938 500.000000 7.396450
780 0.000003 0.000714 600.000000 7.343941
780 0.000008 0.001469 700.000000 7.700770
780 0.000005 0.001914 800.000000 7.843137
790 0.000080 0.005610 100.000000 5.988024
790 0.000047 0.005783 200.000000 6.896552
790 0.000031 0.006965 300.000000 6.864988
790 0.000014 0.004133 400.000000 6.968641
790 0.000008 0.001043 500.000000 7.462687
790 0.000005 0.000720 600.000000 7.398274
790 0.000007 0.001578 700.000000 7.751938
790 0.000010 0.002041 800.000000 7.835455
800 0.000098 0.007991 100.000000 6.211180
800 0.000052 0.008156 200.000000 7.042253
800 0.000033 0.008591 300.000000 6.928406
800 0.000022 0.004918 400.000000 7.042253
800 0.000014 0.001294 500.000000 7.541478
800 0.000009 0.000744 600.000000 7.462687
800 0.000011 0.001865 700.000000 7.812500
800 0.000015 0.002424 800.000000 7.835455
810 0.000096 0.008484 100.000000 6.451613
810 0.000052 0.008273 200.000000 7.220217
810 0.000039 0.008434 300.000000 7.009346
810 0.000022 0.004803 400.000000 7.117438
810 0.000015 0.001325 500.000000 7.621951
810 0.000008 0.000640 600.000000 7.518797
810 0.000010 0.001709 700.000000 7.874016
810 0.000014 0.002099 800.000000 7.812500
820 0.000092 0.008295 100.000000 6.622517
820 0.000053 0.007979 200.000000 7.326007
820 0.000043 0.007903 300.000000 7.075472
820 0.000022 0.004430 400.000000 7.181329
820 0.000015 0.001226 500.000000 7.692307
820 0.000009 0.000593 600.000000 7.566204
820 0.000010 0.001506 700.000000 7.918552
820 0.000017 0.001739 800.000000 7.782101
830 0.000080 0.006555 100.000000 6.666667
830 0.000051 0.006565 200.000000 7.407407
830 0.000044 0.006345 300.000000 7.109005
830 0.000019 0.003573 400.000000 7.220217
830 0.000013 0.000896 500.000000 7.739938
830 0.000008 0.000689 600.000000 7.604563
830 0.000009 0.001224 700.000000 7.963595
830 0.000016 0.001349 800.000000 7.766990
840 0.000070 0.004537 100.000000 6.622517
840 0.000052 0.005096 200.000000 7.462687
840 0.000042 0.005440 300.000000 7.109005
840 0.000014 0.002918 400.000000 7.246377
840 0.000009 0.000781 500.000000 7.776050
840 0.000005 0.000720 600.000000 7.633588
840 0.000007 0.000959 700.000000 7.990868
840 0.000015 0.000966 800.000000 7.766990
850 0.000066 0.004796 100.000000 6.535948
850 0.000051 0.005070 200.000000 7.490637
850 0.000041 0.005223 300.000000 7.109005
850 0.000015 0.002601 400.000000 7.272727
850 0.000011 0.000742 500.000000 7.788162
850 0.000006 0.000651 600.000000 7.653061
850 0.000009 0.000680 700.000000 8.009153
850 0.000014 0.000938 800.000000 7.782101
860 0.000084 0.005014 100.000000 6.451613
860 0.000052 0.005504 200.000000 7.518797
860 0.000040 0.005672 300.000000 7.075472
860 0.000013 0.002706 400.000000 7.299270
860 0.000013 0.000770 500.000000 7.800312
860 0.000005 0.000704 600.000000 7.682458
860 0.000008 0.000665 700.000000 8.027523
860 0.000015 0.000788 800.000000 7.804878
870 0.000087 0.005753 100.000000 6.410256
870 0.000053 0.005403 200.000000 7.575758
870 0.000035 0.005931 300.000000 7.009346
870 0.000013 0.002706 400.000000 7.352941
870 0.000067 0.000803 500.000000 7.800312
870 0.000005 0.000723 600.000000 7.712082
870 0.000007 0.000624 700.000000 8.064516
870 0.000016 0.000812 800.000000 7.835455
880 0.000082 0.006619 100.000000 6.578948
880 0.000044 0.006237 200.000000 7.692307
880 0.000024 0.006025 300.000000 7.009346
880 0.000017 0.002646 400.000000 7.421150
880 0.000008 0.001027 500.000000 7.836991
880 0.000008 0.001127 600.000000 7.772021
880 0.000011 0.001080 700.000000 8.101851
880 0.000015 0.001348 800.000000 7.881773
890 0.000075 0.005820 100.000000 6.802721
890 0.000044 0.005569 200.000000 7.843137
890 0.000017 0.005807 300.000000 7.042253
890 0.000013 0.002486 400.000000 7.518797
890 0.000006 0.000932 500.000000 7.861635
890 0.000005 0.000966 600.000000 7.832898
890 0.000007 0.000780 700.000000 8.158508
890 0.000015 0.000916 800.000000 7.936508
900 0.000055 0.006861 100.000000 7.042253
900 0.000028 0.006631 200.000000 8.000000
900 0.000020 0.005919 300.000000 7.109005
900 0.000014 0.002399 400.000000 7.604563
900 0.000008 0.001137 500.000000 7.788162
900 0.000010 0.001384 600.000000 7.905138
900 0.000012 0.001406 700.000000 8.215962
900 0.000012 0.001500 800.000000 7.984032
910 0.000077 0.005991 100.000000 7.352941
910 0.000043 0.005567 200.000000 8.163265
910 0.000027 0.004834 300.000000 7.177033
910 0.000021 0.002062 400.000000 7.692307
910 0.000015 0.001191 500.000000 7.704160
910 0.000012 0.001238 600.000000 7.968128
910 0.000015 0.001406 700.000000 8.264462
910 0.000017 0.002053 800.000000 8.040201
920 0.000063 0.006384 100.000000 7.575758
920 0.000036 0.006169 200.000000 8.196721
920 0.000024 0.004483 300.000000 7.228916
920 0.000020 0.002000 400.000000 7.766990
920 0.000018 0.001234 500.000000 7.704160
920 0.000013 0.001215 600.000000 8.021390
920 0.000015 0.001718 700.000000 8.293839
920 0.000016 0.002390 800.000000 8.080808
930 0.000066 0.007521 100.000000 7.751938
930 0.000035 0.006889 200.000000 8.000000
930 0.000025 0.004872 300.000000 7.263923
930 0.000021 0.002157 400.000000 7.812500
930 0.000020 0.001287 500.000000 7.704160
930 0.000017 0.001372 600.000000 8.053691
930 0.000016 0.002172 700.000000 8.303678
930 0.000015 0.002659 800.000000 8.105370
940 0.000044 0.006860 100.000000 7.874016
940 0.000042 0.006556 200.000000 7.575758
940 0.000025 0.004128 300.000000 7.299270
940 0.000020 0.001803 400.000000 7.858546
940 0.000020 0.001209 500.000000 7.704160
940 0.000016 0.001353 600.000000 8.086253
940 0.000017 0.002110 700.000000 8.293839
940 0.000013 0.002385 800.000000 8.130081
950 0.000037 0.005212 100.000000 7.936508
950 0.000043 0.005952 200.000000 7.380074
950 0.000019 0.003344 300.000000 7.317073
950 0.000016 0.001389 400.000000 7.905138
950 0.000015 0.001148 500.000000 7.727975
950 0.000014 0.001261 600.000000 8.119080
950 0.000013 0.001860 700.000000 8.235294
950 0.000013 0.001992 800.000000 8.154943
960 0.000022 0.004591 100.000000 8.064516
960 0.000034 0.005901 200.000000 7.299270
960 0.000018 0.003009 300.000000 7.334963
960 0.000016 0.001145 400.000000 7.952286
960 0.000014 0.001256 500.000000 7.751938
960 0.000015 0.001384 600.000000 8.141112
960 0.000015 0.001633 700.000000 8.101851
960 0.000011 0.001873 800.000000 8.171603
970 0.000021 0.005062 100.000000 8.130081
970 0.000032 0.005994 200.000000 7.299270
970 0.000017 0.002840 300.000000 7.371007
970 0.000014 0.001128 400.000000 8.000000
970 0.000015 0.001381 500.000000 7.776050
970 0.000014 0.001548 600.000000 8.174387
970 0.000010 0.001711 700.000000 7.972665
970 0.000009 0.001845 800.000000 8.196721
980 0.000020 0.005504 100.000000 8.264462
980 0.000033 0.005900 200.000000 7.299270
980 0.000019 0.002672 300.000000 7.407407
980 0.000016 0.001114 400.000000 8.048289
980 0.000017 0.001478 500.000000 7.812500
980 0.000016 0.001517 600.000000 8.219178
980 0.000008 0.001798 700.000000 7.936508
980 0.000010 0.001869 800.000000 8.213552
990 0.000039 0.005474 100.000000 8.403361
990 0.000036 0.005475 200.000000 7.352941
990 0.000018 0.002223 300.000000 7.444169
990 0.000015 0.001033 400.000000 8.097166
990 0.000016 0.001483 500.000000 7.849294
990 0.000015 0.001527 600.000000 8.253095
990 0.000010 0.001940 700.000000 7.954545
990 0.000011 0.002103 800.000000 8.238929
1000 0.000037 0.005736 100.000000 8.620689
1000 0.000036 0.005496 200.000000 7.380074
1000 0.000017 0.002027 300.000000 7.518797
1000 0.000015 0.001062 400.000000 8.146640
1000 0.000017 0.001603 500.000000 7.898894
1000 0.000015 0.001674 600.000000 8.298756
1000 0.000011 0.002004 700.000000 7.981756
1000 0.000012 0.002102 800.000000 8.273009
1010 0.000041 0.006271 100.000000 8.849558
1010 0.000035 0.005629 200.000000 7.407407
1010 0.000021 0.001810 300.000000 7.594937
1010 0.000019 0.001035 400.000000 8.196721
1010 0.000019 0.001674 500.000000 7.949126
1010 0.000015 0.001876 600.000000 8.344924
1010 0.000010 0.002268 700.000000 8.018328
1010 0.000012 0.002331 800.000000 8.298756
1020 0.000030 0.006471 100.000000 9.090909
1020 0.000026 0.005842 200.000000 7.352941
1020 0.000022 0.001803 300.000000 7.672634
1020 0.000087 0.002116 400.000000 8.213552
1020 0.000021 0.001813 500.000000 8.000000
1020 0.000016 0.001878 600.000000 8.379889
1020 0.000008 0.001974 700.000000 8.064516
1020 0.000009 0.001853 800.000000 8.333333
1030 0.000022 0.006067 100.000000 9.174312
1030 0.000026 0.005390 200.000000 7.220217
1030 0.000021 0.001469 300.000000 7.731959
1030 0.000018 0.001524 400.000000 8.213552
1030 0.000022 0.001917 500.000000 8.038586
1030 0.000016 0.002011 600.000000 8.415147
1030 0.000008 0.002088 700.000000 8.101851
1030 0.000010 0.001954 800.000000 8.350731
1040 0.000023 0.006264 100.000000 9.090909
1040 0.000030 0.004832 200.000000 7.092198
1040 0.000025 0.001262 300.000000 7.772021
1040 0.000017 0.001732 400.000000 7.984032
1040 0.000019 0.002100 500.000000 8.077544
1040 0.000017 0.002317 600.000000 8.426967
1040 0.000010 0.002480 700.000000 8.130081
1040 0.000011 0.002414 800.000000 8.368201
1050 0.000018 0.007195 100.000000 8.849558
1050 0.000036 0.004716 200.000000 7.042253
1050 0.000027 0.001430 300.000000 7.792208
1050 0.000020 0.002016 400.000000 7.707129
1050 0.000019 0.002447 500.000000 8.090615
1050 0.000018 0.002841 600.000000 8.415147
1050 0.000010 0.002852 700.000000 8.139535
1050 0.000010 0.002731 800.000000 8.368201
1060 0.000012 0.007728 100.000000 7.874016
1060 0.000037 0.004450 200.000000 7.017544
1060 0.000026 0.001635 300.000000 7.812500
1060 0.000020 0.002223 400.000000 7.662835
1060 0.000020 0.002644 500.000000 8.103727
1060 0.000017 0.003078 600.000000 8.379889
1060 0.000009 0.002905 700.000000 8.149011
1060 0.000012 0.002776 800.000000 8.368201
1070 0.000043 0.008995 100.000000 6.944445
1070 0.000039 0.003822 200.000000 6.993007
1070 0.000027 0.001939 300.000000 7.832898
1070 0.000023 0.002533 400.000000 7.648183
1070 0.000021 0.002908 500.000000 8.116883
1070 0.000021 0.003446 600.000000 8.310249
1070 0.000010 0.003045 700.000000 8.158508
1070 0.000011 0.002808 800.000000 8.376964
1080 0.000076 0.008561 100.000000 6.666667
1080 0.000037 0.003280 200.000000 6.993007
1080 0.000028 0.002163 300.000000 7.874016
1080 0.000022 0.002829 400.000000 7.648183
1080 0.000020 0.003036 500.000000 8.143323
1080 0.000020 0.003572 600.000000 8.163265
1080 0.000012 0.003330 700.000000 8.168028
1080 0.000013 0.003125 800.000000 8.394544
1090 0.000061 0.008227 100.000000 6.535948
1090 0.000034 0.002928 200.000000 6.993007
1090 0.000024 0.002433 300.000000 7.915567
1090 0.000024 0.003052 400.000000 7.677543
1090 0.000022 0.003155 500.000000 8.169934
1090 0.000013 0.003404 600.000000 7.947020
1090 0.000010 0.003235 700.000000 8.187135
1090 0.000012 0.002969 800.000000 8.403361
1100 0.000065 0.007771 100.000000 6.493506
1100 0.000038 0.002633 200.000000 6.993007
1100 0.000027 0.002768 300.000000 7.957560
1100 0.000026 0.003463 400.000000 7.692307
1100 0.000024 0.003468 500.000000 8.183306
1100 0.000009 0.003686 600.000000 7.874016
1100 0.000011 0.003365 700.000000 8.196721
1100 0.000013 0.002967 800.000000 8.412198
1110 0.000045 0.007175 100.000000 6.451613
1110 0.000040 0.001880 200.000000 7.017544
1110 0.000032 0.002629 300.000000 7.978724
1110 0.000029 0.003288 400.000000 7.707129
1110 0.000026 0.003314 500.000000 8.210180
1110 0.000007 0.003614 600.000000 7.863696
1110 0.000011 0.003193 700.000000 8.206330
1110 0.000015 0.002717 800.000000 8.412198
1120 0.000057 0.006834 100.000000 6.329114
1120 0.000044 0.002159 200.000000 7.042253
1120 0.000033 0.003342 300.000000 7.978724
1120 0.000030 0.003977 400.000000 7.722008
1120 0.000025 0.004096 500.000000 8.223684
1120 0.000009 0.004253 600.000000 7.874016
1120 0.000012 0.003822 700.000000 8.215962
1120 0.000013 0.003270 800.000000 8.350731
1130 0.000067 0.007039 100.000000 6.097561
1130 0.000043 0.002898 200.000000 7.092198
1130 0.000128 0.005077 300.000000 7.936508
1130 0.000033 0.004658 400.000000 7.751938
1130 0.000023 0.004764 500.000000 8.237232
1130 0.000009 0.004645 600.000000 7.905138
1130 0.000013 0.004016 700.000000 8.225616
1130 0.000010 0.003418 800.000000 8.205129
1140 0.000079 0.005921 100.000000 5.847953
1140 0.000046 0.003722 200.000000 7.142857
1140 0.000031 0.004731 300.000000 7.874016
1140 0.000030 0.005076 400.000000 7.797271
1140 0.000024 0.005238 500.000000 8.264462
1140 0.000013 0.005082 600.000000 7.936508
1140 0.000013 0.004570 700.000000 8.235294
1140 0.000011 0.003919 800.000000 8.171603
1150 0.000077 0.006039 100.000000 5.747127
1150 0.000037 0.004049 200.000000 7.220217
1150 0.000028 0.004841 300.000000 7.518797
1150 0.000028 0.005082 400.000000 7.827789
1150 0.000022 0.005059 500.000000 8.278146
1150 0.000010 0.004751 600.000000 7.968128
1150 0.000012 0.004247 700.000000 8.254717
1150 0.000012 0.003666 800.000000 8.171603
1160 0.000092 0.005984 100.000000 5.780347
1160 0.000050 0.005096 200.000000 7.299270
1160 0.000032 0.005846 300.000000 7.371007
1160 0.000028 0.006008 400.000000 7.889546
1160 0.000025 0.006146 500.000000 8.305648
1160 0.000015 0.005705 600.000000 8.010681
1160 0.000011 0.005172 700.000000 8.284023
1160 0.000013 0.004218 800.000000 8.196721
1170 0.000087 0.006029 100.000000 5.917160
1170 0.000047 0.005580 200.000000 7.434944
1170 0.000033 0.006097 300.000000 7.407407
1170 0.000026 0.006092 400.000000 7.968128
1170 0.000021 0.006212 500.000000 8.347245
1170 0.000014 0.005739 600.000000 8.064516
1170 0.000012 0.005248 700.000000 8.333333
1170 0.000012 0.004243 800.000000 8.238929
1180 0.000088 0.006777 100.000000 6.134969
1180 0.000047 0.006107 200.000000 7.633588
1180 0.000033 0.006464 300.000000 7.500000
1180 0.000028 0.006413 400.000000 8.080808
1180 0.000024 0.006574 500.000000 8.417508
1180 0.000013 0.005960 600.000000 8.141112
1180 0.000014 0.005392 700.000000 8.393286
1180 0.000012 0.004263 800.000000 8.290155
1190 0.000083 0.007105 100.000000 6.369427
1190 0.000047 0.006247 200.000000 7.843137
1190 0.000031 0.006394 300.000000 7.614213
1190 0.000028 0.006215 400.000000 8.196721
1190 0.000023 0.006233 500.000000 8.503402
1190 0.000012 0.005490 600.000000 8.219178
1190 0.000013 0.004886 700.000000 8.464329
1190 0.000010 0.003911 800.000000 8.359457
1200 0.000088 0.007697 100.000000 6.666667
1200 0.000044 0.007226 200.000000 8.064516
1200 0.000032 0.007238 300.000000 7.751938
1200 0.000030 0.006923 400.000000 8.316009
1200 0.000025 0.006902 500.000000 8.576329
1200 0.000008 0.005812 600.000000 8.298756
1200 0.000010 0.004987 700.000000 8.536586
1200 0.000008 0.004006 800.000000 8.421053
1210 0.000100 0.008284 100.000000 6.896552
1210 0.000046 0.008466 200.000000 8.264462
1210 0.000033 0.008356 300.000000 7.853403
1210 0.000030 0.008051 400.000000 8.421053
1210 0.000028 0.007941 500.000000 8.620689
1210 0.000010 0.006526 600.000000 8.368201
1210 0.000007 0.005495 700.000000 8.599508
1210 0.000006 0.004442 800.000000 8.474576
1220 0.000088 0.006650 100.000000 7.142857
1220 0.000048 0.007466 200.000000 8.438819
1220 0.000036 0.007304 300.000000 7.936508
1220 0.000031 0.006790 400.000000 8.510638
1220 0.000025 0.006698 500.000000 8.605852
1220 0.000004 0.005200 600.000000 8.426967
1220 0.000007 0.004351 700.000000 8.652658
1220 0.000007 0.003561 800.000000 8.528785
1230 0.000083 0.005713 100.000000 7.299270
1230 0.000046 0.007254 200.000000 8.620689
1230 0.000037 0.007260 300.000000 8.021390
1230 0.000031 0.006649 400.000000 8.602151
1230 0.000023 0.006147 500.000000 8.488964
1230 0.000004 0.004978 600.000000 8.474576
1230 0.000006 0.004202 700.000000 8.706468
1230 0.000007 0.003403 800.000000 8.565310
1240 0.000064 0.004135 100.000000 7.407407
1240 0.000035 0.005822 200.000000 8.771930
1240 0.000036 0.005747 300.000000 8.086253
1240 0.000028 0.004965 400.000000 8.658009
1240 0.000007 0.004110 500.000000 8.291874
1240 0.000003 0.003628 600.000000 8.522727
1240 0.000010 0.003269 700.000000 8.739077
1240 0.000010 0.002676 800.000000 8.602151
1250 0.000071 0.003805 100.000000 7.462687
1250 0.000040 0.005512 200.000000 8.888889
1250 0.000040 0.005457 300.000000 8.152174
1250 0.000030 0.004499 400.000000 8.714597
1250 0.000002 0.003974 500.000000 8.210180
1250 0.000007 0.003475 600.000000 8.547009
1250 0.000011 0.003194 700.000000 8.760951
1250 0.000011 0.002489 800.000000 8.639309
1260 0.000076 0.004425 100.000000 7.575758
1260 0.000044 0.005547 200.000000 8.968610
1260 0.000041 0.005349 300.000000 8.196721
1260 0.000027 0.004440 400.000000 8.771930
1260 0.000004 0.004111 500.000000 8.196721
1260 0.000009 0.003618 600.000000 8.571428
1260 0.000013 0.003286 700.000000 8.782936
1260 0.000011 0.002441 800.000000 8.658009
1270 0.000084 0.005284 100.000000 7.692307
1270 0.000048 0.006104 200.000000 9.049774
1270 0.000043 0.005562 300.000000 8.241758
1270 0.000033 0.004672 400.000000 8.810573
1270 0.000005 0.004274 500.000000 8.223684
1270 0.000009 0.003638 600.000000 8.595988
1270 0.000013 0.003249 700.000000 8.760951
1270 0.000012 0.002358 800.000000 8.695652
1280 0.000087 0.005849 100.000000 7.936508
1280 0.000051 0.006323 200.000000 9.132421
1280 0.000047 0.005747 300.000000 8.333333
1280 0.000030 0.004842 400.000000 8.888889
1280 0.000004 0.004328 500.000000 8.291874
1280 0.000008 0.003639 600.000000 8.633094
1280 0.000009 0.003288 700.000000 8.717310
1280 0.000012 0.002277 800.000000 8.733624
1290 0.000080 0.006927 100.000000 8.264462
1290 0.000158 0.008931 200.000000 9.259259
1290 0.000042 0.006337 300.000000 8.450705
1290 0.000031 0.005253 400.000000 8.988764
1290 0.000003 0.004380 500.000000 8.361204
1290 0.000005 0.003610 600.000000 8.695652
1290 0.000007 0.003416 700.000000 8.631319
1290 0.000010 0.002312 800.000000 8.781559
1300 0.000058 0.008672 100.000000 8.620689
1300 0.000104 0.009392 200.000000 9.389671
1300 0.000032 0.007543 300.000000 8.595988
1300 0.000020 0.006270 400.000000 9.090909
1300 0.000008 0.005198 500.000000 8.445946
1300 0.000006 0.004336 600.000000 8.759124
1300 0.000006 0.003934 700.000000 8.620689
1300 0.000009 0.002798 800.000000 8.839779
1310 0.000018 0.008367 100.000000 9.090909
1310 0.000015 0.008191 200.000000 9.478673
1310 0.000022 0.006844 300.000000 8.720930
1310 0.000012 0.005621 400.000000 9.195402
1310 0.000015 0.004700 500.000000 8.532423
1310 0.000012 0.003839 600.000000 8.823529
1310 0.000010 0.003482 700.000000 8.641975
1310 0.000007 0.002254 800.000000 8.888889
1320 0.000025 0.007960 100.000000 9.433962
1320 0.000019 0.007809 200.000000 9.049774
1320 0.000019 0.006413 300.000000 8.849558
1320 0.000012 0.005431 400.000000 9.259259
1320 0.000017 0.004757 500.000000 8.605852
1320 0.000016 0.004048 600.000000 8.875740
1320 0.000014 0.003579 700.000000 8.674102
1320 0.000010 0.002146 800.000000 8.938547
1330 0.000018 0.008076 100.000000 9.708738
1330 0.000023 0.007722 200.000000 8.510638
1330 0.000018 0.006479 300.000000 8.928572
1330 0.000010 0.005632 400.000000 9.280743
1330 0.000019 0.004786 500.000000 8.650519
1330 0.000017 0.004105 600.000000 8.902077
1330 0.000016 0.003410 700.000000 8.695652
1330 0.000009 0.002059 800.000000 8.968610
1340 0.000015 0.008151 100.000000 9.900990
1340 0.000025 0.007772 200.000000 8.403361
1340 0.000015 0.006694 300.000000 8.982036
1340 0.000010 0.006021 400.000000 9.280743
1340 0.000017 0.004829 500.000000 8.680555
1340 0.000020 0.004143 600.000000 8.928572
1340 0.000013 0.003301 700.000000 8.717310
1340 0.000009 0.002052 800.000000 8.998875
1350 0.000011 0.008248 100.000000 10.101010
1350 0.000026 0.007664 200.000000 8.368201
1350 0.000019 0.006535 300.000000 9.036144
1350 0.000012 0.006054 400.000000 9.195402
1350 0.000016 0.004476 500.000000 8.710801
1350 0.000020 0.003762 600.000000 8.941877
1350 0.000012 0.002913 700.000000 8.739077
1350 0.000008 0.001773 800.000000 9.009009
1360 0.000022 0.008444 100.000000 10.204082
1360 0.000027 0.007552 200.000000 8.403361
1360 0.000018 0.006375 300.000000 9.063444
1360 0.000013 0.005760 400.000000 9.029346
1360 0.000016 0.004248 500.000000 8.726004
1360 0.000019 0.003522 600.000000 8.968610
1360 0.000011 0.002709 700.000000 8.760951
1360 0.000008 0.001686 800.000000 9.029346
1370 0.000015 0.008448 100.000000 10.526316
1370 0.000026 0.007608 200.000000 8.438819
1370 0.000016 0.006520 300.000000 9.118541
1370 0.000011 0.005244 400.000000 8.658009
1370 0.000016 0.004204 500.000000 8.756567
1370 0.000019 0.003389 600.000000 8.982036
1370 0.000010 0.002511 700.000000 8.782936
1370 0.000009 0.001606 800.000000 9.039548
1380 0.000020 0.008199 100.000000 10.638298
1380 0.000022 0.007371 200.000000 8.474576
1380 0.000013 0.006113 300.000000 9.174312
1380 0.000020 0.005082 400.000000 8.403361
1380 0.000018 0.003963 500.000000 8.771930
1380 0.000019 0.003218 600.000000 8.995502
1380 0.000010 0.002265 700.000000 8.805032
1380 0.000008 0.001406 800.000000 9.049774
1390 0.000025 0.007650 100.000000 10.752688
1390 0.000028 0.006810 200.000000 8.510638
1390 0.000014 0.005488 300.000000 9.202454
1390 0.000018 0.004651 400.000000 8.350731
1390 0.000017 0.003657 500.000000 8.787346
1390 0.000020 0.002986 600.000000 8.995502
1390 0.000008 0.002023 700.000000 8.827238
1390 0.000007 0.001245 800.000000 9.049774
1400 0.000017 0.008093 100.000000 10.752688
1400 0.000022 0.007066 200.000000 8.510638
1400 0.000016 0.005772 300.000000 9.230769
1400 0.000020 0.004828 400.000000 8.350731
1400 0.000018 0.003639 500.000000 8.771930
1400 0.000019 0.002852 600.000000 8.928572
1400 0.000009 0.001932 700.000000 8.838384
1400 0.000008 0.001229 800.000000 9.039548
1410 0.000333 0.011779 100.000000 10.309278
1410 0.000026 0.007065 200.000000 8.510638
1410 0.000010 0.005881 300.000000 9.202454
1410 0.000022 0.004782 400.000000 8.368201
1410 0.000017 0.003582 500.000000 8.771930
1410 0.000015 0.002980 600.000000 8.670520
1410 0.000010 0.001766 700.000000 8.849558
1410 0.000009 0.001156 800.000000 8.978676
1420 0.000027 0.008735 100.000000 9.615385
1420 0.000027 0.006598 200.000000 8.510638
1420 0.000010 0.005392 300.000000 9.174312
1420 0.000022 0.004345 400.000000 8.385744
1420 0.000018 0.003282 500.000000 8.741259
1420 0.000013 0.002812 600.000000 8.559201
1420 0.000009 0.001584 700.000000 8.849558
1420 0.000007 0.001190 800.000000 8.064516
1430 0.000037 0.008073 100.000000 7.575758
1430 0.000020 0.006270 200.000000 8.510638
1430 0.000011 0.005190 300.000000 9.118541
1430 0.000022 0.003927 400.000000 8.385744
1430 0.000021 0.002999 500.000000 8.741259
1430 0.000016 0.002574 600.000000 8.522727
1430 0.000010 0.001352 700.000000 8.860760
1430 0.000009 0.001246 800.000000 7.984032
1440 0.000028 0.007855 100.000000 7.194244
1440 0.000017 0.006320 200.000000 8.547009
1440 0.000010 0.005548 300.000000 9.036144
1440 0.000022 0.003848 400.000000 8.403361
1440 0.000025 0.002959 500.000000 8.726004
1440 0.000014 0.002304 600.000000 8.522727
1440 0.000010 0.001294 700.000000 8.860760
1440 0.000006 0.001170 800.000000 7.968128
1450 0.000039 0.007327 100.000000 7.042253
1450 0.000019 0.005863 200.000000 8.547009
1450 0.000015 0.005394 300.000000 8.849558
1450 0.000019 0.003337 400.000000 8.403361
1450 0.000023 0.002545 500.000000 8.726004
1450 0.000012 0.001926 600.000000 8.534851
1450 0.000009 0.001149 700.000000 8.860760
1450 0.000005 0.001017 800.000000 7.968128
1460 0.000022 0.007938 100.000000 6.993007
1460 0.000016 0.006355 200.000000 8.510638
1460 0.000017 0.005199 300.000000 8.403361
1460 0.000024 0.003263 400.000000 8.385744
1460 0.000024 0.002328 500.000000 8.710801
1460 0.000009 0.001691 600.000000 8.534851
1460 0.000008 0.001275 700.000000 8.849558
1460 0.000004 0.000868 800.000000 7.968128
1470 0.000039 0.007416 100.000000 6.944445
1470 0.000022 0.006029 200.000000 8.510638
1470 0.000029 0.004402 300.000000 7.874016
1470 0.000021 0.002995 400.000000 8.368201
1470 0.000021 0.002209 500.000000 8.710801
1470 0.000009 0.001537 600.000000 8.534851
1470 0.000009 0.001230 700.000000 8.838384
1470 0.000005 0.000665 800.000000 7.968128
1480 0.000028 0.006963 100.000000 6.944445
1480 0.000015 0.005203 200.000000 8.510638
1480 0.000027 0.003959 300.000000 7.731959
1480 0.000020 0.002628 400.000000 8.368201
1480 0.000022 0.002133 500.000000 8.695652
1480 0.000008 0.001499 600.000000 8.547009
1480 0.000007 0.001298 700.000000 8.827238
1480 0.000004 0.000518 800.000000 7.960199
1490 0.000037 0.006494 100.000000 6.944445
1490 0.000021 0.005006 200.000000 8.547009
1490 0.000028 0.003751 300.000000 7.731959
1490 0.000023 0.002406 400.000000 8.368201
1490 0.000024 0.001992 500.000000 8.635578
1490 0.000009 0.001395 600.000000 8.559201
1490 0.000009 0.001357 700.000000 8.827238
1490 0.000004 0.000431 800.000000 7.968128
1500 0.000044 0.009755 100.000000 7.042253
1500 0.000037 0.008112 200.000000 8.620689
1500 0.000048 0.006096 300.000000 7.792208
1500 0.000033 0.004659 400.000000 8.385744
1500 0.000027 0.004534 500.000000 8.488964
1500 0.000012 0.003236 600.000000 8.595988
1500 0.000016 0.002949 700.000000 8.805032
1500 0.000009 0.001048 800.000000 7.984032
1510 0.000318 0.035095 100.000000 7.246377
1510 0.000168 0.033478 200.000000 8.733624
1510 0.000117 0.029076 300.000000 7.874016
1510 0.000081 0.025190 400.000000 8.438819
1510 0.000059 0.020909 500.000000 8.333333
1510 0.000051 0.013245 600.000000 8.645534
1510 0.000046 0.009677 700.000000 8.771930
1510 0.000044 0.003705 800.000000 8.008008
1520 0.000037 0.005058 100.000000 7.462687
1520 0.000017 0.003693 200.000000 8.849558
1520 0.000034 0.002484 300.000000 7.978724
1520 0.000024 0.001580 400.000000 8.510638
1520 0.000015 0.002091 500.000000 8.333333
1520 0.000009 0.001356 600.000000 8.695652
1520 0.000009 0.001661 700.000000 7.874016
1520 0.000004 0.000513 800.000000 8.040201
1530 0.000044 0.005167 100.000000 7.874016
1530 0.000022 0.003776 200.000000 9.090909
1530 0.000035 0.002438 300.000000 8.108109
1530 0.000027 0.001734 400.000000 8.620689
1530 0.000016 0.002254 500.000000 8.403361
1530 0.000011 0.001551 600.000000 8.784773
1530 0.000013 0.001851 700.000000 7.874016
1530 0.000006 0.000566 800.000000 8.088979
1540 0.000036 0.004835 100.000000 8.403361
1540 0.000026 0.003392 200.000000 9.433962
1540 0.000031 0.002205 300.000000 8.310249
1540 0.000024 0.001789 400.000000 8.771930
1540 0.000014 0.002227 500.000000 8.517887
1540 0.000010 0.001550 600.000000 8.888889
1540 0.000015 0.001880 700.000000 7.927520
1540 0.000007 0.000548 800.000000 8.154943
1550 0.000038 0.004968 100.000000 9.009009
1550 0.000019 0.003552 200.000000 9.756098
1550 0.000031 0.002181 300.000000 8.498584
1550 0.000024 0.001871 400.000000 8.908686
1550 0.000016 0.002311 500.000000 8.620689
1550 0.000008 0.001614 600.000000 8.995502
1550 0.000013 0.001884 700.000000 7.990868
1550 0.000007 0.000537 800.000000 8.221993
1560 0.000050 0.005560 100.000000 9.615385
1560 0.000028 0.004286 200.000000 10.050251
1560 0.000030 0.002594 300.000000 8.670520
1560 0.000023 0.002375 400.000000 9.049774
1560 0.000013 0.002529 500.000000 8.726004
1560 0.000007 0.001919 600.000000 9.090909
1560 0.000012 0.002069 700.000000 8.036739
1560 0.000008 0.000583 800.000000 8.281573
1570 0.000046 0.005425 100.000000 10.000000
1570 0.000021 0.004821 200.000000 10.256411
1570 0.000031 0.002739 300.000000 8.797654
1570 0.000023 0.002424 400.000000 9.132421
1570 0.000012 0.002607 500.000000 8.787346
1570 0.000007 0.002059 600.000000 9.160305
1570 0.000011 0.002135 700.000000 8.064516
1570 0.000008 0.000568 800.000000 8.316009
1580 0.000020 0.005264 100.000000 10.416667
1580 0.000019 0.004587 200.000000 10.256411
1580 0.000032 0.002131 300.000000 8.875740
1580 0.000028 0.001928 400.000000 9.195402
1580 0.000013 0.002183 500.000000 8.833922
1580 0.000010 0.001833 600.000000 9.202454
1580 0.000005 0.001843 700.000000 8.083141
1580 0.000005 0.000483 800.000000 8.350731
1590 0.000032 0.005464 100.000000 10.638298
1590 0.000023 0.005120 200.000000 10.050251
1590 0.000034 0.002777 300.000000 8.928572
1590 0.000030 0.003088 400.000000 9.237875
1590 0.000012 0.002968 500.000000 8.880995
1590 0.000009 0.002472 600.000000 9.230769
1590 0.000005 0.002060 700.000000 8.101851
1590 0.000005 0.000536 800.000000 8.368201
1600 0.000027 0.004627 100.000000 10.752688
1600 0.000031 0.003905 200.000000 9.433962
1600 0.000036 0.001905 300.000000 8.928572
1600 0.000030 0.002325 400.000000 9.259259
1600 0.000011 0.002148 500.000000 8.896797
1600 0.000008 0.002122 600.000000 9.244992
1600 0.000004 0.001658 700.000000 8.111239
1600 0.000004 0.000476 800.000000 8.376964
1610 0.000023 0.005530 100.000000 10.752688
1610 0.000049 0.003306 200.000000 8.510638
1610 0.000037 0.002014 300.000000 8.955224
1610 0.000032 0.002924 400.000000 9.259259
1610 0.000013 0.002482 500.000000 8.912656
1610 0.000010 0.002479 600.000000 9.244992
1610 0.000004 0.001712 700.000000 8.120649
1610 0.000003 0.000484 800.000000 8.376964
1620 0.000026 0.004449 100.000000 10.869565
1620 0.000050 0.002760 200.000000 8.196721
1620 0.000035 0.001489 300.000000 8.955224
1620 0.000032 0.002427 400.000000 9.259259
1620 0.000012 0.002021 500.000000 8.944544
1620 0.000009 0.002226 600.000000 9.244992
1620 0.000003 0.001404 700.000000 8.120649
1620 0.000006 0.000465 800.000000 8.368201
1630 0.000035 0.004134 100.000000 10.869565
1630 0.000062 0.002380 200.000000 8.130081
1630 0.000039 0.002171 300.000000 8.928572
1630 0.000038 0.003523 400.000000 9.195402
1630 0.000013 0.002653 500.000000 8.960573
1630 0.000013 0.002676 600.000000 9.216590
1630 0.000004 0.001492 700.000000 8.120649
1630 0.000004 0.000524 800.000000 8.368201
1640 0.000041 0.004171 100.000000 10.869565
1640 0.000064 0.002057 200.000000 8.163265
1640 0.000043 0.002008 300.000000 8.928572
1640 0.000034 0.003638 400.000000 8.908686
1640 0.000014 0.002713 500.000000 8.960573
1640 0.000016 0.002970 600.000000 9.174312
1640 0.000004 0.001555 700.000000 8.120649
1640 0.000004 0.000760 800.000000 8.376964
1650 0.000057 0.002931 100.000000 10.752688
1650 0.000069 0.001412 200.000000 8.196721
1650 0.000047 0.002974 300.000000 8.875740
1650 0.000025 0.004300 400.000000 8.583691
1650 0.000016 0.003124 500.000000 8.976661
1650 0.000018 0.003259 600.000000 8.941877
1650 0.000005 0.001588 700.000000 8.111239
1650 0.000005 0.000778 800.000000 8.376964
1660 0.000044 0.003504 100.000000 10.526316
1660 0.000067 0.001099 200.000000 8.196721
1660 0.000044 0.002354 300.000000 8.849558
1660 0.000028 0.003630 400.000000 8.510638
1660 0.000016 0.002872 500.000000 8.976661
1660 0.000014 0.003032 600.000000 7.822686
1660 0.000004 0.001551 700.000000 8.111239
1660 0.000004 0.000838 800.000000 8.368201
1670 0.000028 0.004635 100.000000 10.204082
1670 0.000060 0.001182 200.000000 8.230453
1670 0.000043 0.002036 300.000000 8.823529
1670 0.000024 0.002949 400.000000 8.492569
1670 0.000014 0.002611 500.000000 8.976661
1670 0.000008 0.002823 600.000000 7.792208
1670 0.000003 0.001410 700.000000 8.111239
1670 0.000006 0.000988 800.000000 8.350731
1680 0.000025 0.005814 100.000000 9.708738
1680 0.000061 0.001137 200.000000 8.230453
1680 0.000046 0.002200 300.000000 8.823529
1680 0.000022 0.002889 400.000000 8.492569
1680 0.000016 0.002948 500.000000 8.976661
1680 0.000006 0.002861 600.000000 7.782101
1680 0.000005 0.001480 700.000000 8.111239
1680 0.000005 0.001159 800.000000 8.342023
1690 0.000050 0.005043 100.000000 8.620689
1690 0.000060 0.001926 200.000000 8.196721
1690 0.000050 0.003748 300.000000 8.823529
1690 0.000022 0.003684 400.000000 8.510638
1690 0.000017 0.003501 500.000000 8.976661
1690 0.000007 0.002901 600.000000 7.782101
1690 0.000003 0.001469 700.000000 8.111239
1690 0.000004 0.001056 800.000000 8.333333
1700 0.000098 0.003742 100.000000 7.042253
1700 0.000059 0.001677 200.000000 8.196721
1700 0.000048 0.003512 300.000000 8.797654
1700 0.000022 0.003283 400.000000 8.510638
1700 0.000017 0.003518 500.000000 8.960573
1700 0.000004 0.002778 600.000000 7.782101
1700 0.000007 0.001505 700.000000 8.101851
1700 0.000007 0.001290 800.000000 8.333333
1710 0.000111 0.004183 100.000000 6.493506
1710 0.000057 0.001308 200.000000 8.163265
1710 0.000047 0.002989 300.000000 8.771930
1710 0.000022 0.002928 400.000000 8.528785
1710 0.000017 0.003467 500.000000 8.944544
1710 0.000007 0.002655 600.000000 7.782101
1710 0.000009 0.001703 700.000000 8.092485
1710 0.000009 0.001502 800.000000 8.333333
1720 0.000114 0.002381 100.000000 6.410256
1720 0.000054 0.002607 200.000000 8.130081
1720 0.000049 0.004104 300.000000 8.695652
1720 0.000018 0.003331 400.000000 8.547009
1720 0.000016 0.003522 500.000000 8.928572
1720 0.000003 0.002316 600.000000 7.772021
1720 0.000008 0.001344 700.000000 8.083141
1720 0.000006 0.001165 800.000000 8.333333
1730 0.000121 0.001936 100.000000 6.451613
1730 0.000059 0.002763 200.000000 8.130081
1730 0.000042 0.004532 300.000000 8.379889
1730 0.000020 0.003638 400.000000 8.547009
1730 0.000020 0.004011 500.000000 8.865249
1730 0.000003 0.002465 600.000000 7.772021
1730 0.000007 0.001531 700.000000 8.092485
1730 0.000006 0.001327 800.000000 8.324662
1740 0.000116 0.002071 100.000000 6.535948
1740 0.000058 0.001951 200.000000 8.130081
1740 0.000036 0.003919 300.000000 8.021390
1740 0.000024 0.003428 400.000000 8.583691
1740 0.000020 0.004039 500.000000 8.695652
1740 0.000005 0.002422 600.000000 7.782101
1740 0.000009 0.001638 700.000000 8.101851
1740 0.000007 0.001570 800.000000 8.316009
1750 0.000111 0.001832 100.000000 6.622517
1750 0.000057 0.001364 200.000000 8.130081
1750 0.000034 0.003209 300.000000 7.978724
1750 0.000026 0.003119 400.000000 8.620689
1750 0.000017 0.003759 500.000000 7.440476
1750 0.000008 0.002433 600.000000 7.792208
1750 0.000010 0.001890 700.000000 8.111239
1750 0.000009 0.002013 800.000000 8.324662
1760 0.000112 0.000917 100.000000 6.711410
1760 0.000062 0.001789 200.000000 8.163265
1760 0.000035 0.003319 300.000000 7.978724
1760 0.000022 0.003418 400.000000 8.658009
1760 0.000015 0.003879 500.000000 7.418397
1760 0.000007 0.002447 600.000000 7.802341
1760 0.000010 0.001942 700.000000 8.120649
1760 0.000009 0.002167 800.000000 8.342023
1770 0.000110 0.001280 100.000000 6.849315
1770 0.000072 0.002453 200.000000 8.230453
1770 0.000031 0.003758 300.000000 8.042895
1770 0.000023 0.004125 400.000000 8.695652
1770 0.000012 0.004268 500.000000 7.429420
1770 0.000007 0.002758 600.000000 7.832898
1770 0.000011 0.002264 700.000000 8.130081
1770 0.000011 0.002455 800.000000 8.368201
1780 0.000108 0.002770 100.000000 7.042253
1780 0.000069 0.003413 200.000000 8.368201
1780 0.000030 0.004243 300.000000 8.108109
1780 0.000023 0.004586 400.000000 8.771930
1780 0.000010 0.004451 500.000000 7.462687
1780 0.000008 0.002840 600.000000 7.874016
1780 0.000010 0.002318 700.000000 8.158508
1780 0.000011 0.002431 800.000000 8.403361
1790 0.000124 0.004795 100.000000 7.246377
1790 0.000075 0.005582 200.000000 8.547009
1790 0.000034 0.005941 300.000000 8.219178
1790 0.000026 0.005934 400.000000 8.869180
1790 0.000011 0.005375 500.000000 7.518797
1790 0.000008 0.003406 600.000000 7.926024
1790 0.000010 0.002607 700.000000 8.196721
1790 0.000013 0.002393 800.000000 8.447730
1800 0.000119 0.003892 100.000000 7.575758
1800 0.000072 0.004950 200.000000 8.733624
1800 0.000034 0.005134 300.000000 8.356546
1800 0.000024 0.005332 400.000000 8.968610
1800 0.000009 0.004719 500.000000 7.587254
1800 0.000009 0.003027 600.000000 7.978724
1800 0.000008 0.002384 700.000000 8.244994
1800 0.000012 0.002207 800.000000 8.501594
1810 0.000120 0.002163 100.000000 7.936508
1810 0.000077 0.003796 200.000000 9.009009
1810 0.000037 0.004049 300.000000 8.522727
1810 0.000025 0.004598 400.000000 9.111617
1810 0.000010 0.004208 500.000000 7.656968
1810 0.000012 0.002970 600.000000 8.053691
1810 0.000011 0.002545 700.000000 8.313540
1810 0.000014 0.002504 800.000000 8.565310
1820 0.000103 0.003141 100.000000 8.474576
1820 0.000072 0.003722 200.000000 9.302325
1820 0.000035 0.003417 300.000000 8.720930
1820 0.000024 0.003995 400.000000 9.259259
1820 0.000012 0.003651 500.000000 7.751938
1820 0.000014 0.002700 600.000000 8.130081
1820 0.000011 0.002491 700.000000 8.383233
1820 0.000014 0.002660 800.000000 8.629990
1830 0.000053 0.003668 100.000000 9.009009
1830 0.000050 0.003320 200.000000 9.615385
1830 0.000030 0.002735 300.000000 8.902077
1830 0.000024 0.003129 400.000000 9.411765
1830 0.000017 0.002521 500.000000 7.836991
1830 0.000019 0.001669 600.000000 8.207934
1830 0.000017 0.002169 700.000000 8.464329
1830 0.000015 0.002861 800.000000 8.695652
1840 0.000038 0.004276 100.000000 9.615385
1840 0.000044 0.003916 200.000000 9.950249
1840 0.000028 0.003293 300.000000 9.118541
1840 0.000021 0.003434 400.000000 9.569378
1840 0.000020 0.002428 500.000000 7.923930
1840 0.000020 0.001265 600.000000 8.287292
1840 0.000015 0.001884 700.000000 8.536586
1840 0.000016 0.002672 800.000000 8.771930
1850 0.000057 0.005976 100.000000 10.204082
1850 0.000052 0.005702 200.000000 10.309278
1850 0.000033 0.004816 300.000000 9.287926
1850 0.000024 0.004623 400.000000 9.708738
1850 0.000023 0.003281 500.000000 8.012820
1850 0.000021 0.001777 600.000000 8.356546
1850 0.000017 0.001453 700.000000 8.610086
1850 0.000016 0.002175 800.000000 8.830022
1860 0.000049 0.004597 100.000000 10.752688
1860 0.000044 0.004576 200.000000 10.526316
1860 0.000028 0.004292 300.000000 9.433962
1860 0.000020 0.004372 400.000000 9.828010
1860 0.000021 0.002896 500.000000 8.064516
1860 0.000020 0.001237 600.000000 8.403361
1860 0.000017 0.001089 700.000000 8.663366
1860 0.000015 0.001907 800.000000 8.879024
1870 0.000035 0.004624 100.000000 10.869565
1870 0.000039 0.004858 200.000000 10.582010
1870 0.000025 0.004614 300.000000 9.523809
1870 0.000017 0.004723 400.000000 9.852217
1870 0.000022 0.002865 500.000000 8.090615
1870 0.000020 0.000974 600.000000 8.426967
1870 0.000017 0.001232 700.000000 8.684863
1880 0.000036 0.004456 100.000000 10.869565
1880 0.000029 0.005096 200.000000 10.152285
1880 0.000026 0.005011 300.000000 9.554140
1880 0.000013 0.005383 400.000000 9.803922
1880 0.000024 0.003035 500.000000 8.090615
1880 0.000020 0.001130 600.000000 8.426967
1880 0.000017 0.001331 700.000000 8.674102
1890 0.000038 0.005484 100.000000 10.638298
1890 0.000030 0.005594 200.000000 9.049774
1890 0.000030 0.005048 300.000000 9.523809
1890 0.000013 0.005512 400.000000 9.546539
1890 0.000024 0.002561 500.000000 8.077544
1890 0.000021 0.001072 600.000000 8.426967
1890 0.000018 0.001905 700.000000 8.641975
1900 0.000028 0.005597 100.000000 10.416667
1900 0.000040 0.005590 200.000000 8.810573
1900 0.000026 0.005061 300.000000 9.523809
1900 0.000035 0.005415 400.000000 7.648183
1900 0.000029 0.002291 500.000000 8.051530
1900 0.000022 0.001191 600.000000 8.415147
1900 0.000017 0.002259 700.000000 8.631319
1910 0.000040 0.004912 100.000000 10.204082
1910 0.000049 0.005362 200.000000 8.733624
1910 0.000026 0.005206 300.000000 9.523809
1910 0.000032 0.005101 400.000000 7.575758
1910 0.000028 0.002061 500.000000 8.038586
1910 0.000021 0.001281 600.000000 8.391608
1910 0.000017 0.002444 700.000000 8.620689
1920 0.000063 0.005044 100.000000 10.204082
1920 0.000042 0.005337 200.000000 8.733624
1920 0.000027 0.005414 300.000000 9.523809
1920 0.000031 0.004630 400.000000 7.561437
1920 0.000028 0.001845 500.000000 8.051530
1920 0.000022 0.001691 600.000000 8.368201
1920 0.000018 0.002890 700.000000 8.620689
1930 0.000054 0.005398 100.000000 10.204082
1930 0.000038 0.005272 200.000000 8.771930
1930 0.000027 0.005420 300.000000 9.523809
1930 0.000031 0.004329 400.000000 7.561437
1930 0.000027 0.001927 500.000000 8.051530
1930 0.000022 0.002398 600.000000 8.356546
1930 0.000019 0.003421 700.000000 8.631319
1940 0.000054 0.005257 100.000000 10.204082
1940 0.000035 0.004656 200.000000 8.810573
1940 0.000028 0.004892 300.000000 9.523809
1940 0.000028 0.003554 400.000000 7.575758
1940 0.000027 0.001814 500.000000 8.051530
1940 0.000022 0.002865 600.000000 8.368201
1940 0.000018 0.003816 700.000000 8.641975
1950 0.000043 0.005711 100.000000 10.204082
1950 0.000037 0.004949 200.000000 8.849558
1950 0.000027 0.005045 300.000000 9.523809
1950 0.000029 0.003567 400.000000 7.575758
1950 0.000025 0.002438 500.000000 8.038586
1950 0.000022 0.003490 600.000000 8.368201
1950 0.000018 0.004501 700.000000 8.652658
1960 0.000045 0.005947 100.000000 10.101010
1960 0.000035 0.004833 200.000000 8.888889
1960 0.000024 0.005207 300.000000 9.493670
1960 0.000028 0.003542 400.000000 7.575758
1960 0.000026 0.002843 500.000000 8.038586
1960 0.000021 0.003804 600.000000 8.379889
1970 0.000027 0.006363 100.000000 9.433962
1970 0.000038 0.005068 200.000000 8.968610
1970 0.000021 0.005612 300.000000 9.463722
1970 0.000032 0.003503 400.000000 7.590133
1970 0.000026 0.003072 500.000000 8.051530
1970 0.000022 0.004114 600.000000 8.379889
1980 0.000036 0.004734 100.000000 8.000000
1980 0.000037 0.004793 200.000000 9.009009
1980 0.000020 0.005668 300.000000 9.287926
1980 0.000032 0.003665 400.000000 7.590133
1980 0.000026 0.003866 500.000000 8.064516
1980 0.000021 0.004867 600.000000 8.368201
1990 0.000072 0.004856 100.000000 7.633588
1990 0.000038 0.004949 200.000000 9.049774
1990 0.000033 0.005782 300.000000 7.109005
1990 0.000034 0.003435 400.000000 7.604563
1990 0.000028 0.003523 500.000000 8.077544
1990 0.000023 0.004660 600.000000 8.368201
2000 0.000078 0.005479 100.000000 7.518797
2000 0.000036 0.005694 200.000000 9.132421
2000 0.000052 0.005819 300.000000 6.976744
2000 0.000037 0.003284 400.000000 7.604563
2000 0.000026 0.003557 500.000000 8.077544
2000 0.000022 0.004807 600.000000 8.379889
2010 0.000076 0.007101 100.000000 7.575758
2010 0.000043 0.007668 200.000000 9.132421
2010 0.000052 0.006850 300.000000 6.944445
2010 0.000040 0.004654 400.000000 7.619048
2010 0.000029 0.005035 500.000000 8.064516
2010 0.000024 0.006007 600.000000 8.391608
2020 0.000052 0.007344 100.000000 7.575758
2020 0.000040 0.008443 200.000000 9.174312
2020 0.000045 0.007206 300.000000 6.944445
2020 0.000040 0.005452 400.000000 7.633588
2020 0.000025 0.005881 500.000000 8.051530
2020 0.000023 0.006621 600.000000 8.403361
2030 0.000055 0.006912 100.000000 7.633588
2030 0.000042 0.008122 200.000000 9.132421
2030 0.000045 0.007006 300.000000 6.944445
2030 0.000036 0.005729 400.000000 7.633588
2030 0.000026 0.006676 500.000000 8.051530
2030 0.000025 0.007491 600.000000 8.403361
2040 0.000082 0.007185 100.000000 7.692307
2040 0.000040 0.007951 200.000000 9.132421
2040 0.000044 0.006694 300.000000 6.944445
2040 0.000036 0.005806 400.000000 7.619048
2040 0.000029 0.006780 500.000000 8.051530
2040 0.000024 0.007637 600.000000 8.415147
2050 0.000086 0.006918 100.000000 7.751938
2050 0.000052 0.007721 200.000000 9.132421
2050 0.000049 0.006670 300.000000 6.960557
2050 0.000036 0.006521 400.000000 7.619048
2050 0.000030 0.007613 500.000000 8.064516
2060 0.000098 0.006797 100.000000 7.936508
2060 0.000053 0.008054 200.000000 9.174312
2060 0.000053 0.007111 300.000000 6.993007
2060 0.000039 0.007444 400.000000 7.648183
2060 0.000032 0.008517 500.000000 8.090615
2070 0.000078 0.006479 100.000000 8.196721
2070 0.000043 0.007610 200.000000 9.302325
2070 0.000051 0.006651 300.000000 7.058824
2070 0.000038 0.007007 400.000000 7.707129
2070 0.000031 0.008059 500.000000 8.143323
2080 0.000085 0.005939 100.000000 8.620689
2080 0.000036 0.007226 200.000000 9.478673
2080 0.000048 0.005846 300.000000 7.142857
2080 0.000035 0.006341 400.000000 7.797271
2080 0.000028 0.007373 500.000000 8.210180
2090 0.000077 0.006428 100.000000 9.259259
2090 0.000026 0.007363 200.000000 9.756098
2090 0.000043 0.004855 300.000000 7.263923
2090 0.000032 0.004852 400.000000 7.905138
2090 0.000025 0.005746 500.000000 8.305648
2100 0.000058 0.007794 100.000000 9.900990
2100 0.000020 0.008433 200.000000 9.950249
2100 0.000044 0.005719 300.000000 7.389163
2100 0.000029 0.005321 400.000000 8.016032
2100 0.000023 0.005924 500.000000 8.389262
2110 0.000052 0.007999 100.000000 10.526316
2110 0.000016 0.008977 200.000000 9.950249
2110 0.000038 0.006096 300.000000 7.500000
2110 0.000021 0.005615 400.000000 8.113590
2110 0.000022 0.006018 500.000000 8.474576
2120 0.000027 0.009234 100.000000 10.989011
2120 0.000049 0.009430 200.000000 6.849315
2120 0.000037 0.006906 300.000000 7.575758
2120 0.000023 0.006356 400.000000 8.179959
2120 0.000020 0.006512 500.000000 8.517887
2130 0.000051 0.009942 100.000000 11.235955
2130 0.000078 0.008949 200.000000 6.688963
2130 0.000042 0.007515 300.000000 7.594937
2130 0.000026 0.007525 400.000000 8.213552
2130 0.000021 0.008109 500.000000 8.547009
2140 0.000055 0.010104 100.000000 11.363636
2140 0.000059 0.008137 200.000000 6.644518
2140 0.000041 0.007273 300.000000 7.614213
2140 0.000024 0.007625 400.000000 8.196721
2140 0.000021 0.007979 500.000000 8.561644
2150 0.000044 0.009414 100.000000 11.363636
2150 0.000044 0.006989 200.000000 6.622517
2150 0.000036 0.006139 300.000000 7.614213
2150 0.000018 0.006750 400.000000 8.146640
2150 0.000019 0.007127 500.000000 8.561644
2160 0.000030 0.008660 100.000000 11.235955
2160 0.000044 0.006421 200.000000 6.622517
2160 0.000032 0.005037 300.000000 7.594937
2160 0.000020 0.005784 400.000000 8.130081
2160 0.000019 0.006113 500.000000 8.561644
2170 0.000031 0.007643 100.000000 11.111111
2170 0.000037 0.005820 200.000000 6.600660
2170 0.000027 0.005040 300.000000 7.575758
2170 0.000017 0.005741 400.000000 8.130081
2170 0.000016 0.006137 500.000000 8.547009
2180 0.000030 0.008076 100.000000 10.869565
2180 0.000038 0.006319 200.000000 6.578948
2180 0.000023 0.005827 300.000000 7.537688
2180 0.000018 0.006239 400.000000 8.130081
2190 0.000025 0.008264 100.000000 10.526316
2190 0.000044 0.005805 200.000000 6.557377
2190 0.000025 0.005449 300.000000 7.518797
2190 0.000019 0.005837 400.000000 8.097166
2200 0.000032 0.008849 100.000000 9.900990
2200 0.000044 0.006036 200.000000 6.535948
2200 0.000021 0.005931 300.000000 7.518797
2200 0.000016 0.005990 400.000000 8.064516
2210 0.000087 0.008600 100.000000 4.901961
2210 0.000047 0.005983 200.000000 6.514658
2210 0.000024 0.006027 300.000000 7.518797
2210 0.000021 0.006129 400.000000 8.032128
2220 0.000106 0.006835 100.000000 4.694836
2220 0.000050 0.005511 200.000000 6.493506
2220 0.000021 0.006044 300.000000 7.481297
2220 0.000014 0.006169 400.000000 8.032128
2230 0.000070 0.005136 100.000000 4.651163
2230 0.000045 0.005384 200.000000 6.493506
2230 0.000024 0.006021 300.000000 7.444169
2230 0.000015 0.006127 400.000000 8.032128
2240 0.000073 0.004356 100.000000 4.651163
2240 0.000045 0.005598 200.000000 6.514658
2240 0.000026 0.006305 300.000000 7.425743
2240 0.000017 0.006495 400.000000 8.048289
2250 0.000072 0.005161 100.000000 4.651163
2250 0.000034 0.005602 200.000000 6.514658
2250 0.000016 0.006126 300.000000 7.425743
2250 0.000013 0.006098 400.000000 8.064516
2260 0.000076 0.005901 100.000000 4.672897
2260 0.000033 0.006181 200.000000 6.514658
2260 0.000019 0.006416 300.000000 7.444169
2260 0.000013 0.006507 400.000000 8.064516
2270 0.000066 0.006260 100.000000 4.672897
2270 0.000030 0.006404 200.000000 6.493506
2270 0.000020 0.006354 300.000000 7.462687
2280 0.000080 0.007140 100.000000 4.716981
2280 0.000032 0.007074 200.000000 6.535948
2280 0.000023 0.006755 300.000000 7.481297
2290 0.000094 0.007984 100.000000 4.761905
2290 0.000045 0.007784 200.000000 6.578948
2290 0.000026 0.007240 300.000000 7.518797
2300 0.000105 0.009840 100.000000 4.854369
2300 0.000041 0.009027 200.000000 6.688963
2300 0.000027 0.008240 300.000000 7.575758
2310 0.000103 0.010945 100.000000 5.000000
2310 0.000036 0.009901 200.000000 6.825939
2310 0.000032 0.009009 300.000000 7.692307
2320 0.000117 0.010481 100.000000 5.181347
2320 0.000040 0.009430 200.000000 7.017544
2320 0.000030 0.008652 300.000000 7.832898
2330 0.000110 0.011016 100.000000 5.434783
2330 0.000039 0.009769 200.000000 7.246377
2330 0.000029 0.008783 300.000000 8.021390
2340 0.000108 0.010923 100.000000 5.747127
2340 0.000038 0.009716 200.000000 7.518797
2340 0.000029 0.008722 300.000000 8.241758
2350 0.000108 0.010812 100.000000 6.097561
2350 0.000038 0.009704 200.000000 7.812500
2350 0.000029 0.008723 300.000000 8.474576
2360 0.000109 0.010342 100.000000 6.493506
2360 0.000039 0.009358 200.000000 8.130081
2360 0.000029 0.008451 300.000000 8.720930
2370 0.000107 0.009813 100.000000 6.944445
2370 0.000038 0.008875 200.000000 8.474576
2370 0.000028 0.008010 300.000000 8.982036
2380 0.000105 0.009330 100.000000 7.462687
2380 0.000038 0.008467 200.000000 8.849558
2380 0.000028 0.007673 300.000000 9.259259
2390 0.000100 0.009038 100.000000 8.064516
2390 0.000035 0.008081 200.000000 9.259259
2390 0.000026 0.007251 300.000000 9.554140
2400 0.000095 0.008690 100.000000 8.771930
2400 0.000034 0.007474 200.000000 9.708738
2400 0.000024 0.006638 300.000000 9.868421
2410 0.000085 0.007043 100.000000 9.433962
2410 0.000040 0.005372 200.000000 10.101010
2410 0.000029 0.005079 300.000000 10.101010
2420 0.000076 0.007005 100.000000 10.000000
2420 0.000043 0.004980 200.000000 10.362695
2420 0.000022 0.005074 300.000000 10.309278
2430 0.000062 0.007396 100.000000 10.416667
2430 0.000034 0.005489 200.000000 10.582010
2430 0.000021 0.005087 300.000000 10.452962
2440 0.000036 0.008171 100.000000 10.638298
2440 0.000025 0.006743 200.000000 10.582010
2440 0.000016 0.005246 300.000000 10.526316
2450 0.000020 0.008326 100.000000 10.638298
2450 0.000014 0.007225 200.000000 10.526316
2450 0.000016 0.005879 300.000000 10.563380
2460 0.000033 0.006726 100.000000 10.638298
2460 0.000012 0.006222 200.000000 10.471204
2460 0.000019 0.005331 300.000000 10.600707
2470 0.000031 0.007079 100.000000 10.638298
2470 0.000016 0.006069 200.000000 10.526316
2470 0.000023 0.005400 300.000000 10.600707
2480 0.000028 0.005994 100.000000 10.526316
2480 0.000019 0.005062 200.000000 10.526316
2490 0.000047 0.005511 100.000000 10.526316
2490 0.000014 0.004805 200.000000 10.526316
2500 0.000039 0.005459 100.000000 10.526316
2500 0.000017 0.004628 200.000000 10.471204
2510 0.000044 0.005432 100.000000 10.638298
2510 0.000017 0.004354 200.000000 10.416667
2520 0.000050 0.006098 100.000000 10.638298
2520 0.000026 0.005065 200.000000 10.416667
2530 0.000046 0.006350 100.000000 10.526316
2530 0.000032 0.005225 200.000000 10.416667
2540 0.000035 0.006756 100.000000 10.204082
2540 0.000030 0.005283 200.000000 10.416667
2550 0.000012 0.007522 100.000000 10.101010
2550 0.000025 0.005959 200.000000 10.471204
2560 0.000019 0.007702 100.000000 10.204082
2560 0.000026 0.006488 200.000000 10.526316
2570 0.000005 0.006132 100.000000 10.309278
2570 0.000021 0.005761 200.000000 10.582010
2580 0.000014 0.007008 100.000000 10.416667
2590 0.000010 0.006198 100.000000 10.309278
2600 0.000013 0.005077 100.000000 10.101010
2610 0.000045 0.006701 100.000000 10.000000
2620 0.000024 0.005808 100.000000 10.101010
2630 0.000021 0.004615 100.000000 10.309278
2640 0.000048 0.005975 100.000000 10.526316
2650 0.000046 0.005611 100.000000 10.638298
2660 0.000055 0.006107 100.000000 10.638298
