0 0.000089 0.005921 100.000000 8.474576
0 0.000019 0.003374 200.000000 9.433962
0 0.000033 0.006771 300.000000 10.416667
0 0.000028 0.007314 400.000000 10.471204
0 0.000029 0.005484 500.000000 10.416667
0 0.000018 0.005162 600.000000 10.416667
0 0.000017 0.005565 700.000000 10.279001
0 0.000024 0.005102 800.000000 10.282776
10 0.000084 0.003411 100.000000 9.009009
10 0.000019 0.005096 200.000000 9.756098
10 0.000028 0.008396 300.000000 10.714286
10 0.000024 0.008495 400.000000 10.666667
10 0.000029 0.006073 500.000000 10.570825
10 0.000026 0.006222 600.000000 10.544815
10 0.000018 0.006913 700.000000 10.370370
10 0.000024 0.006084 800.000000 10.376135
20 0.000081 0.004717 100.000000 9.615385
20 0.000017 0.005216 200.000000 10.000000
20 0.000035 0.008623 300.000000 10.948905
20 0.000029 0.008328 400.000000 10.810811
20 0.000036 0.006047 500.000000 10.706638
20 0.000025 0.006286 600.000000 10.657193
20 0.000022 0.007059 700.000000 10.447762
20 0.000025 0.005969 800.000000 10.471204
30 0.000078 0.004560 100.000000 10.101010
30 0.000016 0.006127 200.000000 10.256411
30 0.000038 0.009192 300.000000 11.194030
30 0.000028 0.008580 400.000000 10.928962
30 0.000034 0.006327 500.000000 10.822511
30 0.000027 0.006722 600.000000 10.752688
30 0.000023 0.007471 700.000000 10.510510
30 0.000027 0.006224 800.000000 10.554090
40 0.000084 0.006727 100.000000 10.638298
40 0.000019 0.008245 200.000000 10.471204
40 0.000045 0.010492 300.000000 11.406844
40 0.000032 0.008977 400.000000 11.019283
40 0.000042 0.006844 500.000000 10.917030
40 0.000032 0.007457 600.000000 10.830325
40 0.000027 0.008149 700.000000 10.542169
40 0.000031 0.006653 800.000000 10.624170
50 0.000089 0.006540 100.000000 10.989011
50 0.000026 0.008337 200.000000 10.638298
50 0.000048 0.010693 300.000000 11.538462
50 0.000032 0.008586 400.000000 11.080333
50 0.000038 0.006730 500.000000 10.989011
50 0.000032 0.007261 600.000000 10.889292
50 0.000027 0.007832 700.000000 10.558069
50 0.000031 0.006309 800.000000 10.680908
60 0.000085 0.007331 100.000000 11.363636
60 0.000037 0.009334 200.000000 10.810811
60 0.000055 0.011131 300.000000 11.627907
60 0.000036 0.008365 400.000000 11.080333
60 0.000041 0.006862 500.000000 11.013216
60 0.000034 0.007326 600.000000 10.909091
60 0.000029 0.007832 700.000000 10.558069
60 0.000034 0.006179 800.000000 10.723861
70 0.000099 0.008971 100.000000 11.494253
70 0.000049 0.010818 200.000000 10.928962
70 0.000055 0.011947 300.000000 11.627907
70 0.000038 0.008671 400.000000 11.080333
70 0.000037 0.007207 500.000000 10.964912
70 0.000034 0.007737 600.000000 10.909091
70 0.000031 0.008140 700.000000 10.558069
70 0.000034 0.006262 800.000000 10.767160
80 0.000094 0.008987 100.000000 11.494253
80 0.000055 0.011868 200.000000 11.049724
80 0.000063 0.011855 300.000000 11.583012
80 0.000042 0.008372 400.000000 11.049724
80 0.000039 0.007052 500.000000 10.940919
80 0.000036 0.007819 600.000000 10.889292
80 0.000033 0.007992 700.000000 10.558069
80 0.000036 0.006108 800.000000 10.796222
90 0.000065 0.006723 100.000000 11.494253
90 0.000061 0.011103 200.000000 11.235955
90 0.000056 0.011141 300.000000 11.538462
90 0.000043 0.007854 400.000000 11.049724
90 0.000040 0.006783 500.000000 10.917030
90 0.000032 0.007236 600.000000 10.849910
90 0.000033 0.007098 700.000000 10.558069
90 0.000035 0.005790 800.000000 10.825439
100 0.000035 0.006657 100.000000 11.235955
100 0.000070 0.010650 200.000000 11.428572
100 0.000056 0.010931 300.000000 11.450381
100 0.000050 0.007661 400.000000 11.019283
100 0.000039 0.006640 500.000000 10.917030
100 0.000031 0.006709 600.000000 10.771993
100 0.000034 0.006582 700.000000 10.558069
100 0.000037 0.006240 800.000000 10.854816
110 0.000049 0.006848 100.000000 10.869565
110 0.000084 0.010563 200.000000 11.560694
110 0.000060 0.011005 300.000000 11.406844
110 0.000054 0.007895 400.000000 11.019283
110 0.000042 0.006772 500.000000 10.917030
110 0.000035 0.006595 600.000000 10.695188
110 0.000038 0.006622 700.000000 10.574018
110 0.000039 0.006919 800.000000 10.854816
120 0.000059 0.007349 100.000000 10.416667
120 0.000084 0.011267 200.000000 11.695907
120 0.000059 0.010886 300.000000 11.278195
120 0.000054 0.007643 400.000000 11.019283
120 0.000043 0.006658 500.000000 10.893247
120 0.000035 0.006888 600.000000 10.600707
120 0.000038 0.006344 700.000000 10.590015
120 0.000042 0.006798 800.000000 10.825439
130 0.000079 0.007344 100.000000 10.204082
130 0.000094 0.011361 200.000000 11.764706
130 0.000052 0.011125 300.000000 11.152416
130 0.000056 0.008209 400.000000 10.958904
130 0.000041 0.006768 500.000000 10.845987
130 0.000035 0.006693 600.000000 10.526316
130 0.000039 0.006424 700.000000 10.590015
130 0.000040 0.007402 800.000000 10.796222
140 0.000124 0.009177 100.000000 10.101010
140 0.000101 0.012889 200.000000 11.695907
140 0.000052 0.011389 300.000000 11.029411
140 0.000057 0.009351 400.000000 10.928962
140 0.000042 0.007393 500.000000 10.822511
140 0.000037 0.007079 600.000000 10.452962
140 0.000041 0.007526 700.000000 10.606061
140 0.000042 0.008896 800.000000 10.767160
150 0.000159 0.010890 100.000000 10.204082
150 0.000110 0.013884 200.000000 11.627907
150 0.000058 0.011590 300.000000 10.909091
150 0.000055 0.009634 400.000000 10.840109
150 0.000043 0.007452 500.000000 10.775862
150 0.000039 0.007396 600.000000 10.398614
150 0.000041 0.007779 700.000000 10.638298
150 0.000041 0.009157 800.000000 10.752688
160 0.000176 0.012517 100.000000 10.309278
160 0.000114 0.014652 200.000000 11.560694
160 0.000059 0.011890 300.000000 10.869565
160 0.000055 0.009809 400.000000 10.781672
160 0.000043 0.007695 500.000000 10.752688
160 0.000040 0.007729 600.000000 10.380623
160 0.000043 0.008255 700.000000 10.670732
160 0.000041 0.009473 800.000000 10.752688
170 0.000160 0.014516 100.000000 10.638298
170 0.000103 0.015181 200.000000 11.494253
170 0.000057 0.011594 300.000000 10.830325
170 0.000048 0.009100 400.000000 10.752688
170 0.000043 0.007353 500.000000 10.729613
170 0.000039 0.007543 600.000000 10.380623
170 0.000042 0.007982 700.000000 10.703364
170 0.000041 0.008943 800.000000 10.767160
180 0.000143 0.016072 100.000000 10.989011
180 0.000086 0.015321 200.000000 11.428572
180 0.000053 0.010798 300.000000 10.869565
180 0.000043 0.008626 400.000000 10.752688
180 0.000034 0.007294 500.000000 10.683761
180 0.000036 0.007395 600.000000 10.398614
180 0.000039 0.007560 700.000000 10.736197
180 0.000038 0.008220 800.000000 10.767160
190 0.000125 0.015139 100.000000 11.494253
190 0.000072 0.014384 200.000000 11.494253
190 0.000059 0.009184 300.000000 10.909091
190 0.000043 0.007360 400.000000 10.810811
190 0.000034 0.006752 500.000000 10.638298
190 0.000035 0.006854 600.000000 10.434783
190 0.000038 0.006850 700.000000 10.785825
190 0.000039 0.007635 800.000000 10.752688
200 0.000118 0.014538 100.000000 12.195122
200 0.000065 0.013838 200.000000 11.560694
200 0.000055 0.008429 300.000000 11.029411
200 0.000040 0.006958 400.000000 10.869565
200 0.000031 0.006782 500.000000 10.638298
200 0.000035 0.006643 600.000000 10.507881
200 0.000037 0.006475 700.000000 10.819165
200 0.000039 0.007376 800.000000 10.723861
210 0.000111 0.015215 100.000000 12.820513
210 0.000060 0.013186 200.000000 11.695907
210 0.000058 0.007816 300.000000 11.111111
210 0.000034 0.006931 400.000000 10.928962
210 0.000030 0.007121 500.000000 10.615711
210 0.000036 0.006588 600.000000 10.563380
210 0.000039 0.006364 700.000000 10.852714
210 0.000039 0.007540 800.000000 10.709505
220 0.000113 0.015105 100.000000 13.333333
220 0.000051 0.012301 200.000000 11.695907
220 0.000057 0.007264 300.000000 11.194030
220 0.000037 0.006796 400.000000 10.989011
220 0.000030 0.007242 500.000000 10.593221
220 0.000034 0.006294 600.000000 10.619469
220 0.000038 0.006139 700.000000 10.852714
220 0.000038 0.007426 800.000000 10.666667
230 0.000104 0.016286 100.000000 13.698630
230 0.000047 0.011868 200.000000 11.560694
230 0.000059 0.007409 300.000000 11.194030
230 0.000040 0.007715 400.000000 10.989011
230 0.000031 0.008162 500.000000 10.548523
230 0.000035 0.006737 600.000000 10.657193
230 0.000037 0.006245 700.000000 10.852714
230 0.000039 0.007533 800.000000 10.582010
240 0.000094 0.019466 100.000000 13.513514
240 0.000044 0.011929 200.000000 11.428572
240 0.000060 0.008744 300.000000 11.152416
240 0.000042 0.009560 400.000000 10.958904
240 0.000031 0.010024 500.000000 10.460251
240 0.000035 0.007869 600.000000 10.676157
240 0.000035 0.006898 700.000000 10.835914
240 0.000037 0.007885 800.000000 10.498688
250 0.000109 0.021961 100.000000 13.157895
250 0.000068 0.012589 200.000000 11.173184
250 0.000060 0.010913 300.000000 10.989011
250 0.000048 0.011533 400.000000 10.869565
250 0.000038 0.012093 500.000000 10.395010
250 0.000037 0.009228 600.000000 10.695188
250 0.000039 0.008376 700.000000 10.819165
250 0.000039 0.009008 800.000000 10.430247
260 0.000086 0.021105 100.000000 12.500000
260 0.000056 0.011901 200.000000 10.928962
260 0.000050 0.011105 300.000000 10.791367
260 0.000042 0.011314 400.000000 10.752688
260 0.000035 0.011616 500.000000 10.309278
260 0.000034 0.008607 600.000000 10.676157
260 0.000036 0.007976 700.000000 10.769231
260 0.000035 0.008122 800.000000 10.376135
270 0.000052 0.020454 100.000000 11.627907
270 0.000053 0.010583 200.000000 10.695188
270 0.000045 0.010111 300.000000 10.600707
270 0.000029 0.010472 400.000000 10.526316
270 0.000027 0.010095 500.000000 10.245902
270 0.000031 0.007330 600.000000 10.657193
270 0.000032 0.006771 700.000000 10.703364
270 0.000032 0.006518 800.000000 10.309278
280 0.000045 0.017289 100.000000 10.869565
280 0.000054 0.009712 200.000000 10.471204
280 0.000043 0.009576 300.000000 10.452962
280 0.000030 0.009833 400.000000 10.282776
280 0.000027 0.008987 500.000000 10.183299
280 0.000031 0.006635 600.000000 10.600707
280 0.000035 0.006362 700.000000 10.542169
280 0.000032 0.005735 800.000000 10.243278
290 0.000045 0.014090 100.000000 10.416667
290 0.000045 0.009254 200.000000 10.309278
290 0.000039 0.009485 300.000000 10.344828
290 0.000025 0.009665 400.000000 10.101010
290 0.000024 0.008345 500.000000 10.162601
290 0.000031 0.006214 600.000000 10.526316
290 0.000035 0.006104 700.000000 10.385756
290 0.000032 0.004999 800.000000 10.191083
300 0.000064 0.012497 100.000000 9.900990
300 0.000065 0.009579 200.000000 10.204082
300 0.000042 0.009770 300.000000 10.273973
300 0.000027 0.009739 400.000000 9.950249
300 0.000025 0.008208 500.000000 10.162601
300 0.000030 0.006449 600.000000 10.471204
300 0.000037 0.006891 700.000000 10.248902
300 0.000033 0.005321 800.000000 10.139417
310 0.000075 0.012162 100.000000 9.708738
310 0.000077 0.009578 200.000000 10.152285
310 0.000047 0.009718 300.000000 10.238908
310 0.000029 0.009840 400.000000 9.876543
310 0.000029 0.008004 500.000000 10.204082
310 0.000029 0.006657 600.000000 10.452962
310 0.000036 0.007255 700.000000 10.159652
310 0.000036 0.005861 800.000000 10.050251
320 0.000100 0.012083 100.000000 9.615385
320 0.000066 0.009514 200.000000 10.101010
320 0.000049 0.009113 300.000000 10.238908
320 0.000033 0.009704 400.000000 9.828010
320 0.000027 0.007603 500.000000 10.245902
320 0.000030 0.006853 600.000000 10.452962
320 0.000032 0.007414 700.000000 10.115607
320 0.000035 0.006221 800.000000 9.962640
330 0.000099 0.011372 100.000000 9.523809
330 0.000063 0.009387 200.000000 10.050251
330 0.000054 0.008780 300.000000 10.238908
330 0.000034 0.009840 400.000000 9.852217
330 0.000030 0.007384 500.000000 10.309278
330 0.000032 0.006936 600.000000 10.489511
330 0.000033 0.007371 700.000000 10.115607
330 0.000033 0.006381 800.000000 9.925558
340 0.000087 0.009485 100.000000 9.615385
340 0.000064 0.007694 200.000000 10.000000
340 0.000047 0.007005 300.000000 10.238908
340 0.000032 0.008163 400.000000 9.852217
340 0.000029 0.005818 500.000000 10.373444
340 0.000030 0.005689 600.000000 10.507881
340 0.000027 0.006079 700.000000 10.115607
340 0.000029 0.005677 800.000000 9.913259
350 0.000083 0.008756 100.000000 9.708738
350 0.000062 0.006764 200.000000 10.050251
350 0.000040 0.006863 300.000000 10.204082
350 0.000031 0.007505 400.000000 9.900990
350 0.000028 0.005189 500.000000 10.438414
350 0.000031 0.005182 600.000000 10.526316
350 0.000030 0.005415 700.000000 10.130246
350 0.000029 0.005409 800.000000 9.925558
360 0.000107 0.009184 100.000000 9.803922
360 0.000059 0.007394 200.000000 10.101010
360 0.000039 0.007549 300.000000 10.135135
360 0.000030 0.007642 400.000000 9.950249
360 0.000030 0.005280 500.000000 10.482181
360 0.000033 0.005242 600.000000 10.507881
360 0.000032 0.004992 700.000000 10.130246
360 0.000031 0.005046 800.000000 9.937888
370 0.000089 0.007967 100.000000 9.900990
370 0.000056 0.006304 200.000000 10.152285
370 0.000037 0.006615 300.000000 10.033444
370 0.000027 0.006298 400.000000 10.000000
370 0.000030 0.004245 500.000000 10.526316
370 0.000035 0.004315 600.000000 10.452962
370 0.000032 0.004187 700.000000 10.130246
370 0.000032 0.004705 800.000000 9.950249
380 0.000085 0.006975 100.000000 10.000000
380 0.000043 0.005411 200.000000 10.204082
380 0.000032 0.005858 300.000000 9.966778
380 0.000026 0.005320 400.000000 10.050251
380 0.000032 0.003689 500.000000 10.526316
380 0.000035 0.004277 600.000000 10.380623
380 0.000031 0.003981 700.000000 10.144928
380 0.000030 0.004495 800.000000 9.962640
390 0.000088 0.005676 100.000000 10.204082
390 0.000045 0.004823 200.000000 10.309278
390 0.000031 0.005608 300.000000 9.933775
390 0.000029 0.004635 400.000000 10.101010
390 0.000033 0.003368 500.000000 10.526316
390 0.000036 0.004418 600.000000 10.344828
390 0.000032 0.004016 700.000000 10.144928
390 0.000033 0.004693 800.000000 9.975062
400 0.000091 0.004913 100.000000 10.309278
400 0.000041 0.004868 200.000000 10.362695
400 0.000027 0.005773 300.000000 9.900990
400 0.000032 0.004141 400.000000 10.204082
400 0.000033 0.002746 500.000000 10.548523
400 0.000041 0.004212 600.000000 10.273973
400 0.000035 0.004179 700.000000 10.144928
400 0.000033 0.005102 800.000000 10.000000
410 0.000087 0.005591 100.000000 10.416667
410 0.000039 0.005870 200.000000 10.471204
410 0.000024 0.006562 300.000000 9.900990
410 0.000031 0.004399 400.000000 10.282776
410 0.000037 0.002786 500.000000 10.570825
410 0.000038 0.003884 600.000000 10.221465
410 0.000037 0.004324 700.000000 10.101010
410 0.000033 0.005129 800.000000 10.025063
420 0.000071 0.003805 100.000000 10.526316
420 0.000037 0.004382 200.000000 10.471204
420 0.000025 0.005248 300.000000 9.868421
420 0.000033 0.003462 400.000000 10.362695
420 0.000034 0.002933 500.000000 10.615711
420 0.000033 0.004476 600.000000 10.186757
420 0.000036 0.005381 700.000000 10.014306
420 0.000028 0.005550 800.000000 10.062893
430 0.000041 0.003571 100.000000 10.416667
430 0.000032 0.005122 200.000000 10.526316
430 0.000023 0.005853 300.000000 9.868421
430 0.000031 0.003658 400.000000 10.443864
430 0.000031 0.002793 500.000000 10.638298
430 0.000033 0.004198 600.000000 10.186757
430 0.000031 0.005312 700.000000 9.971510
430 0.000028 0.005376 800.000000 10.088272
440 0.000041 0.002029 100.000000 10.309278
440 0.000027 0.004122 200.000000 10.526316
440 0.000023 0.005275 300.000000 9.900990
440 0.000028 0.003419 400.000000 10.526316
440 0.000031 0.003028 500.000000 10.683761
440 0.000028 0.004547 600.000000 10.186757
440 0.000027 0.005644 700.000000 9.943182
440 0.000026 0.005614 800.000000 10.126582
450 0.000040 0.003894 100.000000 10.309278
450 0.000018 0.005000 200.000000 10.416667
450 0.000020 0.005777 300.000000 9.933775
450 0.000024 0.003944 400.000000 10.582010
450 0.000028 0.003344 500.000000 10.683761
450 0.000027 0.004054 600.000000 10.186757
450 0.000026 0.005222 700.000000 9.943182
450 0.000024 0.005567 800.000000 10.152285
460 0.000033 0.004491 100.000000 10.309278
460 0.000015 0.005429 200.000000 10.256411
460 0.000016 0.005814 300.000000 9.933775
460 0.000027 0.004203 400.000000 10.638298
460 0.000028 0.003840 500.000000 10.638298
460 0.000028 0.003977 600.000000 10.169492
460 0.000028 0.005234 700.000000 9.943182
460 0.000023 0.005620 800.000000 10.178117
470 0.000025 0.004832 100.000000 10.309278
470 0.000015 0.005719 200.000000 10.050251
470 0.000018 0.005698 300.000000 9.966778
470 0.000034 0.004459 400.000000 10.638298
470 0.000032 0.004572 500.000000 10.526316
470 0.000029 0.004299 600.000000 10.152285
470 0.000027 0.005384 700.000000 9.929078
470 0.000021 0.006124 800.000000 10.204082
480 0.000030 0.004847 100.000000 10.309278
480 0.000031 0.005399 200.000000 9.852217
480 0.000019 0.005541 300.000000 10.000000
480 0.000035 0.004636 400.000000 10.610080
480 0.000034 0.004985 500.000000 10.416667
480 0.000028 0.004323 600.000000 10.135135
480 0.000027 0.005197 700.000000 9.929078
480 0.000020 0.006290 800.000000 10.243278
490 0.000025 0.004519 100.000000 10.204082
490 0.000022 0.005857 200.000000 9.708738
490 0.000024 0.005472 300.000000 10.067114
490 0.000031 0.004662 400.000000 10.582010
490 0.000034 0.005380 500.000000 10.309278
490 0.000028 0.004483 600.000000 10.101010
490 0.000027 0.005448 700.000000 9.929078
490 0.000020 0.006712 800.000000 10.269576
500 0.000022 0.005012 100.000000 10.309278
500 0.000020 0.006618 200.000000 9.615385
500 0.000029 0.005765 300.000000 10.135135
500 0.000031 0.004914 400.000000 10.582010
500 0.000034 0.005138 500.000000 10.183299
500 0.000033 0.004670 600.000000 10.050251
500 0.000028 0.005697 700.000000 9.943182
500 0.000021 0.007073 800.000000 10.309278
510 0.000007 0.004799 100.000000 10.309278
510 0.000027 0.006170 200.000000 9.523809
510 0.000033 0.005249 300.000000 10.204082
510 0.000035 0.004766 400.000000 10.582010
510 0.000034 0.005115 500.000000 10.101010
510 0.000034 0.005758 600.000000 9.950249
510 0.000029 0.006304 700.000000 9.971510
510 0.000019 0.007496 800.000000 10.335917
520 0.000020 0.005418 100.000000 10.416667
520 0.000012 0.006463 200.000000 9.523809
520 0.000030 0.004763 300.000000 10.344828
520 0.000030 0.003958 400.000000 10.638298
520 0.000034 0.004650 500.000000 10.101010
520 0.000033 0.005730 600.000000 9.884679
520 0.000028 0.006041 700.000000 10.000000
520 0.000021 0.007293 800.000000 10.389610
530 0.000032 0.006119 100.000000 10.526316
530 0.000013 0.007179 200.000000 9.569378
530 0.000025 0.004941 300.000000 10.452962
530 0.000030 0.003713 400.000000 10.695188
530 0.000033 0.004420 500.000000 10.121457
530 0.000030 0.005472 600.000000 9.852217
530 0.000030 0.005867 700.000000 10.043041
530 0.000022 0.007189 800.000000 10.443864
540 0.000018 0.006774 100.000000 10.526316
540 0.000023 0.007009 200.000000 9.661836
540 0.000036 0.005379 300.000000 10.563380
540 0.000033 0.004771 400.000000 10.752688
540 0.000031 0.005436 500.000000 10.121457
540 0.000029 0.006642 600.000000 9.852217
540 0.000027 0.006971 700.000000 10.086455
540 0.000020 0.007967 800.000000 10.484928
550 0.000017 0.006395 100.000000 10.309278
550 0.000027 0.006600 200.000000 9.708738
550 0.000039 0.005156 300.000000 10.676157
550 0.000035 0.004907 400.000000 10.752688
550 0.000031 0.005557 500.000000 10.121457
550 0.000027 0.006924 600.000000 9.868421
550 0.000024 0.007174 700.000000 10.130246
550 0.000019 0.007967 800.000000 10.526316
560 0.000021 0.006841 100.000000 9.803922
560 0.000031 0.006488 200.000000 9.708738
560 0.000046 0.005144 300.000000 10.714286
560 0.000040 0.005359 400.000000 10.638298
560 0.000036 0.005869 500.000000 10.101010
560 0.000029 0.007367 600.000000 9.852217
560 0.000022 0.007595 700.000000 10.159652
560 0.000020 0.008219 800.000000 10.554090
570 0.000049 0.006610 100.000000 9.523809
570 0.000043 0.006255 200.000000 9.756098
570 0.000055 0.005491 300.000000 10.676157
570 0.000045 0.006424 400.000000 10.498688
570 0.000034 0.006429 500.000000 10.080646
570 0.000031 0.007496 600.000000 9.852217
570 0.000022 0.008126 700.000000 10.189228
570 0.000019 0.008320 800.000000 10.596026
580 0.000032 0.008314 100.000000 9.259259
580 0.000051 0.006364 200.000000 9.852217
580 0.000057 0.005792 300.000000 10.676157
580 0.000051 0.007049 400.000000 10.362695
580 0.000040 0.006728 500.000000 10.060362
580 0.000035 0.007937 600.000000 9.852217
580 0.000023 0.009076 700.000000 10.233918
580 0.000021 0.009145 800.000000 10.624170
590 0.000047 0.008303 100.000000 9.009009
590 0.000049 0.006382 200.000000 9.950249
590 0.000045 0.005881 300.000000 10.638298
590 0.000046 0.007014 400.000000 10.204082
590 0.000039 0.006435 500.000000 10.020041
590 0.000033 0.007479 600.000000 9.852217
590 0.000022 0.008666 700.000000 10.263929
590 0.000020 0.008457 800.000000 10.652463
600 0.000063 0.008062 100.000000 8.849558
600 0.000050 0.006139 200.000000 10.050251
600 0.000049 0.005798 300.000000 10.600707
600 0.000044 0.006709 400.000000 10.075566
600 0.000040 0.007029 500.000000 9.920635
600 0.000034 0.007747 600.000000 9.868421
600 0.000022 0.008870 700.000000 10.294118
600 0.000021 0.008520 800.000000 10.695188
610 0.000044 0.008209 100.000000 8.695652
610 0.000045 0.005978 200.000000 10.152285
610 0.000039 0.005371 300.000000 10.638298
610 0.000040 0.006243 400.000000 10.000000
610 0.000039 0.007322 500.000000 9.803922
610 0.000032 0.007626 600.000000 9.900990
610 0.000022 0.008866 700.000000 10.339734
610 0.000023 0.008694 800.000000 10.723861
620 0.000028 0.008800 100.000000 8.695652
620 0.000040 0.006123 200.000000 10.309278
620 0.000038 0.005286 300.000000 10.676157
620 0.000040 0.006239 400.000000 10.000000
620 0.000035 0.007603 500.000000 9.727627
620 0.000030 0.007711 600.000000 9.933775
620 0.000024 0.009021 700.000000 10.385756
620 0.000022 0.008882 800.000000 10.767160
630 0.000024 0.009433 100.000000 8.771930
630 0.000047 0.006013 200.000000 10.471204
630 0.000041 0.005089 300.000000 10.752688
630 0.000039 0.006430 400.000000 10.000000
630 0.000035 0.007926 500.000000 9.708738
630 0.000031 0.008061 600.000000 9.983361
630 0.000024 0.009194 700.000000 10.447762
630 0.000021 0.009103 800.000000 10.810811
640 0.000044 0.009703 100.000000 8.928572
640 0.000049 0.005637 200.000000 10.638298
640 0.000045 0.004968 300.000000 10.830325
640 0.000042 0.006648 400.000000 10.025063
640 0.000037 0.008505 500.000000 9.727627
640 0.000032 0.008812 600.000000 10.033444
640 0.000025 0.009748 700.000000 10.494753
640 0.000023 0.009650 800.000000 10.869565
650 0.000058 0.009034 100.000000 9.174312
650 0.000061 0.005743 200.000000 10.869565
650 0.000052 0.005520 300.000000 10.869565
650 0.000047 0.007199 400.000000 10.075566
650 0.000039 0.009164 500.000000 9.765625
650 0.000030 0.009281 600.000000 10.101010
650 0.000025 0.010003 700.000000 10.574018
650 0.000022 0.009831 800.000000 10.928962
660 0.000057 0.009210 100.000000 9.433962
660 0.000070 0.006467 200.000000 11.111111
660 0.000054 0.006376 300.000000 10.869565
660 0.000047 0.007642 400.000000 10.126582
660 0.000037 0.009627 500.000000 9.823183
660 0.000028 0.009790 600.000000 10.186757
660 0.000025 0.010435 700.000000 10.638298
660 0.000022 0.010339 800.000000 11.004127
670 0.000067 0.008773 100.000000 9.803922
670 0.000077 0.006187 200.000000 11.299435
670 0.000057 0.006537 300.000000 10.830325
670 0.000048 0.007426 400.000000 10.178117
670 0.000042 0.009322 500.000000 9.881423
670 0.000029 0.010103 600.000000 10.256411
670 0.000026 0.010534 700.000000 10.719755
670 0.000022 0.010596 800.000000 11.065007
680 0.000093 0.007422 100.000000 10.101010
680 0.000090 0.006387 200.000000 11.363636
680 0.000071 0.007336 300.000000 10.791367
680 0.000056 0.008359 400.000000 10.230179
680 0.000047 0.010344 500.000000 9.920635
680 0.000034 0.011573 600.000000 10.344828
680 0.000029 0.011898 700.000000 10.785825
680 0.000025 0.011990 800.000000 11.142061
690 0.000094 0.006920 100.000000 10.526316
690 0.000086 0.006535 200.000000 11.494253
690 0.000071 0.007965 300.000000 10.714286
690 0.000054 0.008155 400.000000 10.256411
690 0.000049 0.010173 500.000000 9.960159
690 0.000034 0.011675 600.000000 10.416667
690 0.000029 0.011861 700.000000 10.852714
690 0.000025 0.011985 800.000000 11.204482
700 0.000086 0.006102 100.000000 10.869565
700 0.000078 0.005262 200.000000 11.560694
700 0.000070 0.007129 300.000000 10.600707
700 0.000055 0.007500 400.000000 10.282776
700 0.000047 0.009421 500.000000 10.020041
700 0.000033 0.010990 600.000000 10.489511
700 0.000029 0.010958 700.000000 10.920437
700 0.000025 0.011373 800.000000 11.267606
710 0.000100 0.005253 100.000000 11.363636
710 0.000072 0.004886 200.000000 11.695907
710 0.000070 0.006985 300.000000 10.526316
710 0.000059 0.008290 400.000000 10.230179
710 0.000049 0.010115 500.000000 10.080646
710 0.000035 0.011720 600.000000 10.563380
710 0.000030 0.011737 700.000000 10.989011
710 0.000026 0.012358 800.000000 11.331445
720 0.000088 0.003071 100.000000 11.764706
720 0.000067 0.003144 200.000000 11.834319
720 0.000065 0.006380 300.000000 10.489511
720 0.000058 0.008460 400.000000 10.126582
720 0.000045 0.009426 500.000000 10.121457
720 0.000033 0.010780 600.000000 10.619469
720 0.000030 0.010774 700.000000 11.041010
720 0.000026 0.011245 800.000000 11.396011
730 0.000069 0.003153 100.000000 12.195122
730 0.000054 0.002648 200.000000 11.904762
730 0.000053 0.005672 300.000000 10.452962
730 0.000050 0.008070 400.000000 10.000000
730 0.000040 0.008510 500.000000 10.183299
730 0.000028 0.010016 600.000000 10.695188
730 0.000029 0.010085 700.000000 11.093502
730 0.000025 0.010675 800.000000 11.444921
740 0.000064 0.002249 100.000000 12.658228
740 0.000058 0.002181 200.000000 11.976048
740 0.000054 0.005648 300.000000 10.416667
740 0.000045 0.008225 400.000000 9.950249
740 0.000040 0.008666 500.000000 10.224949
740 0.000027 0.010106 600.000000 10.733453
740 0.000029 0.010179 700.000000 11.146497
740 0.000025 0.010958 800.000000 11.494253
750 0.000067 0.003010 100.000000 12.987013
750 0.000049 0.003221 200.000000 11.976048
750 0.000047 0.005402 300.000000 10.416667
750 0.000045 0.008297 400.000000 9.925558
750 0.000039 0.009047 500.000000 10.266940
750 0.000031 0.010409 600.000000 10.791367
750 0.000029 0.010560 700.000000 11.182109
750 0.000028 0.011620 800.000000 11.544011
760 0.000076 0.002103 100.000000 13.157895
760 0.000051 0.002883 200.000000 11.834319
760 0.000052 0.005027 300.000000 10.344828
760 0.000047 0.008250 400.000000 9.900990
760 0.000037 0.008929 500.000000 10.288066
760 0.000032 0.010102 600.000000 10.830325
760 0.000029 0.010387 700.000000 11.217949
760 0.000027 0.011665 800.000000 11.577424
770 0.000099 0.002682 100.000000 12.987013
770 0.000057 0.003962 200.000000 11.363636
770 0.000051 0.005041 300.000000 10.273973
770 0.000047 0.007838 400.000000 9.852217
770 0.000035 0.009028 500.000000 10.330579
770 0.000031 0.009830 600.000000 10.849910
770 0.000028 0.010218 700.000000 11.254020
770 0.000027 0.011598 800.000000 11.611031
780 0.000107 0.002738 100.000000 12.658228
780 0.000063 0.004612 200.000000 10.928962
780 0.000057 0.004900 300.000000 10.169492
780 0.000051 0.007607 400.000000 9.828010
780 0.000036 0.009666 500.000000 10.351967
780 0.000032 0.010162 600.000000 10.869565
780 0.000031 0.010836 700.000000 11.272141
780 0.000031 0.012459 800.000000 11.627907
790 0.000078 0.002823 100.000000 12.048193
790 0.000078 0.005539 200.000000 10.416667
790 0.000058 0.004645 300.000000 10.033444
790 0.000053 0.007130 400.000000 9.779951
790 0.000039 0.009254 500.000000 10.373444
790 0.000035 0.009485 600.000000 10.889292
790 0.000032 0.010545 700.000000 11.290322
790 0.000032 0.012422 800.000000 11.644833
800 0.000033 0.004014 100.000000 11.764706
800 0.000064 0.005721 200.000000 9.950249
800 0.000061 0.005308 300.000000 9.740260
800 0.000050 0.006787 400.000000 9.756098
800 0.000036 0.008672 500.000000 10.373444
800 0.000034 0.008814 600.000000 10.889292
800 0.000033 0.009969 700.000000 11.308562
800 0.000034 0.011960 800.000000 11.611031
810 0.000061 0.003469 100.000000 11.363636
810 0.000063 0.005955 200.000000 9.661836
810 0.000065 0.007195 300.000000 9.404388
810 0.000049 0.007686 400.000000 9.732360
810 0.000035 0.009559 500.000000 10.395010
810 0.000036 0.009816 600.000000 10.889292
810 0.000033 0.010898 700.000000 11.308562
810 0.000037 0.012628 800.000000 11.510792
820 0.000057 0.004994 100.000000 11.111111
820 0.000064 0.005927 200.000000 9.478673
820 0.000060 0.008165 300.000000 9.202454
820 0.000051 0.008819 400.000000 9.708738
820 0.000039 0.010586 500.000000 10.395010
820 0.000038 0.010935 600.000000 10.909091
820 0.000035 0.012322 700.000000 11.326860
820 0.000055 0.014076 800.000000 11.267606
830 0.000047 0.005085 100.000000 10.752688
830 0.000058 0.005410 200.000000 9.345795
830 0.000056 0.007773 300.000000 9.118541
830 0.000047 0.008113 400.000000 9.732360
830 0.000040 0.009423 500.000000 10.416667
830 0.000035 0.009804 600.000000 10.909091
830 0.000034 0.011423 700.000000 11.345219
830 0.000049 0.013111 800.000000 11.111111
840 0.000086 0.005369 100.000000 10.204082
840 0.000061 0.004459 200.000000 9.259259
840 0.000060 0.006777 300.000000 9.090909
840 0.000049 0.007565 400.000000 9.756098
840 0.000042 0.008800 500.000000 10.438414
840 0.000037 0.009728 600.000000 10.948905
840 0.000038 0.011566 700.000000 11.382113
840 0.000048 0.013055 800.000000 11.034483
850 0.000073 0.006425 100.000000 9.708738
850 0.000062 0.003813 200.000000 9.216590
850 0.000059 0.005048 300.000000 9.090909
850 0.000048 0.006490 400.000000 9.803922
850 0.000039 0.007225 500.000000 10.504202
850 0.000038 0.008329 600.000000 11.009174
850 0.000037 0.010408 700.000000 11.419250
850 0.000053 0.011960 800.000000 10.973937
860 0.000067 0.007165 100.000000 9.433962
860 0.000055 0.003968 200.000000 9.216590
860 0.000055 0.005389 300.000000 9.118541
860 0.000043 0.007106 400.000000 9.900990
860 0.000038 0.007186 500.000000 10.570825
860 0.000035 0.008047 600.000000 11.070110
860 0.000037 0.010061 700.000000 11.494253
870 0.000099 0.009303 100.000000 9.009009
870 0.000056 0.004278 200.000000 9.174312
870 0.000059 0.006072 300.000000 9.146341
870 0.000045 0.008116 400.000000 9.975062
870 0.000040 0.007944 500.000000 10.638298
870 0.000037 0.009132 600.000000 11.131725
870 0.000037 0.011266 700.000000 11.532125
880 0.000121 0.009230 100.000000 8.620689
880 0.000070 0.006035 200.000000 9.009009
880 0.000062 0.008005 300.000000 9.174312
880 0.000046 0.010012 400.000000 10.025063
880 0.000043 0.009709 500.000000 10.683761
880 0.000039 0.011025 600.000000 11.194030
880 0.000040 0.013161 700.000000 11.570248
890 0.000071 0.010472 100.000000 8.403361
890 0.000077 0.009204 200.000000 8.733624
890 0.000049 0.008880 300.000000 9.202454
890 0.000036 0.010288 400.000000 10.101010
890 0.000040 0.009537 500.000000 10.729613
890 0.000036 0.010253 600.000000 11.235955
890 0.000038 0.011909 700.000000 11.570248
900 0.000078 0.011428 100.000000 8.264462
900 0.000067 0.011100 200.000000 8.510638
900 0.000051 0.009866 300.000000 9.259259
900 0.000040 0.011255 400.000000 10.152285
900 0.000039 0.010433 500.000000 10.775862
900 0.000036 0.011258 600.000000 11.278195
900 0.000044 0.012692 700.000000 11.419250
910 0.000088 0.011560 100.000000 8.130081
910 0.000073 0.011647 200.000000 8.403361
910 0.000052 0.010357 300.000000 9.287926
910 0.000042 0.011486 400.000000 10.204082
910 0.000042 0.010811 500.000000 10.822511
910 0.000038 0.012018 600.000000 11.320755
910 0.000065 0.013819 700.000000 11.217949
920 0.000094 0.011163 100.000000 8.130081
920 0.000070 0.012493 200.000000 8.403361
920 0.000056 0.011193 300.000000 9.345795
920 0.000047 0.011897 400.000000 10.256411
920 0.000042 0.011286 500.000000 10.893247
920 0.000040 0.012632 600.000000 11.406844
920 0.000053 0.014350 700.000000 11.128776
930 0.000097 0.011489 100.000000 8.264462
930 0.000069 0.013403 200.000000 8.474576
930 0.000054 0.011847 300.000000 9.463722
930 0.000047 0.012348 400.000000 10.389610
930 0.000041 0.011807 500.000000 10.989011
930 0.000040 0.013232 600.000000 11.494253
930 0.000051 0.014566 700.000000 11.128776
940 0.000089 0.011080 100.000000 8.403361
940 0.000069 0.012975 200.000000 8.583691
940 0.000054 0.012103 300.000000 9.615385
940 0.000047 0.012288 400.000000 10.526316
940 0.000043 0.011896 500.000000 11.111111
940 0.000044 0.013396 600.000000 11.605416
940 0.000050 0.014509 700.000000 11.146497
950 0.000093 0.008094 100.000000 8.620689
950 0.000066 0.010259 200.000000 8.733624
950 0.000059 0.010601 300.000000 9.771987
950 0.000048 0.010464 400.000000 10.666667
950 0.000044 0.010445 500.000000 11.235955
950 0.000044 0.012256 600.000000 11.718750
950 0.000055 0.013724 700.000000 11.146497
960 0.000085 0.007096 100.000000 8.849558
960 0.000069 0.008550 200.000000 8.849558
960 0.000055 0.009516 300.000000 9.933775
960 0.000045 0.008982 400.000000 10.781672
960 0.000043 0.009123 500.000000 11.363636
960 0.000045 0.011090 600.000000 11.834319
960 0.000059 0.012885 700.000000 11.146497
970 0.000054 0.007650 100.000000 9.009009
970 0.000058 0.006529 200.000000 8.968610
970 0.000045 0.006912 300.000000 10.101010
970 0.000043 0.005974 400.000000 10.928962
970 0.000038 0.005975 500.000000 11.494253
970 0.000041 0.008141 600.000000 11.952191
980 0.000024 0.007487 100.000000 9.259259
980 0.000046 0.007706 200.000000 9.174312
980 0.000040 0.008450 300.000000 10.273973
980 0.000037 0.006883 400.000000 11.080333
980 0.000039 0.006770 500.000000 11.627907
980 0.000040 0.008601 600.000000 12.072434
990 0.000028 0.008272 100.000000 9.345795
990 0.000033 0.008580 200.000000 9.345795
990 0.000032 0.008858 300.000000 10.452962
990 0.000030 0.006932 400.000000 11.235955
990 0.000036 0.006540 500.000000 11.792453
990 0.000037 0.007958 600.000000 12.195122
1000 0.000059 0.007539 100.000000 9.174312
1000 0.000040 0.006792 200.000000 9.523809
1000 0.000034 0.007606 300.000000 10.638298
1000 0.000033 0.005622 400.000000 11.396011
1000 0.000036 0.005671 500.000000 11.904762
1000 0.000038 0.007453 600.000000 12.269938
1010 0.000095 0.008323 100.000000 8.928572
1010 0.000044 0.005591 200.000000 9.661836
1010 0.000033 0.006882 300.000000 10.791367
1010 0.000040 0.005066 400.000000 11.527377
1010 0.000037 0.005430 500.000000 12.048193
1010 0.000040 0.007046 600.000000 12.295082
1020 0.000072 0.009628 100.000000 8.695652
1020 0.000045 0.006091 200.000000 9.756098
1020 0.000035 0.007543 300.000000 10.948905
1020 0.000038 0.005649 400.000000 11.627907
1020 0.000037 0.006279 500.000000 12.135922
1020 0.000047 0.007638 600.000000 12.170385
1030 0.000072 0.010275 100.000000 8.620689
1030 0.000047 0.006378 200.000000 9.900990
1030 0.000038 0.007530 300.000000 11.070110
1030 0.000039 0.005851 400.000000 11.730206
1030 0.000039 0.006759 500.000000 12.224939
1030 0.000070 0.008515 600.000000 11.952191
1040 0.000070 0.010578 100.000000 8.620689
1040 0.000053 0.005977 200.000000 10.000000
1040 0.000041 0.006728 300.000000 11.194030
1040 0.000037 0.004883 400.000000 11.834319
1040 0.000037 0.006075 500.000000 12.345679
1040 0.000061 0.008130 600.000000 11.834319
1050 0.000058 0.011428 100.000000 8.620689
1050 0.000051 0.006340 200.000000 10.152285
1050 0.000041 0.006650 300.000000 11.320755
1050 0.000036 0.005011 400.000000 11.940298
1050 0.000038 0.006345 500.000000 12.437811
1050 0.000057 0.008297 600.000000 11.764706
1060 0.000057 0.011023 100.000000 8.695652
1060 0.000046 0.007669 200.000000 10.309278
1060 0.000038 0.007008 300.000000 11.450381
1060 0.000036 0.005544 400.000000 12.048193
1060 0.000041 0.006763 500.000000 12.531328
1060 0.000056 0.008584 600.000000 11.718750
1070 0.000067 0.010659 100.000000 8.771930
1070 0.000052 0.009100 200.000000 10.471204
1070 0.000040 0.007334 300.000000 11.583012
1070 0.000038 0.005954 400.000000 12.158054
1070 0.000043 0.007261 500.000000 12.626263
1070 0.000062 0.009367 600.000000 11.627907
1080 0.000064 0.011325 100.000000 8.849558
1080 0.000043 0.010459 200.000000 10.695188
1080 0.000042 0.008130 300.000000 11.718750
1080 0.000037 0.006796 400.000000 12.307693
1080 0.000041 0.008365 500.000000 12.755102
1090 0.000068 0.010053 100.000000 9.009009
1090 0.000055 0.009931 200.000000 10.869565
1090 0.000048 0.006707 300.000000 11.904762
1090 0.000047 0.006188 400.000000 12.461060
1090 0.000048 0.008001 500.000000 12.853471
1100 0.000083 0.009212 100.000000 9.345795
1100 0.000063 0.009610 200.000000 11.173184
1100 0.000052 0.006257 300.000000 12.096774
1100 0.000052 0.006488 400.000000 12.658228
1100 0.000051 0.008587 500.000000 12.987013
1110 0.000037 0.009837 100.000000 9.803922
1110 0.000044 0.010508 200.000000 11.560694
1110 0.000039 0.007718 300.000000 12.396694
1110 0.000044 0.006856 400.000000 12.861736
1110 0.000046 0.008078 500.000000 13.157895
1120 0.000007 0.009098 100.000000 10.309278
1120 0.000032 0.010486 200.000000 11.976048
1120 0.000037 0.008479 300.000000 12.658228
1120 0.000037 0.007315 400.000000 13.114754
1120 0.000038 0.007455 500.000000 13.262600
1130 0.000000 0.006578 100.000000 10.869565
1130 0.000022 0.008793 200.000000 12.345679
1130 0.000028 0.006583 300.000000 12.931034
1130 0.000032 0.005903 400.000000 13.333333
1130 0.000037 0.006053 500.000000 13.262600
1140 0.000026 0.004276 100.000000 11.235955
1140 0.000021 0.007271 200.000000 12.658228
1140 0.000030 0.004960 300.000000 13.157895
1140 0.000032 0.004671 400.000000 13.559322
1140 0.000063 0.004754 500.000000 13.054831
1150 0.000025 0.004517 100.000000 11.627907
1150 0.000030 0.007379 200.000000 12.903226
1150 0.000027 0.004910 300.000000 13.333333
1150 0.000030 0.004592 400.000000 13.698630
1150 0.000069 0.005104 500.000000 12.820513
1160 0.000046 0.003889 100.000000 11.904762
1160 0.000034 0.007174 200.000000 13.157895
1160 0.000033 0.004704 300.000000 13.513514
1160 0.000034 0.005193 400.000000 13.840831
1160 0.000060 0.006358 500.000000 12.690355
1170 0.000051 0.005975 100.000000 12.345679
1170 0.000039 0.007720 200.000000 13.333333
1170 0.000039 0.005738 300.000000 13.698630
1170 0.000042 0.006541 400.000000 13.986014
1170 0.000059 0.007501 500.000000 12.594459
1180 0.000074 0.010074 100.000000 12.658228
1180 0.000046 0.009361 200.000000 13.605442
1180 0.000045 0.007405 300.000000 13.824884
1180 0.000048 0.008175 400.000000 14.084507
1180 0.000062 0.009156 500.000000 12.468828
1190 0.000077 0.012461 100.000000 13.157895
1190 0.000051 0.009988 200.000000 13.793103
1190 0.000046 0.008028 300.000000 14.018692
1190 0.000050 0.009034 400.000000 14.234876
1200 0.000076 0.013258 100.000000 13.513514
1200 0.000048 0.009431 200.000000 13.986014
1200 0.000048 0.007861 300.000000 14.150944
1200 0.000050 0.008925 400.000000 14.285714
1210 0.000059 0.012891 100.000000 13.698630
1210 0.000041 0.008541 200.000000 14.084507
1210 0.000049 0.007032 300.000000 14.285714
1210 0.000050 0.007972 400.000000 14.285714
1220 0.000040 0.012948 100.000000 13.888889
1220 0.000032 0.007820 200.000000 14.184397
1220 0.000039 0.006580 300.000000 14.354067
1220 0.000043 0.006874 400.000000 13.986014
1230 0.000051 0.012521 100.000000 14.084507
1230 0.000049 0.007153 200.000000 14.285714
1230 0.000040 0.006325 300.000000 14.423077
1230 0.000086 0.006179 400.000000 13.333333
1240 0.000041 0.012182 100.000000 14.285714
1240 0.000032 0.006763 200.000000 14.285714
1240 0.000034 0.006398 300.000000 14.492754
1240 0.000070 0.006611 400.000000 12.861736
1250 0.000031 0.011182 100.000000 14.285714
1250 0.000035 0.007161 200.000000 14.388489
1250 0.000040 0.007597 300.000000 14.492754
1250 0.000061 0.007556 400.000000 12.578616
1260 0.000007 0.008358 100.000000 14.285714
1260 0.000027 0.005891 200.000000 14.388489
1260 0.000039 0.006367 300.000000 14.563107
1260 0.000073 0.007518 400.000000 12.232416
1270 0.000029 0.007483 100.000000 14.285714
1270 0.000036 0.004982 200.000000 14.388489
1270 0.000042 0.005928 300.000000 14.492754
1280 0.000040 0.004728 100.000000 14.084507
1280 0.000047 0.003090 200.000000 14.388489
1280 0.000047 0.005194 300.000000 14.423077
1290 0.000052 0.002450 100.000000 14.084507
1290 0.000047 0.002504 200.000000 14.388489
1290 0.000056 0.004815 300.000000 13.953488
1300 0.000045 0.002894 100.000000 14.084507
1300 0.000043 0.002786 200.000000 14.388489
1300 0.000109 0.004266 300.000000 12.931034
1310 0.000033 0.003109 100.000000 14.084507
1310 0.000034 0.003720 200.000000 14.492754
1310 0.000084 0.005463 300.000000 12.345679
1320 0.000033 0.003815 100.000000 14.084507
1320 0.000046 0.005293 200.000000 14.492754
1320 0.000080 0.006699 300.000000 12.000000
1330 0.000052 0.003844 100.000000 14.084507
1330 0.000058 0.006186 200.000000 14.492754
1330 0.000099 0.008845 300.000000 11.538462
1340 0.000053 0.004221 100.000000 14.084507
1340 0.000051 0.007384 200.000000 14.492754
1350 0.000063 0.004485 100.000000 14.285714
1350 0.000057 0.007692 200.000000 14.285714
1360 0.000061 0.005173 100.000000 14.285714
1360 0.000058 0.005575 200.000000 13.605442
1370 0.000046 0.005168 100.000000 14.492754
1370 0.000148 0.005244 200.000000 12.269938
1380 0.000037 0.006368 100.000000 14.492754
1380 0.000125 0.007671 200.000000 11.494253
1390 0.000063 0.007782 100.000000 14.492754
1390 0.000118 0.008511 200.000000 11.049724
1400 0.000055 0.009155 100.000000 14.492754
1410 0.000055 0.009966 100.000000 14.492754
1420 0.000050 0.009193 100.000000 13.888889
1430 0.000104 0.006165 100.000000 12.195122
1440 0.000263 0.008031 100.000000 10.101010
1450 0.000221 0.008765 100.000000 9.259259
1460 0.000229 0.010678 100.000000 8.547009
