0 0.000187 0.007255 100.000000 7.633588
0 0.000125 0.007410 200.000000 7.782101
0 0.000112 0.008047 300.000000 7.772021
0 0.000082 0.007346 400.000000 8.146640
0 0.000074 0.008391 500.000000 8.051530
0 0.000055 0.010217 600.000000 7.957560
0 0.000056 0.010631 700.000000 8.505467
0 0.000043 0.010077 800.000000 8.528785
10 0.000182 0.006044 100.000000 8.130081
10 0.000118 0.004568 200.000000 8.000000
10 0.000104 0.004695 300.000000 7.936508
10 0.000077 0.004035 400.000000 8.281573
10 0.000073 0.004930 500.000000 8.064516
10 0.000053 0.006632 600.000000 8.042895
10 0.000054 0.007291 700.000000 8.599508
10 0.000042 0.007581 800.000000 8.592911
20 0.000162 0.003670 100.000000 8.547009
20 0.000098 0.000317 200.000000 8.163265
20 0.000089 0.001820 300.000000 8.064516
20 0.000064 0.004582 400.000000 8.403361
20 0.000060 0.004653 500.000000 7.974482
20 0.000046 0.004839 600.000000 8.130081
20 0.000047 0.004383 700.000000 8.674102
20 0.000037 0.004636 800.000000 8.658009
30 0.000147 0.000477 100.000000 8.928572
30 0.000088 0.003207 200.000000 8.230453
30 0.000086 0.004325 300.000000 8.152174
30 0.000065 0.006743 400.000000 8.474576
30 0.000053 0.007384 500.000000 7.898894
30 0.000044 0.007170 600.000000 8.196721
30 0.000043 0.006234 700.000000 8.750000
30 0.000035 0.005388 800.000000 8.686211
40 0.000145 0.002681 100.000000 9.009009
40 0.000076 0.005175 200.000000 8.230453
40 0.000081 0.005446 300.000000 8.174387
40 0.000056 0.008081 400.000000 8.528785
40 0.000047 0.008536 500.000000 7.861635
40 0.000039 0.007561 600.000000 8.241758
40 0.000038 0.006184 700.000000 8.793970
40 0.000034 0.004764 800.000000 8.629990
50 0.000118 0.004413 100.000000 9.090909
50 0.000065 0.005099 200.000000 8.196721
50 0.000076 0.003801 300.000000 8.196721
50 0.000057 0.006870 400.000000 8.547009
50 0.000042 0.006722 500.000000 7.861635
50 0.000035 0.005358 600.000000 8.287292
50 0.000037 0.003998 700.000000 8.816121
50 0.000030 0.003453 800.000000 8.333333
60 0.000111 0.005489 100.000000 9.174312
60 0.000073 0.005961 200.000000 8.163265
60 0.000079 0.005496 300.000000 8.219178
60 0.000052 0.007046 400.000000 8.547009
60 0.000039 0.006794 500.000000 7.861635
60 0.000036 0.005318 600.000000 8.333333
60 0.000035 0.003955 700.000000 8.805032
60 0.000030 0.003557 800.000000 8.281573
70 0.000108 0.005932 100.000000 9.174312
70 0.000068 0.007182 200.000000 8.163265
70 0.000075 0.007086 300.000000 8.264462
70 0.000051 0.008016 400.000000 8.528785
70 0.000040 0.008126 500.000000 7.886436
70 0.000036 0.006885 600.000000 8.391608
70 0.000038 0.005687 700.000000 8.739077
70 0.000030 0.004490 800.000000 8.281573
80 0.000067 0.005663 100.000000 9.174312
80 0.000065 0.006721 200.000000 8.130081
80 0.000074 0.007067 300.000000 8.287292
80 0.000048 0.007391 400.000000 8.492569
80 0.000039 0.008275 500.000000 7.911392
80 0.000034 0.007836 600.000000 8.438819
80 0.000036 0.006998 700.000000 8.695652
80 0.000029 0.005782 800.000000 8.290155
90 0.000105 0.005864 100.000000 8.928572
90 0.000074 0.007468 200.000000 8.032128
90 0.000069 0.008020 300.000000 8.264462
90 0.000047 0.008122 400.000000 8.438819
90 0.000039 0.008963 500.000000 7.923930
90 0.000035 0.008270 600.000000 8.474576
90 0.000029 0.007173 700.000000 8.663366
90 0.000030 0.005695 800.000000 8.281573
100 0.000116 0.005727 100.000000 8.695652
100 0.000085 0.007097 200.000000 7.936508
100 0.000070 0.007929 300.000000 8.264462
100 0.000046 0.007948 400.000000 8.368201
100 0.000038 0.008629 500.000000 7.936508
100 0.000034 0.007712 600.000000 8.522727
100 0.000028 0.006405 700.000000 8.641975
100 0.000032 0.005380 800.000000 8.273009
110 0.000082 0.008824 100.000000 8.403361
110 0.000072 0.008060 200.000000 7.874016
110 0.000053 0.009322 300.000000 8.264462
110 0.000044 0.008882 400.000000 8.316009
110 0.000033 0.009068 500.000000 7.949126
110 0.000033 0.007680 600.000000 8.559201
110 0.000024 0.005876 700.000000 8.641975
110 0.000030 0.004467 800.000000 8.273009
120 0.000093 0.007493 100.000000 8.064516
120 0.000081 0.006967 200.000000 7.843137
120 0.000058 0.008309 300.000000 8.264462
120 0.000051 0.007871 400.000000 8.264462
120 0.000038 0.008756 500.000000 7.974482
120 0.000036 0.007776 600.000000 8.608321
120 0.000026 0.006374 700.000000 8.641975
120 0.000030 0.005497 800.000000 8.273009
130 0.000070 0.006984 100.000000 7.812500
130 0.000075 0.005959 200.000000 7.782101
130 0.000052 0.006818 300.000000 8.287292
130 0.000052 0.006537 400.000000 8.113590
130 0.000036 0.007912 500.000000 8.000000
130 0.000036 0.007435 600.000000 8.658009
130 0.000024 0.006411 700.000000 8.652658
130 0.000028 0.006025 800.000000 8.255934
140 0.000048 0.006941 100.000000 7.575758
140 0.000070 0.004672 200.000000 7.782101
140 0.000050 0.005555 300.000000 8.310249
140 0.000046 0.006132 400.000000 7.677543
140 0.000035 0.006807 500.000000 8.038586
140 0.000033 0.006510 600.000000 8.695652
140 0.000023 0.005759 700.000000 8.641975
140 0.000026 0.005751 800.000000 8.188332
150 0.000030 0.005900 100.000000 7.462687
150 0.000072 0.004417 200.000000 7.751938
150 0.000049 0.004415 300.000000 8.333333
150 0.000043 0.006258 400.000000 7.604563
150 0.000033 0.006887 500.000000 8.090615
150 0.000032 0.006902 600.000000 8.733624
150 0.000017 0.006187 700.000000 8.536586
150 0.000022 0.005914 800.000000 7.662835
160 0.000036 0.005811 100.000000 7.352941
160 0.000078 0.004707 200.000000 7.782101
160 0.000054 0.004568 300.000000 8.356546
160 0.000043 0.006753 400.000000 7.575758
160 0.000034 0.007674 500.000000 8.130081
160 0.000032 0.007575 600.000000 8.759124
160 0.000017 0.006822 700.000000 8.206330
170 0.000054 0.006012 100.000000 7.299270
170 0.000074 0.003723 200.000000 7.812500
170 0.000051 0.004269 300.000000 8.333333
170 0.000042 0.006325 400.000000 7.575758
170 0.000033 0.006904 500.000000 8.183306
170 0.000031 0.006708 600.000000 8.708273
170 0.000019 0.006285 700.000000 8.158508
180 0.000052 0.005920 100.000000 7.246377
180 0.000079 0.004138 200.000000 7.843137
180 0.000052 0.003811 300.000000 8.287292
180 0.000042 0.006723 400.000000 7.604563
180 0.000034 0.007699 500.000000 8.237232
180 0.000031 0.007708 600.000000 8.633094
180 0.000019 0.006942 700.000000 8.149011
190 0.000073 0.007198 100.000000 7.194244
190 0.000077 0.005993 200.000000 7.874016
190 0.000051 0.005497 300.000000 8.264462
190 0.000038 0.007310 400.000000 7.633588
190 0.000031 0.007423 500.000000 8.305648
190 0.000023 0.006864 600.000000 8.595988
190 0.000024 0.006076 700.000000 8.158508
200 0.000061 0.006084 100.000000 7.194244
200 0.000070 0.004822 200.000000 7.905138
200 0.000047 0.004078 300.000000 8.264462
200 0.000042 0.007032 400.000000 7.677543
200 0.000033 0.007636 500.000000 8.375210
200 0.000017 0.007487 600.000000 8.595988
200 0.000020 0.006624 700.000000 8.177570
210 0.000059 0.004477 100.000000 7.246377
210 0.000065 0.003489 200.000000 7.968128
210 0.000046 0.003026 300.000000 8.241758
210 0.000040 0.006396 400.000000 7.722008
210 0.000033 0.007263 500.000000 8.445946
210 0.000011 0.007217 600.000000 8.608321
210 0.000018 0.006677 700.000000 8.196721
220 0.000087 0.005062 100.000000 7.299270
220 0.000065 0.004434 200.000000 8.064516
220 0.000056 0.004026 300.000000 8.241758
220 0.000041 0.007188 400.000000 7.766990
220 0.000035 0.007722 500.000000 8.517887
220 0.000016 0.007274 600.000000 8.633094
220 0.000022 0.006679 700.000000 8.225616
230 0.000110 0.005636 100.000000 7.352941
230 0.000068 0.004982 200.000000 8.163265
230 0.000053 0.004760 300.000000 8.264462
230 0.000042 0.007842 400.000000 7.827789
230 0.000035 0.008144 500.000000 8.591065
230 0.000019 0.007421 600.000000 8.670520
230 0.000026 0.006821 700.000000 8.244994
240 0.000094 0.004677 100.000000 7.462687
240 0.000062 0.004936 200.000000 8.298756
240 0.000051 0.004272 300.000000 8.287292
240 0.000035 0.006663 400.000000 7.905138
240 0.000032 0.006461 500.000000 8.680555
240 0.000019 0.005742 600.000000 8.720930
240 0.000025 0.005724 700.000000 8.274232
250 0.000093 0.005347 100.000000 7.633588
250 0.000065 0.003661 200.000000 8.438819
250 0.000058 0.003517 300.000000 8.287292
250 0.000042 0.006622 400.000000 7.984032
250 0.000036 0.007104 500.000000 8.771930
250 0.000020 0.006615 600.000000 8.771930
250 0.000022 0.006737 700.000000 8.303678
260 0.000097 0.006209 100.000000 7.751938
260 0.000060 0.003378 200.000000 8.547009
260 0.000058 0.003960 300.000000 8.021390
260 0.000037 0.006657 400.000000 8.064516
260 0.000035 0.007128 500.000000 8.849558
260 0.000018 0.006603 600.000000 8.810573
260 0.000021 0.006836 700.000000 8.313540
270 0.000098 0.005811 100.000000 7.874016
270 0.000059 0.003579 200.000000 8.658009
270 0.000056 0.004185 300.000000 7.692307
270 0.000039 0.005571 400.000000 8.130081
270 0.000034 0.005908 500.000000 8.928572
270 0.000022 0.005733 600.000000 8.823529
270 0.000024 0.006283 700.000000 8.264462
280 0.000105 0.005942 100.000000 7.936508
280 0.000053 0.003296 200.000000 8.771930
280 0.000050 0.005203 300.000000 7.614213
280 0.000036 0.005851 400.000000 8.213552
280 0.000031 0.005910 500.000000 9.009009
280 0.000019 0.005616 600.000000 8.784773
280 0.000021 0.006082 700.000000 7.803791
290 0.000132 0.006281 100.000000 8.064516
290 0.000077 0.003709 200.000000 8.849558
290 0.000055 0.005791 300.000000 7.614213
290 0.000039 0.006494 400.000000 8.281573
290 0.000036 0.006538 500.000000 9.057971
290 0.000020 0.006418 600.000000 8.403361
300 0.000136 0.002773 100.000000 8.196721
300 0.000064 0.003393 200.000000 8.928572
300 0.000048 0.005985 300.000000 7.633588
300 0.000035 0.006525 400.000000 8.368201
300 0.000031 0.006159 500.000000 9.074410
300 0.000018 0.006156 600.000000 8.321775
310 0.000102 0.002493 100.000000 8.333333
310 0.000058 0.002857 200.000000 8.888889
310 0.000047 0.005543 300.000000 7.672634
310 0.000031 0.005981 400.000000 8.456659
310 0.000029 0.005575 500.000000 9.009009
310 0.000017 0.005809 600.000000 8.310249
320 0.000110 0.003747 100.000000 8.474576
320 0.000041 0.003256 200.000000 8.849558
320 0.000040 0.005594 300.000000 7.731959
320 0.000029 0.005568 400.000000 8.547009
320 0.000023 0.004789 500.000000 8.944544
320 0.000019 0.005098 600.000000 8.321775
330 0.000087 0.004631 100.000000 8.620689
330 0.000050 0.003162 200.000000 8.849558
330 0.000040 0.005427 300.000000 7.772021
330 0.000029 0.005409 400.000000 8.620689
330 0.000014 0.004673 500.000000 8.912656
330 0.000021 0.004830 600.000000 8.333333
340 0.000059 0.005751 100.000000 8.695652
340 0.000045 0.003906 200.000000 8.849558
340 0.000031 0.004861 300.000000 7.832898
340 0.000023 0.004115 400.000000 8.714597
340 0.000016 0.003045 500.000000 8.912656
340 0.000017 0.003621 600.000000 8.356546
350 0.000077 0.005269 100.000000 8.849558
350 0.000043 0.003167 200.000000 8.771930
350 0.000037 0.004734 300.000000 7.894737
350 0.000023 0.004348 400.000000 8.810573
350 0.000016 0.003486 500.000000 8.928572
350 0.000016 0.004080 600.000000 8.368201
360 0.000054 0.006688 100.000000 8.928572
360 0.000052 0.003979 200.000000 8.771930
360 0.000040 0.004611 300.000000 7.936508
360 0.000027 0.004029 400.000000 8.888889
360 0.000016 0.003197 500.000000 8.960573
360 0.000017 0.004052 600.000000 8.391608
370 0.000048 0.008212 100.000000 9.090909
370 0.000049 0.005225 200.000000 8.733624
370 0.000039 0.004099 300.000000 8.000000
370 0.000023 0.002969 400.000000 8.988764
370 0.000019 0.002145 500.000000 8.976661
370 0.000017 0.003522 600.000000 8.403361
380 0.000062 0.009721 100.000000 9.259259
380 0.000052 0.005479 200.000000 8.620689
380 0.000042 0.003809 300.000000 8.086253
380 0.000027 0.003042 400.000000 9.070294
380 0.000020 0.002508 500.000000 9.009009
380 0.000018 0.004091 600.000000 8.415147
390 0.000058 0.011553 100.000000 9.433962
390 0.000057 0.006159 200.000000 7.843137
390 0.000035 0.004466 300.000000 8.152174
390 0.000025 0.003152 400.000000 9.174312
390 0.000019 0.002215 500.000000 9.025270
390 0.000019 0.003753 600.000000 8.379889
400 0.000051 0.013115 100.000000 9.615385
400 0.000057 0.007850 200.000000 7.462687
400 0.000031 0.004497 300.000000 8.241758
400 0.000020 0.002868 400.000000 9.237875
400 0.000023 0.001253 500.000000 9.009009
400 0.000019 0.002898 600.000000 8.241758
410 0.000037 0.015149 100.000000 9.708738
410 0.000049 0.009714 200.000000 7.380074
410 0.000028 0.005162 300.000000 8.310249
410 0.000018 0.003480 400.000000 9.302325
410 0.000021 0.001073 500.000000 8.650519
420 0.000054 0.011060 100.000000 9.615385
420 0.000054 0.008114 200.000000 7.352941
420 0.000036 0.004116 300.000000 8.379889
420 0.000014 0.002848 400.000000 9.280743
420 0.000021 0.001046 500.000000 8.319468
430 0.000021 0.007922 100.000000 9.345795
430 0.000053 0.006538 200.000000 7.352941
430 0.000027 0.003155 300.000000 8.474576
430 0.000014 0.001343 400.000000 9.132421
430 0.000023 0.002116 500.000000 8.278146
440 0.000038 0.008244 100.000000 9.090909
440 0.000047 0.006187 200.000000 7.380074
440 0.000026 0.002961 300.000000 8.547009
440 0.000024 0.001425 400.000000 9.009009
440 0.000023 0.002372 500.000000 8.264462
450 0.000064 0.006521 100.000000 8.928572
450 0.000051 0.004544 200.000000 7.407407
450 0.000031 0.001965 300.000000 8.645534
450 0.000026 0.001208 400.000000 8.948545
450 0.000023 0.003721 500.000000 8.264462
460 0.000062 0.006645 100.000000 8.695652
460 0.000050 0.004238 200.000000 7.434944
460 0.000030 0.001874 300.000000 8.746356
460 0.000034 0.001595 400.000000 8.928572
460 0.000025 0.003938 500.000000 8.264462
470 0.000080 0.006500 100.000000 8.474576
470 0.000057 0.004093 200.000000 7.462687
470 0.000030 0.001713 300.000000 8.823529
470 0.000033 0.001246 400.000000 8.928572
470 0.000025 0.004027 500.000000 8.264462
480 0.000062 0.006750 100.000000 8.196721
480 0.000051 0.004212 200.000000 7.518797
480 0.000025 0.001638 300.000000 8.928572
480 0.000035 0.001235 400.000000 8.928572
480 0.000028 0.004276 500.000000 8.250825
490 0.000071 0.005488 100.000000 7.575758
490 0.000047 0.004057 200.000000 7.575758
490 0.000031 0.001380 300.000000 9.009009
490 0.000036 0.001923 400.000000 8.908686
490 0.000033 0.005101 500.000000 8.223684
500 0.000088 0.007155 100.000000 6.172840
500 0.000037 0.004966 200.000000 7.633588
500 0.000024 0.001947 300.000000 9.090909
500 0.000036 0.002074 400.000000 8.869180
500 0.000032 0.004768 500.000000 8.077544
510 0.000079 0.009361 100.000000 5.917160
510 0.000034 0.005024 200.000000 7.692307
510 0.000016 0.002439 300.000000 9.146341
510 0.000033 0.002118 400.000000 8.547009
520 0.000081 0.009521 100.000000 5.882353
520 0.000033 0.004835 200.000000 7.812500
520 0.000020 0.002015 300.000000 9.146341
520 0.000032 0.002853 400.000000 8.048289
530 0.000089 0.009191 100.000000 5.952381
530 0.000040 0.003993 200.000000 7.968128
530 0.000023 0.001567 300.000000 9.090909
530 0.000034 0.003838 400.000000 8.016032
540 0.000095 0.010285 100.000000 6.060606
540 0.000033 0.004410 200.000000 8.130081
540 0.000038 0.001288 300.000000 8.982036
540 0.000033 0.004152 400.000000 8.032128
550 0.000067 0.011082 100.000000 6.134969
550 0.000026 0.006058 200.000000 8.298756
550 0.000037 0.002336 300.000000 8.928572
550 0.000030 0.004617 400.000000 8.064516
560 0.000053 0.011726 100.000000 6.250000
560 0.000026 0.006386 200.000000 8.438819
560 0.000042 0.002439 300.000000 8.928572
560 0.000039 0.004264 400.000000 8.080808
570 0.000035 0.012158 100.000000 6.410256
570 0.000025 0.006931 200.000000 8.658009
570 0.000053 0.002711 300.000000 8.955224
570 0.000046 0.005081 400.000000 8.130081
580 0.000044 0.013544 100.000000 6.535948
580 0.000014 0.008163 200.000000 8.849558
580 0.000052 0.003674 300.000000 9.009009
580 0.000045 0.004522 400.000000 8.163265
590 0.000053 0.013907 100.000000 6.666667
590 0.000012 0.008183 200.000000 9.049774
590 0.000049 0.004063 300.000000 9.063444
590 0.000040 0.004854 400.000000 8.196721
600 0.000063 0.012878 100.000000 6.849315
600 0.000021 0.006901 200.000000 9.259259
600 0.000057 0.002989 300.000000 9.146341
600 0.000046 0.004925 400.000000 8.230453
610 0.000064 0.011290 100.000000 7.092198
610 0.000018 0.005929 200.000000 9.523809
610 0.000058 0.002481 300.000000 9.259259
610 0.000046 0.004833 400.000000 8.281573
620 0.000055 0.012447 100.000000 7.462687
620 0.000025 0.007298 200.000000 9.852217
620 0.000058 0.002941 300.000000 9.404388
620 0.000050 0.004901 400.000000 8.368201
630 0.000070 0.011374 100.000000 7.936508
630 0.000013 0.006255 200.000000 10.256411
630 0.000053 0.002684 300.000000 9.646302
630 0.000044 0.004578 400.000000 8.492569
640 0.000044 0.011800 100.000000 8.547009
640 0.000010 0.006728 200.000000 10.752688
640 0.000055 0.002951 300.000000 9.900990
640 0.000046 0.004714 400.000000 8.620689
650 0.000022 0.012990 100.000000 9.174312
650 0.000024 0.008051 200.000000 11.235955
650 0.000055 0.003266 300.000000 10.135135
650 0.000049 0.005017 400.000000 8.714597
660 0.000015 0.012441 100.000000 9.803922
660 0.000030 0.008089 200.000000 11.764706
660 0.000062 0.003057 300.000000 10.344828
660 0.000052 0.005615 400.000000 8.733624
670 0.000018 0.008812 100.000000 10.416667
670 0.000035 0.005705 200.000000 12.195122
670 0.000062 0.002517 300.000000 10.380623
670 0.000055 0.006334 400.000000 8.492569
680 0.000018 0.008724 100.000000 10.989011
680 0.000030 0.005384 200.000000 12.500000
680 0.000059 0.003241 300.000000 9.677420
690 0.000015 0.009138 100.000000 11.494253
690 0.000033 0.005414 200.000000 12.578616
690 0.000057 0.004492 300.000000 9.090909
700 0.000029 0.009343 100.000000 11.904762
700 0.000073 0.005658 200.000000 12.048193
700 0.000062 0.005238 300.000000 9.009009
710 0.000028 0.007620 100.000000 12.345679
710 0.000093 0.003976 200.000000 11.494253
710 0.000062 0.006276 300.000000 8.955224
720 0.000033 0.006022 100.000000 12.820513
720 0.000089 0.002394 200.000000 11.235955
720 0.000067 0.006992 300.000000 8.902077
730 0.000032 0.005486 100.000000 13.333333
730 0.000079 0.002081 200.000000 11.049724
730 0.000067 0.007689 300.000000 8.875740
740 0.000061 0.006868 100.000000 13.698630
740 0.000086 0.001907 200.000000 10.928962
740 0.000066 0.008028 300.000000 8.823529
750 0.000065 0.005627 100.000000 14.084507
750 0.000081 0.001898 200.000000 10.810811
750 0.000067 0.008682 300.000000 8.746356
760 0.000059 0.004593 100.000000 14.285714
760 0.000082 0.003976 200.000000 10.582010
760 0.000066 0.009832 300.000000 8.426967
770 0.000044 0.003676 100.000000 14.084507
770 0.000079 0.005978 200.000000 8.928572
780 0.000102 0.004227 100.000000 12.500000
780 0.000084 0.008484 200.000000 8.032128
790 0.000156 0.003885 100.000000 10.416667
790 0.000080 0.010046 200.000000 7.812500
800 0.000157 0.005767 100.000000 9.523809
800 0.000092 0.012454 200.000000 7.633588
810 0.000153 0.005851 100.000000 9.009009
810 0.000082 0.012097 200.000000 7.462687
820 0.000140 0.007755 100.000000 8.620689
820 0.000076 0.012343 200.000000 7.272727
830 0.000151 0.011304 100.000000 8.130081
830 0.000080 0.013051 200.000000 6.825939
840 0.000148 0.013627 100.000000 6.211180
850 0.000140 0.016956 100.000000 5.813953
860 0.000126 0.016913 100.000000 5.882353
870 0.000076 0.011474 100.000000 6.024096
880 0.000039 0.008754 100.000000 6.134969
890 0.000038 0.007886 100.000000 6.211180
900 0.000049 0.007922 100.000000 6.289308
910 0.000088 0.008956 100.000000 6.329114
920 0.000098 0.010896 100.000000 6.329114
930 0.000076 0.011260 100.000000 6.289308
940 0.000069 0.010768 100.000000 6.172840
950 0.000078 0.009574 100.000000 5.882353
960 0.000081 0.008881 100.000000 5.128205
970 0.000069 0.007106 100.000000 4.405286
