0 0.000158 0.038927 100.000000 12.195122
0 0.000081 0.023245 200.000000 15.384615
0 0.000051 0.021327 300.000000 17.543859
0 0.000034 0.021006 400.000000 19.138756
0 0.000022 0.019734 500.000000 20.325203
0 0.000019 0.018968 600.000000 21.126760
0 0.000023 0.018182 700.000000 21.806854
0 0.000029 0.016507 800.000000 22.284122
10 0.000136 0.037374 100.000000 12.987013
10 0.000070 0.021963 200.000000 16.129032
10 0.000041 0.020359 300.000000 18.181818
10 0.000023 0.020181 400.000000 19.704433
10 0.000013 0.018725 500.000000 20.833334
10 0.000013 0.018034 600.000000 21.582733
10 0.000022 0.017123 700.000000 22.222221
10 0.000028 0.015296 800.000000 22.662889
20 0.000112 0.032370 100.000000 13.888889
20 0.000054 0.018308 200.000000 16.949152
20 0.000030 0.017736 300.000000 18.867924
20 0.000015 0.017992 400.000000 20.304569
20 0.000009 0.016466 500.000000 21.367521
20 0.000013 0.016029 600.000000 22.140221
20 0.000025 0.015229 700.000000 22.653721
20 0.000028 0.013591 800.000000 23.121387
30 0.000090 0.025761 100.000000 14.925373
30 0.000033 0.014000 200.000000 17.857143
30 0.000015 0.014763 300.000000 19.607843
30 0.000013 0.015360 400.000000 21.052631
30 0.000011 0.014065 500.000000 22.026432
30 0.000020 0.014138 600.000000 22.641510
30 0.000030 0.013526 700.000000 23.178808
30 0.000033 0.012502 800.000000 23.529411
40 0.000058 0.018517 100.000000 16.129032
40 0.000023 0.009987 200.000000 18.867924
40 0.000022 0.012436 300.000000 20.408163
40 0.000023 0.013074 400.000000 21.739130
40 0.000025 0.012124 500.000000 22.624434
40 0.000028 0.012661 600.000000 23.166023
40 0.000038 0.012433 700.000000 23.648649
40 0.000039 0.012390 800.000000 23.952095
50 0.000046 0.010535 100.000000 17.241379
50 0.000029 0.010268 200.000000 19.801981
50 0.000029 0.012568 300.000000 21.276596
50 0.000032 0.013292 400.000000 22.471910
50 0.000032 0.012455 500.000000 23.148148
50 0.000032 0.013144 600.000000 23.715416
50 0.000043 0.013178 700.000000 24.054983
50 0.000044 0.013624 800.000000 24.316109
60 0.000038 0.006520 100.000000 18.518518
60 0.000030 0.012705 200.000000 20.618557
60 0.000030 0.014467 300.000000 21.897810
60 0.000030 0.014010 400.000000 22.988506
60 0.000034 0.013408 500.000000 23.696682
60 0.000035 0.013831 600.000000 24.096386
60 0.000043 0.013860 700.000000 24.475525
60 0.000044 0.014225 800.000000 24.691359
70 0.000015 0.009363 100.000000 19.230770
70 0.000031 0.015517 200.000000 21.276596
70 0.000028 0.016210 300.000000 22.556391
70 0.000029 0.014955 400.000000 23.529411
70 0.000038 0.014227 500.000000 24.154589
70 0.000038 0.014651 600.000000 24.489796
70 0.000045 0.014661 700.000000 24.822695
70 0.000045 0.015047 800.000000 25.000000
80 0.000024 0.015444 100.000000 20.408163
80 0.000025 0.017588 200.000000 21.978022
80 0.000026 0.017908 300.000000 23.255814
80 0.000030 0.015748 400.000000 24.096386
80 0.000034 0.015268 500.000000 24.509804
80 0.000041 0.015179 600.000000 24.896265
80 0.000046 0.015160 700.000000 25.089605
80 0.000048 0.015442 800.000000 25.316456
90 0.000021 0.018922 100.000000 21.276596
90 0.000026 0.019172 200.000000 22.471910
90 0.000025 0.018967 300.000000 23.809525
90 0.000031 0.016014 400.000000 24.539877
90 0.000034 0.015930 500.000000 24.875622
90 0.000046 0.015554 600.000000 25.210085
90 0.000046 0.015578 700.000000 25.362318
90 0.000049 0.015963 800.000000 25.477707
100 0.000049 0.021535 100.000000 21.739130
100 0.000044 0.020186 200.000000 23.255814
100 0.000039 0.018922 300.000000 24.390244
100 0.000043 0.016334 400.000000 24.844721
100 0.000043 0.016455 500.000000 25.252525
100 0.000053 0.016403 600.000000 25.423729
100 0.000052 0.016866 700.000000 25.547445
100 0.000051 0.017408 800.000000 25.723473
110 0.000056 0.023377 100.000000 22.222221
110 0.000045 0.020381 200.000000 23.809525
110 0.000044 0.018314 300.000000 24.793388
110 0.000047 0.016376 400.000000 25.157232
110 0.000044 0.016586 500.000000 25.510204
110 0.000055 0.016590 600.000000 25.641026
110 0.000054 0.017091 700.000000 25.830257
110 0.000052 0.017677 800.000000 25.889967
120 0.000052 0.023359 100.000000 22.727272
120 0.000035 0.020547 200.000000 24.096386
120 0.000035 0.017265 300.000000 25.210085
120 0.000044 0.015725 400.000000 25.477707
120 0.000043 0.015747 500.000000 25.773195
120 0.000051 0.015518 600.000000 25.862068
120 0.000050 0.015715 700.000000 25.925926
120 0.000049 0.016134 800.000000 25.974026
130 0.000041 0.019817 100.000000 23.255814
130 0.000029 0.019352 200.000000 24.691359
130 0.000038 0.015927 300.000000 25.423729
130 0.000040 0.015421 400.000000 25.641026
130 0.000049 0.015284 500.000000 25.906736
130 0.000053 0.015149 600.000000 25.974026
130 0.000054 0.015516 700.000000 26.119404
130 0.000049 0.016170 800.000000 26.143791
140 0.000039 0.018580 100.000000 23.809525
140 0.000039 0.018667 200.000000 25.000000
140 0.000040 0.014984 300.000000 25.641026
140 0.000044 0.015120 400.000000 25.974026
140 0.000055 0.015103 500.000000 26.041666
140 0.000055 0.015208 600.000000 26.086956
140 0.000055 0.015663 700.000000 26.217228
140 0.000053 0.016464 800.000000 26.229507
150 0.000050 0.018837 100.000000 23.809525
150 0.000047 0.017197 200.000000 25.641026
150 0.000047 0.014510 300.000000 25.862068
150 0.000044 0.015072 400.000000 26.143791
150 0.000058 0.014787 500.000000 26.178011
150 0.000057 0.015186 600.000000 26.200872
150 0.000055 0.015434 700.000000 26.315790
150 0.000051 0.016237 800.000000 26.315790
160 0.000052 0.017842 100.000000 25.000000
160 0.000051 0.015084 200.000000 25.974026
160 0.000055 0.013887 300.000000 26.086956
160 0.000054 0.014392 400.000000 26.315790
160 0.000061 0.014651 500.000000 26.315790
160 0.000060 0.015244 600.000000 26.315790
160 0.000055 0.015942 700.000000 26.415094
160 0.000052 0.016810 800.000000 26.402639
170 0.000035 0.019229 100.000000 25.641026
170 0.000044 0.014564 200.000000 26.315790
170 0.000048 0.014233 300.000000 26.315790
170 0.000056 0.014419 400.000000 26.315790
170 0.000060 0.014248 500.000000 26.455027
170 0.000061 0.014702 600.000000 26.431719
170 0.000053 0.015482 700.000000 26.415094
170 0.000052 0.015974 800.000000 26.490067
180 0.000038 0.019594 100.000000 25.641026
180 0.000045 0.013812 200.000000 26.315790
180 0.000049 0.014350 300.000000 26.548672
180 0.000063 0.014217 400.000000 26.490067
180 0.000061 0.014098 500.000000 26.455027
180 0.000060 0.014455 600.000000 26.548672
180 0.000055 0.015223 700.000000 26.515152
180 0.000051 0.015772 800.000000 26.490067
190 0.000051 0.016803 100.000000 26.315790
190 0.000049 0.013396 200.000000 26.315790
190 0.000046 0.014383 300.000000 26.548672
190 0.000062 0.013669 400.000000 26.490067
190 0.000060 0.013698 500.000000 26.455027
190 0.000057 0.013538 600.000000 26.548672
190 0.000053 0.014133 700.000000 26.515152
190 0.000048 0.014703 800.000000 26.490067
200 0.000058 0.013461 100.000000 26.315790
200 0.000064 0.012899 200.000000 26.315790
200 0.000056 0.013567 300.000000 26.548672
200 0.000065 0.013355 400.000000 26.490067
200 0.000062 0.013447 500.000000 26.455027
200 0.000058 0.013943 600.000000 26.431719
200 0.000053 0.014493 700.000000 26.515152
200 0.000046 0.015498 800.000000 26.402639
210 0.000070 0.011015 100.000000 25.641026
210 0.000058 0.012160 200.000000 26.315790
210 0.000069 0.012847 300.000000 26.315790
210 0.000070 0.012479 400.000000 26.490067
210 0.000067 0.013087 500.000000 26.455027
210 0.000059 0.013956 600.000000 26.431719
210 0.000055 0.014615 700.000000 26.415094
210 0.000047 0.015675 800.000000 26.402639
220 0.000064 0.010688 100.000000 25.641026
220 0.000056 0.013130 200.000000 26.315790
220 0.000070 0.012698 300.000000 26.315790
220 0.000066 0.012338 400.000000 26.315790
220 0.000062 0.012290 500.000000 26.455027
220 0.000058 0.012951 600.000000 26.431719
220 0.000052 0.013412 700.000000 26.415094
220 0.000048 0.014619 800.000000 26.315790
230 0.000063 0.012705 100.000000 25.641026
230 0.000051 0.014290 200.000000 26.315790
230 0.000069 0.012848 300.000000 26.315790
230 0.000064 0.012390 400.000000 26.315790
230 0.000059 0.011772 500.000000 26.455027
230 0.000054 0.012030 600.000000 26.431719
230 0.000049 0.012307 700.000000 26.415094
230 0.000047 0.013558 800.000000 26.315790
240 0.000076 0.014397 100.000000 25.641026
240 0.000067 0.014679 200.000000 25.974026
240 0.000074 0.012939 300.000000 26.315790
240 0.000067 0.012348 400.000000 26.315790
240 0.000059 0.012390 500.000000 26.315790
240 0.000054 0.012280 600.000000 26.431719
240 0.000046 0.013176 700.000000 26.315790
240 0.000051 0.014581 800.000000 26.229507
250 0.000028 0.017545 100.000000 25.641026
250 0.000067 0.015993 200.000000 25.974026
250 0.000065 0.013362 300.000000 26.315790
250 0.000062 0.012421 400.000000 26.315790
250 0.000056 0.012021 500.000000 26.315790
250 0.000051 0.011416 600.000000 26.315790
250 0.000044 0.011945 700.000000 26.315790
250 0.000046 0.013530 800.000000 26.229507
260 0.000049 0.018655 100.000000 25.641026
260 0.000076 0.015401 200.000000 25.974026
260 0.000066 0.013459 300.000000 26.315790
260 0.000062 0.012037 400.000000 26.315790
260 0.000056 0.011845 500.000000 26.315790
260 0.000050 0.011259 600.000000 26.315790
260 0.000046 0.012108 700.000000 26.315790
260 0.000045 0.013768 800.000000 26.143791
270 0.000050 0.018511 100.000000 25.641026
270 0.000071 0.015064 200.000000 25.974026
270 0.000064 0.013208 300.000000 26.315790
270 0.000059 0.011626 400.000000 26.315790
270 0.000052 0.010875 500.000000 26.315790
270 0.000047 0.010545 600.000000 26.315790
270 0.000046 0.011611 700.000000 26.217228
270 0.000045 0.013141 800.000000 26.143791
280 0.000067 0.018286 100.000000 25.641026
280 0.000076 0.014018 200.000000 25.974026
280 0.000070 0.012551 300.000000 26.315790
280 0.000055 0.011438 400.000000 26.315790
280 0.000051 0.010287 500.000000 26.315790
280 0.000042 0.010532 600.000000 26.315790
280 0.000049 0.011852 700.000000 26.217228
280 0.000043 0.013277 800.000000 26.058632
290 0.000109 0.015602 100.000000 25.641026
290 0.000080 0.012386 200.000000 25.974026
290 0.000075 0.011359 300.000000 26.315790
290 0.000063 0.011059 400.000000 26.315790
290 0.000055 0.010490 500.000000 26.315790
290 0.000047 0.011340 600.000000 26.200872
290 0.000048 0.012918 700.000000 26.119404
290 0.000043 0.014409 800.000000 26.058632
300 0.000117 0.013827 100.000000 25.641026
300 0.000082 0.012472 200.000000 25.974026
300 0.000067 0.010391 300.000000 26.315790
300 0.000059 0.010168 400.000000 26.315790
300 0.000051 0.009578 500.000000 26.315790
300 0.000047 0.010530 600.000000 26.200872
300 0.000046 0.012205 700.000000 26.119404
300 0.000041 0.013331 800.000000 26.058632
310 0.000086 0.014006 100.000000 25.641026
310 0.000073 0.012423 200.000000 25.974026
310 0.000058 0.010696 300.000000 26.086956
310 0.000051 0.009632 400.000000 26.315790
310 0.000041 0.009125 500.000000 26.178011
310 0.000047 0.010116 600.000000 26.200872
310 0.000042 0.011685 700.000000 26.022305
310 0.000036 0.012426 800.000000 26.058632
320 0.000077 0.013159 100.000000 25.641026
320 0.000072 0.011950 200.000000 25.974026
320 0.000048 0.010524 300.000000 26.086956
320 0.000048 0.008579 400.000000 26.315790
320 0.000036 0.008526 500.000000 26.178011
320 0.000044 0.009894 600.000000 26.086956
320 0.000039 0.010887 700.000000 26.022305
320 0.000033 0.011492 800.000000 26.058632
330 0.000053 0.014047 100.000000 25.641026
330 0.000052 0.012239 200.000000 25.974026
330 0.000047 0.011052 300.000000 26.086956
330 0.000039 0.008989 400.000000 26.143791
330 0.000033 0.009199 500.000000 26.178011
330 0.000037 0.009929 600.000000 26.086956
330 0.000033 0.010414 700.000000 26.022305
330 0.000028 0.010856 800.000000 26.058632
340 0.000051 0.016408 100.000000 25.641026
340 0.000048 0.012542 200.000000 25.974026
340 0.000041 0.011042 300.000000 26.086956
340 0.000034 0.009211 400.000000 26.143791
340 0.000033 0.009610 500.000000 26.178011
340 0.000035 0.010443 600.000000 25.974026
340 0.000029 0.010474 700.000000 26.022305
340 0.000027 0.010800 800.000000 26.058632
350 0.000047 0.015115 100.000000 25.641026
350 0.000043 0.012500 200.000000 25.974026
350 0.000038 0.010348 300.000000 26.086956
350 0.000028 0.009559 400.000000 26.143791
350 0.000039 0.010215 500.000000 26.041666
350 0.000033 0.010885 600.000000 25.974026
350 0.000027 0.010747 700.000000 25.925926
350 0.000023 0.010910 800.000000 26.143791
360 0.000058 0.014932 100.000000 25.641026
360 0.000039 0.012960 200.000000 25.974026
360 0.000037 0.010347 300.000000 26.086956
360 0.000025 0.009870 400.000000 26.143791
360 0.000037 0.010825 500.000000 26.041666
360 0.000031 0.011014 600.000000 25.862068
360 0.000025 0.011070 700.000000 26.022305
360 0.000024 0.010862 800.000000 26.143791
370 0.000052 0.012943 100.000000 25.641026
370 0.000045 0.012091 200.000000 25.974026
370 0.000037 0.009851 300.000000 26.086956
370 0.000032 0.010267 400.000000 25.974026
370 0.000034 0.010984 500.000000 25.906736
370 0.000030 0.011040 600.000000 25.862068
370 0.000025 0.011168 700.000000 26.022305
370 0.000022 0.011000 800.000000 26.143791
380 0.000044 0.012445 100.000000 25.641026
380 0.000036 0.011585 200.000000 25.974026
380 0.000030 0.009973 300.000000 26.086956
380 0.000031 0.010833 400.000000 25.974026
380 0.000033 0.011456 500.000000 25.906736
380 0.000027 0.011182 600.000000 25.862068
380 0.000025 0.011353 700.000000 26.022305
380 0.000020 0.010962 800.000000 26.143791
390 0.000037 0.013855 100.000000 25.641026
390 0.000032 0.011543 200.000000 25.974026
390 0.000020 0.011116 300.000000 26.086956
390 0.000038 0.012010 400.000000 25.974026
390 0.000031 0.012369 500.000000 25.773195
390 0.000023 0.011885 600.000000 25.862068
390 0.000020 0.011720 700.000000 26.022305
390 0.000020 0.011470 800.000000 26.143791
400 0.000037 0.014737 100.000000 25.641026
400 0.000034 0.012041 200.000000 25.974026
400 0.000023 0.011946 300.000000 25.862068
400 0.000033 0.012683 400.000000 25.806452
400 0.000027 0.012578 500.000000 25.773195
400 0.000022 0.012428 600.000000 25.862068
400 0.000021 0.011919 700.000000 26.119404
400 0.000021 0.011855 800.000000 26.229507
410 0.000034 0.015114 100.000000 25.641026
410 0.000029 0.012269 200.000000 25.974026
410 0.000028 0.013077 300.000000 25.862068
410 0.000028 0.013505 400.000000 25.806452
410 0.000027 0.013081 500.000000 25.773195
410 0.000020 0.012995 600.000000 25.974026
410 0.000018 0.012458 700.000000 26.119404
410 0.000022 0.012507 800.000000 26.229507
420 0.000034 0.013732 100.000000 25.641026
420 0.000024 0.012455 200.000000 25.641026
420 0.000028 0.013445 300.000000 25.862068
420 0.000033 0.013844 400.000000 25.641026
420 0.000024 0.013254 500.000000 25.773195
420 0.000022 0.013204 600.000000 25.974026
420 0.000016 0.012510 700.000000 26.119404
420 0.000027 0.012810 800.000000 26.143791
430 0.000036 0.011711 100.000000 25.641026
430 0.000018 0.012341 200.000000 25.641026
430 0.000040 0.013733 300.000000 25.641026
430 0.000031 0.013812 400.000000 25.641026
430 0.000022 0.013243 500.000000 25.773195
430 0.000019 0.012803 600.000000 25.974026
430 0.000019 0.012605 700.000000 26.119404
430 0.000029 0.012617 800.000000 26.143791
440 0.000035 0.012451 100.000000 25.641026
440 0.000021 0.013728 200.000000 25.641026
440 0.000032 0.014523 300.000000 25.641026
440 0.000026 0.014433 400.000000 25.641026
440 0.000020 0.014187 500.000000 25.773195
440 0.000018 0.013534 600.000000 26.086956
440 0.000019 0.013445 700.000000 26.119404
440 0.000033 0.013156 800.000000 26.143791
450 0.000023 0.013066 100.000000 25.000000
450 0.000026 0.014906 200.000000 25.641026
450 0.000028 0.015497 300.000000 25.641026
450 0.000025 0.014759 400.000000 25.641026
450 0.000020 0.014660 500.000000 25.773195
450 0.000017 0.013986 600.000000 26.086956
450 0.000023 0.014037 700.000000 26.119404
450 0.000032 0.013350 800.000000 26.058632
460 0.000010 0.013732 100.000000 25.000000
460 0.000038 0.016236 200.000000 25.316456
460 0.000033 0.016224 300.000000 25.423729
460 0.000022 0.015261 400.000000 25.641026
460 0.000020 0.014939 500.000000 25.906736
460 0.000014 0.014136 600.000000 26.086956
460 0.000029 0.014341 700.000000 26.119404
460 0.000031 0.013579 800.000000 25.974026
470 0.000012 0.016380 100.000000 25.000000
470 0.000040 0.018198 200.000000 25.316456
470 0.000028 0.017428 300.000000 25.423729
470 0.000018 0.016451 400.000000 25.641026
470 0.000017 0.015730 500.000000 25.906736
470 0.000016 0.015259 600.000000 26.086956
470 0.000033 0.015031 700.000000 26.119404
470 0.000031 0.014228 800.000000 25.889967
480 0.000024 0.018479 100.000000 25.000000
480 0.000032 0.018501 200.000000 25.316456
480 0.000027 0.017740 300.000000 25.423729
480 0.000018 0.016968 400.000000 25.641026
480 0.000016 0.016022 500.000000 26.041666
480 0.000020 0.015803 600.000000 26.086956
480 0.000034 0.015065 700.000000 26.119404
480 0.000030 0.014147 800.000000 25.806452
490 0.000035 0.019829 100.000000 25.000000
490 0.000036 0.019479 200.000000 25.316456
490 0.000024 0.017861 300.000000 25.423729
490 0.000020 0.017198 400.000000 25.806452
490 0.000015 0.016088 500.000000 26.041666
490 0.000024 0.016050 600.000000 26.200872
490 0.000033 0.015116 700.000000 26.022305
490 0.000029 0.014184 800.000000 25.723473
500 0.000077 0.019884 100.000000 25.000000
500 0.000049 0.019191 200.000000 25.000000
500 0.000028 0.017030 300.000000 25.423729
500 0.000022 0.016449 400.000000 25.806452
500 0.000019 0.015392 500.000000 26.041666
500 0.000033 0.015389 600.000000 26.200872
500 0.000034 0.014676 700.000000 25.925926
500 0.000029 0.014015 800.000000 25.559105
510 0.000089 0.020681 100.000000 25.000000
510 0.000046 0.018859 200.000000 25.000000
510 0.000028 0.017374 300.000000 25.423729
510 0.000021 0.016132 400.000000 25.974026
510 0.000022 0.015556 500.000000 26.178011
510 0.000040 0.015472 600.000000 26.086956
510 0.000037 0.014806 700.000000 25.830257
510 0.000029 0.013955 800.000000 25.396826
520 0.000058 0.020310 100.000000 24.390244
520 0.000035 0.018441 200.000000 25.000000
520 0.000021 0.017506 300.000000 25.641026
520 0.000016 0.016525 400.000000 25.974026
520 0.000021 0.016215 500.000000 26.178011
520 0.000039 0.015515 600.000000 26.086956
520 0.000032 0.014601 700.000000 25.735294
520 0.000028 0.013601 800.000000 25.236593
530 0.000049 0.022108 100.000000 24.390244
530 0.000024 0.019021 200.000000 25.000000
530 0.000018 0.018441 300.000000 25.641026
530 0.000012 0.017173 400.000000 25.974026
530 0.000026 0.017249 500.000000 26.178011
530 0.000033 0.016011 600.000000 26.086956
530 0.000029 0.014906 700.000000 25.641026
530 0.000023 0.013927 800.000000 25.078369
540 0.000028 0.023360 100.000000 24.390244
540 0.000009 0.020085 200.000000 25.316456
540 0.000007 0.019536 300.000000 25.862068
540 0.000008 0.018589 400.000000 26.143791
540 0.000026 0.018591 500.000000 26.178011
540 0.000027 0.016935 600.000000 25.974026
540 0.000023 0.015520 700.000000 25.454546
540 0.000017 0.014247 800.000000 24.844721
550 0.000007 0.021783 100.000000 24.390244
550 0.000006 0.020735 200.000000 25.316456
550 0.000004 0.019504 300.000000 26.086956
550 0.000005 0.019186 400.000000 26.315790
550 0.000032 0.018778 500.000000 26.178011
550 0.000029 0.017155 600.000000 25.862068
550 0.000022 0.015379 700.000000 25.362318
550 0.000014 0.014178 800.000000 24.464832
560 0.000024 0.020346 100.000000 24.390244
560 0.000008 0.019408 200.000000 25.641026
560 0.000007 0.018446 300.000000 26.086956
560 0.000014 0.018363 400.000000 26.315790
560 0.000038 0.017294 500.000000 26.178011
560 0.000031 0.015760 600.000000 25.751074
560 0.000026 0.014282 700.000000 25.179855
560 0.000017 0.013106 800.000000 24.024025
570 0.000010 0.018699 100.000000 25.000000
570 0.000006 0.019299 200.000000 25.974026
570 0.000007 0.018296 300.000000 26.315790
570 0.000022 0.018859 400.000000 26.315790
570 0.000034 0.017082 500.000000 26.178011
570 0.000027 0.015464 600.000000 25.641026
570 0.000020 0.014101 700.000000 25.000000
570 0.000017 0.012640 800.000000 23.598820
580 0.000015 0.017949 100.000000 25.000000
580 0.000009 0.018322 200.000000 25.974026
580 0.000012 0.017683 300.000000 26.315790
580 0.000033 0.017875 400.000000 26.490067
580 0.000034 0.016182 500.000000 26.041666
580 0.000028 0.014799 600.000000 25.531916
580 0.000020 0.013620 700.000000 24.734982
580 0.000020 0.011999 800.000000 23.054754
590 0.000008 0.019523 100.000000 25.641026
590 0.000009 0.018428 200.000000 26.315790
590 0.000009 0.018348 300.000000 26.548672
590 0.000040 0.017913 400.000000 26.315790
590 0.000035 0.016173 500.000000 26.041666
590 0.000027 0.014369 600.000000 25.316456
590 0.000016 0.013242 700.000000 24.305555
590 0.000019 0.011608 800.000000 22.662889
600 0.000012 0.020140 100.000000 25.641026
600 0.000012 0.018696 200.000000 26.315790
600 0.000014 0.018899 300.000000 26.548672
600 0.000040 0.017483 400.000000 26.315790
600 0.000033 0.015685 500.000000 25.773195
600 0.000027 0.014012 600.000000 25.104603
600 0.000016 0.012726 700.000000 23.809525
600 0.000018 0.011315 800.000000 22.222221
610 0.000017 0.020591 100.000000 25.641026
610 0.000009 0.018005 200.000000 26.666666
610 0.000031 0.018881 300.000000 26.548672
610 0.000041 0.016824 400.000000 26.143791
610 0.000032 0.015182 500.000000 25.641026
610 0.000023 0.014038 600.000000 24.793388
610 0.000020 0.012336 700.000000 23.178808
610 0.000021 0.011636 800.000000 21.798365
620 0.000015 0.018129 100.000000 26.315790
620 0.000015 0.017060 200.000000 26.666666
620 0.000046 0.017366 300.000000 26.548672
620 0.000042 0.015570 400.000000 25.974026
620 0.000034 0.014246 500.000000 25.380711
620 0.000024 0.013258 600.000000 24.390244
620 0.000023 0.011598 700.000000 22.653721
620 0.000023 0.011554 800.000000 21.505377
630 0.000033 0.016894 100.000000 26.315790
630 0.000020 0.017260 200.000000 26.666666
630 0.000058 0.016913 300.000000 26.315790
630 0.000046 0.015084 400.000000 25.806452
630 0.000034 0.013372 500.000000 25.000000
630 0.000020 0.012440 600.000000 23.904383
630 0.000023 0.010961 700.000000 22.082020
630 0.000023 0.011057 800.000000 21.164021
640 0.000019 0.016409 100.000000 26.315790
640 0.000028 0.017572 200.000000 26.666666
640 0.000056 0.016165 300.000000 26.086956
640 0.000041 0.014575 400.000000 25.477707
640 0.000033 0.013147 500.000000 24.752476
640 0.000021 0.011924 600.000000 23.166023
640 0.000023 0.011001 700.000000 21.538462
640 0.000025 0.011003 800.000000 20.725389
650 0.000029 0.016607 100.000000 26.315790
650 0.000043 0.019037 200.000000 26.315790
650 0.000049 0.016444 300.000000 25.862068
650 0.000036 0.014730 400.000000 25.157232
650 0.000023 0.013682 500.000000 24.271845
650 0.000021 0.011812 600.000000 22.471910
650 0.000023 0.011041 700.000000 21.084337
650 0.000025 0.010601 800.000000 20.304569
660 0.000017 0.017835 100.000000 26.315790
660 0.000076 0.018195 200.000000 25.974026
660 0.000056 0.015950 300.000000 25.641026
660 0.000040 0.014358 400.000000 24.844721
660 0.000024 0.013411 500.000000 23.809525
660 0.000026 0.011654 600.000000 21.818182
660 0.000026 0.011651 700.000000 20.771513
660 0.000022 0.011265 800.000000 19.851116
670 0.000039 0.019546 100.000000 25.641026
670 0.000086 0.017565 200.000000 25.974026
670 0.000060 0.015822 300.000000 25.210085
670 0.000043 0.014228 400.000000 24.390244
670 0.000024 0.013428 500.000000 23.041475
670 0.000028 0.011794 600.000000 21.201414
670 0.000029 0.011672 700.000000 20.348837
670 0.000018 0.011039 800.000000 19.417477
680 0.000076 0.020491 100.000000 25.641026
680 0.000080 0.017028 200.000000 25.641026
680 0.000054 0.015445 300.000000 24.793388
680 0.000035 0.014072 400.000000 23.952095
680 0.000026 0.012632 500.000000 22.222221
680 0.000029 0.011654 600.000000 20.689655
680 0.000031 0.011318 700.000000 19.886364
680 0.000014 0.010389 800.000000 19.093079
690 0.000105 0.020698 100.000000 25.641026
690 0.000079 0.017128 200.000000 25.316456
690 0.000049 0.015602 300.000000 24.390244
690 0.000031 0.014852 400.000000 23.529411
690 0.000030 0.012604 500.000000 21.459227
690 0.000030 0.012287 600.000000 20.202021
690 0.000030 0.011403 700.000000 19.444445
700 0.000133 0.020023 100.000000 25.000000
700 0.000075 0.017011 200.000000 24.691359
700 0.000044 0.014616 300.000000 24.000000
700 0.000023 0.013771 400.000000 22.857143
700 0.000028 0.011401 500.000000 20.833334
700 0.000031 0.011221 600.000000 19.867550
700 0.000022 0.010639 700.000000 18.970190
710 0.000131 0.017210 100.000000 25.000000
710 0.000063 0.015302 200.000000 24.390244
710 0.000042 0.013358 300.000000 23.622047
710 0.000018 0.012167 400.000000 21.978022
710 0.000029 0.009845 500.000000 20.161291
710 0.000031 0.009865 600.000000 19.417477
710 0.000016 0.009591 700.000000 18.567638
720 0.000086 0.016787 100.000000 24.390244
720 0.000039 0.014807 200.000000 23.809525
720 0.000017 0.013320 300.000000 23.076923
720 0.000016 0.011182 400.000000 21.164021
720 0.000030 0.008736 500.000000 19.607843
720 0.000030 0.008208 600.000000 18.987341
730 0.000048 0.017573 100.000000 23.809525
730 0.000029 0.015751 200.000000 23.529411
730 0.000010 0.014319 300.000000 22.556391
730 0.000028 0.011241 400.000000 20.304569
730 0.000036 0.007954 500.000000 19.230770
730 0.000028 0.007387 600.000000 18.518518
740 0.000017 0.018210 100.000000 23.809525
740 0.000011 0.015389 200.000000 22.988506
740 0.000017 0.014378 300.000000 21.739130
740 0.000034 0.010680 400.000000 19.704433
740 0.000035 0.006597 500.000000 18.867924
740 0.000025 0.007000 600.000000 18.072289
750 0.000021 0.017790 100.000000 23.255814
750 0.000009 0.015748 200.000000 22.471910
750 0.000022 0.014510 300.000000 20.833334
750 0.000042 0.009599 400.000000 19.047619
750 0.000037 0.005387 500.000000 18.518518
750 0.000031 0.007155 600.000000 17.751480
760 0.000017 0.016075 100.000000 22.727272
760 0.000019 0.014754 200.000000 21.978022
760 0.000021 0.012741 300.000000 20.000000
760 0.000042 0.007313 400.000000 18.604650
760 0.000034 0.004915 500.000000 18.050541
770 0.000021 0.015084 100.000000 22.222221
770 0.000014 0.013634 200.000000 21.505377
770 0.000031 0.010476 300.000000 19.230770
770 0.000044 0.005925 400.000000 18.181818
770 0.000035 0.005600 500.000000 17.605635
780 0.000023 0.013550 100.000000 21.739130
780 0.000030 0.013363 200.000000 20.833334
780 0.000047 0.009772 300.000000 18.518518
780 0.000047 0.004603 400.000000 17.857143
780 0.000033 0.005304 500.000000 17.241379
790 0.000013 0.013126 100.000000 21.276596
790 0.000032 0.012383 200.000000 19.801981
790 0.000051 0.007799 300.000000 17.964071
790 0.000044 0.003848 400.000000 17.543859
790 0.000037 0.005583 500.000000 16.891891
800 0.000025 0.012687 100.000000 20.833334
800 0.000023 0.011186 200.000000 18.867924
800 0.000056 0.005563 300.000000 17.441860
800 0.000042 0.004423 400.000000 17.167381
800 0.000041 0.005881 500.000000 16.666666
810 0.000030 0.013282 100.000000 20.408163
810 0.000033 0.009204 200.000000 18.018019
810 0.000055 0.005021 300.000000 17.142857
810 0.000045 0.005463 400.000000 16.806723
820 0.000046 0.011687 100.000000 19.607843
820 0.000052 0.007973 200.000000 17.241379
820 0.000057 0.004824 300.000000 16.853933
820 0.000043 0.005800 400.000000 16.393442
830 0.000047 0.011806 100.000000 18.518518
830 0.000066 0.007076 200.000000 16.666666
830 0.000058 0.004756 300.000000 16.574585
830 0.000043 0.005590 400.000000 16.129032
840 0.000046 0.011257 100.000000 17.241379
840 0.000080 0.005513 200.000000 16.129032
840 0.000058 0.005525 300.000000 16.304348
840 0.000048 0.005065 400.000000 15.873015
850 0.000043 0.008712 100.000000 16.393442
850 0.000080 0.004792 200.000000 15.873015
850 0.000061 0.006654 300.000000 15.957447
860 0.000085 0.008351 100.000000 15.625000
860 0.000084 0.005464 200.000000 15.625000
860 0.000057 0.006928 300.000000 15.625000
870 0.000111 0.006266 100.000000 14.925373
870 0.000086 0.006791 200.000000 15.503876
870 0.000054 0.007251 300.000000 15.384615
880 0.000130 0.006449 100.000000 14.705882
880 0.000083 0.008114 200.000000 15.503876
880 0.000047 0.006969 300.000000 15.306123
890 0.000128 0.006822 100.000000 14.705882
890 0.000082 0.009355 200.000000 15.625000
890 0.000047 0.006563 300.000000 15.306123
900 0.000144 0.008586 100.000000 14.925373
900 0.000085 0.011390 200.000000 15.625000
900 0.000058 0.006712 300.000000 15.306123
910 0.000132 0.012308 100.000000 14.925373
910 0.000081 0.012039 200.000000 15.503876
920 0.000106 0.015293 100.000000 15.384615
920 0.000077 0.012622 200.000000 15.503876
930 0.000082 0.017097 100.000000 15.625000
930 0.000074 0.013081 200.000000 15.503876
940 0.000073 0.017819 100.000000 15.873015
940 0.000073 0.012218 200.000000 15.384615
950 0.000057 0.017519 100.000000 16.129032
950 0.000079 0.011819 200.000000 15.384615
960 0.000063 0.016623 100.000000 16.129032
960 0.000074 0.011759 200.000000 15.384615
970 0.000088 0.014282 100.000000 15.873015
970 0.000068 0.011836 200.000000 15.384615
980 0.000106 0.013302 100.000000 15.625000
990 0.000119 0.012699 100.000000 15.151515
1000 0.000137 0.013884 100.000000 14.705882
1010 0.000140 0.016171 100.000000 14.492754
1020 0.000151 0.019263 100.000000 14.492754
1030 0.000161 0.022650 100.000000 14.705882
