0 0.000068 0.010943 100.000000 6.289308
0 0.000052 0.005094 200.000000 6.666667
0 0.000019 0.004853 300.000000 7.194244
0 0.000019 0.005100 400.000000 7.312614
0 0.000011 0.005175 500.000000 7.587254
10 0.000051 0.010385 100.000000 6.211180
10 0.000046 0.004777 200.000000 6.666667
10 0.000014 0.005355 300.000000 7.194244
10 0.000016 0.005358 400.000000 7.299270
10 0.000011 0.005700 500.000000 7.575758
20 0.000048 0.010411 100.000000 6.134969
20 0.000044 0.004632 200.000000 6.666667
20 0.000020 0.005302 300.000000 7.194244
20 0.000016 0.005456 400.000000 7.299270
20 0.000015 0.005893 500.000000 7.552870
30 0.000060 0.011568 100.000000 5.952381
30 0.000041 0.005210 200.000000 6.688963
30 0.000023 0.005918 300.000000 7.211538
30 0.000017 0.005944 400.000000 7.312614
30 0.000013 0.006268 500.000000 7.541478
40 0.000058 0.012107 100.000000 5.847953
40 0.000035 0.005237 200.000000 6.734007
40 0.000027 0.005942 300.000000 7.246377
40 0.000018 0.005863 400.000000 7.326007
40 0.000014 0.006212 500.000000 7.518797
50 0.000039 0.010505 100.000000 5.847953
50 0.000032 0.004788 200.000000 6.779661
50 0.000022 0.005521 300.000000 7.281553
50 0.000016 0.005297 400.000000 7.366483
50 0.000013 0.005692 500.000000 7.485030
60 0.000063 0.009012 100.000000 5.988024
60 0.000036 0.004071 200.000000 6.896552
60 0.000021 0.005255 300.000000 7.352941
60 0.000014 0.004951 400.000000 7.434944
60 0.000013 0.005455 500.000000 7.429420
70 0.000072 0.008160 100.000000 6.211180
70 0.000039 0.003253 200.000000 7.042253
70 0.000022 0.004836 300.000000 7.481297
70 0.000013 0.004358 400.000000 7.518797
70 0.000014 0.004982 500.000000 7.418397
80 0.000092 0.007537 100.000000 6.451613
80 0.000045 0.002973 200.000000 7.220217
80 0.000027 0.004923 300.000000 7.614213
80 0.000014 0.004083 400.000000 7.619048
80 0.000014 0.004662 500.000000 7.440476
90 0.000096 0.007619 100.000000 6.711410
90 0.000047 0.003408 200.000000 7.380074
90 0.000025 0.005275 300.000000 7.751938
90 0.000014 0.004462 400.000000 7.722008
90 0.000018 0.005051 500.000000 7.440476
100 0.000070 0.007896 100.000000 6.896552
100 0.000029 0.002977 200.000000 7.518797
100 0.000014 0.004845 300.000000 7.832898
100 0.000007 0.004555 400.000000 7.797271
100 0.000010 0.005179 500.000000 7.342144
110 0.000057 0.007883 100.000000 6.896552
110 0.000007 0.004145 200.000000 7.547170
110 0.000010 0.005551 300.000000 7.894737
110 0.000006 0.005659 400.000000 7.858546
120 0.000068 0.006146 100.000000 6.849315
120 0.000000 0.004290 200.000000 7.575758
120 0.000008 0.005515 300.000000 7.894737
120 0.000008 0.005625 400.000000 7.905138
130 0.000094 0.005443 100.000000 6.849315
130 0.000011 0.004649 200.000000 7.575758
130 0.000015 0.005794 300.000000 7.812500
130 0.000011 0.005605 400.000000 7.920792
140 0.000094 0.005355 100.000000 6.896552
140 0.000008 0.004756 200.000000 7.633588
140 0.000015 0.005823 300.000000 7.751938
140 0.000009 0.005730 400.000000 7.936508
150 0.000092 0.004792 100.000000 6.993007
150 0.000005 0.004979 200.000000 7.662835
150 0.000014 0.006012 300.000000 7.712082
150 0.000010 0.006083 400.000000 7.968128
160 0.000076 0.003914 100.000000 7.042253
160 0.000014 0.005023 200.000000 7.722008
160 0.000015 0.006018 300.000000 7.712082
160 0.000013 0.006384 400.000000 7.984032
170 0.000075 0.004229 100.000000 7.142857
170 0.000017 0.005171 200.000000 7.782101
170 0.000018 0.006038 300.000000 7.731959
170 0.000017 0.006678 400.000000 8.000000
180 0.000077 0.003279 100.000000 7.246377
180 0.000013 0.004651 200.000000 7.843137
180 0.000011 0.005671 300.000000 7.772021
180 0.000013 0.006608 400.000000 8.000000
190 0.000077 0.003344 100.000000 7.407407
190 0.000009 0.003783 200.000000 7.936508
190 0.000012 0.004745 300.000000 7.832898
190 0.000010 0.005897 400.000000 8.032128
200 0.000055 0.005349 100.000000 7.575758
200 0.000018 0.004360 200.000000 8.064516
200 0.000010 0.005130 300.000000 7.915567
200 0.000011 0.006250 400.000000 8.064516
210 0.000040 0.007434 100.000000 7.812500
210 0.000027 0.005671 200.000000 8.163265
210 0.000014 0.006033 300.000000 7.978724
210 0.000013 0.007293 400.000000 8.080808
220 0.000027 0.006921 100.000000 8.000000
220 0.000028 0.005300 200.000000 8.264462
220 0.000022 0.005904 300.000000 8.021390
220 0.000014 0.007018 400.000000 8.016032
230 0.000021 0.009460 100.000000 8.064516
230 0.000030 0.007512 200.000000 8.298756
230 0.000022 0.008432 300.000000 8.064516
230 0.000016 0.008941 400.000000 7.782101
240 0.000022 0.010235 100.000000 8.130081
240 0.000027 0.008071 200.000000 8.368201
240 0.000020 0.008808 300.000000 8.108109
240 0.000018 0.009101 400.000000 7.575758
250 0.000042 0.011586 100.000000 8.196721
250 0.000029 0.009450 200.000000 8.438819
250 0.000025 0.010147 300.000000 8.174387
260 0.000060 0.011274 100.000000 8.333333
260 0.000035 0.009664 200.000000 8.510638
260 0.000027 0.010431 300.000000 8.264462
270 0.000072 0.010736 100.000000 8.333333
270 0.000039 0.010071 200.000000 8.438819
270 0.000029 0.010561 300.000000 8.310249
280 0.000071 0.010402 100.000000 8.403361
280 0.000035 0.010499 200.000000 8.230453
280 0.000031 0.010732 300.000000 8.333333
290 0.000090 0.011917 100.000000 8.403361
290 0.000045 0.011738 200.000000 8.130081
290 0.000034 0.011914 300.000000 8.333333
300 0.000076 0.013506 100.000000 8.403361
300 0.000046 0.012750 200.000000 8.064516
300 0.000036 0.013049 300.000000 8.310249
310 0.000085 0.014003 100.000000 8.403361
310 0.000044 0.013388 200.000000 8.000000
310 0.000041 0.013987 300.000000 8.287292
320 0.000099 0.013545 100.000000 8.474576
320 0.000045 0.013183 200.000000 8.000000
320 0.000036 0.014016 300.000000 8.241758
330 0.000060 0.010948 100.000000 8.474576
330 0.000032 0.010573 200.000000 8.032128
330 0.000025 0.011405 300.000000 8.196721
340 0.000061 0.010393 100.000000 8.474576
340 0.000029 0.009944 200.000000 8.000000
340 0.000025 0.010748 300.000000 8.064516
350 0.000065 0.011126 100.000000 8.403361
350 0.000031 0.010531 200.000000 8.000000
350 0.000022 0.010880 300.000000 7.751938
360 0.000033 0.010953 100.000000 8.474576
360 0.000024 0.009958 200.000000 8.032128
360 0.000016 0.010024 300.000000 7.425743
370 0.000023 0.010122 100.000000 8.547009
370 0.000021 0.008817 200.000000 8.130081
380 0.000034 0.008892 100.000000 8.547009
380 0.000017 0.007603 200.000000 8.196721
390 0.000019 0.008582 100.000000 8.333333
390 0.000014 0.007162 200.000000 8.230453
400 0.000026 0.009100 100.000000 7.936508
400 0.000017 0.007209 200.000000 8.230453
410 0.000036 0.008991 100.000000 7.692307
410 0.000016 0.007348 200.000000 8.230453
420 0.000025 0.008034 100.000000 7.575758
420 0.000016 0.007689 200.000000 8.196721
430 0.000016 0.007973 100.000000 7.518797
430 0.000018 0.008181 200.000000 8.163265
440 0.000017 0.007171 100.000000 7.518797
440 0.000011 0.008027 200.000000 8.064516
450 0.000018 0.006660 100.000000 7.518797
450 0.000004 0.007909 200.000000 7.968128
460 0.000007 0.006062 100.000000 7.518797
460 0.000003 0.007538 200.000000 7.751938
470 0.000021 0.007008 100.000000 7.575758
470 0.000003 0.007527 200.000000 7.272727
480 0.000024 0.007337 100.000000 7.575758
480 0.000005 0.007482 200.000000 6.756757
490 0.000023 0.007623 100.000000 7.692307
500 0.000020 0.007245 100.000000 7.874016
510 0.000022 0.006922 100.000000 8.064516
520 0.000033 0.007038 100.000000 8.333333
530 0.000037 0.007312 100.000000 8.547009
540 0.000038 0.007629 100.000000 8.771930
550 0.000037 0.008855 100.000000 8.849558
560 0.000037 0.009729 100.000000 8.771930
570 0.000023 0.009865 100.000000 8.620689
580 0.000020 0.009249 100.000000 8.403361
590 0.000015 0.009318 100.000000 8.000000
600 0.000020 0.008246 100.000000 6.993007
610 0.000044 0.007067 100.000000 6.060606
