0 0.000028 0.005678 100.000000 13.513514
0 0.000052 0.003207 200.000000 13.605442
0 0.000043 0.004100 300.000000 14.084507
10 0.000029 0.005748 100.000000 13.513514
10 0.000050 0.003073 200.000000 13.698630
10 0.000037 0.004245 300.000000 14.150944
20 0.000030 0.006040 100.000000 13.513514
20 0.000053 0.003125 200.000000 13.698630
20 0.000037 0.004073 300.000000 14.285714
30 0.000033 0.006197 100.000000 13.513514
30 0.000055 0.002930 200.000000 13.793103
30 0.000028 0.004108 300.000000 14.354067
40 0.000042 0.006524 100.000000 13.333333
40 0.000058 0.002836 200.000000 13.888889
40 0.000027 0.004284 300.000000 14.492754
50 0.000053 0.005562 100.000000 13.333333
50 0.000058 0.002530 200.000000 13.986014
50 0.000028 0.003847 300.000000 14.563107
60 0.000077 0.003985 100.000000 13.333333
60 0.000063 0.004290 200.000000 13.986014
60 0.000032 0.004708 300.000000 14.634147
70 0.000076 0.003588 100.000000 13.333333
70 0.000059 0.004557 200.000000 14.184397
80 0.000089 0.004903 100.000000 13.513514
80 0.000061 0.004888 200.000000 14.285714
90 0.000083 0.004316 100.000000 13.513514
90 0.000048 0.004457 200.000000 14.492754
100 0.000082 0.004148 100.000000 13.698630
100 0.000038 0.004604 200.000000 14.705882
110 0.000081 0.004968 100.000000 14.084507
110 0.000030 0.004723 200.000000 14.814815
120 0.000071 0.005615 100.000000 14.285714
120 0.000018 0.004954 200.000000 15.037594
130 0.000053 0.006398 100.000000 14.492754
130 0.000006 0.005824 200.000000 15.151515
140 0.000045 0.006408 100.000000 14.705882
140 0.000012 0.005597 200.000000 15.384615
150 0.000037 0.004447 100.000000 14.925373
160 0.000017 0.005843 100.000000 15.151515
170 0.000025 0.006306 100.000000 15.384615
180 0.000036 0.006581 100.000000 15.384615
190 0.000055 0.007803 100.000000 15.625000
200 0.000042 0.007082 100.000000 15.625000
