0 0.000169 0.010990 100.000000 11.627907
0 0.000094 0.011297 200.000000 12.048193
0 0.000052 0.012456 300.000000 10.273973
0 0.000035 0.008392 400.000000 10.282776
0 0.000032 0.004524 500.000000 10.330579
0 0.000026 0.002270 600.000000 10.771993
0 0.000026 0.001094 700.000000 11.128776
0 0.000016 0.001515 800.000000 10.796222
10 0.000026 0.005872 100.000000 11.627907
10 0.000020 0.006288 200.000000 12.048193
10 0.000029 0.004932 300.000000 9.771987
10 0.000020 0.002591 400.000000 10.335917
10 0.000016 0.001839 500.000000 10.309278
10 0.000014 0.002153 600.000000 10.791367
10 0.000013 0.002435 700.000000 11.146497
10 0.000002 0.001046 800.000000 10.796222
20 0.000020 0.005836 100.000000 11.764706
20 0.000022 0.006106 200.000000 11.904762
20 0.000028 0.005297 300.000000 9.615385
20 0.000022 0.002765 400.000000 10.362695
20 0.000017 0.002172 500.000000 10.330579
20 0.000014 0.002301 600.000000 10.830325
20 0.000012 0.002451 700.000000 11.164274
20 0.000003 0.000941 800.000000 10.810811
30 0.000035 0.005362 100.000000 11.764706
30 0.000026 0.005618 200.000000 11.494253
30 0.000022 0.004584 300.000000 9.615385
30 0.000019 0.002498 400.000000 10.416667
30 0.000015 0.002288 500.000000 10.373444
30 0.000012 0.002416 600.000000 10.849910
30 0.000011 0.002479 700.000000 11.164274
30 0.000002 0.000838 800.000000 10.825439
40 0.000032 0.005701 100.000000 11.904762
40 0.000022 0.005885 200.000000 11.049724
40 0.000023 0.004174 300.000000 9.615385
40 0.000020 0.002413 400.000000 10.443864
40 0.000016 0.002382 500.000000 10.416667
40 0.000013 0.002593 600.000000 10.889292
40 0.000012 0.002678 700.000000 11.164274
40 0.000003 0.000879 800.000000 10.854816
50 0.000020 0.005789 100.000000 11.904762
50 0.000024 0.005865 200.000000 10.752688
50 0.000029 0.003876 300.000000 9.646302
50 0.000021 0.002381 400.000000 10.416667
50 0.000017 0.002527 500.000000 10.438414
50 0.000012 0.002793 600.000000 10.909091
50 0.000014 0.002868 700.000000 11.093502
50 0.000004 0.000907 800.000000 10.884354
60 0.000020 0.005924 100.000000 12.048193
60 0.000029 0.006034 200.000000 10.526316
60 0.000031 0.003532 300.000000 9.708738
60 0.000020 0.002363 400.000000 10.282776
60 0.000018 0.002677 500.000000 10.482181
60 0.000011 0.003035 600.000000 10.948905
60 0.000022 0.002416 700.000000 10.869565
60 0.000005 0.000865 800.000000 10.914052
70 0.000028 0.005877 100.000000 12.048193
70 0.000032 0.005854 200.000000 10.309278
70 0.000031 0.003366 300.000000 9.740260
70 0.000019 0.002531 400.000000 10.126582
70 0.000016 0.002834 500.000000 10.526316
70 0.000012 0.003169 600.000000 10.968922
70 0.000012 0.001835 700.000000 10.719755
70 0.000006 0.000840 800.000000 10.943913
80 0.000030 0.005980 100.000000 12.195122
80 0.000018 0.005348 200.000000 9.900990
80 0.000031 0.003360 300.000000 9.803922
80 0.000019 0.002744 400.000000 10.025063
80 0.000016 0.003028 500.000000 10.570825
80 0.000013 0.003249 600.000000 11.009174
80 0.000008 0.001817 700.000000 10.654490
80 0.000005 0.000854 800.000000 10.973937
90 0.000034 0.006297 100.000000 12.195122
90 0.000061 0.004678 200.000000 9.174312
90 0.000025 0.003121 300.000000 9.868421
90 0.000017 0.003065 400.000000 10.000000
90 0.000014 0.003397 500.000000 10.593221
90 0.000012 0.003539 600.000000 11.029411
90 0.000006 0.001858 700.000000 10.654490
90 0.000004 0.000872 800.000000 11.004127
100 0.000035 0.006126 100.000000 12.048193
100 0.000034 0.004791 200.000000 8.810573
100 0.000026 0.003160 300.000000 9.933775
100 0.000016 0.003403 400.000000 10.000000
100 0.000014 0.003717 500.000000 10.615711
100 0.000013 0.003804 600.000000 11.049724
100 0.000005 0.001877 700.000000 10.654490
100 0.000003 0.000905 800.000000 11.019283
110 0.000028 0.006810 100.000000 11.363636
110 0.000034 0.004905 200.000000 8.733624
110 0.000027 0.003240 300.000000 9.966778
110 0.000020 0.003827 400.000000 10.025063
110 0.000015 0.004147 500.000000 10.638298
110 0.000013 0.004283 600.000000 11.049724
110 0.000004 0.002104 700.000000 10.670732
110 0.000003 0.001043 800.000000 11.034483
120 0.000034 0.007655 100.000000 10.416667
120 0.000044 0.004524 200.000000 8.733624
120 0.000030 0.003446 300.000000 10.000000
120 0.000025 0.004230 400.000000 10.050251
120 0.000016 0.004678 500.000000 10.660981
120 0.000016 0.004828 600.000000 11.029411
120 0.000005 0.002402 700.000000 10.703364
120 0.000003 0.001215 800.000000 11.049724
130 0.000030 0.007219 100.000000 9.803922
130 0.000047 0.004196 200.000000 8.771930
130 0.000030 0.003810 300.000000 9.966778
130 0.000024 0.004551 400.000000 10.075566
130 0.000016 0.004908 500.000000 10.683761
130 0.000018 0.005022 600.000000 10.968922
130 0.000006 0.002304 700.000000 10.719755
130 0.000003 0.001084 800.000000 11.049724
140 0.000038 0.007312 100.000000 9.345795
140 0.000048 0.004121 200.000000 8.771930
140 0.000028 0.004331 300.000000 9.803922
140 0.000023 0.004933 400.000000 10.126582
140 0.000016 0.005303 500.000000 10.706638
140 0.000027 0.004713 600.000000 10.733453
140 0.000005 0.002311 700.000000 10.752688
140 0.000003 0.001071 800.000000 11.065007
150 0.000051 0.007480 100.000000 8.928572
150 0.000050 0.004487 200.000000 8.810573
150 0.000028 0.004950 300.000000 9.584664
150 0.000023 0.005322 400.000000 10.152285
150 0.000016 0.005665 500.000000 10.729613
150 0.000016 0.003935 600.000000 10.507881
150 0.000006 0.002293 700.000000 10.769231
150 0.000002 0.001093 800.000000 11.065007
160 0.000041 0.007039 100.000000 8.264462
160 0.000053 0.004975 200.000000 8.849558
160 0.000032 0.005837 300.000000 9.404388
160 0.000026 0.006327 400.000000 10.178117
160 0.000020 0.006629 500.000000 10.752688
160 0.000010 0.004649 600.000000 10.416667
160 0.000004 0.002769 700.000000 10.802469
160 0.000002 0.001392 800.000000 11.065007
170 0.000134 0.004609 100.000000 7.299270
170 0.000049 0.005556 200.000000 8.928572
170 0.000031 0.006587 300.000000 9.375000
170 0.000024 0.006912 400.000000 10.204082
170 0.000020 0.006995 500.000000 10.775862
170 0.000010 0.004618 600.000000 10.398614
170 0.000005 0.002746 700.000000 10.819165
170 0.000003 0.001437 800.000000 11.080333
180 0.000093 0.005488 100.000000 6.896552
180 0.000049 0.006159 200.000000 9.049774
180 0.000031 0.007169 300.000000 9.404388
180 0.000023 0.007410 400.000000 10.256411
180 0.000021 0.007356 500.000000 10.822511
180 0.000007 0.004590 600.000000 10.416667
180 0.000004 0.002722 700.000000 10.852714
180 0.000004 0.001464 800.000000 11.080333
190 0.000086 0.006409 100.000000 6.896552
190 0.000051 0.006944 200.000000 9.174312
190 0.000035 0.007980 300.000000 9.493670
190 0.000024 0.008074 400.000000 10.362695
190 0.000022 0.008020 500.000000 10.893247
190 0.000007 0.004944 600.000000 10.471204
190 0.000006 0.002948 700.000000 10.920437
190 0.000004 0.001568 800.000000 11.095700
200 0.000090 0.006515 100.000000 7.092198
200 0.000054 0.007700 200.000000 9.389671
200 0.000035 0.008613 300.000000 9.646302
200 0.000024 0.008653 400.000000 10.471204
200 0.000022 0.008546 500.000000 10.989011
200 0.000008 0.005129 600.000000 10.563380
200 0.000006 0.003058 700.000000 10.989011
200 0.000005 0.001630 800.000000 11.142061
210 0.000084 0.007300 100.000000 7.299270
210 0.000053 0.008328 200.000000 9.615385
210 0.000036 0.008877 300.000000 9.803922
210 0.000025 0.008856 400.000000 10.610080
210 0.000022 0.008662 500.000000 11.086474
210 0.000007 0.005089 600.000000 10.676157
210 0.000005 0.003024 700.000000 11.075950
210 0.000004 0.001612 800.000000 11.204482
220 0.000087 0.007606 100.000000 7.575758
220 0.000051 0.008880 200.000000 9.803922
220 0.000036 0.009219 300.000000 9.966778
220 0.000025 0.009111 400.000000 10.752688
220 0.000023 0.008888 500.000000 11.160714
220 0.000006 0.005062 600.000000 10.771993
220 0.000004 0.002966 700.000000 11.164274
220 0.000004 0.001592 800.000000 11.267606
230 0.000103 0.008424 100.000000 7.812500
230 0.000054 0.009626 200.000000 10.000000
230 0.000038 0.009822 300.000000 10.135135
230 0.000026 0.009659 400.000000 10.899182
230 0.000026 0.009443 500.000000 11.210762
230 0.000008 0.005206 600.000000 10.869565
230 0.000005 0.002983 700.000000 11.235955
230 0.000003 0.001578 800.000000 11.315417
240 0.000100 0.009214 100.000000 8.064516
240 0.000053 0.010104 200.000000 10.050251
240 0.000039 0.009969 300.000000 10.273973
240 0.000026 0.009738 400.000000 11.019283
240 0.000031 0.009163 500.000000 11.135858
240 0.000005 0.004986 600.000000 10.948905
240 0.000004 0.002894 700.000000 11.308562
240 0.000005 0.001493 800.000000 11.363636
250 0.000101 0.010218 100.000000 8.333333
250 0.000051 0.010582 200.000000 10.000000
250 0.000035 0.010060 300.000000 10.416667
250 0.000028 0.009772 400.000000 11.142061
250 0.000037 0.008187 500.000000 10.964912
250 0.000004 0.004765 600.000000 11.029411
250 0.000005 0.002806 700.000000 11.363636
250 0.000007 0.001466 800.000000 11.428572
260 0.000099 0.011183 100.000000 8.620689
260 0.000050 0.011058 200.000000 9.852217
260 0.000035 0.009970 300.000000 10.563380
260 0.000028 0.009601 400.000000 11.267606
260 0.000017 0.007162 500.000000 10.845987
260 0.000003 0.004551 600.000000 11.131725
260 0.000005 0.002699 700.000000 11.437908
260 0.000006 0.001413 800.000000 11.494253
270 0.000102 0.012584 100.000000 8.928572
270 0.000053 0.011751 200.000000 9.900990
270 0.000037 0.010568 300.000000 10.752688
270 0.000030 0.010158 400.000000 11.396011
270 0.000009 0.007534 500.000000 10.869565
270 0.000005 0.004727 600.000000 11.235955
270 0.000007 0.002812 700.000000 11.513158
270 0.000007 0.001407 800.000000 11.577424
280 0.000089 0.010495 100.000000 9.433962
280 0.000042 0.009340 200.000000 10.050251
280 0.000031 0.008082 300.000000 10.989011
280 0.000024 0.007538 400.000000 11.594203
280 0.000004 0.005396 500.000000 10.964912
280 0.000002 0.003454 600.000000 11.342155
280 0.000005 0.002157 700.000000 11.608624
280 0.000005 0.001099 800.000000 11.678832
290 0.000083 0.008007 100.000000 10.101010
290 0.000036 0.007132 200.000000 10.309278
290 0.000025 0.005877 300.000000 11.235955
290 0.000018 0.005267 400.000000 11.834319
290 0.000009 0.003876 500.000000 11.086474
290 0.000007 0.002581 600.000000 11.494253
290 0.000006 0.001750 700.000000 11.725293
290 0.000005 0.000928 800.000000 11.782032
300 0.000078 0.003547 100.000000 10.869565
300 0.000035 0.003855 200.000000 10.638298
300 0.000019 0.002788 300.000000 11.538462
300 0.000009 0.002224 400.000000 12.048193
300 0.000018 0.003559 500.000000 11.235955
300 0.000015 0.002392 600.000000 11.650485
300 0.000011 0.001763 700.000000 11.864407
300 0.000010 0.001144 800.000000 11.904762
310 0.000083 0.002151 100.000000 11.764706
310 0.000039 0.004774 200.000000 10.989011
310 0.000018 0.004333 300.000000 11.857708
310 0.000013 0.004306 400.000000 12.307693
310 0.000020 0.005984 500.000000 11.389522
310 0.000018 0.004123 600.000000 11.811024
310 0.000016 0.002842 700.000000 11.986301
310 0.000014 0.001797 800.000000 12.030075
320 0.000041 0.004312 100.000000 12.500000
320 0.000018 0.005295 200.000000 11.299435
320 0.000006 0.004250 300.000000 12.096774
320 0.000004 0.003564 400.000000 12.500000
320 0.000016 0.003605 500.000000 11.520738
320 0.000014 0.002264 600.000000 11.928430
320 0.000010 0.001706 700.000000 12.068966
320 0.000010 0.001242 800.000000 12.121212
330 0.000015 0.006762 100.000000 13.157895
330 0.000008 0.007225 200.000000 11.494253
330 0.000008 0.006223 300.000000 12.295082
330 0.000011 0.005580 400.000000 12.618297
330 0.000018 0.004249 500.000000 11.627907
330 0.000013 0.002347 600.000000 12.024048
330 0.000011 0.001655 700.000000 12.110726
330 0.000011 0.001193 800.000000 12.195122
340 0.000026 0.007366 100.000000 13.698630
340 0.000012 0.007461 200.000000 11.695907
340 0.000015 0.006428 300.000000 12.396694
340 0.000017 0.005825 400.000000 12.658228
340 0.000013 0.003701 500.000000 11.682243
340 0.000012 0.002065 600.000000 12.072434
340 0.000011 0.001441 700.000000 12.110726
340 0.000011 0.001075 800.000000 12.232416
350 0.000039 0.007148 100.000000 13.698630
350 0.000019 0.006986 200.000000 11.764706
350 0.000021 0.006284 300.000000 12.448133
350 0.000019 0.005636 400.000000 12.618297
350 0.000017 0.003311 500.000000 11.709601
350 0.000014 0.001721 600.000000 12.072434
350 0.000013 0.001296 700.000000 12.068966
350 0.000012 0.001039 800.000000 12.232416
360 0.000038 0.006301 100.000000 13.333333
360 0.000016 0.005740 200.000000 11.834319
360 0.000021 0.005103 300.000000 12.448133
360 0.000021 0.004599 400.000000 12.383901
360 0.000016 0.002873 500.000000 11.737089
360 0.000013 0.001748 600.000000 12.072434
360 0.000014 0.001361 700.000000 12.048193
360 0.000013 0.001175 800.000000 12.213740
370 0.000029 0.007185 100.000000 12.048193
370 0.000013 0.005226 200.000000 11.834319
370 0.000019 0.004440 300.000000 12.500000
370 0.000036 0.003493 400.000000 11.799410
370 0.000017 0.002841 500.000000 11.764706
370 0.000013 0.002021 600.000000 12.072434
370 0.000014 0.001568 700.000000 12.048193
370 0.000012 0.001255 800.000000 12.066365
380 0.000022 0.007877 100.000000 10.869565
380 0.000012 0.005362 200.000000 11.834319
380 0.000019 0.004763 300.000000 12.448133
380 0.000020 0.005101 400.000000 11.428572
380 0.000019 0.003083 500.000000 11.792453
380 0.000016 0.002191 600.000000 12.048193
380 0.000015 0.001611 700.000000 12.048193
380 0.000012 0.001198 800.000000 11.922503
390 0.000020 0.007778 100.000000 10.309278
390 0.000013 0.005347 200.000000 11.834319
390 0.000019 0.004626 300.000000 12.448133
390 0.000018 0.004697 400.000000 11.299435
390 0.000018 0.002775 500.000000 11.792453
390 0.000015 0.002017 600.000000 12.000000
390 0.000014 0.001552 700.000000 12.048193
390 0.000011 0.001221 800.000000 11.816839
400 0.000012 0.007553 100.000000 10.101010
400 0.000016 0.005805 200.000000 11.764706
400 0.000018 0.005018 300.000000 12.396694
400 0.000021 0.004501 400.000000 11.235955
400 0.000018 0.002531 500.000000 11.764706
400 0.000014 0.001862 600.000000 11.952191
400 0.000014 0.001528 700.000000 12.027492
400 0.000012 0.001277 800.000000 11.713031
410 0.000011 0.007533 100.000000 10.000000
410 0.000011 0.005766 200.000000 11.764706
410 0.000015 0.005199 300.000000 12.295082
410 0.000022 0.004253 400.000000 11.235955
410 0.000017 0.002423 500.000000 11.764706
410 0.000014 0.001811 600.000000 11.857708
410 0.000014 0.001518 700.000000 12.027492
410 0.000012 0.001316 800.000000 11.577424
420 0.000014 0.006626 100.000000 10.101010
420 0.000016 0.005743 200.000000 11.764706
420 0.000017 0.005077 300.000000 12.244898
420 0.000023 0.003877 400.000000 11.267606
420 0.000016 0.002265 500.000000 11.764706
420 0.000015 0.001782 600.000000 11.811024
420 0.000015 0.001615 700.000000 12.027492
430 0.000015 0.005794 100.000000 10.309278
430 0.000013 0.005144 200.000000 11.904762
430 0.000018 0.004912 300.000000 12.096774
430 0.000023 0.003455 400.000000 11.331445
430 0.000017 0.002243 500.000000 11.792453
430 0.000015 0.001835 600.000000 11.811024
430 0.000015 0.001802 700.000000 12.027492
440 0.000015 0.005322 100.000000 10.752688
440 0.000015 0.004695 200.000000 12.195122
440 0.000028 0.004243 300.000000 11.904762
440 0.000024 0.003220 400.000000 11.461318
440 0.000017 0.002279 500.000000 11.876485
440 0.000015 0.001872 600.000000 11.881188
440 0.000015 0.001901 700.000000 12.027492
450 0.000025 0.005057 100.000000 11.363636
450 0.000015 0.004757 200.000000 12.500000
450 0.000048 0.004162 300.000000 11.627907
450 0.000022 0.002903 400.000000 11.627907
450 0.000016 0.002168 500.000000 12.019231
450 0.000015 0.001908 600.000000 11.976048
450 0.000014 0.002068 700.000000 12.048193
460 0.000029 0.004486 100.000000 12.048193
460 0.000016 0.004442 200.000000 12.903226
460 0.000028 0.003797 300.000000 11.583012
460 0.000022 0.002320 400.000000 11.799410
460 0.000016 0.002078 500.000000 12.135922
460 0.000013 0.002000 600.000000 12.096774
460 0.000012 0.002206 700.000000 12.048193
470 0.000018 0.004354 100.000000 12.820513
470 0.000018 0.004194 200.000000 13.333333
470 0.000025 0.004464 300.000000 11.583012
470 0.000021 0.002589 400.000000 11.976048
470 0.000017 0.002202 500.000000 12.254902
470 0.000015 0.002018 600.000000 12.219959
470 0.000012 0.002098 700.000000 12.068966
480 0.000019 0.004596 100.000000 13.333333
480 0.000018 0.004363 200.000000 13.605442
480 0.000028 0.004903 300.000000 11.583012
480 0.000023 0.002805 400.000000 12.121212
480 0.000018 0.002252 500.000000 12.345679
480 0.000016 0.002064 600.000000 12.320329
480 0.000014 0.002155 700.000000 12.048193
490 0.000029 0.004905 100.000000 13.698630
490 0.000021 0.004596 200.000000 13.793103
490 0.000027 0.004455 300.000000 11.627907
490 0.000023 0.002610 400.000000 12.195122
490 0.000017 0.002262 500.000000 12.376238
490 0.000015 0.002280 600.000000 12.371134
490 0.000013 0.002427 700.000000 12.006861
500 0.000034 0.004970 100.000000 13.888889
500 0.000022 0.004653 200.000000 13.793103
500 0.000033 0.004948 300.000000 11.627907
500 0.000023 0.002955 400.000000 12.232416
500 0.000020 0.002343 500.000000 12.345679
500 0.000017 0.002182 600.000000 12.396694
500 0.000015 0.002256 700.000000 11.925042
510 0.000037 0.003815 100.000000 13.888889
510 0.000030 0.003505 200.000000 13.698630
510 0.000025 0.004000 300.000000 11.627907
510 0.000020 0.002887 400.000000 12.232416
510 0.000018 0.002465 500.000000 12.254902
510 0.000017 0.002322 600.000000 12.396694
520 0.000034 0.004083 100.000000 13.888889
520 0.000027 0.003719 200.000000 13.422819
520 0.000031 0.004132 300.000000 11.627907
520 0.000023 0.003050 400.000000 12.195122
520 0.000020 0.002511 500.000000 12.165450
520 0.000018 0.002381 600.000000 12.371134
530 0.000041 0.003550 100.000000 13.698630
530 0.000031 0.003712 200.000000 12.658228
530 0.000033 0.004134 300.000000 11.627907
530 0.000022 0.003134 400.000000 12.158054
530 0.000020 0.002473 500.000000 12.106538
530 0.000019 0.002408 600.000000 12.269938
540 0.000044 0.003047 100.000000 13.698630
540 0.000061 0.005119 200.000000 11.363636
540 0.000030 0.004039 300.000000 11.673152
540 0.000021 0.003101 400.000000 12.121212
540 0.000020 0.002411 500.000000 12.077294
540 0.000017 0.002334 600.000000 12.048193
550 0.000034 0.003079 100.000000 13.698630
550 0.000039 0.006594 200.000000 10.869565
550 0.000029 0.003883 300.000000 11.673152
550 0.000022 0.003140 400.000000 12.084592
550 0.000019 0.002599 500.000000 12.077294
550 0.000016 0.002504 600.000000 11.881188
560 0.000028 0.003300 100.000000 13.698630
560 0.000040 0.006246 200.000000 10.695188
560 0.000030 0.003980 300.000000 11.673152
560 0.000021 0.003330 400.000000 12.048193
560 0.000017 0.002951 500.000000 12.106538
560 0.000015 0.002896 600.000000 11.741683
570 0.000020 0.003069 100.000000 13.513514
570 0.000047 0.006021 200.000000 10.638298
570 0.000029 0.004133 300.000000 11.718750
570 0.000019 0.003397 400.000000 11.976048
570 0.000018 0.003007 500.000000 12.106538
570 0.000017 0.002896 600.000000 11.627907
580 0.000032 0.003893 100.000000 13.333333
580 0.000039 0.005501 200.000000 10.638298
580 0.000028 0.004317 300.000000 11.673152
580 0.000018 0.003808 400.000000 11.869436
580 0.000019 0.003548 500.000000 12.106538
590 0.000022 0.003670 100.000000 12.987013
590 0.000047 0.005405 200.000000 10.695188
590 0.000028 0.004734 300.000000 11.673152
590 0.000019 0.004179 400.000000 11.764706
590 0.000020 0.004009 500.000000 12.077294
600 0.000071 0.003607 100.000000 11.764706
600 0.000046 0.005711 200.000000 10.752688
600 0.000026 0.004946 300.000000 11.627907
600 0.000018 0.004145 400.000000 11.695907
600 0.000020 0.004049 500.000000 11.990408
610 0.000179 0.006323 100.000000 9.803922
610 0.000050 0.005970 200.000000 10.752688
610 0.000027 0.005005 300.000000 11.627907
610 0.000020 0.004180 400.000000 11.695907
610 0.000020 0.004012 500.000000 11.764706
620 0.000100 0.011539 100.000000 8.928572
620 0.000049 0.006061 200.000000 10.810811
620 0.000028 0.004969 300.000000 11.583012
620 0.000022 0.004166 400.000000 11.695907
620 0.000019 0.003963 500.000000 11.547344
630 0.000096 0.011730 100.000000 8.695652
630 0.000047 0.006243 200.000000 10.810811
630 0.000027 0.004901 300.000000 11.538462
630 0.000021 0.004153 400.000000 11.695907
630 0.000019 0.003928 500.000000 11.415525
640 0.000095 0.011253 100.000000 8.695652
640 0.000046 0.006184 200.000000 10.869565
640 0.000026 0.004617 300.000000 11.494253
640 0.000023 0.003824 400.000000 11.730206
640 0.000021 0.003634 500.000000 11.312217
650 0.000093 0.010706 100.000000 8.771930
650 0.000045 0.006667 200.000000 10.928962
650 0.000028 0.005204 300.000000 11.406844
650 0.000024 0.004442 400.000000 11.764706
650 0.000023 0.004256 500.000000 11.185682
660 0.000099 0.010111 100.000000 8.849558
660 0.000044 0.006309 200.000000 10.989011
660 0.000026 0.004661 300.000000 11.363636
660 0.000026 0.004038 400.000000 11.799410
670 0.000104 0.010348 100.000000 9.090909
670 0.000049 0.006887 200.000000 11.111111
670 0.000031 0.005287 300.000000 11.363636
670 0.000030 0.004657 400.000000 11.869436
680 0.000121 0.008037 100.000000 9.523809
680 0.000056 0.005144 200.000000 11.363636
680 0.000041 0.004171 300.000000 11.538462
680 0.000034 0.004221 400.000000 11.940298
690 0.000137 0.004606 100.000000 10.101010
690 0.000066 0.002968 200.000000 11.764706
690 0.000047 0.003979 300.000000 11.764706
690 0.000041 0.004740 400.000000 12.084592
700 0.000157 0.003500 100.000000 10.869565
700 0.000074 0.005020 200.000000 12.195122
700 0.000057 0.006731 300.000000 12.096774
700 0.000044 0.007596 400.000000 12.232416
710 0.000184 0.008054 100.000000 11.627907
710 0.000092 0.010045 200.000000 12.658228
710 0.000066 0.011557 300.000000 12.396694
710 0.000052 0.012327 400.000000 12.345679
720 0.000074 0.003169 100.000000 12.500000
720 0.000040 0.003354 200.000000 13.071896
720 0.000034 0.003918 300.000000 12.658228
720 0.000023 0.004660 400.000000 12.422360
730 0.000033 0.006447 100.000000 13.333333
730 0.000030 0.006042 200.000000 13.422819
730 0.000023 0.005944 300.000000 12.931034
730 0.000015 0.006178 400.000000 12.383901
740 0.000025 0.005567 100.000000 13.888889
740 0.000033 0.005230 200.000000 13.605442
740 0.000020 0.005542 300.000000 13.100436
740 0.000009 0.005939 400.000000 12.345679
750 0.000023 0.006059 100.000000 14.084507
750 0.000026 0.005390 200.000000 13.605442
750 0.000019 0.005691 300.000000 13.215859
750 0.000006 0.006077 400.000000 12.232416
760 0.000016 0.006874 100.000000 14.285714
760 0.000022 0.005912 200.000000 13.422819
760 0.000013 0.006218 300.000000 13.215859
760 0.000006 0.006242 400.000000 12.048193
770 0.000013 0.006688 100.000000 14.084507
770 0.000027 0.006155 200.000000 13.071896
770 0.000015 0.006563 300.000000 13.157895
780 0.000014 0.007795 100.000000 13.888889
780 0.000022 0.006900 200.000000 12.820513
780 0.000011 0.007442 300.000000 13.043478
790 0.000018 0.007677 100.000000 13.698630
790 0.000024 0.007166 200.000000 12.658228
790 0.000013 0.007757 300.000000 12.711864
800 0.000033 0.007567 100.000000 13.333333
800 0.000025 0.007244 200.000000 12.658228
800 0.000013 0.007531 300.000000 12.195122
810 0.000038 0.006607 100.000000 13.157895
810 0.000017 0.006834 200.000000 12.658228
810 0.000004 0.007084 300.000000 11.857708
820 0.000038 0.006228 100.000000 12.820513
820 0.000018 0.006790 200.000000 12.658228
820 0.000007 0.007025 300.000000 11.627907
830 0.000034 0.004853 100.000000 12.345679
830 0.000018 0.005497 200.000000 12.658228
830 0.000014 0.005683 300.000000 11.363636
840 0.000044 0.005729 100.000000 12.048193
840 0.000020 0.006571 200.000000 12.658228
850 0.000034 0.005950 100.000000 11.764706
850 0.000015 0.006900 200.000000 12.578616
860 0.000039 0.006223 100.000000 11.627907
860 0.000015 0.007469 200.000000 12.269938
870 0.000025 0.005744 100.000000 11.764706
870 0.000007 0.006563 200.000000 11.764706
880 0.000008 0.006456 100.000000 11.904762
880 0.000014 0.006771 200.000000 11.363636
890 0.000007 0.007086 100.000000 12.048193
890 0.000022 0.007292 200.000000 11.111111
900 0.000020 0.006675 100.000000 12.345679
900 0.000027 0.006723 200.000000 10.989011
910 0.000020 0.006497 100.000000 12.658228
910 0.000029 0.006323 200.000000 10.810811
920 0.000031 0.006629 100.000000 12.987013
930 0.000034 0.008210 100.000000 13.333333
940 0.000032 0.008600 100.000000 13.157895
950 0.000026 0.008647 100.000000 12.048193
960 0.000026 0.007737 100.000000 10.989011
970 0.000038 0.008023 100.000000 10.204082
980 0.000044 0.008530 100.000000 9.708738
990 0.000040 0.007260 100.000000 9.090909
