0.000000 -0.000000 0.152191 -0.048152
-0.140643 2.574964 0.130240 2.018955
-0.281220 5.148987 0.068029 4.239861
-0.421837 7.724036 -0.032524 6.598381
-0.562431 10.298960 -0.165348 9.043750
-0.701879 12.869650 -0.293720 11.583125
-0.854664 15.479570 -0.476054 14.158491
-1.011589 18.173180 -0.652597 16.846281
-1.171840 20.913680 -0.834404 19.566362
-1.334841 23.709530 -1.025203 22.333023
-1.487044 26.544710 -1.202487 25.151981
-1.633363 29.422930 -1.377161 27.991610
-1.768976 32.357140 -1.544308 30.909044
-1.929780 35.330970 -1.738961 33.837917
-2.126953 38.471510 -1.936098 36.800392
-2.329940 41.561110 -2.155957 39.765823
-2.535885 44.597900 -2.372788 42.757900
-2.728914 47.592750 -2.589463 45.708527
-2.937935 50.537730 -2.807220 48.594193
-3.130185 53.464980 -3.017725 51.485149
-3.310922 56.350390 -3.235369 54.345989
-3.511313 59.225400 -3.460482 57.188396
-3.703384 62.006320 -3.688282 59.952763
-3.912602 64.697860 -3.938634 62.631016
-4.114442 67.264550 -4.179468 65.191795
-4.313021 69.714240 -4.413949 67.604713
-4.514875 72.037350 -4.662259 69.926231
-4.709494 74.175390 -4.885110 72.037773
-4.891889 76.138280 -5.099955 73.994408
-5.039038 77.925340 -5.261684 75.785400
-5.159772 79.592300 -5.415216 77.456810
-5.235209 81.135380 -5.502301 79.004440
-5.207469 82.555940 -5.476326 80.431244
-5.029560 83.885300 -5.300247 81.776642
-4.680938 85.118200 -4.967127 82.999992
-4.130089 86.200010 -4.447655 84.083565
-3.393066 87.095580 -3.731522 84.981606
-2.508137 87.820100 -2.857075 85.707520
-1.511055 88.343490 -1.876099 86.245468
-0.450022 88.747950 -0.844961 86.647179
0.676345 89.023150 0.243235 86.944183
1.832910 89.277150 1.393414 87.200928
3.089762 89.418990 2.628288 87.349342
4.475771 89.556060 4.002110 87.499474
5.974572 89.621010 5.492189 87.582397
7.614093 89.671530 7.129708 87.656006
9.420230 89.707860 8.936892 87.714401
11.388370 89.721450 10.906240 87.762375
13.505010 89.738680 13.023243 87.830315
15.773680 89.805260 15.276084 87.937820
18.156510 89.929480 17.658566 88.104004
20.581930 90.082780 20.073692 88.280869
23.034320 90.227690 22.531147 88.471535
25.478370 90.365000 24.970444 88.655670
27.909920 90.499220 27.399109 88.823051
30.340320 90.588890 29.833965 88.946533
32.740690 90.598330 32.238194 88.991501
35.110390 90.529620 34.599873 88.960266
37.430830 90.386730 36.911697 88.859344
39.683630 90.176290 39.178825 88.692406
41.863240 89.910310 41.374874 88.467911
43.959460 89.634420 43.481705 88.227493
45.922800 89.378560 45.423134 88.009544
47.726310 89.193250 47.231224 87.858528
49.366470 89.121130 48.856686 87.814888
50.939410 89.191540 50.381962 87.904572
52.464070 89.450930 51.887131 88.168083
53.889450 89.945260 53.284470 88.674713
55.133190 90.660970 54.510117 89.428589
56.158450 91.620300 55.538628 90.404587
56.967930 92.764920 56.293816 91.535095
57.539920 94.061200 56.885601 92.849991
57.927200 95.446880 57.230724 94.182327
58.277310 96.884370 57.558556 95.593208
58.589460 98.403450 57.836487 97.101860
58.940360 100.002400 58.157215 98.657700
59.343230 101.692600 58.519978 100.343590
59.798800 103.499800 58.947121 102.161835
60.309140 105.392300 59.415367 104.066055
60.819120 107.363700 59.896049 106.057091
61.355080 109.477800 60.395676 108.169418
61.874140 111.669200 60.871803 110.363770
62.417580 113.964900 61.370422 112.670090
62.973720 116.373200 61.869900 115.052124
63.512460 118.836400 62.362400 117.486832
64.057360 121.342700 62.858330 119.989754
64.655860 123.876700 63.411919 122.496185
65.262090 126.422600 63.985672 124.999825
65.864770 128.941000 64.536278 127.496742
66.510510 131.382800 65.114998 129.948471
67.135460 133.867500 65.668663 132.432480
67.748220 136.262500 66.188301 134.826675
68.311480 138.668800 66.704292 137.254089
68.830800 141.066900 67.155151 139.659103
69.359830 143.451000 67.619438 142.038589
69.844620 145.829800 68.063202 144.400482
70.257380 148.240700 68.440933 146.794876
70.634070 150.615300 68.795006 149.146729
70.952630 153.048800 69.062622 151.578186
71.236680 155.482600 69.295174 154.007172
71.430750 157.958600 69.456924 156.478989
71.592060 160.420500 69.583420 158.932327
71.705560 162.889100 69.671051 161.392288
71.811250 165.386800 69.758553 163.861603
71.901490 167.846500 69.814606 166.288788
71.944200 170.358200 69.825485 168.795349
71.944230 172.867000 69.796028 171.275314
71.880770 175.411200 69.693573 173.802658
71.759300 177.947700 69.528679 176.328384
71.629380 180.489300 69.358047 178.848938
71.495820 183.069400 69.198822 181.432953
71.389860 185.611000 69.054253 183.966827
71.229200 188.181800 68.866516 186.506134
71.075770 190.694700 68.667099 189.024887
70.908190 193.208300 68.448662 191.533279
70.732240 195.676300 68.258965 193.965790
70.587330 197.902600 68.051277 196.373795
70.462020 200.022200 67.870522 198.643356
70.336670 202.141700 67.700706 200.731491
70.211280 204.261000 67.561684 202.743073
70.085900 206.379000 67.459152 204.729767
69.986060 208.445300 67.396118 206.673859
70.007780 210.375700 67.404411 208.615158
70.026080 212.295900 67.397217 210.554733
70.017620 214.252400 67.385010 212.508438
70.013230 216.217200 67.354576 214.465271
69.972110 218.270700 67.318069 216.518066
69.934360 220.317400 67.255157 218.572754
69.972850 222.305500 67.200668 220.656082
69.981630 224.353700 67.147141 222.745346
69.981870 226.399100 67.083687 224.845398
69.949190 228.454500 66.993507 226.918091
69.907170 230.454300 66.903908 228.945358
69.859830 232.418200 66.821716 230.922272
69.810200 234.247600 66.723236 232.772034
69.754960 235.896800 66.623947 234.431458
69.602960 237.437200 66.436302 235.952499
69.315000 238.920100 66.108582 237.402771
68.846420 240.276600 65.620522 238.690613
68.166090 241.479400 64.964500 239.803726
67.318270 242.492800 64.139503 240.775131
66.332240 243.344200 63.145279 241.609161
65.260110 243.991900 62.056961 242.221863
64.140300 244.474300 60.964890 242.637299
62.867510 244.772700 59.654831 242.914688
61.458940 244.926000 58.260078 243.034760
59.947420 244.952000 56.776524 243.012833
58.335370 244.902100 55.171612 242.904388
56.595980 244.824000 53.438217 242.779861
54.694040 244.743800 51.534653 242.649689
52.650420 244.604800 49.441948 242.508942
50.451970 244.390700 47.167862 242.361374
48.058070 244.235000 44.705891 242.216599
45.515050 244.100900 42.089592 242.078674
42.921790 243.969200 39.446869 241.936447
40.316590 243.840300 36.773773 241.782944
37.706940 243.722400 34.136341 241.616623
35.094890 243.629800 31.522961 241.409500
32.472950 243.489000 28.927542 241.182404
29.851950 243.348200 26.362804 240.969238
27.264200 243.258500 23.819874 240.786346
24.724050 243.174900 21.310833 240.628616
22.210390 243.091000 18.823666 240.478897
19.736330 242.979500 16.365389 240.301224
17.311070 242.850400 13.960575 240.094864
14.901790 242.682800 11.576717 239.867905
12.542000 242.455300 9.239229 239.595947
10.258080 242.218100 6.973682 239.326157
8.077281 241.997300 4.792883 239.062012
6.032146 241.805400 2.737701 238.829620
4.114420 241.647100 0.820309 238.631134
2.325909 241.523700 -0.976507 238.478455
0.684853 241.422100 -2.628046 238.353455
-0.804697 241.361800 -4.113666 238.267029
-2.147061 241.322400 -5.464114 238.199982
-3.335045 241.321100 -6.653706 238.171799
-4.362696 241.347700 -7.666901 238.174149
-5.195608 241.375100 -8.495811 238.181488
-5.787975 241.411000 -9.082799 238.200394
-6.148943 241.435700 -9.440147 238.207275
-6.347609 241.453500 -9.628655 238.212067
-6.441034 241.457400 -9.714942 238.212479
-6.441440 241.456100 -9.713459 238.211807
-6.439927 241.462600 -9.706428 238.216232
-6.440440 241.482800 -9.719167 238.214188
-6.480607 241.498100 -9.759902 238.215775
-6.560264 241.507700 -9.838599 238.217133
-6.742488 241.516100 -10.018877 238.224838
-7.099251 241.541700 -10.375894 238.244171
-7.627305 241.597900 -10.897190 238.299576
-8.293171 241.705000 -11.568354 238.406372
-9.050632 241.890800 -12.319832 238.584396
-9.863606 242.207700 -13.101707 238.883942
-10.727660 242.661600 -13.969780 239.308228
-11.566170 243.294100 -14.796608 239.931076
-12.317670 244.121800 -15.552414 240.752411
-12.969870 245.164100 -16.241402 241.811371
-13.469580 246.441200 -16.769844 243.118591
-13.828110 247.877300 -17.140575 244.604218
-14.057520 249.558000 -17.389977 246.284790
-14.176210 251.405900 -17.545734 248.122772
-14.264690 253.405000 -17.663261 250.119644
-14.328890 255.544200 -17.754330 252.251205
-14.399650 257.837600 -17.856411 254.508743
-14.471380 260.263200 -17.954784 256.911469
-14.561590 262.807800 -18.094994 259.431396
-14.652820 265.491700 -18.220982 262.104736
-14.739760 268.254400 -18.343281 264.829865
-14.858340 271.134800 -18.496307 267.676697
-14.973530 274.134700 -18.656792 270.651642
-15.069550 277.175700 -18.816380 273.684784
-15.175210 280.293600 -18.990021 276.782776
-15.297230 283.446400 -19.165058 279.908112
-15.436590 286.619600 -19.365725 283.053833
-15.585790 289.810900 -19.607563 286.211182
-15.736240 292.959600 -19.836842 289.329559
-15.885310 296.071900 -20.056269 292.406525
-16.046970 299.165600 -20.285950 295.477600
-16.219660 302.246300 -20.517979 298.529938
-16.389710 305.314100 -20.749140 301.562958
-16.559690 308.378300 -20.970478 304.596771
-16.709350 311.458900 -21.180855 307.635193
-16.839300 314.563300 -21.386122 310.710724
-16.972270 317.709200 -21.597769 313.812469
-17.118400 320.893100 -21.806627 316.995148
-17.281700 324.127200 -22.018950 320.191071
-17.454380 327.375400 -22.228037 323.420074
-17.614190 330.593900 -22.424559 326.610535
-17.775860 333.802500 -22.627752 329.786438
-17.959610 336.995200 -22.810623 332.940582
-18.128440 340.134300 -23.009031 336.029541
-18.295640 343.191900 -23.214632 339.062714
-18.453080 346.169000 -23.427582 342.009247
-18.632610 349.056200 -23.637951 344.862518
-18.817710 351.841100 -23.858627 347.641052
-18.986450 354.488400 -24.062468 350.287720
-19.124870 356.982400 -24.238716 352.768188
-19.220930 359.289500 -24.376089 355.091705
-19.310450 361.377700 -24.502979 357.186768
-19.390050 363.254000 -24.615692 359.076233
-19.458340 364.945900 -24.711283 360.773773
-19.552440 366.417400 -24.845028 362.246918
-19.716910 367.755600 -25.012440 363.601715
-19.992010 369.044200 -25.302017 364.858185
-20.413100 370.267200 -25.756989 366.039978
-20.994480 371.390500 -26.318115 367.092682
-21.767920 372.412000 -27.038757 368.017212
-22.740410 373.381300 -27.990906 368.954163
-23.931400 374.199500 -29.139816 369.719360
-25.311900 374.775400 -30.565788 370.258698
-26.849130 375.102700 -32.158295 370.563049
-28.541320 375.088500 -33.837368 370.511414
-30.331610 374.930400 -35.606071 370.310944
-32.178580 374.714400 -37.446548 370.046326
-34.124600 374.519300 -39.360245 369.828766
-36.192510 374.312000 -41.413662 369.590790
-38.360350 374.089000 -43.560448 369.330139
-40.674090 373.890900 -45.876625 369.097107
-43.125350 373.717400 -48.336876 368.876526
-45.733890 373.570600 -50.946243 368.672363
-48.422050 373.450300 -53.641174 368.485779
-51.153580 373.336900 -56.362679 368.317719
-53.919190 373.217300 -59.138599 368.139496
-56.668140 373.082400 -61.897980 367.939117
-59.399580 372.949600 -64.614029 367.731903
-62.128270 372.797100 -67.343056 367.510559
-64.827270 372.599800 -70.045715 367.237793
-67.509200 372.402100 -72.730919 366.979340
-70.186170 372.208700 -75.394150 366.702087
-72.845340 372.028400 -78.046341 366.457184
-75.495320 371.886100 -80.706482 366.251740
-78.116050 371.787300 -83.329628 366.101532
-80.717850 371.718500 -85.955574 365.980560
-83.311780 371.694800 -88.552994 365.895721
-85.842710 371.709900 -91.099968 365.858826
-88.215690 371.734100 -93.472679 365.833954
-90.402660 371.755300 -95.674576 365.808228
-92.376860 371.747200 -97.656570 365.757782
-94.181170 371.700000 -99.467361 365.677460
-95.954170 371.610100 -101.257286 365.539307
-97.692900 371.484000 -102.997025 365.355835
-99.428840 371.332400 -104.734787 365.157654
-101.212400 371.150100 -106.516960 364.934967
-103.049100 370.929900 -108.348640 364.659943
-104.963700 370.712900 -110.273666 364.406921
-106.999900 370.469800 -112.306671 364.120636
-109.147400 370.218500 -114.449188 363.827759
-111.413900 369.990500 -116.691040 363.557739
-113.850400 369.787500 -119.116653 363.311584
-116.381500 369.587900 -121.634460 363.056244
-119.079000 369.402000 -124.322449 362.828583
-121.870500 369.312400 -127.122314 362.680420
-124.798000 369.251000 -130.037949 362.601135
-127.749200 369.222000 -132.971664 362.526215
-130.738100 369.191300 -135.964233 362.435089
-133.724900 369.151000 -138.937561 362.346527
-136.693200 369.116700 -141.890945 362.225616
-139.640200 369.026200 -144.825058 362.060638
-142.545400 368.909400 -147.732666 361.874390
-145.452900 368.800400 -150.657440 361.697876
-148.326000 368.653700 -153.537659 361.474670
-151.184500 368.483700 -156.382004 361.237457
-154.029500 368.306700 -159.213913 360.991333
-156.834000 368.110800 -162.004074 360.728821
-159.601600 367.929800 -164.767944 360.490601
-162.352900 367.769700 -167.507904 360.272339
-165.025300 367.622800 -170.158691 360.070404
-167.587100 367.473600 -172.721786 359.873016
-169.989700 367.347100 -175.107956 359.704254
-172.229800 367.237400 -177.319153 359.551361
-174.255000 367.118500 -179.357574 359.387177
-176.113500 366.976300 -181.211609 359.210693
-177.851600 366.825100 -182.953018 359.018921
-179.482200 366.619100 -184.577606 358.755432
-181.041000 366.257200 -186.111481 358.336365
-182.506900 365.700900 -187.522095 357.784302
-183.830900 364.922700 -188.745804 357.036255
-184.967900 363.901900 -189.869629 356.022217
-185.900600 362.645300 -190.753540 354.731873
-186.575700 361.163300 -191.375488 353.262451
-186.999600 359.497900 -191.788818 351.600677
-187.152300 357.675600 -191.910355 349.819122
-187.206000 355.773500 -191.917450 347.934814
-187.197400 353.800900 -191.873611 345.970734
-187.078300 351.712900 -191.718658 343.900085
-186.904300 349.515700 -191.502350 341.701447
-186.700200 347.199500 -191.267319 339.370605
-186.441500 344.761700 -190.957748 336.915314
-186.138100 342.245600 -190.633240 334.394836
-185.836200 339.600700 -190.295288 331.743713
-185.558800 336.870000 -189.959106 329.012390
-185.300200 334.088400 -189.636536 326.235718
-185.053400 331.295700 -189.339981 323.418304
-184.825700 328.513100 -189.049988 320.613556
-184.626700 325.706700 -188.800049 317.830505
-184.418100 322.895600 -188.534210 315.044952
-184.219300 320.049800 -188.282318 312.205780
-184.077900 317.187100 -188.099030 309.347321
-183.933200 314.300800 -187.894165 306.446320
-183.761600 311.460200 -187.679703 303.612518
-183.601800 308.616200 -187.454193 300.764435
-183.458100 305.794900 -187.241638 297.952026
-183.343100 303.000200 -187.054337 295.171112
-183.261300 300.211900 -186.892548 292.380280
-183.178800 297.450000 -186.725204 289.581604
-183.090500 294.684900 -186.561234 286.825623
-182.927300 291.908300 -186.316010 284.020477
-182.766600 289.099200 -186.080933 281.168304
-182.613800 286.267300 -185.834351 278.335480
-182.441900 283.385600 -185.598953 275.447449
-182.300400 280.490600 -185.382248 272.557861
-182.149900 277.557000 -185.176331 269.621155
-182.001400 274.627800 -184.969238 266.656647
-181.823500 271.689000 -184.722107 263.688446
-181.638500 268.767800 -184.471863 260.738831
-181.424600 265.787800 -184.199936 257.750305
-181.219800 262.838200 -183.914978 254.770523
-181.009300 259.844900 -183.631958 251.760742
-180.770400 256.828000 -183.322693 248.735992
-180.561000 253.860400 -183.037430 245.767776
-180.372700 250.908200 -182.771545 242.807343
-180.191000 247.979500 -182.517227 239.891800
-180.025600 245.104800 -182.279877 237.020493
-179.890000 242.301100 -182.077789 234.209641
-179.765100 239.629200 -181.882690 231.498871
-179.603400 237.077700 -181.651688 228.934692
-179.486600 234.610600 -181.468964 226.444962
-179.426200 232.293500 -181.348999 224.112595
-179.384800 230.153000 -181.251984 221.928482
-179.372900 228.203000 -181.174530 219.955551
-179.353200 226.445600 -181.109528 218.182968
-179.284500 224.889700 -180.996201 216.604416
-179.159500 223.520400 -180.835587 215.219986
-178.892900 222.222300 -180.518143 213.926941
-178.440800 221.019500 -180.013763 212.753937
-177.799300 219.912400 -179.374573 211.742004
-176.993100 218.868700 -178.539383 210.695663
-175.953700 217.908600 -177.442963 209.714005
-174.646400 217.098800 -176.118103 208.877380
-173.037500 216.423500 -174.563934 208.245667
-171.242400 215.987700 -172.783661 207.837097
-169.251700 215.748100 -170.867142 207.672928
-167.160900 215.651300 -168.880203 207.641602
-164.983800 215.579200 -166.736496 207.674377
-162.753200 215.542200 -164.531250 207.707565
-160.419600 215.517400 -162.214859 207.778625
-157.986900 215.494400 -159.816681 207.860504
-155.493900 215.476600 -157.343063 207.951706
-152.924600 215.528800 -154.787399 208.086655
-150.250300 215.556200 -152.139709 208.224091
-147.567100 215.656900 -149.434967 208.382263
-144.855900 215.751900 -146.730148 208.593185
-142.145800 215.896800 -144.038605 208.837448
-139.455100 216.087400 -141.358566 209.148895
-136.768400 216.330800 -138.694656 209.481369
-134.103700 216.562300 -136.073318 209.801300
-131.505400 216.803000 -133.460663 210.138580
-128.992800 217.018200 -130.943710 210.418625
-126.584900 217.191000 -128.541260 210.666977
-124.357100 217.330100 -126.310074 210.879105
-122.326100 217.418900 -124.269905 211.020309
-120.463500 217.466200 -122.390884 211.115158
-118.653600 217.497200 -120.565079 211.186264
-116.849600 217.495900 -118.743835 211.224411
-115.067800 217.514000 -116.952667 211.269547
-113.324000 217.535300 -115.197784 211.324509
-111.616000 217.623100 -113.486526 211.450867
-109.927700 217.875300 -111.799004 211.709473
-108.290900 218.301300 -110.176056 212.108734
-106.749500 218.945400 -108.674721 212.757233
-105.349200 219.793800 -107.269211 213.602600
-104.115500 220.834900 -106.083405 214.635239
-103.036000 222.051200 -105.074623 215.821838
-102.179100 223.400100 -104.266594 217.180939
-101.543200 224.848700 -103.701515 218.601257
-101.115700 226.383800 -103.304474 220.069962
-100.830600 227.968600 -103.058456 221.577911
-100.531100 229.501100 -102.771271 223.126297
-100.252100 231.017900 -102.510780 224.618988
-99.883990 232.463500 -102.131851 226.056976
-99.425550 233.824100 -101.654831 227.364517
-98.775880 234.872900 -101.040749 228.406311
-98.086100 235.806300 -100.346634 229.338928
-97.174270 236.468700 -99.423615 230.029175
-96.254150 236.931100 -98.454674 230.548203
-95.283150 237.358800 -97.442047 230.986038
-94.185080 237.674800 -96.279846 231.300461
-92.955310 237.898800 -94.995468 231.533386
-91.596850 238.102700 -93.597717 231.753265
-90.074690 238.248300 -92.038353 231.913223
-88.387450 238.391700 -90.315010 232.089890
-86.486290 238.540100 -88.445007 232.273529
-84.443490 238.650800 -86.442474 232.465561
-82.253860 238.746800 -84.288483 232.665192
-79.940140 238.872300 -82.018311 232.848022
-77.539590 239.011100 -79.663155 233.021576
-75.087440 239.150700 -77.239502 233.182755
-72.574930 239.313900 -74.737671 233.340607
-69.991910 239.446400 -72.145004 233.497086
-67.351620 239.548800 -69.513641 233.647141
-64.666360 239.657700 -66.895134 233.834763
-61.998030 239.808800 -64.259094 234.045090
-59.311750 239.952600 -61.634010 234.275208
-56.701950 240.109100 -59.070988 234.505035
-54.151130 240.267600 -56.526291 234.727341
-51.625940 240.427100 -54.007553 234.957214
-49.127390 240.564300 -51.535774 235.179901
-46.665870 240.712700 -49.119888 235.412094
-44.240570 240.886300 -46.735016 235.646408
-41.878960 241.088900 -44.361282 235.897888
-39.649020 241.312800 -42.135651 236.145950
-37.552430 241.539400 -40.037018 236.393677
-35.488740 241.743100 -37.960693 236.631897
-33.456700 241.939000 -35.931366 236.844177
-31.533090 242.124800 -33.991554 237.038574
-29.764560 242.287900 -32.216473 237.199722
-28.172420 242.408100 -30.608894 237.316544
-26.747170 242.468900 -29.181406 237.387192
-25.460260 242.473300 -27.885719 237.398911
-24.318710 242.437400 -26.745165 237.380722
-23.324200 242.322300 -25.771530 237.310623
-22.483780 242.186900 -24.935863 237.211716
-21.843230 242.069500 -24.306183 237.114304
-21.357270 241.937100 -23.818317 237.002090
-20.874950 241.791000 -23.340565 236.856842
-20.410090 241.641000 -22.865932 236.699951
-19.938580 241.453200 -22.423561 236.544067
-19.330890 241.150500 -21.809113 236.251450
-18.603550 240.674100 -21.090485 235.813354
-17.817550 240.000300 -20.309128 235.199554
-17.047940 239.130000 -19.519333 234.330597
-16.371440 238.041100 -18.829544 233.225388
-15.819140 236.731500 -18.248665 231.893433
-15.431720 235.164300 -17.857555 230.317154
-15.160930 233.366900 -17.571171 228.529816
-14.985430 231.359800 -17.358534 226.512726
-14.879450 229.166100 -17.228752 224.307068
-14.834570 226.783800 -17.143429 221.912781
-14.805910 224.227300 -17.054575 219.371628
-14.776150 221.503700 -16.959625 216.635239
-14.726190 218.625200 -16.843338 213.770523
-14.646810 215.602400 -16.698458 210.774445
-14.509690 212.459600 -16.503330 207.682114
-14.353480 209.201300 -16.272446 204.452271
-14.179740 205.869600 -16.041420 201.129257
-13.962380 202.478800 -15.771073 197.770203
-13.739120 199.045100 -15.489023 194.371719
-13.514930 195.572200 -15.197132 190.930679
-13.275440 192.054900 -14.909609 187.432266
-13.052000 188.499600 -14.640862 183.879044
-12.854570 184.884700 -14.360991 180.284973
-12.675140 181.220200 -14.133160 176.621750
-12.508030 177.502000 -13.909453 172.901993
-12.341190 173.718700 -13.680010 169.135117
-12.175010 169.898000 -13.449734 165.311737
-12.018250 166.028100 -13.242613 161.436554
-11.841350 162.134100 -13.017208 157.561050
-11.655180 158.220500 -12.785242 153.664246
-11.466580 154.287300 -12.536516 149.759842
-11.281310 150.320000 -12.288777 145.876877
-11.057620 146.379100 -12.039786 142.012680
-10.815240 142.443600 -11.760691 138.153366
-10.570550 138.517900 -11.488196 134.314331
-10.333980 134.639100 -11.206408 130.526306
-10.123240 130.785800 -10.926666 126.732430
-9.914350 127.027500 -10.643378 122.992989
-9.696148 123.395700 -10.367152 119.408371
-9.493383 119.914400 -10.106894 115.959328
-9.310280 116.607700 -9.893025 112.674355
-9.151332 113.442300 -9.690165 109.576294
-9.017561 110.482000 -9.514026 106.641701
-8.888960 107.744800 -9.354195 103.955200
-8.774269 105.222900 -9.216257 101.492950
-8.679794 102.918000 -9.092549 99.231300
-8.504861 100.812800 -8.886106 97.200569
-8.163715 98.919720 -8.524215 95.381813
-7.618518 97.243660 -7.981531 93.770424
-6.858427 95.725240 -7.233315 92.336647
-5.899838 94.392380 -6.290890 91.057121
-4.759829 93.253900 -5.210907 89.986633
-3.450087 92.348760 -3.893200 89.174873
-1.973871 91.691730 -2.430904 88.577423
-0.436803 91.261860 -0.986570 88.210030
1.138073 91.026340 0.535567 88.060532
2.751248 90.881970 2.098655 87.984268
4.431705 90.766140 3.756897 87.944206
6.211745 90.683570 5.515265 87.934250
8.081090 90.578530 7.382020 87.907410
10.076580 90.469280 9.378536 87.882675
12.205890 90.365360 11.504493 87.849968
14.489810 90.290310 13.775139 87.850250
16.910510 90.321490 16.190804 87.940674
19.453620 90.459650 18.726864 88.142563
22.045730 90.671110 21.322397 88.398911
24.644280 90.895340 23.916773 88.675705
27.207850 91.064010 26.490044 88.875046
29.764780 91.130150 29.062860 88.980507
32.287690 91.085550 31.601454 88.976532
34.803420 90.937800 34.132572 88.889626
37.325120 90.728940 36.639324 88.741173
39.896170 90.508470 39.222698 88.587364
42.547960 90.289960 41.902584 88.447754
45.244630 90.097810 44.608459 88.319862
47.943020 89.903610 47.298294 88.191963
50.617990 89.629730 49.967606 87.988647
53.252150 89.185630 52.600479 87.616280
55.814150 88.557720 55.156895 87.072502
58.313300 87.791630 57.650269 86.375473
60.805470 86.920740 60.138687 85.560493
63.322020 85.994100 62.635483 84.699608
65.833720 85.055040 65.148247 83.820625
68.406220 84.080780 67.720520 82.911446
70.998610 83.045350 70.304733 81.940536
73.578520 81.879280 72.896355 80.833565
76.170160 80.586970 75.484047 79.598434
78.819830 79.219290 78.136444 78.290382
81.480420 77.842690 80.787521 76.975517
84.108690 76.469870 83.391235 75.682098
86.695220 75.055290 85.972137 74.339638
89.188920 73.556030 88.466583 72.905098
91.573040 71.968490 90.878899 71.372108
93.850380 70.285940 93.167618 69.747787
96.020560 68.521450 95.349861 68.044060
98.103890 66.740880 97.457001 66.317596
100.107700 65.034010 99.491692 64.661903
101.996900 63.459780 101.397583 63.153542
103.764900 62.070330 103.181053 61.808846
105.408600 60.801050 104.835083 60.585785
107.003200 59.530310 106.452919 59.353760
108.589500 58.247390 108.031845 58.129745
110.134700 56.970520 109.595261 56.877525
111.717500 55.637520 111.187027 55.592030
113.353400 54.247110 112.839432 54.250942
115.077800 52.831180 114.564735 52.883324
116.904200 51.439420 116.409012 51.532295
118.836800 50.054850 118.353027 50.197746
120.853600 48.602090 120.367760 48.789532
122.938000 47.083700 122.481186 47.309860
125.092700 45.485300 124.667007 45.751896
127.330000 43.820780 126.924194 44.136383
129.637600 42.087830 129.253021 42.452377
131.967100 40.344760 131.602020 40.740742
134.297900 38.609850 133.942276 39.063789
136.621900 36.849050 136.295959 37.355656
138.949900 35.131110 138.647156 35.680965
141.293500 33.464730 140.993271 34.042965
143.603900 31.795640 143.350525 32.399719
145.871800 30.121580 145.642273 30.755657
148.133300 28.418200 147.917603 29.101372
150.347600 26.750990 150.142639 27.487648
152.506100 25.137140 152.316345 25.924973
154.521200 23.603510 154.355896 24.445541
156.409800 22.104300 156.281128 22.985687
158.102600 20.729550 157.979828 21.659401
159.605700 19.470090 159.528336 20.446327
161.034400 18.328640 160.965820 19.379326
162.527500 17.369930 162.431992 18.458939
164.102000 16.690040 163.986496 17.827682
165.725700 16.231240 165.593735 17.367638
167.465400 15.980230 167.314423 17.184849
169.275300 15.912810 169.114563 17.126551
171.157200 15.957740 170.981873 17.164309
173.098700 15.972680 172.913605 17.177237
175.120500 15.945180 174.894165 17.149380
177.167200 15.872150 176.968002 17.097433
179.305300 15.756280 179.099304 17.009953
181.477000 15.604010 181.261856 16.868275
183.703700 15.412020 183.474838 16.698021
185.980700 15.238130 185.732849 16.542667
188.280500 15.072990 188.036316 16.403603
190.577500 14.896800 190.343521 16.249056
192.894300 14.714610 192.679672 16.119820
195.244200 14.510220 195.026901 15.960106
197.633500 14.283820 197.402695 15.776315
200.090000 14.030130 199.844406 15.563585
202.592100 13.785300 202.354126 15.352802
205.104900 13.534110 204.857391 15.147991
207.640700 13.310070 207.365814 14.975071
210.148900 13.111090 209.847717 14.821982
212.697300 12.915740 212.389832 14.672535
215.224700 12.737830 214.898026 14.519422
217.808000 12.513180 217.474854 14.335915
220.389500 12.282700 220.052582 14.131706
223.037500 12.068550 222.717880 13.943288
225.699900 11.872960 225.368622 13.788378
228.380800 11.657570 228.039398 13.602589
231.063800 11.400770 230.715790 13.392361
233.768800 11.157120 233.427765 13.196129
236.452700 10.908570 236.131195 12.996571
239.115400 10.628320 238.799942 12.759548
241.756200 10.390980 241.445969 12.551498
244.376200 10.177670 244.091278 12.358120
246.942400 9.977031 246.656647 12.172630
249.503100 9.796410 249.264511 12.034761
251.962400 9.616742 251.730209 11.893099
254.329800 9.452561 254.085175 11.764140
256.557200 9.297183 256.302856 11.659488
258.681500 9.140396 258.430450 11.534084
260.487900 8.870715 260.450378 11.381668
262.171000 8.558198 262.354828 11.168066
263.852900 8.246051 264.152283 10.884827
265.533700 7.934305 265.780701 10.568581
267.212200 7.623220 267.224274 10.239948
268.719700 7.309828 268.476868 9.939754
269.768600 7.040605 269.526703 9.693073
270.654800 6.869143 270.402252 9.546837
271.433400 6.780906 271.198669 9.473984
272.188300 6.798910 271.954254 9.518550
272.939800 6.915555 272.717285 9.640128
273.674100 7.139266 273.393372 9.884777
274.435500 7.486302 274.118164 10.274513
275.206100 8.021776 274.850250 10.777832
275.841400 9.123003 275.523163 11.555115
276.399700 10.403880 276.159424 12.544670
276.938800 11.672800 276.663483 13.705429
277.461700 12.927990 277.078430 15.087914
277.969300 14.165350 277.489105 16.680183
278.402000 15.600760 277.816223 18.482677
278.675500 17.540870 278.038910 20.471100
278.887100 19.689590 278.193756 22.645771
279.050300 22.004090 278.303955 24.983768
279.153100 24.513040 278.382538 27.495552
279.310000 27.147550 278.501923 30.154306
279.492000 29.910160 278.654144 32.936333
279.682000 32.722430 278.827942 35.768379
279.891600 35.618700 279.031372 38.653088
280.117300 38.587970 279.237732 41.632042
280.340800 41.563150 279.443115 44.599884
280.553900 44.602790 279.622101 47.653305
280.757500 47.669170 279.806885 50.698502
280.966700 50.717990 279.983307 53.722885
281.189800 53.763250 280.173004 56.727375
281.387500 56.840290 280.368683 59.768166
281.609200 59.915920 280.564941 62.804863
281.892800 62.993940 280.817413 65.828018
282.168100 66.061440 281.063812 68.868340
282.386200 69.137860 281.258087 71.911774
282.581400 72.205720 281.430817 74.925644
282.741100 75.260420 281.596375 77.971420
282.945600 78.300480 281.774109 80.988670
283.185400 81.322840 281.969818 83.982513
283.441700 84.363870 282.185394 87.008659
283.683800 87.353300 282.399658 89.986404
283.940100 90.352150 282.629028 93.002495
284.231300 93.355260 282.904297 96.014786
284.541900 96.345100 283.196869 99.013641
284.938000 99.320580 283.580078 102.014008
285.395000 102.259500 284.003967 104.950500
285.844100 105.163200 284.431732 107.859970
286.321900 108.053700 284.854187 110.723625
286.793800 110.912200 285.312714 113.606949
287.216900 113.736500 285.701965 116.400528
287.630900 116.518500 286.089966 119.170288
288.058700 119.219300 286.490509 121.887222
288.448800 121.780900 286.834961 124.473969
288.846400 124.280600 287.194702 126.964508
289.285300 126.630100 287.597046 129.336426
289.743500 128.835400 288.025055 131.536804
290.213000 130.821100 288.473816 133.524277
290.683600 132.626000 288.916626 135.344940
291.166200 134.262000 289.369965 136.988449
291.580800 135.832500 289.756775 138.568756
291.961700 137.426400 290.117065 140.167023
292.194000 139.020100 290.326599 141.750488
292.237900 140.604400 290.338745 143.325394
291.762300 142.158200 290.127319 144.889496
290.662500 143.578100 289.633179 146.438263
289.562400 144.964600 288.864838 147.906570
288.468100 146.318100 287.784943 149.250931
287.386000 147.641500 286.410736 150.444458
286.399400 148.976200 284.831055 151.462936
284.571900 149.919400 283.004456 152.367035
282.598600 150.835500 281.028076 153.282867
280.553400 151.805400 278.983917 154.240005
278.418500 152.847000 276.837036 155.261383
276.187000 153.972900 274.611084 156.357147
273.848800 155.201700 272.275146 157.550552
271.423500 156.516000 269.828674 158.827515
268.909500 157.880900 267.293274 160.139618
266.393100 159.278800 264.755371 161.496323
263.831700 160.712200 262.209229 162.904572
261.343100 162.229400 259.698730 164.396027
258.927700 163.839100 257.273499 165.955093
256.567900 165.515700 254.899857 167.589890
254.220600 167.219800 252.540649 169.250061
251.812400 168.915300 250.121094 170.913269
249.342900 170.564800 247.622437 172.496185
246.829700 172.171100 245.077362 174.050598
244.268800 173.728400 242.487457 175.561432
241.687800 175.211100 239.893188 176.992111
239.066600 176.646400 237.257370 178.372086
236.435100 178.027700 234.586853 179.704910
233.828600 179.391700 231.961243 181.016220
231.251200 180.752600 229.358490 182.333420
228.707700 182.113100 226.804565 183.641968
226.214900 183.484500 224.291809 184.974701
223.769900 184.811700 221.827240 186.257172
221.367300 186.107100 219.417877 187.490738
219.059200 187.344000 217.077240 188.687454
216.843700 188.521200 214.841431 189.827225
214.730300 189.612200 212.717194 190.880066
212.761600 190.600600 210.741394 191.832489
210.934100 191.518800 208.892075 192.717255
209.293500 192.364900 207.233856 193.526154
207.831400 193.113300 205.755478 194.243011
206.576700 193.798300 204.474335 194.908661
205.539900 194.395600 203.419373 195.489532
204.729700 194.901600 202.600098 195.974304
204.122300 195.321500 201.972870 196.396393
203.546300 195.745200 201.386047 196.797470
203.042900 196.282400 200.829346 197.216812
202.515700 196.788100 200.256104 197.638977
201.945400 197.325500 199.664948 198.129532
201.195300 198.000000 198.892548 198.754791
200.227400 198.808500 197.902252 199.534286
199.076800 199.760000 196.729385 200.466110
197.730700 200.791700 195.365509 201.462021
196.253000 201.872000 193.876266 202.501373
194.623700 202.967100 192.232971 203.566208
192.619800 204.117900 190.468063 204.654846
190.615300 205.269000 188.521515 205.752472
188.611600 206.419500 186.503632 206.866928
186.608000 207.569800 184.417603 207.985809
184.604500 208.720100 182.245300 209.131088
182.452000 209.923800 179.979004 210.328018
180.162600 211.202300 177.674820 211.575180
177.855000 212.473600 175.332397 212.821655
175.554100 213.761200 173.013535 214.078613
173.260900 215.031900 170.698120 215.319031
171.006800 216.296100 168.414307 216.556122
168.770100 217.549300 166.157501 217.765625
166.635700 218.725900 163.992432 218.910049
164.640400 219.823800 161.964935 219.968658
162.800000 220.792300 160.108795 220.892654
161.109900 221.618400 158.396805 221.686661
159.510500 222.334400 156.778870 222.371719
157.845500 222.860900 155.100616 222.886490
156.181300 223.202900 153.476349 223.170761
154.511100 223.364000 151.820206 223.286804
152.786900 223.350100 150.099655 223.222061
150.969000 223.245000 148.273560 223.078094
149.048400 223.060600 146.347504 222.875534
146.999200 222.886700 144.279388 222.679901
144.811400 222.709100 142.081131 222.470917
142.452400 222.507300 139.708481 222.244659
139.985700 222.307100 137.218979 222.014877
137.342300 222.162600 134.558151 221.834030
134.568800 222.029900 131.818863 221.667419
131.695500 221.932100 128.914719 221.516296
128.711000 221.803000 125.921272 221.350845
125.647300 221.650100 122.848740 221.161346
122.615400 221.500000 119.808304 220.972260
119.543800 221.309500 116.739098 220.740463
116.511500 221.102100 113.689407 220.500305
113.516800 220.903600 110.685257 220.265472
110.545200 220.708000 107.708191 220.032837
107.636200 220.532300 104.793900 219.823944
104.717200 220.373700 101.862267 219.628967
101.840600 220.218600 98.977959 219.429825
98.994700 220.067300 96.117508 219.249054
96.181550 219.895100 93.317665 219.037064
93.438620 219.686500 90.574219 218.804123
90.855460 219.500600 87.935791 218.566086
88.388610 219.326300 85.471191 218.330612
86.123680 219.157800 83.183388 218.106720
84.049970 219.045300 81.079872 217.957321
82.152880 219.016300 79.174301 217.895782
80.388010 219.115100 77.385376 217.933044
78.664760 219.366200 75.644005 218.131653
77.016290 219.796000 73.992432 218.552261
75.461480 220.446100 72.404198 219.165588
74.069090 221.411200 70.982071 220.072662
72.862850 222.604000 69.725235 221.271255
71.841850 224.015300 68.671310 222.623444
71.023420 225.699900 67.823112 224.260437
70.421670 227.540000 67.201782 226.078247
70.034550 229.518400 66.781067 228.038940
69.813760 231.610700 66.562714 230.084259
69.670080 233.800300 66.362701 232.338409
69.603690 236.022800 66.268852 234.614944
69.545910 238.342600 66.178520 236.941315
69.499400 240.719700 66.067459 239.354034
69.469400 243.192800 65.970070 241.803497
69.384530 245.776400 65.839890 244.375565
69.232580 248.432800 65.631241 247.028473
69.094640 251.146000 65.444191 249.722412
68.950990 253.982700 65.245483 252.548416
68.811860 256.917100 65.046463 255.466003
68.650580 259.920100 64.877861 258.428864
68.462200 263.082100 64.674423 261.543518
68.288560 266.252800 64.469131 264.650299
68.096650 269.464100 64.241539 267.823639
67.903830 272.683000 64.015808 271.010590
67.721470 275.872400 63.790482 274.177612
67.525460 279.043300 63.549522 277.332184
67.317450 282.219100 63.298634 280.447113
67.111650 285.343500 63.051178 283.537994
66.901350 288.508400 62.822464 286.650421
66.688140 291.652400 62.581764 289.712250
66.478800 294.782200 62.341656 292.799316
66.289190 297.878200 62.143890 295.804626
66.078070 300.944500 61.895824 298.838257
65.826270 304.008500 61.627480 301.859680
65.573590 307.018200 61.355400 304.817627
65.274710 310.032300 61.037430 307.767792
64.924470 313.030600 60.670918 310.704071
64.540610 315.995300 60.244144 313.657257
64.089990 318.947600 59.763943 316.552460
63.671720 321.903700 59.324497 319.464355
63.304260 324.895900 58.934692 322.412872
62.967580 327.898100 58.572277 325.369965
62.699080 330.909200 58.278156 328.346039
62.553590 333.929000 58.049484 331.354279
62.402330 336.963400 57.805962 334.379822
62.266570 340.021300 57.599403 337.410065
62.116500 343.035800 57.398811 340.398346
61.993500 346.032900 57.225025 343.426086
61.866370 348.989100 57.045311 346.373383
61.760870 351.857800 56.883377 349.222198
61.679290 354.611700 56.738716 351.970367
61.586300 357.261400 56.596558 354.595184
61.550600 359.776900 56.513321 357.106323
61.577240 362.145700 56.494480 359.478058
61.603020 364.290800 56.479733 361.634003
61.628690 366.323100 56.474686 363.667480
61.649880 368.352400 56.451130 365.693420
61.624730 370.355800 56.380226 367.671722
61.511180 372.339500 56.231682 369.634247
61.271590 374.388200 55.940491 371.647522
60.966710 376.528400 55.581467 373.759491
60.637150 378.796200 55.204334 376.008728
60.324540 381.208000 54.842422 378.406921
60.065570 383.741300 54.532944 380.931976
59.884830 386.413700 54.310612 383.598053
59.789830 389.195600 54.162743 386.374176
59.765420 392.106700 54.064487 389.292206
59.766400 395.121300 53.978374 392.306793
59.728620 398.268800 53.858246 395.444275
59.673270 401.492900 53.734024 398.662598
59.575390 404.694600 53.564045 401.841187
59.425140 407.916600 53.350948 405.028687
59.267000 411.104300 53.126247 408.186035
59.084670 414.257800 52.888847 411.324890
58.913680 417.417100 52.676094 414.454529
58.748810 420.528100 52.459023 417.539246
58.574140 423.604200 52.243687 420.577972
58.437200 426.635400 52.050404 423.608826
58.286850 429.523300 51.857960 426.488983
58.117570 432.280500 51.638187 429.236694
57.924100 434.902000 51.400719 431.838623
57.663190 437.382700 51.127316 434.289490
57.368250 439.710400 50.809631 436.581482
57.036690 441.889000 50.423462 438.789703
56.656850 443.874800 50.024689 440.741150
56.323860 445.645400 49.668861 442.515930
56.148660 447.270100 49.465923 444.128784
56.616130 448.530800 49.530487 445.608643
57.333540 449.649800 49.836258 446.921906
58.025620 450.723300 50.437691 448.091553
58.683230 451.752100 51.262299 449.095215
59.300760 452.745900 52.273056 449.875061
60.051910 453.493100 53.378113 450.411255
61.232100 453.863600 54.577164 450.795410
62.575150 454.072200 55.920296 450.999115
64.075560 454.193600 57.382851 451.114532
65.729870 454.237800 59.032631 451.170685
67.536180 454.320400 60.820686 451.282959
69.481920 454.413600 62.747437 451.409424
71.568440 454.517900 64.813766 451.560547
73.783230 454.637300 67.031075 451.746552
76.158670 454.789800 69.374413 451.957611
78.646770 454.943100 71.835236 452.190002
81.225870 455.115600 74.394562 452.428589
83.916780 455.302300 77.049934 452.674408
86.702020 455.456700 79.815445 452.903076
89.526350 455.578300 82.629379 453.100952
92.412350 455.733700 85.480865 453.326294
95.328570 455.895400 88.363228 453.578308
98.249890 456.054300 91.277985 453.810822
101.184100 456.224200 94.189476 454.032593
104.093100 456.393100 97.102264 454.259094
106.998900 456.525600 99.983810 454.466187
109.897200 456.654500 102.860306 454.655548
112.749700 456.816600 105.695602 454.875305
115.610200 456.965500 108.554672 455.099335
118.400100 457.099300 111.338921 455.308167
121.145900 457.258900 114.080803 455.523804
123.876500 457.448100 116.791626 455.768188
126.583800 457.666500 119.495934 456.044098
129.241600 457.972700 122.141045 456.405701
131.877300 458.360200 124.750977 456.858521
134.472300 458.810900 127.321999 457.371307
137.047800 459.328100 129.871048 457.942200
139.578900 459.909300 132.376282 458.557770
142.082300 460.548100 134.861420 459.256042
144.536100 461.240400 137.318298 460.014160
146.935100 462.035700 139.691513 460.861328
149.323900 462.890800 142.059128 461.749939
151.645200 463.789700 144.358368 462.687988
153.953700 464.746000 146.637070 463.686707
156.216300 465.719100 148.878479 464.721191
158.442000 466.755000 151.074661 465.811646
160.610800 467.844100 153.223160 466.963745
162.721500 468.976400 155.293304 468.147247
164.765200 470.136200 157.304718 469.366669
166.772400 471.335900 159.253983 470.615479
168.632200 472.526000 161.074203 471.868652
170.346500 473.697400 162.749969 473.090820
171.909300 474.797000 164.276978 474.225037
173.302800 475.783300 165.653198 475.255798
174.556500 476.625400 166.917236 476.098694
175.656700 477.273900 168.032593 476.756714
176.667400 477.791400 169.033890 477.275330
177.693700 478.199200 170.077713 477.724915
178.769200 478.445200 171.158386 477.993896
179.820200 478.560500 172.204407 478.138947
180.911200 478.531600 173.308319 478.124054
182.068600 478.323700 174.467667 477.950348
183.262200 477.935100 175.691360 477.557678
184.488300 477.285200 176.938858 476.909790
185.759400 476.306800 178.254013 475.944031
187.077400 475.006900 179.621597 474.652771
188.478700 473.464500 181.045532 473.137329
189.953700 471.703500 182.550735 471.392944
191.518900 469.725200 184.147278 469.475616
193.208300 467.608400 185.885498 467.385742
195.017400 465.320900 187.722870 465.136261
196.863700 462.933100 189.590103 462.815002
198.729100 460.522700 191.501007 460.463959
200.614200 458.121400 193.417130 458.123718
202.510500 455.730200 195.347916 455.796539
204.411000 453.358300 197.299973 453.478302
206.321800 451.001000 199.245590 451.162628
208.222000 448.665100 201.187134 448.899994
210.114400 446.337900 203.109116 446.619904
211.976500 444.014500 205.003952 444.354858
213.836200 441.706600 206.892258 442.102417
215.683700 439.420500 208.783157 439.881927
217.555600 437.143300 210.695038 437.664032
219.471300 434.824100 212.657471 435.402771
221.450500 432.447100 214.700989 433.084412
223.466700 430.017100 216.786316 430.710480
225.486700 427.604100 218.857895 428.305817
227.506500 425.191500 220.937515 425.902161
229.526100 422.779100 222.993744 423.547546
231.545400 420.367100 225.051758 421.227661
233.564400 417.955300 227.107391 418.929199
235.559300 415.588300 229.132172 416.674744
237.436800 413.389000 231.045059 414.517609
238.780200 411.507400 232.809494 412.493896
239.937800 409.690800 234.386627 410.601501
241.095100 407.877000 235.722900 408.843323
242.251200 406.068000 236.763763 407.189453
243.408000 404.262500 237.500061 405.557220
244.011000 402.484000 237.901367 403.871826
244.001400 400.839200 237.928406 402.166199
243.616800 399.284000 237.574234 400.596924
242.890100 397.828700 236.880661 399.093994
241.873600 396.462000 235.903366 397.730255
240.631500 395.201500 234.714874 396.405670
239.221600 394.033800 233.305710 395.180145
237.618600 392.957600 231.697983 394.056885
235.793400 391.994800 229.880081 393.065308
233.764600 391.138800 227.844543 392.177948
231.526900 390.407500 225.598145 391.426758
229.101900 389.773400 223.160446 390.729370
226.502900 389.204300 220.555496 390.094421
223.725900 388.759000 217.752411 389.573547
220.797800 388.372500 214.815674 389.128235
217.710700 387.983400 211.715698 388.674072
214.530600 387.607200 208.508820 388.254730
211.281800 387.245500 205.268723 387.832184
207.989900 386.906600 201.988968 387.440033
204.658000 386.595500 198.637497 387.070496
201.286800 386.304300 195.268692 386.709167
197.918900 386.031200 191.905334 386.390747
194.555800 385.786300 188.538513 386.105286
191.207200 385.554600 185.204071 385.833588
187.886200 385.358400 181.879318 385.572083
184.599200 385.187900 178.608749 385.338562
181.348200 385.028900 175.348587 385.123718
178.125300 384.880300 172.118179 384.908264
174.940200 384.732200 168.952850 384.685577
171.787000 384.605200 165.810638 384.463440
168.667500 384.479200 162.719009 384.263458
165.610000 384.375800 159.689499 384.076630
162.651900 384.300900 156.749908 383.942047
159.841600 384.253100 153.968597 383.823792
157.212800 384.244100 151.337097 383.742950
154.757500 384.238100 148.901306 383.674103
152.465500 384.177300 146.627441 383.547699
150.349500 384.033300 144.550690 383.337463
148.462800 383.774700 142.713470 383.044220
146.861800 383.342900 141.142319 382.553162
145.493000 382.652100 139.851303 381.857361
144.342900 381.710300 138.739670 380.901184
143.476000 380.548800 137.905396 379.722656
142.885900 379.215000 137.373230 378.386566
142.512900 377.743300 137.014130 376.909180
142.317800 376.136600 136.861359 375.322113
142.188100 374.395800 136.770706 373.640198
142.147200 372.567400 136.762756 371.830414
142.122900 370.607400 136.774307 369.898712
142.117600 368.494900 136.810516 367.798492
142.130800 366.233800 136.863190 365.544464
142.204400 363.814600 136.984116 363.141205
142.299400 361.231000 137.129913 360.570129
142.415300 358.474700 137.304138 357.815308
142.582500 355.558100 137.555542 354.909546
142.739700 352.539000 137.794159 351.907440
142.891900 349.439100 138.005157 348.836517
143.064500 346.281300 138.256866 345.700317
143.227100 343.091000 138.473694 342.522095
143.425200 339.887400 138.749100 339.363953
143.616200 336.700500 139.006989 336.169708
143.795900 333.502200 139.242416 332.971252
144.005700 330.337500 139.497513 329.833344
144.230000 327.130600 139.744843 326.650269
144.419100 323.896200 139.960754 323.451996
144.587400 320.591100 140.181915 320.186707
144.754600 317.239000 140.407440 316.864166
144.941900 313.833000 140.645081 313.491516
145.157300 310.363000 140.896408 310.074127
145.368500 306.861100 141.130798 306.584229
145.569800 303.322100 141.368271 303.116608
145.779600 299.781500 141.605865 299.572571
145.995800 296.224300 141.862106 296.035767
146.232800 292.723700 142.141083 292.554779
146.466500 289.221500 142.417236 289.068573
146.685200 285.746000 142.702362 285.600250
146.893800 282.281200 142.964188 282.136566
147.103700 278.834100 143.239044 278.706665
147.309200 275.380000 143.506058 275.254456
147.469000 272.014900 143.722656 271.901733
147.644100 268.640500 143.957657 268.538757
147.828000 265.287400 144.204193 265.196899
148.018700 262.011300 144.448944 261.953735
148.191600 258.776500 144.658585 258.736237
148.362500 255.568000 144.870529 255.528152
148.542700 252.484800 145.095078 252.450287
148.699400 249.530100 145.292633 249.506134
148.855100 246.697000 145.489059 246.703049
149.012000 244.059600 145.706970 244.081055
149.177500 241.565300 145.915588 241.596268
149.354100 239.240800 146.133453 239.251266
149.518500 237.141100 146.328476 237.150543
149.688400 235.241100 146.531586 235.265076
149.831600 233.536700 146.705719 233.555893
149.906300 232.004900 146.816864 232.001572
149.838700 230.619900 146.787781 230.602325
149.635100 229.344100 146.610962 229.293732
149.241300 228.150200 146.254791 228.095367
148.716100 227.039600 145.743454 226.950409
148.000700 226.008200 145.042221 225.865646
147.075700 225.048900 144.141281 224.867447
145.937600 224.217300 143.032654 223.980011
144.564400 223.496400 141.695435 223.222076
143.010800 222.963900 140.170685 222.629211
141.316600 222.568700 138.490555 222.186279
139.454500 222.334500 136.646851 221.892471
137.425000 222.166300 134.676010 221.655823
135.205500 222.050100 132.499176 221.472183
132.804000 221.961500 130.124283 221.337540
130.267400 221.919300 127.584404 221.218185
127.508700 221.882500 124.807892 221.075394
124.622700 221.854300 121.920258 220.921036
121.664000 221.830100 118.966751 220.786270
118.657200 221.763300 115.958740 220.615952
115.641600 221.685500 112.966957 220.417862
112.627300 221.570300 109.962105 220.190384
109.673500 221.356100 106.999207 219.952148
106.754900 221.166500 104.070938 219.715256
103.815900 220.977200 101.136147 219.501038
100.933900 220.822800 98.255646 219.289322
98.075460 220.656000 95.384972 219.092636
95.253020 220.487500 92.573708 218.875748
92.486910 220.344500 89.840019 218.641830
89.875370 220.223200 87.222511 218.446075
87.458400 220.103100 84.809677 218.251312
85.308900 219.940400 82.640892 218.083115
83.404740 219.814900 80.724739 217.965683
81.811460 219.719400 79.099396 217.908737
80.386560 219.682400 77.653671 217.893311
79.003730 219.767200 76.266830 217.948380
77.660700 220.007600 74.935303 218.160065
76.371580 220.406400 73.633545 218.488174
75.155860 220.960300 72.443649 218.972824
74.011040 221.726500 71.265137 219.692719
72.923470 222.715600 70.124870 220.624298
71.978870 223.872400 69.145866 221.730896
71.184520 225.266700 68.347916 223.009491
70.559680 226.755300 67.717232 224.407135
70.106430 228.212400 67.244034 225.893112
69.780350 229.717400 66.916122 227.390274
69.611080 231.273600 66.734535 228.939606
69.507330 232.885000 66.615860 230.537140
69.413710 234.508900 66.506874 232.161774
69.343880 236.144900 66.404678 233.773529
69.165330 237.775100 66.214928 235.349319
68.850580 239.377200 65.876160 236.898026
68.411010 240.827300 65.381508 238.308472
67.727420 242.111200 64.659302 239.565308
66.803100 243.182900 63.709969 240.667603
65.701790 244.107800 62.572609 241.602707
64.448250 244.782200 61.350861 242.232971
63.080800 245.260000 59.948036 242.711563
61.580750 245.474700 58.429626 242.898056
60.021940 245.545100 56.893219 242.922501
58.373630 245.501300 55.272209 242.839386
56.557790 245.387700 53.475365 242.729553
54.575700 245.267600 51.522297 242.613617
52.422320 245.171900 49.379913 242.503082
50.087930 245.081900 47.044289 242.385101
47.581640 245.008900 44.546669 242.258835
44.918970 244.937600 41.889801 242.103958
42.122820 244.817200 39.069359 241.923004
39.164720 244.672400 36.100029 241.712189
36.057060 244.510700 32.995373 241.485229
32.840100 244.318200 29.783121 241.219543
29.595440 244.119000 26.535965 240.955612
26.356030 243.938500 23.294630 240.726318
23.136280 243.778100 20.055676 240.502060
19.923890 243.574600 16.838253 240.238907
16.771670 243.333700 13.688000 239.944305
13.661940 243.082500 10.607546 239.630585
10.666390 242.818300 7.621830 239.320328
7.814747 242.555200 4.802677 239.019318
5.139292 242.325200 2.139454 238.745346
2.679849 242.118700 -0.314201 238.507278
0.450309 241.930700 -2.540209 238.289703
-1.528966 241.776000 -4.510481 238.107178
-3.228819 241.670700 -6.202383 237.973053
-4.618300 241.633500 -7.575465 237.913040
-5.727634 241.635600 -8.682064 237.902359
-6.594910 241.676300 -9.535798 237.936905
-7.316062 241.736500 -10.255304 237.991486
-7.999830 241.824600 -10.930305 238.080185
-8.668434 241.971800 -11.582607 238.221344
-9.310473 242.159800 -12.213673 238.395905
-10.040280 242.489600 -12.936020 238.708649
-10.900630 242.986700 -13.794151 239.170761
-11.788840 243.696900 -14.691101 239.843811
-12.605680 244.629900 -15.546165 240.751480
-13.325190 245.805400 -16.319046 241.928192
-13.876090 247.212100 -16.892151 243.388214
-14.262280 248.903900 -17.285435 245.095001
-14.456720 250.843200 -17.488705 247.027908
-14.534350 252.994100 -17.587029 249.201263
-14.597030 255.350200 -17.675888 251.572952
-14.667090 257.910700 -17.781971 254.124252
-14.735990 260.649600 -17.904673 256.860077
-14.849520 263.575900 -18.065943 259.787170
-14.957480 266.729800 -18.250631 262.936005
-15.059630 270.015600 -18.424244 266.217560
-15.182710 273.477200 -18.637318 269.656219
-15.303150 277.021400 -18.865759 273.180939
-15.440230 280.658500 -19.085970 276.784760
-15.590580 284.351600 -19.329863 280.451233
-15.764490 288.068200 -19.586300 284.110535
-15.946800 291.811700 -19.857780 287.823608
-16.099940 295.543400 -20.098791 291.524689
-16.260060 299.308400 -20.346008 295.261505
-16.425310 303.105800 -20.589872 299.031769
-16.590140 306.893300 -20.838354 302.797485
-16.756680 310.705900 -21.085274 306.574280
-16.910250 314.536100 -21.319103 310.363159
-17.062160 318.371600 -21.565542 314.164795
-17.211700 322.183300 -21.825144 317.972321
-17.359600 325.995800 -22.091965 321.759918
-17.503240 329.777900 -22.336861 325.528534
-17.652950 333.537700 -22.577578 329.281281
-17.803470 337.274400 -22.801693 332.987152
-17.965510 340.928300 -23.040438 336.604645
-18.139020 344.467400 -23.289091 340.126251
-18.309560 347.827300 -23.541430 343.482025
-18.498430 351.069300 -23.777605 346.704620
-18.657830 354.177800 -23.997055 349.809326
-18.779270 357.113600 -24.164436 352.751862
-18.870160 359.864000 -24.298092 355.513092
-18.946200 362.402300 -24.416336 358.033264
-18.990920 364.711200 -24.520500 360.327881
-19.050610 366.784400 -24.608982 362.367676
-19.150770 368.599600 -24.744442 364.153625
-19.288630 370.232600 -24.930386 365.738098
-19.600770 371.746300 -25.264809 367.189758
-20.181060 373.134000 -25.858368 368.503601
-21.046240 374.352900 -26.687836 369.619110
-22.127780 375.353800 -27.738235 370.561035
-23.457040 376.098400 -29.013153 371.241791
-24.934490 376.556700 -30.505051 371.646362
-26.555040 376.670400 -32.120934 371.699707
-28.276760 376.521700 -33.814247 371.475647
-30.056280 376.231600 -35.576447 371.118073
-31.975970 375.881500 -37.464828 370.744415
-34.041570 375.538800 -39.494846 370.377411
-36.312400 375.174700 -41.735085 369.973846
-38.740670 374.815500 -44.142807 369.561676
-41.349510 374.513500 -46.737968 369.201904
-44.097790 374.260800 -49.496246 368.924957
-47.011360 374.040700 -52.417557 368.675018
-50.040150 373.823900 -55.439728 368.413574
-53.185680 373.618900 -58.567303 368.158081
-56.406270 373.421900 -61.791145 367.910919
-59.653410 373.251300 -65.013908 367.677277
-62.943060 373.083600 -68.283401 367.430908
-66.219570 372.909300 -71.557281 367.188629
-69.486870 372.732000 -74.809677 366.933472
-72.726120 372.532900 -78.025856 366.665283
-75.949990 372.348800 -81.238739 366.404144
-79.132360 372.198800 -84.413559 366.177460
-82.276670 372.085900 -87.564323 365.992828
-85.318380 372.021300 -90.612740 365.851654
-88.202870 371.999200 -93.508598 365.758881
-90.927450 371.989600 -96.238182 365.676880
-93.555550 371.974900 -98.883148 365.599274
-96.169310 371.894100 -101.499222 365.454773
-98.735200 371.699400 -104.064629 365.189301
-101.335900 371.405700 -106.657883 364.837341
-104.006100 371.090100 -109.314964 364.460968
-106.771100 370.792200 -112.078400 364.100494
-109.682200 370.477800 -114.964760 363.729126
-112.739100 370.228500 -117.997940 363.418274
-115.931600 370.036400 -121.170624 363.147034
-119.286600 369.828600 -124.506729 362.879547
-122.729500 369.724600 -127.947479 362.709839
-126.288700 369.671200 -131.479034 362.564178
-129.839700 369.662300 -135.012848 362.469849
-133.385600 369.650900 -138.547409 362.377075
-136.894400 369.634000 -142.039490 362.273865
-140.398100 369.514400 -145.506790 362.076172
-143.862100 369.340500 -148.965805 361.831085
-147.327600 369.166400 -152.422180 361.594116
-150.737000 368.971100 -155.816864 361.323120
-154.158600 368.781900 -159.213013 361.066223
-157.533900 368.539100 -162.576599 360.750671
-160.863100 368.281900 -165.874268 360.413605
-164.185700 368.025000 -169.183167 360.088959
-167.432800 367.748600 -172.433365 359.759216
-170.642400 367.488400 -175.654312 359.437103
-173.841400 367.227100 -178.842651 359.120758
-177.023700 366.951400 -182.016571 358.779785
-180.244500 366.730400 -185.230820 358.495819
-183.473900 366.580900 -188.457153 358.263977
-186.744800 366.472000 -191.673126 358.107727
-190.033500 366.367300 -194.942322 357.928711
-193.355400 366.250500 -198.235535 357.734772
-196.716900 366.188600 -201.597046 357.601868
-200.121200 366.182600 -205.002640 357.527863
-203.540500 366.199800 -208.413788 357.460754
-206.952700 366.227500 -211.790756 357.413361
-210.347900 366.285500 -215.180038 357.390533
-213.706200 366.365900 -218.542694 357.388855
-217.009500 366.481900 -221.836533 357.431122
-220.179700 366.654500 -225.006012 357.523956
-223.191200 366.879000 -228.001038 357.684418
-226.097000 367.114900 -230.901230 357.850647
-228.814800 367.345400 -233.646439 358.030548
-231.386300 367.584000 -236.219086 358.212952
-233.712600 367.887700 -238.561096 358.465881
-235.782000 368.275800 -240.635468 358.800964
-237.675400 368.737900 -242.522919 359.228210
-239.369400 369.206200 -244.238251 359.651459
-240.923900 369.617600 -245.805237 360.033112
-242.343700 369.946600 -247.246964 360.334900
-243.617800 370.200700 -248.540131 360.562805
-244.859400 370.340600 -249.766861 360.667999
-246.077300 370.391700 -250.974091 360.695251
-247.267700 370.379800 -252.155212 360.652344
-248.493500 370.333700 -253.375824 360.580475
-249.783700 370.306600 -254.664352 360.531403
-251.078800 370.299200 -255.962250 360.510040
-252.358200 370.349900 -257.251526 360.535950
-253.632100 370.436500 -258.526123 360.582520
-254.850600 370.581800 -259.753204 360.712982
-255.940600 370.729900 -260.849304 360.815125
-256.915700 370.895600 -261.832367 360.985504
-257.880300 371.026600 -262.788086 361.106018
-258.825300 371.074700 -263.732727 361.129272
-259.790200 371.036700 -264.693329 361.092773
-260.853800 370.865000 -265.760803 360.913025
-261.981300 370.525600 -266.856659 360.539734
-263.149900 369.955400 -268.062866 359.974945
-264.334300 369.128800 -269.215118 359.136993
-265.453200 367.983800 -270.317780 357.967682
-266.451000 366.525200 -271.265656 356.479675
-267.251800 364.723800 -272.030945 354.738525
-267.949500 362.709300 -272.651978 352.734467
-268.506500 360.485200 -273.152618 350.492676
-268.941500 358.026800 -273.507996 348.040344
-269.220400 355.348600 -273.696655 345.381409
-269.448800 352.477300 -273.857452 342.516846
-269.718000 349.407100 -274.043854 339.467957
-269.985700 346.177700 -274.208374 336.258392
-270.257600 342.841000 -274.357269 332.923126
-270.518100 339.408900 -274.497284 329.481323
-270.754500 335.850800 -274.607239 325.925537
-270.955500 332.279200 -274.667908 322.364441
-271.100700 328.699800 -274.695007 318.795380
-271.205200 325.126400 -274.683350 315.243347
-271.267700 321.587300 -274.601746 311.714783
-271.275200 318.070500 -274.491180 308.214050
-271.222900 314.582000 -274.326782 304.723877
-271.120000 311.120600 -274.096222 301.282410
-270.978000 307.683800 -273.831329 297.851532
-270.782700 304.265600 -273.501740 294.458618
-270.528600 300.853100 -273.139099 291.085938
-270.242000 297.429400 -272.745300 287.678741
-269.919600 293.989900 -272.300720 284.257904
-269.545200 290.528500 -271.825714 280.849915
-269.141700 287.042100 -271.331604 277.405731
-268.688300 283.528200 -270.771637 273.941071
-268.188900 279.998100 -270.189697 270.452545
-267.644900 276.438400 -269.548401 266.922699
-267.060700 272.864800 -268.867065 263.382874
-266.415600 269.267600 -268.124329 259.828918
-265.703700 265.659900 -267.327484 256.300110
-264.933700 262.028500 -266.466064 252.742859
-264.083600 258.356100 -265.525635 249.146255
-263.198600 254.694500 -264.531189 245.547989
-262.249500 251.044300 -263.496124 241.987900
-261.237300 247.429800 -262.392517 238.439102
-260.189300 243.839800 -261.263611 234.935379
-259.094000 240.246100 -260.082581 231.429001
-257.955600 236.666200 -258.874084 227.946442
-256.772700 233.104800 -257.614136 224.488663
-255.531300 229.548500 -256.295441 221.010193
-254.248400 226.028100 -254.936798 217.576996
-252.919100 222.544000 -253.534943 214.142212
-251.574800 219.079600 -252.120590 210.771408
-250.208800 215.633800 -250.676620 207.404968
-248.823500 212.212300 -249.208237 204.054123
-247.396200 208.816100 -247.713318 200.716644
-245.924600 205.438400 -246.198486 197.384186
-244.407500 202.096000 -244.615280 194.101776
-242.864900 198.761700 -243.014679 190.849701
-241.279000 195.474400 -241.369995 187.630539
-239.649300 192.235800 -239.687012 184.460831
-237.983200 189.035400 -237.967499 181.347427
-236.298900 185.858800 -236.220764 178.233093
-234.588400 182.702700 -234.441711 175.155518
-232.835600 179.589900 -232.633011 172.101303
-231.009300 176.491000 -230.756592 169.054810
-229.111700 173.245900 -228.827835 165.999557
-227.176300 170.021800 -226.871857 162.927338
-225.177100 166.838100 -224.840546 159.876358
-223.121100 163.678300 -222.750397 156.841446
-221.021800 160.583500 -220.616669 153.848129
-218.906700 157.528200 -218.468750 150.873993
-216.758300 154.516100 -216.270294 147.936768
-214.598900 151.542200 -214.068420 145.028015
-212.419400 148.613400 -211.859161 142.186432
-210.228200 145.723000 -209.639679 139.373688
-207.984500 142.875200 -207.370712 136.610199
-205.709300 140.044600 -205.071136 133.852570
-203.367700 137.252600 -202.702377 131.133301
-200.986900 134.476000 -200.299667 128.431763
-198.545200 131.709700 -197.839417 125.718948
-196.059300 128.939500 -195.319199 123.015587
-193.510200 126.196800 -192.742096 120.333099
-190.897300 123.468900 -190.119827 117.704376
-188.227400 120.762000 -187.450378 115.068611
-185.497000 118.076800 -184.727509 112.449760
-182.724000 115.414700 -181.955872 109.856491
-179.874900 112.756200 -179.105713 107.264168
-176.963500 110.129700 -176.202591 104.707443
-174.022700 107.478800 -173.270035 102.149307
-171.062700 104.830200 -170.298859 99.592026
-168.072200 102.205400 -167.310669 97.054276
-165.063500 99.572080 -164.287582 94.509026
-162.094200 96.925240 -161.309540 91.956665
-159.158100 94.245620 -158.354813 89.338509
-156.222000 91.591220 -155.416580 86.782852
-153.302600 88.949020 -152.470490 84.218193
-150.415700 86.290970 -149.593460 81.673668
-147.525700 83.616700 -146.706329 79.096642
-144.616800 80.967880 -143.784119 76.529259
-141.680000 78.334030 -140.865646 73.997993
-138.744900 75.701910 -137.929871 71.420837
-135.803000 73.066790 -134.993347 68.858978
-132.863800 70.434610 -132.068451 66.301140
-129.933000 67.796650 -129.133057 63.739944
-127.009300 65.165490 -126.200851 61.185852
-124.094300 62.565200 -123.284943 58.661842
-121.185800 59.961850 -120.363235 56.125557
-118.275800 57.358150 -117.455193 53.581734
-115.383500 54.746480 -114.555023 51.038940
-112.487100 52.132910 -111.641907 48.500290
-109.563100 49.507800 -108.716461 45.955379
-106.649400 46.882310 -105.786507 43.391647
-103.717200 44.240620 -102.840836 40.842819
-100.776700 41.607720 -99.884453 38.291908
-97.815960 38.955960 -96.921593 35.724052
-94.863170 36.299440 -93.963120 33.147293
-91.884440 33.643060 -90.951080 30.552071
-88.909720 30.989760 -87.989471 27.982840
-85.917480 28.322680 -84.997696 25.407089
-82.929050 25.668410 -82.005798 22.840990
-79.941980 23.038030 -79.007652 20.269918
-76.962720 20.421650 -76.039627 17.736456
-74.007520 17.823510 -73.085083 15.222734
-71.092400 15.226900 -70.174446 12.692251
-68.209240 12.634500 -67.285690 10.167021
-65.354250 10.051970 -64.431908 7.666500
-62.542350 7.481356 -61.598091 5.169271
-59.754040 4.927046 -58.802547 2.676508
-57.009180 2.422195 -56.047077 0.249453
-54.340090 0.009828 -53.393425 -2.093271
-51.766990 -2.296378 -50.813980 -4.340263
-49.260900 -4.526641 -48.287300 -6.545546
-46.853800 -6.677798 -45.866493 -8.668982
-44.569730 -8.685225 -43.552475 -10.633705
-42.404320 -10.528340 -41.365635 -12.449929
-40.364200 -12.198710 -39.310978 -14.072825
-38.389800 -13.695430 -37.312012 -15.558635
-36.423220 -15.003710 -35.336666 -16.827076
-34.423200 -16.097900 -33.332466 -17.892477
-32.364650 -16.913830 -31.275414 -18.694130
-30.265120 -17.411740 -29.195061 -19.171556
-28.163420 -17.604910 -27.124254 -19.320171
-26.110560 -17.459960 -25.115047 -19.145744
-24.143360 -16.987220 -23.205624 -18.674263
-22.296980 -16.217800 -21.398523 -17.881128
-20.604650 -15.231400 -19.718584 -16.889444
-19.008910 -14.153640 -18.125322 -15.791946
-17.427180 -13.090130 -16.557592 -14.696127
-15.874640 -12.069320 -15.009510 -13.651134
-14.363580 -11.106930 -13.501126 -12.654498
-12.922670 -10.242620 -12.050617 -11.748447
-11.574780 -9.466819 -10.696751 -10.935692
-10.317910 -8.788752 -9.431968 -10.219444
-9.188230 -8.193104 -8.305724 -9.591791
-8.211014 -7.716742 -7.332077 -9.075872
-7.426664 -7.335419 -6.550543 -8.658205
-6.732949 -7.004384 -5.869342 -8.302624
-6.081177 -6.624412 -5.211010 -7.921403
-5.489078 -6.233971 -4.621196 -7.531190
-4.934984 -5.802268 -4.071403 -7.106760
-4.339961 -5.285216 -3.474934 -6.579247
-3.697865 -4.592905 -2.823222 -5.881128
-3.037676 -3.769289 -2.188256 -5.078737
-2.408137 -2.790908 -1.567712 -4.101259
-1.801721 -1.625169 -1.004534 -2.958506
-1.269630 -0.215074 -0.496250 -1.559446
-0.812186 1.417145 -0.058635 0.072779
-0.577413 3.304554 0.180802 1.886272
-0.470925 5.426109 0.294654 3.904505
-0.476637 7.694492 0.263551 6.109045
-0.570738 10.119870 0.127774 8.489329
-0.648451 12.686750 0.013195 11.031423
-0.748385 15.378500 -0.144098 13.691645
-0.860824 18.191740 -0.301445 16.503159
-0.998219 21.084400 -0.473054 19.409412
-1.176238 24.100490 -0.676099 22.418800
-1.395968 27.224660 -0.941602 25.523354
-1.640741 30.420880 -1.228639 28.695801
-1.879320 33.664680 -1.509671 31.924179
-2.150183 36.923590 -1.828187 35.158478
-2.397389 40.249040 -2.133448 38.432480
-2.638864 43.594280 -2.430389 41.770569
-2.848280 46.962570 -2.699219 45.129822
-3.041372 50.356970 -2.949426 48.475964
-3.212653 53.820380 -3.189741 51.883659
-3.380992 57.307360 -3.425257 55.348293
-3.567609 60.834770 -3.665347 58.846340
-3.786600 64.385720 -3.940849 62.372540
-3.981904 67.973540 -4.212225 65.942482
-4.173959 71.565920 -4.466017 69.517899
-4.396788 75.106490 -4.724824 73.041199
-4.593996 78.623730 -4.976228 76.566978
-4.800834 82.136440 -5.212569 80.077805
-5.016400 85.597270 -5.478792 83.516655
-5.214554 89.008160 -5.732753 86.897552
-5.369648 92.435540 -5.937864 90.293137
-5.524006 95.827610 -6.143773 93.672188
