0.000000 -0.000000 0.000000 0.000000
0.287920 2.986691 0.270594 3.089424
0.971569 5.887651 0.963997 6.130652
2.050498 8.646240 2.081774 9.002045
3.483068 11.215600 3.559049 11.676727
5.252124 13.530580 5.398258 14.093970
7.315983 15.554830 7.555579 16.234968
9.617499 17.248350 9.945917 18.028440
12.138440 18.605410 12.539801 19.458122
14.845670 19.655580 15.343960 20.569405
17.710960 20.442900 18.339989 21.418812
20.708720 20.958900 21.464266 21.994509
23.853650 21.214680 24.741863 22.282272
27.127230 21.215640 28.211391 22.320129
30.502910 21.029600 31.814499 22.158096
33.942320 20.718590 35.445309 21.868652
37.526800 20.278900 39.234493 21.469482
41.305500 19.746480 43.216728 20.974936
45.281370 19.137530 47.436905 20.416540
49.442010 18.473180 51.769672 19.820454
53.784140 17.768220 56.248566 19.177727
58.319700 17.046980 60.941929 18.496618
63.045640 16.314830 65.756325 17.817406
67.933580 15.564290 70.793533 17.100594
72.949570 14.807080 75.932816 16.393570
78.112070 14.037650 81.153389 15.681576
83.403150 13.249300 86.496727 14.949724
88.827470 12.428430 91.937920 14.218101
94.384170 11.569350 97.476295 13.434109
100.052700 10.639880 103.111343 12.577346
105.791000 9.611618 108.850143 11.599929
111.620600 8.486629 114.701248 10.520905
117.518200 7.246929 120.563087 9.373433
123.481700 5.883248 126.510422 8.118653
129.500400 4.402279 132.465927 6.746732
135.583700 2.806947 138.475632 5.242974
141.730400 1.132152 144.547333 3.674196
147.930500 -0.644931 150.659866 2.013014
154.181200 -2.533182 156.811584 0.266507
160.473700 -4.525316 163.013840 -1.596794
166.825700 -6.614701 169.274155 -3.559098
173.224500 -8.806086 175.535538 -5.632065
179.671400 -11.085600 181.759689 -7.759210
186.169900 -13.447970 188.098419 -9.988523
192.708700 -15.908790 194.544189 -12.333949
199.295800 -18.474840 200.994659 -14.770482
205.877000 -21.127230 207.446823 -17.283236
212.474400 -23.878960 213.939560 -19.882797
219.085400 -26.695130 220.478210 -22.548313
225.674300 -29.566300 226.984314 -25.270884
232.258400 -32.511370 233.436279 -28.041504
238.826600 -35.515520 239.921570 -30.902000
245.357100 -38.591140 246.382065 -33.841160
251.842400 -41.746310 252.689835 -36.837914
258.295100 -44.977770 259.041840 -39.942772
264.734000 -48.300070 265.385193 -43.179379
271.174400 -51.720410 271.738098 -46.469322
277.658000 -55.253110 278.172882 -49.855640
284.188500 -58.892510 284.628448 -53.386665
290.770400 -62.649290 291.140778 -57.020279
297.421200 -66.505210 297.710968 -60.747715
304.114100 -70.451700 304.294464 -64.533646
310.871400 -74.512450 310.889343 -68.419800
317.638300 -78.729880 317.678680 -72.562462
324.412000 -83.100090 324.299377 -76.838974
331.147700 -87.570510 330.919403 -81.198502
337.838900 -92.151540 337.545105 -85.687805
344.489200 -96.836160 344.152191 -90.323044
351.109400 -101.590900 350.565155 -94.860184
357.680900 -106.441100 357.056305 -99.567238
364.205100 -111.363100 363.592743 -104.382683
370.654300 -116.349400 369.954346 -109.202591
377.044400 -121.373300 376.334198 -114.144775
383.353100 -126.497900 382.668976 -119.244026
389.648900 -131.627300 388.959076 -124.313759
395.838500 -136.824400 395.101715 -129.468384
401.977500 -142.068800 401.175079 -134.681503
408.063900 -147.386100 407.300232 -139.997330
414.119900 -152.725600 413.365845 -145.318069
420.140100 -158.070100 419.370728 -150.629929
426.135700 -163.442300 425.329620 -155.986847
432.096100 -168.831000 431.234222 -161.320541
438.042000 -174.202900 437.154053 -166.664474
444.039200 -179.520000 443.101532 -171.954575
450.064000 -184.791600 449.030640 -177.184631
456.158000 -189.992400 455.040314 -182.367111
462.246200 -195.183000 461.051971 -187.573837
468.350900 -200.337600 467.079102 -192.726105
474.468300 -205.478700 473.096619 -197.833221
480.606000 -210.588600 479.135284 -202.897873
486.757700 -215.677000 485.217682 -207.905060
492.916600 -220.757600 491.353607 -212.975540
499.072200 -225.827000 497.483765 -217.978806
505.239000 -230.914300 503.556519 -222.973114
511.393900 -235.996900 509.582825 -227.965073
517.549300 -241.076200 515.633850 -232.965500
523.710600 -246.155700 521.620911 -237.934814
529.865100 -251.222800 527.695618 -242.921280
536.037700 -256.292500 533.783203 -247.909485
542.213600 -261.366100 539.859192 -252.935913
548.376000 -266.436600 545.907471 -257.938446
554.549300 -271.525400 552.028442 -262.967010
560.720400 -276.614600 558.127747 -268.026489
566.895900 -281.702100 564.219116 -273.088562
573.077300 -286.787100 570.357727 -278.127655
579.254000 -291.852900 576.434753 -283.119873
585.438300 -296.913900 582.591370 -288.142029
591.610800 -301.938300 588.688110 -293.082855
597.802700 -306.948800 594.805603 -298.021149
604.002400 -311.952300 600.962646 -302.940399
610.204100 -316.963500 607.064575 -307.890228
616.401400 -321.978100 613.195801 -312.878784
622.606700 -326.989100 619.361816 -317.896057
628.813800 -331.994200 625.495789 -322.845245
635.032400 -336.999800 631.638855 -327.833649
641.237400 -341.988600 637.806885 -332.794067
647.445400 -346.968600 643.991272 -337.733887
653.662300 -351.935500 650.169189 -342.668335
659.877900 -356.880600 656.373962 -347.628815
666.112000 -361.828900 662.536499 -352.527924
672.350500 -366.769500 668.711182 -357.429840
678.587600 -371.720300 674.876770 -362.325867
684.819800 -376.684200 680.993469 -367.227936
691.040800 -381.648800 687.111572 -372.141327
697.271000 -386.614300 693.245483 -377.008972
703.506500 -391.568600 699.343994 -381.873230
709.744100 -396.517700 705.490051 -386.767395
715.983900 -401.433800 711.657288 -391.685577
722.229600 -406.329600 717.837280 -396.581970
728.498300 -411.207700 723.987732 -401.454742
734.766400 -416.073400 730.203613 -406.343262
741.047900 -420.934000 736.391846 -411.210114
747.328900 -425.791700 742.574036 -416.113434
753.611600 -430.654100 748.734314 -421.016052
759.909100 -435.497600 754.897766 -425.867310
766.234600 -440.329500 761.135925 -430.735809
772.573000 -445.140400 767.396301 -435.600647
778.917600 -449.932200 773.649658 -440.442291
785.270600 -454.711000 779.920044 -445.280548
791.604400 -459.487600 786.165588 -450.104828
797.914000 -464.271400 792.359924 -454.900665
804.202800 -469.044800 798.559570 -459.709930
810.490200 -473.819600 804.768982 -464.523804
816.791500 -478.590500 810.939453 -469.294250
823.116400 -483.340400 817.156555 -474.091675
829.464500 -488.061400 823.420410 -478.878723
835.854100 -492.776100 829.703369 -483.647858
842.262300 -497.485400 835.990356 -488.382019
848.682700 -502.196400 842.324219 -493.141266
855.114700 -506.913500 848.644348 -497.919037
861.557000 -511.637000 854.944336 -502.668549
868.011600 -516.355400 861.368530 -507.526978
874.441900 -521.049300 867.708923 -512.308777
880.882200 -525.706500 874.056274 -517.064819
887.323800 -530.307900 880.439148 -521.808167
893.755000 -534.861900 886.871704 -526.526245
900.174200 -539.374300 893.181274 -531.146240
906.591000 -543.848100 899.488220 -535.717041
912.989900 -548.291900 905.764343 -540.240723
919.400600 -552.731200 912.065613 -544.754089
925.806600 -557.125700 918.318604 -549.237305
932.226300 -561.535200 924.582703 -553.723389
938.632500 -565.932700 930.858337 -558.191223
945.057500 -570.322000 937.183105 -562.683472
951.507700 -574.710200 943.515320 -567.156738
957.980400 -579.074900 949.870483 -571.622742
964.464000 -583.424600 956.245361 -576.036865
970.963300 -587.758200 962.535339 -580.420776
977.455300 -592.093300 968.850525 -584.800171
983.961700 -596.421100 975.262024 -589.210876
990.461700 -600.766400 981.655029 -593.656738
996.966300 -605.096100 988.060852 -598.117859
1003.471000 -609.407800 994.305786 -602.464844
1009.973000 -613.695400 1000.536377 -606.771973
1016.458000 -617.959200 1006.808899 -611.071716
1022.925000 -622.217200 1013.145874 -615.394775
1029.367000 -626.452700 1019.440674 -619.705566
1035.804000 -630.641600 1025.735107 -623.971130
1042.231000 -634.798800 1031.983643 -628.185608
1048.656000 -638.946200 1038.178101 -632.374573
1055.084000 -643.051500 1044.401611 -636.518433
1061.525000 -647.144100 1050.622559 -640.635193
1067.966000 -651.185500 1056.848633 -644.756775
1074.401000 -655.235300 1063.089844 -648.891235
1080.840000 -659.293400 1069.324585 -653.027344
1087.270000 -663.328400 1075.606445 -657.166138
1093.718000 -667.347400 1081.867920 -661.252380
1100.195000 -671.340900 1088.137451 -665.285217
1106.668000 -675.317100 1094.364258 -669.257751
1113.157000 -679.272000 1100.651978 -673.287659
1119.659000 -683.201000 1106.937622 -677.279236
1126.198000 -687.131900 1113.289429 -681.321899
1132.753000 -691.046400 1119.659790 -685.335022
1139.341000 -694.955400 1126.008179 -689.338562
1145.954000 -698.852200 1132.383545 -693.308777
1152.585000 -702.740800 1138.835693 -697.344238
1159.229000 -706.637800 1145.345337 -701.396240
1165.886000 -710.538400 1151.841309 -705.457581
1172.562000 -714.459000 1158.291992 -709.467712
1179.271000 -718.394000 1164.827515 -713.530945
1186.021000 -722.344800 1171.387329 -717.597351
1192.784000 -726.294800 1177.945435 -721.681519
1199.585000 -730.258400 1184.591309 -725.771729
1206.417000 -734.212600 1191.263550 -729.870667
1213.283000 -738.159200 1197.909668 -733.921143
1220.173000 -742.105200 1204.582764 -737.960876
1227.101000 -746.027900 1211.301880 -741.995239
1234.074000 -749.929400 1218.039673 -745.977905
1241.082000 -753.823500 1224.851807 -750.033142
1248.123000 -757.717500 1231.672729 -754.053772
1255.209000 -761.611600 1238.491943 -758.057800
1262.318000 -765.501500 1245.401489 -762.046631
1269.473000 -769.393200 1252.427124 -766.097229
1276.670000 -773.287000 1259.391602 -770.066040
1283.885000 -777.170800 1266.449219 -774.036743
1291.103000 -781.040700 1273.484741 -778.041809
1298.329000 -784.899000 1280.557251 -782.052368
1305.561000 -788.742100 1287.607788 -786.001465
1312.794000 -792.571300 1294.685547 -789.955627
1320.032000 -796.384600 1301.780151 -793.906067
1327.287000 -800.172300 1308.934082 -797.867126
1334.542000 -803.950000 1316.000366 -801.747375
1341.797000 -807.723100 1323.098633 -805.667358
1349.058000 -811.481900 1330.120239 -809.551636
1356.319000 -815.232700 1337.159058 -813.442688
1363.568000 -818.960500 1344.303711 -817.314880
1370.797000 -822.663500 1351.386841 -821.151733
1378.014000 -826.342400 1358.470825 -824.991638
1385.241000 -830.002800 1365.526001 -828.796326
1392.473000 -833.639800 1372.626709 -832.614807
1399.712000 -837.258600 1379.658813 -836.341125
1406.940000 -840.856000 1386.692505 -840.066162
1414.145000 -844.419900 1393.695190 -843.747314
1421.338000 -847.958700 1400.676392 -847.379578
1428.540000 -851.473700 1407.631836 -851.016296
1435.735000 -854.974700 1414.651367 -854.623108
1442.936000 -858.462100 1421.605347 -858.187012
1450.116000 -861.922600 1428.508911 -861.743713
1457.288000 -865.353900 1435.487793 -865.281616
1464.432000 -868.758100 1442.454102 -868.769592
1471.550000 -872.135000 1449.387085 -872.253174
1478.642000 -875.485100 1456.312134 -875.743713
1485.696000 -878.796500 1463.185791 -879.204956
1492.712000 -882.085000 1470.036865 -882.653503
1499.686000 -885.346400 1476.855713 -886.068298
1506.608000 -888.579300 1483.474365 -889.401794
1513.510000 -891.787400 1490.233398 -892.796936
1520.388000 -894.966500 1496.937744 -896.143066
1527.242000 -898.117000 1503.572388 -899.434265
1534.067000 -901.240100 1510.266602 -902.766724
1540.873000 -904.334900 1516.873657 -906.021912
1547.641000 -907.393900 1523.492065 -909.266602
1554.374000 -910.425200 1529.976807 -912.472717
1561.071000 -913.426300 1536.491333 -915.676208
1567.716000 -916.424100 1542.953003 -918.877625
1574.331000 -919.426300 1549.373535 -922.062195
1580.910000 -922.431500 1555.773071 -925.307495
1587.477000 -925.449400 1562.165405 -928.551208
1593.998000 -928.484000 1568.456543 -931.805115
1600.456000 -931.552300 1574.662231 -935.050598
1606.851000 -934.653500 1580.802002 -938.363647
1613.177000 -937.795300 1586.909058 -941.760132
1619.446000 -940.960600 1592.997681 -945.189758
1625.639000 -944.138700 1598.964722 -948.596497
1631.780000 -947.302000 1604.909424 -952.041504
1637.876000 -950.461600 1610.796509 -955.428711
1643.920000 -953.598100 1616.661499 -958.840881
1649.931000 -956.702500 1622.425415 -962.153625
1655.907000 -959.742900 1628.240234 -965.465027
1661.857000 -962.732200 1633.976929 -968.676025
1667.828000 -965.652000 1639.755127 -971.831543
1673.786000 -968.517000 1645.508179 -974.939148
1679.740000 -971.331200 1651.249146 -977.986145
1685.682000 -974.128800 1657.003052 -981.048218
1691.585000 -976.910500 1662.723999 -984.119080
1697.460000 -979.678900 1668.421021 -987.190735
1703.321000 -982.431100 1674.063110 -990.195923
1709.144000 -985.145100 1679.695679 -993.210083
1714.950000 -987.831400 1685.320679 -996.160950
1720.748000 -990.466700 1690.889771 -999.019958
1726.528000 -993.063100 1696.492554 -1001.901367
1732.261000 -995.615600 1702.030640 -1004.715149
1737.915000 -998.126400 1707.475586 -1007.506287
1743.475000 -1000.590000 1712.792847 -1010.211731
1748.971000 -1002.990000 1718.046387 -1012.854919
1754.388000 -1005.375000 1723.247681 -1015.495178
1759.751000 -1007.751000 1728.452393 -1018.142273
1764.998000 -1010.123000 1733.583618 -1020.786438
1770.113000 -1012.467000 1738.587158 -1023.382751
1775.097000 -1014.785000 1743.451538 -1025.957397
1779.954000 -1017.080000 1748.182739 -1028.474854
1784.649000 -1019.347000 1752.726440 -1030.946167
1789.178000 -1021.604000 1757.171631 -1033.405884
1793.508000 -1023.881000 1761.401367 -1035.881592
1797.645000 -1026.269000 1765.436646 -1038.467285
1801.573000 -1028.814000 1769.275391 -1041.177002
1805.302000 -1031.525000 1772.862183 -1044.037964
1808.823000 -1034.439000 1776.258423 -1047.104980
1812.120000 -1037.563000 1779.431885 -1050.364624
1815.169000 -1040.921000 1782.360962 -1053.846436
1817.931000 -1044.484000 1784.986572 -1057.541138
1820.326000 -1048.207000 1787.297607 -1061.410645
1822.465000 -1052.152000 1789.243530 -1065.422852
1824.255000 -1056.260000 1790.825806 -1069.592163
1825.688000 -1060.491000 1792.069580 -1073.874023
1826.758000 -1064.825000 1792.937378 -1078.256104
1827.464000 -1069.230000 1793.453125 -1082.704468
1827.812000 -1073.687000 1793.604858 -1087.199829
1827.812000 -1078.165000 1793.410522 -1091.703613
1827.468000 -1082.643000 1792.869629 -1096.185791
1826.704000 -1087.072000 1791.970459 -1100.656616
1825.633000 -1091.489000 1790.692871 -1105.044434
1824.183000 -1095.811000 1789.049683 -1109.312256
1822.357000 -1099.995000 1787.024658 -1113.457275
1820.139000 -1103.994000 1784.641724 -1117.389038
1817.589000 -1107.799000 1781.909180 -1121.098389
1814.723000 -1111.351000 1778.855835 -1124.569336
1811.551000 -1114.626000 1775.504272 -1127.757080
1808.088000 -1117.606000 1771.854126 -1130.646973
1804.284000 -1120.246000 1767.950073 -1133.201416
1800.315000 -1122.623000 1763.812134 -1135.425903
1796.124000 -1124.692000 1759.411987 -1137.380249
1791.742000 -1126.471000 1754.856201 -1139.016235
1787.194000 -1127.955000 1750.135010 -1140.344116
1782.506000 -1129.180000 1745.251343 -1141.412842
1777.702000 -1130.193000 1740.310059 -1142.250488
1772.797000 -1131.038000 1735.279175 -1142.899414
1767.796000 -1131.740000 1730.114380 -1143.425293
1762.736000 -1132.348000 1724.919922 -1143.860840
1757.655000 -1132.885000 1719.748413 -1144.191406
1752.565000 -1133.366000 1714.585815 -1144.463379
1747.458000 -1133.818000 1709.390869 -1144.697510
1742.342000 -1134.251000 1704.197510 -1144.933838
1737.220000 -1134.667000 1699.015259 -1145.135864
1732.115000 -1135.064000 1693.845459 -1145.333496
1727.075000 -1135.441000 1688.770508 -1145.496582
1722.082000 -1135.788000 1683.752319 -1145.630737
1717.161000 -1136.086000 1678.815796 -1145.701294
1712.341000 -1136.271000 1673.957642 -1145.697144
1707.613000 -1136.285000 1669.203003 -1145.533325
1703.031000 -1136.085000 1664.564575 -1145.131470
1698.586000 -1135.613000 1660.085693 -1144.443237
1694.241000 -1134.791000 1655.728027 -1143.461548
1689.991000 -1133.671000 1651.500610 -1142.114258
1685.870000 -1132.171000 1647.460083 -1140.391479
1681.961000 -1130.284000 1643.632812 -1138.296143
1678.306000 -1127.996000 1639.991577 -1135.797974
1674.826000 -1125.267000 1636.724731 -1132.957153
1671.787000 -1122.274000 1633.722412 -1129.761230
1669.099000 -1118.972000 1631.125366 -1126.286621
1666.783000 -1115.408000 1628.892212 -1122.538208
1664.817000 -1111.609000 1627.043091 -1118.585449
1663.209000 -1107.637000 1625.597534 -1114.459351
1661.958000 -1103.507000 1624.471436 -1110.153687
1661.115000 -1099.284000 1623.784668 -1105.782593
1660.724000 -1094.939000 1623.560547 -1101.290161
1660.665000 -1090.516000 1623.806519 -1096.821411
1661.140000 -1086.159000 1624.476440 -1092.351440
1662.049000 -1081.841000 1625.598755 -1087.873291
1663.374000 -1077.556000 1627.156372 -1083.499023
1665.055000 -1073.325000 1629.079224 -1079.188354
1667.040000 -1069.131000 1631.312866 -1074.960815
1669.233000 -1064.989000 1633.769287 -1070.774170
1671.640000 -1060.840000 1636.409912 -1066.633911
1674.135000 -1056.683000 1639.164673 -1062.453491
1676.716000 -1052.451000 1641.998169 -1058.244507
1679.381000 -1048.145000 1644.886108 -1053.955688
