0.000000 -0.000000 8.915160 -3.356005
0.003267 4.566315 8.831429 1.199621
-0.031716 9.099118 8.728792 5.711103
-0.081952 13.587370 8.606549 10.178349
-0.172757 18.042800 8.461028 14.591496
-0.267875 22.451640 8.323931 19.000563
-0.358400 26.802010 8.171679 23.326080
-0.442803 31.082040 8.021359 27.596914
-0.523018 35.271990 7.884436 31.795715
-0.611006 39.330190 7.754576 35.830173
-0.673187 43.239550 7.650513 39.743034
-0.695957 46.977480 7.574601 43.473488
-0.690361 50.605530 7.560046 47.108814
-0.609462 54.132960 7.615783 50.667488
-0.411112 57.531050 7.775545 54.041553
-0.030280 60.807340 8.128627 57.345947
0.568852 63.940690 8.677579 60.451656
1.400581 66.903860 9.463639 63.440674
2.445156 69.702430 10.449574 66.266113
3.697183 72.300100 11.662764 68.891518
5.171922 74.740420 13.106199 71.376884
6.852965 76.941870 14.774403 73.639557
8.750799 78.905900 16.645044 75.657333
10.823450 80.634320 18.712574 77.448723
13.066210 82.178440 20.971577 79.010818
15.504950 83.526400 23.439974 80.374733
18.101340 84.588810 26.059504 81.449936
20.853170 85.339470 28.841269 82.242554
23.704110 85.757740 31.721657 82.696503
26.596700 85.903500 34.673836 82.877502
29.539120 85.860020 37.686947 82.875717
32.495530 85.669740 40.693382 82.728767
35.473920 85.419290 43.723759 82.515823
38.479390 85.150930 46.757946 82.280922
41.523140 84.840110 49.801479 82.042473
44.591610 84.512730 52.873436 81.783775
47.698590 84.159740 55.977688 81.504349
50.851300 83.780360 59.134117 81.192337
54.021280 83.370120 62.306980 80.859055
57.236480 82.963200 65.497566 80.525665
60.484150 82.564450 68.735222 80.197540
63.801630 82.126570 72.031624 79.828224
67.115350 81.671290 75.340004 79.446030
70.485000 81.248710 78.717209 79.089058
73.889090 80.831410 82.133423 78.747581
77.339480 80.402860 85.554214 78.390129
80.814430 79.981940 89.020004 78.054855
84.311560 79.560560 92.561562 77.701057
87.843140 79.132970 96.153793 77.338524
91.452740 78.712050 99.775520 76.988808
95.109110 78.302620 103.449852 76.654091
98.802080 77.939830 107.160339 76.343239
102.537600 77.577720 110.896378 76.022499
106.283100 77.182590 114.670074 75.685234
110.001900 76.763780 118.439438 75.318604
113.690700 76.253080 122.148445 74.862305
117.341000 75.581300 125.813553 74.273499
120.903700 74.751300 129.370239 73.532684
124.437500 73.785660 132.900803 72.649414
127.882800 72.651860 136.349915 71.596848
131.253600 71.361680 139.739014 70.382645
134.528800 69.931300 143.041656 69.031456
137.742000 68.328450 146.295471 67.495941
140.926800 66.546730 149.516006 65.781471
144.031200 64.574810 152.667130 63.868881
147.051200 62.406270 155.736389 61.748596
149.969500 60.049300 158.723480 59.439373
152.781800 57.504160 161.594177 56.958557
155.436800 54.746640 164.330948 54.234436
157.947400 51.752940 166.836304 51.287861
160.279800 48.634580 169.147629 48.171078
162.349000 45.353340 171.211685 44.883442
164.179800 41.946720 173.063202 41.515774
165.830900 38.447790 174.745346 38.044792
167.335400 34.861970 176.307755 34.445698
168.691200 31.242820 177.722519 30.858063
169.969500 27.582240 179.120651 27.222271
171.127300 23.900190 180.460480 23.610252
172.263200 20.221330 181.756042 19.983353
173.377000 16.599090 183.061325 16.390667
174.627000 13.004350 184.409027 12.846466
175.942500 9.442182 185.810486 9.355217
177.356800 5.917093 187.314865 5.896416
178.928800 2.434985 188.964600 2.489799
180.675800 -0.971876 190.741943 -0.831299
182.554400 -4.252484 192.648376 -3.982010
184.560700 -7.384682 194.671463 -7.025116
186.750900 -10.368790 196.898743 -9.908829
189.116500 -13.135630 199.304169 -12.615929
191.665700 -15.656880 201.864441 -15.056404
194.385900 -17.931220 204.590317 -17.258629
197.226100 -19.980800 207.495239 -19.230957
200.271800 -21.743030 210.577133 -20.943596
203.448300 -23.203180 213.824051 -22.378296
206.758900 -24.325190 217.183334 -23.436920
210.184300 -25.068170 220.634552 -24.121902
213.630700 -25.424490 224.112183 -24.439951
217.117000 -25.407460 227.556091 -24.355726
220.571900 -25.039820 231.031631 -23.964062
224.021200 -24.363710 234.457245 -23.235733
227.429900 -23.372920 237.833984 -22.187645
230.747500 -22.058700 241.090637 -20.826393
233.928400 -20.443850 244.212128 -19.163940
237.019600 -18.526770 247.179626 -17.203529
239.961000 -16.355940 250.057861 -14.984619
242.779800 -13.984550 252.744720 -12.548569
245.458500 -11.414060 255.356567 -9.938103
247.997000 -8.674394 257.803406 -7.131180
250.390600 -5.759310 260.096283 -4.164787
252.655600 -2.686673 262.269623 -1.041672
254.806500 0.534019 264.333801 2.218468
256.864000 3.862410 266.316681 5.602692
258.884400 7.263272 268.258148 9.052406
260.877600 10.718320 270.169250 12.551750
262.828700 14.222610 272.047638 16.116089
264.741600 17.745920 273.881989 19.680893
266.637600 21.266150 275.683899 23.231606
268.527700 24.786100 277.474915 26.773346
270.375000 28.334210 279.289551 30.330841
272.219500 31.917810 281.114105 33.928734
274.124700 35.502240 282.969238 37.572464
276.050500 39.060050 284.807281 41.226440
277.989700 42.665330 286.681580 44.903976
279.912600 46.301830 288.545288 48.601967
281.775800 49.949900 290.385529 52.257690
283.563100 53.532720 292.180328 55.887543
285.356500 57.056770 293.902985 59.482971
287.075600 60.536460 295.575104 63.012398
288.712000 63.954910 297.182953 66.495293
290.293900 67.289100 298.742615 69.896347
291.871100 70.559820 300.299866 73.237679
293.538100 73.753600 301.955078 76.489136
295.351100 76.864560 303.716003 79.663818
297.261700 79.892800 305.619629 82.759842
299.367900 82.771990 307.721069 85.701065
301.654700 85.444430 309.986206 88.414612
304.129900 87.873730 312.448395 90.932808
306.795800 90.009740 315.104858 93.133484
309.610300 91.815310 317.926727 95.026291
312.540600 93.287990 320.895264 96.589096
315.589700 94.424870 323.968536 97.802505
318.731100 95.231100 327.158905 98.675140
321.947000 95.719040 330.409058 99.249489
325.202000 95.875140 333.659424 99.432281
328.404100 95.672520 336.904083 99.276054
331.635400 95.086030 340.079346 98.763016
334.756200 94.171900 343.170807 97.892845
337.636900 92.963350 346.155212 96.701736
340.363200 91.461070 349.020416 95.158615
342.964100 89.692180 351.714691 93.292130
345.403300 87.579170 354.295959 91.090912
347.592200 85.092570 356.597748 88.585831
349.463400 82.321490 358.591187 85.811958
351.002500 79.397790 360.233643 82.827255
352.204000 76.402830 361.519348 79.770027
353.107800 73.306490 362.516479 76.614243
353.811200 70.096650 363.315369 73.405403
354.464700 66.889050 364.021088 70.210854
355.047400 63.664610 364.645416 67.010498
355.500500 60.449100 365.189148 63.780579
355.866900 57.296080 365.653656 60.619652
356.198500 54.208160 366.088165 57.511791
356.525800 51.221050 366.532867 54.508263
356.961300 48.369400 367.050964 51.660767
357.538900 45.752540 367.682312 49.073410
358.275300 43.388830 368.460938 46.720352
359.266800 41.238890 369.504059 44.610603
360.571800 39.373830 370.821320 42.810776
362.156300 37.835540 372.385620 41.318207
363.974400 36.638300 374.178741 40.171021
366.080400 35.761110 376.225098 39.371613
368.547300 35.234490 378.617157 38.895172
371.148400 35.045060 381.135010 38.787441
373.899500 35.175270 383.821320 38.969452
376.698100 35.611110 386.552063 39.457211
379.470900 36.322790 389.330597 40.231140
382.212100 37.294470 392.025543 41.241806
384.867700 38.517990 394.672699 42.517334
387.364100 39.991850 397.157654 44.052368
389.701500 41.780710 399.443634 45.896347
391.802700 43.839190 401.512207 47.987411
393.689400 46.099010 403.367554 50.287247
395.383900 48.474340 405.029694 52.698364
396.942200 50.928340 406.553162 55.190460
398.325500 53.450140 407.898254 57.744568
399.544900 56.052550 409.068939 60.371140
400.579700 58.728940 410.077606 63.064133
401.390700 61.486590 410.879395 65.860725
401.978000 64.333130 411.434967 68.725815
402.335300 67.250270 411.755676 71.664993
402.474600 70.259740 411.837555 74.700439
402.447300 73.356030 411.736176 77.817169
402.341800 76.540880 411.535370 81.000511
402.228800 79.805450 411.300903 84.255539
402.075400 83.156280 411.019287 87.613159
401.927800 86.597120 410.699371 91.060684
401.721900 90.113350 410.346344 94.557404
401.455800 93.737450 409.960785 98.142143
401.169200 97.438860 409.552948 101.829407
400.835400 101.196700 409.102295 105.570732
400.479100 104.981000 408.640381 109.326355
400.086700 108.745200 408.140045 113.092422
399.638200 112.493800 407.588196 116.808395
399.138700 116.226700 407.005371 120.527420
398.603300 119.924700 406.363159 124.203171
398.025400 123.612000 405.702789 127.857216
397.409200 127.314800 405.013947 131.552002
396.829000 131.013100 404.377380 135.187424
396.222300 134.687900 403.697968 138.817520
395.601900 138.281700 403.026825 142.457275
395.033400 141.881600 402.411896 146.114243
394.483600 145.487500 401.791779 149.726913
393.961300 149.091800 401.199005 153.357910
393.456700 152.724500 400.613342 156.992188
392.964400 156.362200 400.036774 160.657135
392.473900 160.012200 399.445526 164.329071
391.988000 163.681600 398.867615 168.020935
391.511200 167.360500 398.280426 171.723511
391.037700 171.040400 397.695404 175.423218
390.574400 174.743200 397.141327 179.142426
390.110100 178.440800 396.560181 182.871292
389.662900 182.147700 396.016815 186.577118
389.244100 185.891700 395.527679 190.333160
388.894800 189.677500 395.109253 194.097641
388.606000 193.461200 394.744202 197.872894
388.392800 197.250000 394.449036 201.640991
388.242200 201.058600 394.192505 205.429626
388.167200 204.843700 394.022552 209.226685
388.164900 208.656700 393.914520 213.019058
388.225800 212.467100 393.877350 216.850372
388.337900 216.277100 393.871918 220.669769
388.518500 220.100100 393.944611 224.527557
388.781300 223.924000 394.087494 228.381012
389.110400 227.762200 394.308319 232.251587
389.519500 231.600300 394.595428 236.138931
390.000700 235.455300 394.970154 240.024612
390.533100 239.323100 395.391388 243.908829
391.126500 243.191800 395.894348 247.823029
391.817200 247.082900 396.478577 251.773605
392.446500 250.991000 397.130402 255.694824
393.192700 254.933200 397.894562 259.634796
394.129800 258.841200 398.782623 263.560242
395.212400 262.725700 399.764008 267.470795
396.381300 266.559900 400.815857 271.377441
397.591700 270.309200 401.934784 275.188965
398.915600 273.988100 403.087402 278.943359
400.261600 277.620100 404.323486 282.660492
401.674900 281.230100 405.588806 286.339478
403.099300 284.836200 406.880737 290.024994
404.552600 288.368900 408.180481 293.651794
405.981400 291.858600 409.467865 297.245361
407.396700 295.286300 410.770264 300.748260
408.787500 298.654400 412.044556 304.196350
410.160300 301.970700 413.284424 307.579742
411.532700 305.248600 414.554688 310.924805
412.910200 308.514300 415.816040 314.206299
414.286500 311.815200 417.085022 317.602875
415.632400 315.158100 418.344818 320.967102
416.955300 318.554600 419.664490 324.407532
418.356500 321.950200 421.093719 327.828156
419.919100 325.360500 422.647034 331.286713
421.619500 328.772700 424.280579 334.753174
423.465300 332.205100 426.068909 338.243622
425.389400 335.648500 427.927979 341.757385
427.393700 339.062100 429.859802 345.241943
429.441400 342.427400 431.837280 348.697815
431.502800 345.736000 433.821533 352.094635
433.555500 349.037600 435.809814 355.465515
435.647400 352.345100 437.816254 358.860474
437.737700 355.673900 439.818329 362.244537
439.858900 359.019800 441.855530 365.659546
441.938400 362.354800 443.860107 369.069580
444.011500 365.707600 445.852722 372.458008
446.074200 369.043000 447.844299 375.861328
448.108100 372.393000 449.804565 379.247101
450.106200 375.748500 451.756134 382.633209
452.077600 379.076100 453.746063 386.028778
454.072700 382.382200 455.755280 389.408020
456.149900 385.671800 457.786560 392.782104
458.224600 388.968400 459.824707 396.141205
460.351800 392.205600 461.881409 399.442413
462.503100 395.388100 463.962219 402.700867
464.568500 398.419600 465.988312 405.794952
466.632000 401.347200 467.994263 408.777527
468.654400 404.221700 469.933411 411.712219
470.657600 407.038900 471.885620 414.587708
472.677800 409.783700 473.802948 417.426514
474.657200 412.487100 475.733337 420.205750
476.592600 415.139500 477.587555 422.922363
478.496300 417.710700 479.393921 425.536194
480.372100 420.213300 481.183655 428.079102
482.195400 422.602900 482.933289 430.526489
483.955500 424.843700 484.611969 432.807709
485.628500 426.923600 486.241608 434.937744
487.190800 428.865800 487.745758 436.932922
488.699400 430.731200 489.211182 438.837891
490.108000 432.491800 490.569977 440.636658
491.375400 434.138900 491.776245 442.300598
492.521700 435.661300 492.875549 443.848999
493.585300 437.088500 493.918579 445.305756
494.601900 438.498800 494.886169 446.724396
495.493900 439.942600 495.748535 448.163879
496.198400 441.455900 496.421234 449.636322
496.643000 443.038900 496.821411 451.171997
496.894900 444.688300 497.082275 452.808258
496.838300 446.434300 497.058075 454.565887
496.587000 448.236400 496.742645 456.363617
496.020500 450.035800 496.160950 458.197205
495.316800 451.880800 495.379517 459.996155
494.382600 453.714700 494.380768 461.769104
493.357500 455.591800 493.294952 463.607819
492.259600 457.525200 492.149414 465.502502
491.138900 459.531700 490.956451 467.491394
489.968800 461.583000 489.717651 469.529541
488.778600 463.722100 488.432800 471.636353
487.527700 465.987400 487.092346 473.864258
486.241900 468.332900 485.729736 476.153625
484.929200 470.750300 484.310760 478.491028
483.595100 473.196800 482.839935 480.878540
482.240900 475.680400 481.371368 483.311859
480.881200 478.179700 479.895569 485.760193
479.506700 480.715200 478.404480 488.237305
478.139700 483.249600 476.908569 490.694275
476.741800 485.776600 475.386871 493.187042
475.327000 488.358200 473.862946 495.719727
473.905700 490.923000 472.337158 498.218140
472.463600 493.499100 470.792755 500.734070
471.030900 496.048700 469.262878 503.206299
469.654400 498.493900 467.794464 505.584625
468.311000 500.883700 466.358185 507.924988
467.003300 503.201000 464.962524 510.157410
465.767600 505.385700 463.649872 512.295898
464.618000 507.421200 462.425964 514.280640
463.563200 509.303500 461.301392 516.104065
462.581700 511.077100 460.249146 517.839722
461.620900 512.827500 459.218506 519.546509
460.698800 514.516100 458.227356 521.197388
459.825600 516.111800 457.290436 522.756226
459.035800 517.582500 456.437225 524.187805
458.312900 518.912300 455.656982 525.483093
457.589200 520.176600 454.877045 526.718140
456.756600 521.359000 454.014313 527.852722
455.798000 522.446500 453.016754 528.883423
454.695200 523.354600 451.934906 529.715332
453.456700 523.963300 450.735046 530.371216
452.010000 524.448000 449.321167 530.840271
450.370300 524.664900 447.709961 531.039856
448.645800 524.629300 446.001038 530.927246
446.853700 524.242200 444.188812 530.507996
445.001300 523.578900 442.375122 529.785522
443.053700 522.715000 440.514282 528.836243
441.070200 521.621600 438.586639 527.674927
439.068600 520.385000 436.655121 526.360229
437.067600 519.079900 434.723022 524.980774
435.131900 517.711100 432.853516 523.538086
433.248700 516.276400 431.034851 522.015747
431.409100 514.772600 429.270264 520.446289
429.653800 513.188400 427.565186 518.796143
427.979000 511.552500 425.927643 517.089661
426.376200 509.872800 424.379059 515.347900
424.896200 508.159600 422.916077 513.573242
423.477300 506.386900 421.521149 511.739746
422.151700 504.603800 420.219757 509.898468
420.895300 502.757100 419.011719 508.003235
419.698800 500.847600 417.829834 506.037720
418.553100 498.879100 416.719147 504.010712
417.436100 496.852200 415.637146 501.932861
416.341100 494.769800 414.590149 499.789001
415.299400 492.613200 413.581268 497.589844
414.283100 490.400400 412.581573 495.328278
413.291100 488.174100 411.624023 493.043823
412.307400 485.928500 410.691101 490.763336
411.321100 483.659600 409.773346 488.470490
410.385800 481.369500 408.876709 486.139709
409.484300 479.070200 408.027771 483.810120
408.605900 476.771200 407.206085 481.449799
407.747600 474.482200 406.420044 479.099792
406.916200 472.194500 405.654388 476.766418
406.106200 469.923800 404.910339 474.471497
405.321800 467.714100 404.188873 472.233307
404.581200 465.613200 403.530518 470.116058
403.881000 463.647100 402.889465 468.123779
403.196100 461.842900 402.283081 466.277435
402.563700 460.074300 401.672974 464.488586
401.946900 458.305600 401.081146 462.707214
401.296600 456.548600 400.463196 460.926941
400.651300 454.770400 399.838074 459.129730
399.996700 452.984700 399.203369 457.323059
399.329600 451.125900 398.557678 455.434906
398.618400 449.218000 397.887268 453.508240
397.822000 447.249700 397.153107 451.511292
396.969800 445.208000 396.359680 449.444489
396.116100 443.116600 395.552521 447.346497
395.211200 440.967800 394.687164 445.194092
394.287700 438.749400 393.816772 443.001923
393.341900 436.497700 392.910706 440.756287
392.358600 434.221800 392.009338 438.471039
391.343800 431.907700 391.075562 436.155792
390.285600 429.531900 390.088867 433.772461
389.177900 427.104300 389.057739 431.342682
388.002000 424.633000 387.944336 428.871765
386.786000 422.153600 386.809753 426.397217
385.529200 419.645500 385.640289 423.900635
384.252800 417.122900 384.426544 421.358582
382.927300 414.575600 383.172150 418.799744
381.591500 412.030100 381.902832 416.255981
380.224100 409.463100 380.590668 413.676819
378.830100 406.889400 379.265228 411.070892
377.404400 404.303400 377.926147 408.462769
375.940700 401.722300 376.533478 405.852478
374.431300 399.137000 375.097595 403.230530
372.878200 396.550200 373.607483 400.604675
371.286300 393.960100 372.083191 397.974792
369.662600 391.367800 370.538696 395.341125
368.012000 388.798400 368.942413 392.715607
366.357200 386.258300 367.314575 390.088776
364.686300 383.683500 365.676941 387.436707
362.990500 381.103100 364.006470 384.777954
361.274100 378.545400 362.334778 382.152252
359.479500 376.079600 360.676086 379.627350
357.743100 373.713700 359.038147 377.206909
356.046500 371.424400 357.410645 374.867065
354.349500 369.168400 355.774841 372.544281
352.662900 366.944000 354.169617 370.264923
351.018900 364.780500 352.566925 368.029572
349.445300 362.679200 351.047943 365.862183
347.970100 360.669800 349.616852 363.803345
346.587900 358.760700 348.257019 361.846863
345.269200 357.004900 346.967163 360.049072
343.987600 355.420000 345.714569 358.404144
342.722300 353.942300 344.478546 356.903625
341.428400 352.599100 343.212769 355.534027
340.132200 351.423100 341.930511 354.347534
338.769300 350.441200 340.581482 353.338715
337.341700 349.681300 339.159271 352.531921
335.777200 349.128400 337.616760 351.987396
334.132400 348.908200 335.977875 351.692505
332.452400 349.031300 334.283936 351.747742
330.797800 349.428100 332.611389 352.075226
329.211100 350.167300 331.020477 352.755432
327.641800 351.098300 329.450226 353.641815
326.094800 352.236000 327.885376 354.754395
324.512700 353.489700 326.276367 355.964661
322.875800 354.863500 324.583466 357.306580
321.135500 356.302000 322.790314 358.683746
319.250000 357.710100 320.861755 360.009949
317.242300 359.002400 318.822205 361.221191
315.093800 360.160000 316.635132 362.307526
312.852600 361.167400 314.373169 363.220093
310.509200 362.008200 312.018005 363.957916
308.069100 362.662200 309.556824 364.523285
305.560600 363.146700 307.049622 364.907532
302.953900 363.438100 304.458466 365.123444
300.313300 363.558500 301.799286 365.165802
297.631800 363.522600 299.106812 365.031982
294.885100 363.381000 296.379578 364.828918
292.104200 363.172300 293.590393 364.554779
289.300900 362.939000 290.776428 364.233398
286.491000 362.678500 287.962341 363.867493
283.693500 362.370200 285.164093 363.461700
280.920600 362.098000 282.411865 363.095032
278.169000 361.857400 279.646057 362.745422
275.446800 361.657400 276.943298 362.445526
272.737000 361.519800 274.229767 362.224121
270.035600 361.455000 271.520386 362.071136
267.327700 361.497700 268.798126 362.023438
264.630400 361.676000 266.073578 362.110748
261.940300 361.979900 263.381348 362.319824
259.250900 362.413000 260.686005 362.645508
256.573600 362.959900 257.983276 363.109314
253.917300 363.655300 255.313324 363.700012
251.288400 364.497000 252.651718 364.433746
248.680300 365.504900 249.981873 365.343689
246.094700 366.666900 247.363068 366.424316
243.562600 367.994000 244.774658 367.685638
241.083300 369.508300 242.268448 369.112366
238.697300 371.174900 239.842163 370.699829
236.432200 372.983900 237.544617 372.439178
234.282400 374.915600 235.352783 374.301453
232.221400 376.965100 233.254059 376.277466
230.283900 379.136000 231.280579 378.380096
228.445400 381.408600 229.416229 380.591522
226.762700 383.789500 227.695190 382.904114
225.240300 386.284200 226.116516 385.347534
223.870500 388.875300 224.666351 387.914062
222.651800 391.576800 223.374390 390.585907
221.610300 394.407600 222.261993 393.358917
220.731600 397.346700 221.292572 396.265808
220.036100 400.374900 220.506195 399.263947
219.492700 403.546000 219.894547 402.410675
219.131100 406.829700 219.444504 405.693573
218.954900 410.176200 219.189590 409.046082
218.961000 413.566100 219.123184 412.433350
219.145900 416.967900 219.233643 415.853363
219.451900 420.389700 219.454529 419.274963
219.829800 423.806600 219.751328 422.694641
220.310500 427.237200 220.138229 426.138031
220.868900 430.684800 220.594879 429.585907
221.441400 434.161900 221.046875 433.071503
222.038500 437.663400 221.537750 436.554230
222.674200 441.192400 222.042816 440.090668
223.324700 444.766400 222.553680 443.671478
223.976800 448.390400 223.065750 447.271606
224.645100 452.052600 223.592041 450.920502
225.326300 455.738000 224.135376 454.586212
226.013500 459.438200 224.687897 458.280212
226.742700 463.131400 225.290863 461.955719
227.489100 466.830800 225.906921 465.651733
228.247700 470.527000 226.538940 469.340118
229.012100 474.215100 227.173264 473.046417
229.762000 477.897100 227.806641 476.711670
230.499300 481.567900 228.411392 480.373138
231.252900 485.238400 229.035461 484.042816
232.010300 488.886300 229.653381 487.704895
232.763300 492.531800 230.287445 491.341980
233.545900 496.169700 230.929855 494.991516
234.328200 499.811600 231.563797 498.634338
235.108100 503.420000 232.212555 502.264374
235.907500 507.019800 232.876694 505.885986
236.703700 510.603300 233.553741 509.500458
237.481000 514.162500 234.198303 513.074219
238.249000 517.704200 234.843781 516.660217
239.014400 521.230500 235.473068 520.158936
239.746800 524.741600 236.061584 523.664185
240.436600 528.231300 236.648224 527.167725
241.102000 531.689500 237.202728 530.638733
241.740900 535.133300 237.745102 534.063843
242.359400 538.550300 238.274017 537.491272
242.993900 541.935900 238.820465 540.879333
243.655500 545.295800 239.393219 544.255737
244.307800 548.630700 239.963242 547.594727
244.986700 551.924500 240.567261 550.901672
245.686600 555.189800 241.196533 554.176331
246.402300 558.403000 241.832932 557.400574
247.160300 561.604000 242.518707 560.602844
247.954300 564.747800 243.227966 563.773560
248.799800 567.843200 244.006592 566.875305
249.719700 570.881500 244.840469 569.931335
250.691800 573.875500 245.750443 572.947815
251.722500 576.816900 246.690048 575.909119
252.792400 579.719200 247.671997 578.846497
253.899200 582.619100 248.680542 581.769836
254.999400 585.538800 249.685760 584.698059
256.084000 588.464600 250.660828 587.653931
257.132200 591.413100 251.598419 590.611572
258.142200 594.337700 252.498947 593.527161
259.143500 597.295100 253.391479 596.504700
260.132300 600.227900 254.274506 599.457642
261.124300 603.146400 255.167130 602.398987
262.175000 606.016800 256.124176 605.257812
263.321800 608.844200 257.171661 608.101013
264.592700 611.600700 258.364105 610.877930
266.012800 614.279900 259.698792 613.570435
267.588100 616.881700 261.199341 616.211914
269.323800 619.428300 262.860443 618.796875
271.210100 621.881800 264.665649 621.308350
273.238300 624.254900 266.604126 623.732056
275.373300 626.509900 268.669250 626.057556
277.623300 628.637000 270.832581 628.258423
279.976600 630.608900 273.124451 630.322754
282.453700 632.438800 275.523834 632.243164
285.065600 634.108700 278.093628 634.006042
287.781800 635.684200 280.741272 635.667480
290.614800 637.170400 283.514526 637.242920
293.572000 638.551300 286.415344 638.720642
296.640000 639.897800 289.424591 640.178833
299.815900 641.203200 292.535706 641.610840
303.076400 642.494500 295.710815 643.022339
306.357100 643.765800 298.888336 644.403259
309.674900 645.021300 302.130157 645.779785
312.999700 646.243800 305.369141 647.115112
316.341000 647.457400 308.617371 648.446838
319.656500 648.689200 311.832886 649.787781
322.948500 649.961000 315.031219 651.175659
326.166800 651.311700 318.178406 652.642883
329.336100 652.739100 321.277222 654.194946
332.444200 654.205600 324.309021 655.755127
335.400500 655.659200 327.208496 657.309937
338.177900 657.091100 329.969421 658.828430
340.853600 658.520100 332.637329 660.329773
343.392000 659.901300 335.170258 661.786499
345.797500 661.222900 337.553162 663.182983
348.061700 662.470200 339.796722 664.484985
350.227800 663.663600 341.959778 665.739563
352.269800 664.764500 344.012878 666.900513
354.171500 665.743600 345.885681 667.950195
355.867200 666.596600 347.565094 668.857117
357.385800 667.323400 349.048706 669.646118
358.688300 667.945100 350.318481 670.329346
359.785500 668.454700 351.402435 670.842163
360.684700 668.879300 352.294922 671.300293
361.448900 669.240500 353.056976 671.692383
362.202200 669.609800 353.769073 672.084045
362.884200 670.041700 354.398224 672.525391
363.544500 670.582800 355.041718 673.074280
364.209800 671.330500 355.712555 673.812622
364.845000 672.309500 356.183563 674.874451
365.349200 673.552400 356.644379 676.135376
365.693100 675.079000 356.774078 677.535217
365.765200 676.782400 356.728729 679.212708
365.523700 678.539500 356.391113 680.978271
365.089100 680.489300 355.821869 682.818176
364.466100 682.514600 355.054932 684.781250
363.616300 684.610800 354.138733 686.701294
362.501500 686.760700 352.966888 688.787964
361.240200 688.988000 351.648376 690.939819
359.916600 691.336700 350.231018 693.222900
358.517400 693.800300 348.730164 695.639893
357.035700 696.407500 347.122162 698.157471
355.508800 699.115600 345.481567 700.774902
353.904300 701.929300 343.748352 703.517334
352.257400 704.823800 341.944946 706.338867
350.567500 707.796400 340.121857 709.201355
348.841400 710.853200 338.251160 712.155701
347.061700 713.947900 336.318542 715.154297
345.240600 717.126500 334.330994 718.241882
343.396200 720.384700 332.329132 721.386841
341.517100 723.688800 330.293274 724.567383
339.619000 727.060600 328.227997 727.836182
337.697800 730.488300 326.151642 731.112305
335.746300 733.965100 323.989716 734.532043
333.767200 737.500800 321.811646 737.984558
331.787300 741.093200 319.661255 741.441284
329.802100 744.697600 317.491333 744.939209
327.822700 748.252900 315.332489 748.356140
325.882900 751.750500 313.207458 751.772461
323.953700 755.221900 311.101807 755.112183
322.019400 758.698600 309.000061 758.467041
320.037700 762.177600 306.849792 761.813171
318.097700 765.622300 304.736084 765.154602
316.183200 769.057500 302.622284 768.496216
314.250000 772.494900 300.499390 771.814209
312.275800 775.931500 298.338440 775.135315
310.254000 779.359500 296.130859 778.418945
308.122800 782.782800 293.810028 781.748901
305.862800 786.166800 291.385071 785.016724
303.500700 789.503100 288.842346 788.227600
300.970800 792.776600 286.161072 791.371582
298.346100 795.948700 283.384644 794.387756
295.632400 799.046800 280.508362 797.324097
292.854400 802.131000 277.601410 800.208801
290.021900 805.167500 274.611725 803.088013
287.126600 808.146600 271.560974 805.896240
284.119000 811.063300 268.410156 808.632324
281.041800 813.860300 265.191345 811.224792
277.869300 816.545900 261.902100 813.742310
274.646800 819.105600 258.582458 816.111145
271.386100 821.531200 255.198318 818.376526
268.116800 823.813700 251.812073 820.484131
264.867100 825.970500 248.433746 822.467407
261.611600 828.060300 245.052963 824.388123
258.412200 830.064600 241.716660 826.223633
255.270800 831.964500 238.438049 827.967346
252.165400 833.785500 235.231430 829.614258
249.035500 835.465400 232.094238 831.175659
245.676600 836.941500 229.035370 832.636108
242.526400 838.395100 226.095551 834.027466
239.649200 839.782300 223.289825 835.341797
236.954200 841.095200 220.653946 836.562317
234.477400 842.339200 218.182953 837.715515
232.193600 843.528700 215.868439 838.837830
230.093400 844.639300 213.754074 839.859070
228.164600 845.633300 211.814301 840.761292
226.339700 846.487500 209.967194 841.523743
224.559800 847.148600 208.177490 842.086304
222.862900 847.611100 206.494995 842.451355
221.160000 847.853200 204.808273 842.569641
219.343600 847.650900 203.121460 842.430542
217.613700 847.228800 201.434418 841.953979
215.983200 846.459000 199.829559 841.146484
214.496600 845.376700 198.354309 840.034790
213.166300 844.015600 197.077942 838.621216
211.989600 842.443000 195.938995 837.012329
210.942500 840.673500 194.992905 835.196777
210.015200 838.668700 194.169342 833.208801
209.177100 836.492300 193.477402 831.004883
208.420100 834.203400 192.849915 828.674500
207.685300 831.756600 192.254822 826.181763
206.966400 829.169500 191.680054 823.552551
206.234900 826.499600 191.122940 820.854553
205.491300 823.727800 190.534225 818.037415
204.726900 820.872900 189.918182 815.134155
203.960100 817.947300 189.285660 812.139832
203.188700 814.944500 188.669891 809.078430
202.387700 811.853000 188.025330 805.955322
201.557100 808.685000 187.345917 802.718445
200.707000 805.446700 186.663864 799.442383
199.837600 802.169300 185.961212 796.092407
198.959100 798.853000 185.251633 792.726746
198.078300 795.512000 184.545547 789.320984
197.208100 792.134200 183.837692 785.880798
196.331500 788.727300 183.120743 782.416016
195.393800 785.296400 182.362976 778.925171
194.407000 781.832200 181.557220 775.406433
193.372100 778.361600 180.706207 771.867432
192.268500 774.862700 179.794098 768.303894
191.104500 771.351900 178.822723 764.725708
189.900200 767.803200 177.806366 761.087280
188.697400 764.215300 176.786316 757.425476
187.525500 760.573100 175.808929 753.696472
186.417200 756.874800 174.908768 749.937256
185.391100 753.140200 174.068512 746.132385
184.425300 749.376100 173.295029 742.298828
183.505800 745.586000 172.582581 738.440369
182.630800 741.760500 171.923233 734.551819
181.799600 737.920600 171.292770 730.653564
180.995700 734.046000 170.702332 726.766541
180.235100 730.165100 170.116241 722.859192
179.509000 726.267300 169.557068 718.907043
178.782600 722.358000 169.010773 714.979675
178.060700 718.433400 168.488251 711.028076
177.362100 714.485400 167.999054 707.042969
176.683600 710.485300 167.526031 703.029907
176.012100 706.523900 167.075104 699.010681
175.366700 702.573200 166.632523 694.990662
174.771600 698.664000 166.237061 691.042542
174.208700 694.786000 165.865341 687.087830
173.664500 690.971400 165.519196 683.229370
173.120400 687.194400 165.159485 679.400330
172.609800 683.452500 164.811279 675.622375
172.111300 679.757200 164.475616 671.886108
171.620100 676.075400 164.155060 668.187988
171.116500 672.425100 163.819168 664.501221
170.597300 668.791300 163.485931 660.841736
170.061700 665.158300 163.140610 657.169373
169.508500 661.515700 162.793640 653.485901
168.924400 657.855800 162.445496 649.797363
168.353600 654.164700 162.076218 646.082581
167.787000 650.469600 161.743439 642.377136
167.241700 646.760000 161.421417 638.671387
166.711700 643.033600 161.093704 634.927612
166.161900 639.298500 160.752960 631.162842
165.603300 635.547200 160.412338 627.405396
165.019900 631.781100 160.059036 623.613586
164.407900 627.989800 159.675812 619.798523
163.795100 624.165700 159.299606 615.956299
163.188600 620.333500 158.899460 612.084351
162.585900 616.485800 158.517242 608.224792
162.003800 612.637200 158.132736 604.345642
161.404000 608.796100 157.755936 600.450928
160.758000 604.972100 157.382416 596.559631
160.133600 601.135300 157.012634 592.639038
159.495800 597.273400 156.631653 588.743103
158.840300 593.366000 156.257751 584.774841
158.208600 589.447000 155.886459 580.786499
157.580800 585.515400 155.510010 576.794434
156.942900 581.558400 155.136230 572.810852
156.315100 577.584700 154.768051 568.829285
155.693100 573.602200 154.402298 564.829651
155.097900 569.612100 154.049118 560.828308
154.494600 565.631700 153.680634 556.800476
153.882900 561.635800 153.299255 552.789673
153.275400 557.661700 152.904266 548.776123
152.657100 553.699500 152.531509 544.786316
152.007000 549.736100 152.155029 540.777466
151.335500 545.780700 151.757416 536.775696
150.702300 541.830000 151.369339 532.755371
150.111100 537.863200 151.003662 528.771057
149.565800 533.878000 150.629135 524.751648
149.070700 529.886400 150.278595 520.733521
148.583300 525.892200 149.943756 516.726746
148.098100 521.899600 149.599655 512.719727
147.615200 517.906000 149.279694 508.710175
147.078600 513.924800 148.920807 504.696411
146.557400 509.928000 148.558563 500.686035
145.990800 505.947400 148.191986 496.753204
145.414200 501.983900 147.839783 492.755249
144.839400 498.023200 147.459320 488.752838
144.237000 494.066600 147.042694 484.772888
143.642200 490.086700 146.641937 480.788605
143.093600 486.100600 146.241241 476.790955
142.520000 482.109500 145.837448 472.781616
141.953600 478.120000 145.467712 468.791962
141.409200 474.120700 145.105957 464.796356
140.866200 470.116800 144.764572 460.787231
140.329900 466.129000 144.406998 456.807159
139.802900 462.170200 144.059570 452.857697
139.285200 458.259400 143.726776 448.964447
138.767400 454.380800 143.399109 445.097473
138.265200 450.537100 143.083252 441.262634
137.781900 446.703500 142.780212 437.427094
137.326700 442.890000 142.507660 433.613495
136.905100 439.064700 142.271606 429.772888
136.518100 435.237300 142.056061 425.935455
136.143200 431.414200 141.859634 422.110870
135.825400 427.592200 141.689316 418.296631
135.543200 423.737300 141.595825 414.443237
135.270100 419.908100 141.532059 410.598694
135.035900 416.031200 141.512177 406.722260
134.860400 412.167200 141.539337 402.867676
134.729600 408.319200 141.609589 399.000427
134.657500 404.515600 141.732758 395.229736
134.622800 400.768700 141.879959 391.502563
134.596400 397.079600 142.040665 387.832489
134.623000 393.460300 142.248459 384.194427
134.664700 389.903700 142.478638 380.640808
134.742900 386.395400 142.731049 377.156433
134.849100 382.945500 143.008804 373.731659
134.972000 379.565400 143.273102 370.366730
135.131800 376.244700 143.573547 367.069427
135.333900 373.018200 143.916290 363.859558
135.556500 369.861200 144.295258 360.719452
135.838900 366.777100 144.720123 357.666718
136.225700 363.791900 145.242401 354.720673
136.738700 360.891300 145.878265 351.856934
137.359000 358.081000 146.629913 349.079132
138.112400 355.303200 147.525146 346.335449
138.966200 352.534800 148.515030 343.618225
139.893600 349.805900 149.556488 340.936340
140.896000 347.157200 150.666840 338.337769
141.971400 344.579000 151.835815 335.830505
143.130500 342.084500 153.105820 333.410706
144.392300 339.674500 154.465820 331.072937
145.777400 337.332100 155.927811 328.799744
147.331500 335.073900 157.551544 326.620789
149.057400 332.893100 159.344666 324.546021
150.967000 330.772000 161.310318 322.587250
153.050000 328.762800 163.455231 320.729065
155.286900 326.913400 165.765457 318.986328
157.696000 325.210700 168.187119 317.442596
160.258100 323.696400 170.761063 316.089874
162.973100 322.395300 173.462921 314.953247
165.832800 321.314600 176.315308 314.061157
168.823000 320.455500 179.292603 313.365356
171.915000 319.751800 182.364777 312.835419
175.093600 319.154400 185.542358 312.403564
178.356600 318.621500 188.797104 312.037262
181.670600 318.107800 192.155396 311.708069
184.954100 317.552100 195.589752 311.403046
188.360600 317.014600 199.125015 311.086914
191.810500 316.498600 202.660690 310.760010
195.303300 315.956300 206.265533 310.382324
198.810200 315.370500 209.842239 309.967407
202.319700 314.727700 213.421524 309.486115
205.854900 314.018600 216.998642 308.948944
209.382100 313.210000 220.585266 308.305817
212.873900 312.313500 224.132294 307.574188
216.282400 311.315800 227.599060 306.744934
219.602300 310.211800 230.957993 305.798523
222.828600 308.969500 234.208893 304.724060
225.892800 307.618500 237.338593 303.532349
228.857400 306.132600 240.354156 302.195404
231.705300 304.510000 243.303986 300.695496
234.404500 302.795000 246.079544 299.129700
236.964200 301.022400 248.708557 297.504486
239.357400 299.191600 251.196030 295.781464
241.573300 297.348000 253.480362 294.063843
243.583200 295.531300 255.596436 292.333008
245.364000 293.745300 257.464172 290.624756
246.928300 292.003400 259.104523 288.950531
248.255900 290.313300 260.503418 287.333069
249.318200 288.712300 261.655060 285.773315
250.170400 287.137600 262.579315 284.218170
250.789300 285.600000 263.286346 282.687134
251.165900 284.019700 263.743073 281.087646
251.314100 282.347000 263.990906 279.470886
251.208600 280.685900 263.977875 277.789673
250.772400 279.031200 263.638397 276.034271
249.999900 277.363100 262.954437 274.299561
248.862600 275.742500 261.861298 272.601501
247.391400 274.199800 260.457703 270.990051
245.604100 272.717600 258.750641 269.422852
243.606700 271.249000 256.834229 267.852112
241.483200 269.657000 254.762970 266.142090
239.255900 267.931300 252.635117 264.320129
236.942400 266.062700 250.408218 262.340729
234.573400 264.060900 248.128418 260.223846
232.194200 261.911300 245.886200 257.980927
229.828600 259.643500 243.619110 255.603363
227.459400 257.285700 241.346191 253.133316
225.117700 254.818300 239.137238 250.586273
222.794900 252.268100 236.903091 247.929077
220.539900 249.684100 234.767639 245.246155
218.379000 247.150200 232.730042 242.623291
216.331900 244.688600 230.800232 240.061188
214.447100 242.296600 229.019608 237.578644
212.738900 239.986300 227.394852 235.187851
211.155100 237.800000 225.888626 232.931747
209.645500 235.806000 224.447220 230.843979
208.153800 234.063200 223.002731 229.012100
206.642600 232.599300 221.547821 227.468475
205.050700 231.388700 220.021011 226.193039
203.386000 230.453900 218.356201 225.169800
201.568800 229.804200 216.547653 224.414886
199.652600 229.469400 214.587555 223.986313
197.649300 229.448700 212.538635 223.912888
195.695200 229.808500 210.494873 224.191879
193.757500 230.545900 208.514450 224.846741
191.873400 231.575500 206.526123 225.800003
190.008500 232.786900 204.542511 226.925568
188.027800 234.075600 202.427444 228.149811
185.893500 235.390300 200.186050 229.356354
183.609800 236.705800 197.765839 230.600616
181.165200 238.005100 195.207794 231.791046
178.517300 239.254000 192.516541 232.881393
175.726900 240.407000 189.677246 233.879456
172.707400 241.421200 186.662491 234.754135
169.603600 242.357600 183.604370 235.572815
166.445500 243.209000 180.450439 236.294983
163.269700 243.975200 177.226242 236.904053
160.018600 244.710100 173.979736 237.505661
156.736700 245.397400 170.703766 238.046234
153.408400 246.036100 167.389297 238.552536
150.090200 246.634600 164.069916 239.003311
146.806300 247.228400 160.741058 239.446060
143.505000 247.801600 157.426941 239.862579
140.209300 248.367500 154.156876 240.276886
136.935100 248.926700 150.885773 240.673950
133.701200 249.482000 147.646225 241.098495
130.512300 250.041400 144.456772 241.533051
127.368600 250.623000 141.271988 242.013397
124.279500 251.271600 138.164291 242.563110
121.226800 251.988400 135.089569 243.174042
118.235900 252.796200 132.046112 243.881989
115.296000 253.710500 129.082092 244.676407
112.410900 254.793600 126.145149 245.625687
109.550100 256.073600 123.229500 246.753601
106.765300 257.559400 120.384872 248.064224
104.058300 259.195200 117.612152 249.548401
101.451300 260.983800 114.924744 251.197372
98.958900 262.930000 112.328163 253.004532
96.560750 265.038400 109.813942 254.978287
94.233290 267.302400 107.392769 257.091370
91.992660 269.682500 105.046036 259.372833
89.872160 272.215300 102.814140 261.806854
87.867480 274.902800 100.699570 264.396118
85.990600 277.735000 98.692474 267.128418
84.244040 280.710100 96.807419 270.018738
82.619100 283.777000 95.039024 273.003052
81.079690 286.968600 93.345383 276.136108
79.784310 290.233300 91.892029 279.329285
78.568560 293.653400 90.505081 282.671326
77.471470 297.091000 89.234276 286.013123
76.507590 300.590600 88.104088 289.425720
75.684350 304.118500 87.105469 292.895172
74.993740 307.691900 86.237457 296.425446
74.448540 311.297700 85.525177 299.996063
74.042020 314.935900 84.953293 303.601562
73.771590 318.594800 84.515610 307.207855
73.715910 322.261900 84.160355 310.836823
73.769420 325.907700 83.876099 314.495331
73.817040 329.552100 83.649986 318.142822
74.000290 333.173500 83.476913 321.757141
74.172500 336.809200 83.339737 325.356567
74.344680 340.442200 83.230453 328.965637
74.514430 344.091300 83.172943 332.567230
74.662940 347.746700 83.101562 336.174774
74.736070 351.400000 82.946106 339.765259
74.769320 355.000700 82.796509 343.342804
74.814470 358.586500 82.643860 346.895233
74.746920 362.178000 82.463081 350.450897
74.686830 365.745600 82.275894 354.025665
74.555740 369.317000 82.036491 357.573090
74.360040 372.935200 81.741051 361.123779
74.109450 376.533900 81.376419 364.648560
73.828330 380.133100 80.958916 368.189789
73.476450 383.716600 80.467026 371.685944
73.062260 387.295400 79.932846 375.206238
72.635640 390.839200 79.358612 378.701630
72.123690 394.365700 78.681648 382.180878
71.585570 397.910500 77.976242 385.683960
70.976400 401.435000 77.209618 389.160950
70.311850 404.959700 76.384148 392.640625
69.602670 408.449900 75.510712 396.111420
68.879140 411.948200 74.655991 399.582794
68.139490 415.452800 73.773445 403.009552
67.432580 418.981100 72.897476 406.435059
66.735590 422.501800 72.010529 409.875061
66.031790 425.991100 71.166656 413.331055
65.337700 429.457600 70.314873 416.790222
64.678150 432.971500 69.485008 420.287903
64.092350 436.564700 68.738396 423.847626
63.538820 440.165700 68.030357 427.395355
63.089490 443.780200 67.407761 430.973175
62.687700 447.405600 66.857819 434.540894
62.395430 451.016900 66.408127 438.107147
62.179910 454.600300 66.029572 441.679413
62.016060 458.184800 65.694901 445.246063
61.878910 461.762700 65.386429 448.794556
61.782260 465.339800 65.112778 452.349426
61.711200 468.924000 64.856705 455.910675
61.669710 472.506000 64.626938 459.466705
61.695530 476.094800 64.460251 463.022919
61.729390 479.666900 64.311073 466.592224
61.822870 483.270300 64.220139 470.178833
61.924810 486.878100 64.128723 473.767365
62.056550 490.478600 64.070770 477.362061
62.176020 494.117900 63.997360 481.007111
62.266690 497.773900 63.901794 484.625458
62.330910 501.484400 63.787300 488.271179
62.383600 505.245100 63.704964 491.943390
62.456820 509.016300 63.664604 495.661316
62.639660 512.800600 63.726776 499.389343
62.868350 516.638100 63.825336 503.177551
63.106400 520.456700 63.911892 506.920135
63.367240 524.259400 64.043190 510.675201
63.593570 528.081800 64.118355 514.426575
63.801530 531.888200 64.174454 518.206177
64.024540 535.667900 64.238029 521.945618
64.206830 539.467500 64.247658 525.670105
64.344710 543.234900 64.214203 529.365295
64.496310 546.996900 64.187218 533.076843
64.631930 550.743000 64.144989 536.780518
64.749170 554.462700 64.088669 540.478577
64.914610 558.167300 64.073524 544.175537
65.103700 561.867200 64.082695 547.878296
65.335960 565.517200 64.136772 551.504700
65.569200 569.190200 64.182381 555.134216
65.794250 572.863800 64.237289 558.778442
65.979210 576.521900 64.252113 562.394104
66.180050 580.172300 64.303581 565.980347
66.362280 583.853000 64.324860 569.638916
66.538350 587.515200 64.338951 573.265259
66.682270 591.168900 64.315926 576.887329
66.777600 594.811400 64.251144 580.494263
66.890400 598.420300 64.189804 584.082947
67.026690 602.042900 64.152657 587.691467
67.177460 605.622900 64.147766 591.249878
67.323020 609.198300 64.121582 594.805725
67.450500 612.758000 64.096077 598.362549
67.653570 616.289300 64.152542 601.888794
67.878290 619.813700 64.228210 605.436279
68.154010 623.308500 64.350235 608.934998
68.437020 626.799600 64.484436 612.437073
68.771410 630.257700 64.672844 615.918823
69.202550 633.695200 64.952881 619.398865
69.600670 637.103300 65.207985 622.813477
70.036830 640.488700 65.510818 626.197937
70.506270 643.807100 65.843750 629.483765
70.892770 647.161500 66.080170 632.799866
71.232770 650.443300 66.274651 636.113037
71.580170 653.720500 66.466705 639.322510
71.988160 656.939000 66.658447 642.601562
72.305150 660.204100 66.805847 645.824524
72.604120 663.408400 66.895340 649.054138
72.917010 666.635000 66.980087 652.284607
73.242550 669.852400 67.073204 655.546875
73.637330 673.050100 67.197945 658.784729
74.027710 676.284300 67.366203 662.047180
74.459600 679.526800 67.608253 665.288025
74.950660 682.820100 67.914719 668.565979
75.485380 686.101000 68.225029 671.875183
75.997000 689.438300 68.562408 675.192200
76.620780 692.817900 68.947136 678.580811
77.255750 696.266300 69.369911 682.003662
77.860920 699.720200 69.809319 685.456299
78.456960 703.252300 70.216377 689.015625
79.046650 706.838300 70.620079 692.623230
79.748960 710.431700 71.027023 696.239746
80.377820 714.087800 71.419052 699.927917
80.984990 717.795000 71.850700 703.669067
81.568530 721.524100 72.293335 707.373962
82.226950 725.230100 72.757751 711.117493
82.971570 728.932500 73.279411 714.862305
83.716810 732.637800 73.814514 718.568237
84.461420 736.340000 74.401276 722.337097
85.205890 740.041500 75.063469 726.038757
85.988280 743.734800 75.732941 729.734985
86.881120 747.371500 76.442047 733.390503
87.770200 751.019300 77.151535 737.076172
88.659140 754.657900 77.888741 740.731384
89.568830 758.256300 78.636757 744.379700
90.529500 761.919200 79.453461 748.091431
91.504420 765.495400 80.280418 751.735779
92.518360 769.126400 81.118286 755.360901
93.541990 772.703400 81.977493 758.971924
94.615270 776.302000 82.898064 762.589478
95.687250 779.833200 83.820045 766.158569
96.764590 783.369100 84.763802 769.733582
97.857970 786.887700 85.731583 773.269043
98.977700 790.363900 86.699203 776.768311
100.102700 793.842400 87.696762 780.272217
101.281700 797.278800 88.731308 783.744507
102.480100 800.701200 89.802185 787.228271
103.706800 804.080200 90.868210 790.670898
104.948300 807.449200 91.951141 794.098267
106.192400 810.798000 93.032150 797.483093
107.467000 814.117100 94.147324 800.855286
108.775000 817.411500 95.282837 804.205505
110.077600 820.689800 96.416931 807.535767
111.337000 823.916800 97.520584 810.842468
112.595900 827.082700 98.628891 814.078613
113.862500 830.153000 99.763947 817.192078
115.118400 833.166500 100.873123 820.262268
116.423500 836.128900 102.036545 823.289124
117.895400 839.037200 103.331406 826.290344
119.447600 841.885100 104.735825 829.236084
121.088600 844.701900 106.249115 832.161621
122.872100 847.290700 107.804657 834.975952
124.724400 849.810800 109.506317 837.790771
126.575500 852.329600 111.238403 840.463867
128.426600 854.848600 113.031433 843.091187
130.276800 857.367000 114.819489 845.597778
132.127400 859.883600 116.588135 847.977173
133.992200 862.014800 118.345093 850.219238
135.814600 864.035300 120.058502 852.359497
137.604800 865.988300 121.728394 854.400696
139.298200 867.835900 123.349945 856.370667
140.919200 869.609300 124.904236 858.234741
142.486000 871.338400 126.382874 860.063049
143.940800 872.954000 127.750977 861.772705
145.300100 874.412900 129.040955 863.306946
146.559000 875.661600 130.222443 864.624023
147.650800 876.418400 131.314148 865.687805
148.685500 877.020600 132.273376 866.517273
149.713200 877.623900 133.189240 867.254517
150.732500 878.227900 134.210510 867.823792
151.742600 878.831700 135.248199 868.303894
152.808100 879.342000 136.406677 868.656250
154.068700 879.516900 137.647537 868.859436
155.413300 879.479400 139.037613 868.954285
156.888700 879.272300 140.546127 868.829285
158.478100 878.881900 142.145248 868.485168
160.134900 878.287500 143.859161 867.994812
161.860100 877.489100 145.638596 867.271729
163.672500 876.562600 147.498306 866.423584
165.594100 875.530000 149.470474 865.483643
167.624000 874.437100 151.548157 864.491150
169.770000 873.289900 153.733322 863.431335
172.035600 872.094100 156.041046 862.339966
174.385300 870.862300 158.438889 861.216492
176.854600 869.589200 160.960892 860.048401
179.401000 868.288100 163.528137 858.867126
181.975500 866.969700 166.136078 857.650818
184.536700 865.639500 168.741562 856.428528
187.062400 864.284700 171.318527 855.168579
189.538900 862.924800 173.845459 853.914856
191.918900 861.611300 176.258286 852.712830
194.206900 860.315700 178.582993 851.532166
196.343300 858.956400 180.793732 850.423340
198.368400 857.888200 182.941330 849.404968
200.275000 856.919100 185.013641 848.511902
202.193600 856.085800 186.980591 847.776733
204.073500 855.496400 188.870010 847.300659
205.960400 855.183900 190.643265 847.071228
207.864300 855.202100 192.486832 847.150940
209.713700 855.529100 194.260696 847.509399
211.499200 856.220700 196.003815 848.260254
213.188100 857.107700 197.596558 849.357544
214.784400 858.522000 199.068878 850.788696
216.227100 860.190500 200.386658 852.507385
217.589200 862.100400 201.632706 854.466980
218.870200 864.194100 202.764603 856.618286
220.036500 866.491500 203.808136 858.951355
221.092500 868.955100 204.741913 861.484009
222.159200 871.551200 205.671021 864.138733
223.261300 874.233400 206.658066 866.889832
224.402100 877.003500 207.657898 869.742249
225.538100 879.835200 208.614807 872.645691
226.647400 882.714200 209.585419 875.585632
227.713000 885.605500 210.515625 878.548889
228.729800 888.498800 211.393570 881.511169
229.740400 891.364700 212.260040 884.434509
230.756400 894.190300 213.140442 887.328613
231.798000 896.975600 214.039398 890.191223
232.862200 899.689300 214.971176 892.976624
234.006400 902.314400 215.990021 895.673828
235.284000 904.779800 217.179947 898.262573
236.717300 907.106500 218.498062 900.680908
238.297800 909.282700 219.978210 902.944580
240.026200 911.279800 221.595642 905.012817
241.899800 913.107900 223.382324 906.958252
243.969200 914.753500 225.312500 908.703003
246.167200 916.200700 227.367218 910.258911
248.519300 917.425900 229.569702 911.599365
250.970500 918.372900 231.956665 912.723022
253.540200 919.159700 234.484970 913.657471
256.240400 919.688000 237.162048 914.335144
259.064500 919.965800 240.011093 914.785461
262.004800 920.092700 242.966888 915.082275
265.032800 920.081200 246.034912 915.228638
268.210100 920.078400 249.180847 915.224915
271.495300 919.927300 252.429657 915.144287
274.820000 919.698100 255.727814 915.017944
278.229300 919.336300 259.057617 914.812500
281.674700 918.885400 262.440887 914.526367
285.133600 918.345800 265.886963 914.162842
288.622600 917.728600 269.391357 913.734619
292.132800 917.013700 272.951599 913.218567
295.617300 916.238200 276.484039 912.626831
299.090900 915.358200 280.026978 911.964050
302.533100 914.353500 283.511444 911.213440
305.943200 913.309900 286.976807 910.395386
309.311700 912.191400 290.364136 909.507446
312.679900 911.045400 293.750488 908.561157
316.061700 909.902400 297.151978 907.601318
319.450400 908.753400 300.590118 906.645569
322.840000 907.560400 304.014740 905.631836
326.249400 906.356000 307.451324 904.621826
329.691100 905.139800 310.918854 903.589294
333.195400 903.900600 314.455444 902.548279
336.754600 902.625300 318.045227 901.460693
340.384100 901.328400 321.735291 900.341248
344.064600 899.969000 325.437592 899.164490
347.769700 898.590900 329.180450 897.976013
351.401700 897.220500 332.857574 896.779724
354.975200 895.841100 336.487091 895.577942
358.485000 894.463600 340.051727 894.376587
361.949500 893.084300 343.564514 893.174255
365.336200 891.732700 347.019531 891.997620
368.619200 890.389400 350.357788 890.831909
371.749500 889.112100 353.544495 889.721558
374.681800 887.918900 356.535950 888.681335
377.389200 886.824500 359.306763 887.719604
379.874900 885.837000 361.835236 886.856934
382.177900 884.931600 364.162476 886.061096
384.328100 884.100300 366.333252 885.314758
386.400700 883.311200 368.423584 884.607300
388.376900 882.536800 370.443024 883.920166
390.309000 881.774800 372.417389 883.253601
392.306100 880.993700 374.474152 882.570679
394.377700 880.162100 376.597412 881.853333
396.550200 879.262200 378.815674 881.073975
398.842300 878.314900 381.182037 880.265869
401.259600 877.339000 383.666168 879.411804
403.789800 876.325100 386.261841 878.534241
406.435900 875.291100 388.951416 877.640137
409.217000 874.214500 391.760040 876.714844
412.118100 873.111300 394.671387 875.749146
415.118700 871.959800 397.695740 874.749146
418.218100 870.771000 400.793701 873.716980
421.393100 869.520300 403.994141 872.639282
424.627300 868.193200 407.296844 871.477905
427.914800 866.771900 410.635376 870.238159
431.247800 865.254500 414.051422 868.897095
434.552400 863.690400 417.437378 867.514343
437.807500 862.081600 420.786499 866.092712
440.966600 860.444200 424.036865 864.637146
444.049200 858.816700 427.217010 863.153076
447.069000 857.193700 430.325745 861.683105
450.037100 855.607100 433.369873 860.259827
452.944600 854.081100 436.332977 858.898499
455.777600 852.654400 439.210999 857.628662
458.467600 851.383400 441.919189 856.496643
460.990700 850.198200 444.502747 855.444885
463.426800 849.070300 446.965851 854.460449
465.787600 847.990900 449.378174 853.503784
468.094900 846.950600 451.743195 852.585266
470.366800 845.937300 454.043762 851.697937
472.708100 844.897600 456.409271 850.788391
475.121700 843.800400 458.843048 849.821655
477.587500 842.683800 461.361450 848.852417
480.152400 841.532300 463.981750 847.828430
482.766300 840.339500 466.673492 846.762817
485.445100 839.143200 469.384460 845.695862
488.188300 837.891400 472.150574 844.593323
490.987500 836.623000 474.960114 843.503052
493.803100 835.351100 477.785217 842.392883
496.624700 834.094400 480.678802 841.263611
499.474300 832.809600 483.615356 840.127136
502.358500 831.502600 486.567749 838.965332
505.286800 830.236700 489.554810 837.796936
508.248000 828.948300 492.578796 836.627441
511.244100 827.658100 495.601074 835.461609
514.267100 826.347100 498.649475 834.300476
517.327800 825.031500 501.741882 833.119751
520.388500 823.719100 504.825195 831.958679
523.389100 822.420300 507.845459 830.823975
526.283400 821.190400 510.774109 829.736328
529.057000 820.023600 513.568481 828.710327
531.704800 818.934000 516.253967 827.747925
534.226500 817.916400 518.822266 826.858643
536.656700 816.946600 521.298950 826.008728
539.023500 815.952900 523.696777 825.129089
541.317300 814.866300 526.057373 824.168518
543.532000 813.688600 528.345093 823.095825
545.686900 812.396800 530.557556 821.914124
547.734700 810.971800 532.680298 820.562500
549.629400 809.339400 534.656799 819.008850
551.297600 807.502100 536.430908 817.228760
552.779900 805.465100 538.035217 815.213989
554.025400 803.122900 539.439880 812.951904
555.053800 800.603800 540.596863 810.450989
555.833800 797.890700 541.502563 807.755920
556.486200 795.031700 542.310791 804.910156
557.103100 792.043700 543.067810 801.969238
557.706900 788.950900 543.819519 798.916321
558.314100 785.757400 544.583740 795.760071
558.963000 782.480200 545.385864 792.541443
559.664300 779.132300 546.235474 789.230347
560.383500 775.702500 547.101440 785.838440
561.143700 772.190100 548.013245 782.426025
561.955700 768.606200 548.950867 778.924072
562.794300 764.921400 549.914246 775.342163
563.665600 761.194600 550.907166 771.678467
564.512000 757.439400 551.907166 768.003418
565.360500 753.691900 552.905640 764.324280
566.202300 749.955700 553.890137 760.653381
567.038700 746.210000 554.888916 756.979675
567.914000 742.455400 555.899719 753.294861
568.809800 738.700200 556.949463 749.614990
569.651600 734.948800 557.937256 745.896362
570.504400 731.165000 558.950195 742.181946
571.381700 727.390900 559.996643 738.443115
572.231200 723.645800 561.000671 734.725769
573.054100 719.904800 561.988586 731.036926
573.889700 716.163100 562.973694 727.351868
574.718600 712.404800 563.964233 723.645813
575.527100 708.639600 564.923706 719.937927
576.261300 704.869800 565.821899 716.206909
576.930700 701.064300 566.635254 712.452087
577.575900 697.234700 567.436218 708.652405
578.192400 693.375300 568.193542 704.841736
578.778500 689.496000 568.934570 700.982483
579.345900 685.591800 569.644470 697.103760
579.857300 681.665400 570.317017 693.224365
580.310600 677.720500 570.963196 689.278564
580.758800 673.746400 571.586792 685.328308
581.155000 669.796200 572.153381 681.395325
581.510700 665.865700 572.677246 677.503723
581.822900 661.969700 573.155334 673.617798
582.077900 658.112900 573.577393 669.802429
582.273900 654.274900 573.937866 665.963257
582.437900 650.427100 574.275757 662.113281
582.599800 646.577200 574.604797 658.251831
582.753900 642.693800 574.906677 654.370056
582.851400 638.813400 575.142334 650.512695
582.898800 634.890000 575.354736 646.596375
582.982400 630.949500 575.614319 642.665161
583.073100 627.003400 575.867615 638.673523
583.192100 623.061600 576.149536 634.744202
583.328900 619.143000 576.455872 630.818176
583.475300 615.223700 576.763428 626.890991
583.625900 611.282200 577.078308 622.959106
583.720700 607.341100 577.407532 619.008606
583.834500 603.396300 577.742798 615.042419
583.934300 599.462000 578.068726 611.093079
584.036500 595.562800 578.397217 607.200562
584.162200 591.689200 578.714783 603.299255
584.227300 587.867900 579.041077 599.455750
584.317600 584.024500 579.372620 595.580322
584.499000 580.192700 579.770935 591.746094
584.808000 576.397200 580.288818 587.963562
585.238500 572.636300 580.900452 584.229309
585.796800 568.901300 581.636108 580.524475
586.480500 565.193700 582.497498 576.837952
587.248500 561.507600 583.420227 573.147888
588.029900 557.836500 584.337097 569.497986
588.838600 554.171600 585.297485 565.905518
589.673700 550.509400 586.244690 562.280945
590.516100 546.866500 587.215942 558.673096
591.343500 543.261900 588.163269 555.144592
592.132200 539.698600 589.084229 551.609375
592.828000 536.162600 589.916382 548.112854
593.460000 532.659000 590.682373 544.647217
594.031700 529.277200 591.389099 541.310059
594.554500 526.081000 592.034180 538.132812
595.075800 523.072600 592.685120 535.196594
595.617300 520.255100 593.323792 532.419495
596.166400 517.626800 593.967529 529.827942
596.704800 515.143200 594.598328 527.369385
597.194900 512.833500 595.185181 525.086792
597.576200 510.694300 595.640625 522.965393
597.786600 508.667900 595.945984 520.917053
597.747500 506.649500 596.039856 518.906982
597.514600 504.697700 595.915894 516.904602
597.070500 502.800000 595.558044 514.983704
596.402400 500.998300 594.960938 513.151245
595.438900 499.228700 594.057739 511.290833
594.162500 497.526700 592.852478 509.511841
592.513700 495.900800 591.341797 507.881927
590.635600 494.532500 589.534912 506.446198
588.500500 493.343000 587.462708 505.182892
586.178900 492.278900 585.168274 504.021118
583.738500 491.279000 582.747253 502.916504
581.166800 490.215600 580.204895 501.741913
578.490800 489.083700 577.563293 500.504120
575.723500 487.861500 574.841064 499.176453
572.904600 486.554700 572.088013 497.758514
570.042200 485.190900 569.274170 496.280426
567.169200 483.760200 566.453735 494.733154
564.280500 482.280300 563.594543 493.135742
561.350400 480.769600 560.718201 491.512085
558.405800 479.261600 557.830566 489.898926
555.376800 477.743300 554.890503 488.248596
552.348800 476.229900 551.940186 486.592529
549.309400 474.657200 548.978027 484.893982
546.268100 473.067100 546.048828 483.186981
543.205700 471.460400 543.071716 481.460510
540.123400 469.844900 540.066467 479.722565
537.055800 468.227900 537.065674 477.986023
534.039300 466.620500 534.092529 476.260162
531.070100 465.041900 531.177185 474.563446
528.189800 463.496400 528.334473 472.896790
525.392500 461.985300 525.598755 471.267334
522.696400 460.482700 522.947083 469.649750
520.138600 459.018200 520.441406 468.066132
517.756100 457.609300 518.091675 466.564941
515.544600 456.272300 515.894043 465.133698
513.468500 454.993400 513.826111 463.757172
511.515000 453.792000 511.864532 462.462585
509.647000 452.752700 510.019958 461.330536
507.816400 451.952700 508.187958 460.426392
506.024700 451.375100 506.397797 459.766479
504.164400 451.057300 504.509277 459.353088
502.213400 450.955500 502.595123 459.210083
500.360000 451.174600 500.712463 459.338623
498.532400 451.717400 498.844055 459.788910
496.762400 452.594900 496.998596 460.585907
495.085200 453.803100 495.279663 461.739075
493.512800 455.370800 493.666809 463.229431
492.140200 457.192000 492.188416 465.053619
490.899800 459.329000 490.806854 467.212524
489.697100 461.689000 489.434509 469.547974
488.436200 464.216900 488.002472 472.097961
487.065300 466.910000 486.467407 474.778931
485.589500 469.753000 484.841980 477.548096
484.009700 472.740300 483.101807 480.507782
482.314200 475.837000 481.275360 483.545654
480.567300 479.018100 479.401520 486.658508
478.766800 482.282500 477.467834 489.867004
476.977200 485.484200 475.490723 493.073395
475.149800 488.770200 473.487549 496.335754
473.326600 492.020400 471.477264 499.569641
471.475600 495.302800 469.448151 502.826904
469.568200 498.617300 467.395020 506.106323
467.651300 501.958900 465.335083 509.377563
465.708000 505.334400 463.226166 512.740417
463.769100 508.731500 461.148773 516.052673
461.845200 512.161900 459.075531 519.413818
459.919600 515.621400 457.004730 522.810059
457.939000 519.112900 454.933350 526.215149
455.953400 522.620500 452.868347 529.606873
453.935100 526.117100 450.776520 533.001648
451.928900 529.614300 448.683746 536.418457
449.964500 533.134600 446.574585 539.852783
448.010500 536.687300 444.492981 543.301208
446.054100 540.236000 442.418854 546.765198
444.056100 543.807900 440.328613 550.244629
442.049300 547.417800 438.235291 553.758057
440.037800 551.028500 436.129700 557.269958
438.025200 554.634600 434.014160 560.763306
435.977800 558.237500 431.873230 564.270630
433.919500 561.855000 429.700073 567.792847
431.843000 565.470100 427.525085 571.335022
429.767800 569.108300 425.323212 574.869080
427.667800 572.747600 423.111938 578.381531
425.537800 576.435200 420.911163 581.965393
423.436400 580.100900 418.723907 585.465820
421.318500 583.767700 416.503113 588.995911
419.219900 587.449100 414.276978 592.581299
417.120400 591.134600 412.049011 596.162109
415.005200 594.832500 409.853210 599.745361
412.888500 598.541400 407.626038 603.307007
410.755500 602.261600 405.385559 606.885437
408.648800 605.999000 403.156799 610.467102
406.499300 609.720300 400.894592 614.067200
404.349900 613.457900 398.625397 617.671143
402.219500 617.158900 396.378418 621.249878
400.144400 620.804100 394.166748 624.778381
398.088300 624.376000 391.976135 628.249695
396.094000 627.872100 389.864746 631.670715
394.096100 631.363900 387.736755 635.058899
392.096200 634.841100 385.608734 638.457336
390.122200 638.266000 383.501923 641.792114
388.138200 641.719200 381.391602 645.134399
386.190000 645.182000 379.306641 648.451050
384.289400 648.626900 377.247864 651.766113
382.388400 652.005600 375.193970 655.043640
380.473700 655.356700 373.135376 658.292542
378.503900 658.701400 371.059662 661.501709
376.494800 662.062000 368.966827 664.742065
374.499000 665.373200 366.872192 668.015259
372.495100 668.759000 364.734009 671.310120
370.503500 672.182700 362.616943 674.630249
368.470500 675.625200 360.462585 677.968384
366.423200 679.124800 358.283875 681.373474
364.370700 682.649600 356.114441 684.773682
362.295100 686.175900 353.913635 688.170532
360.227100 689.735900 351.708557 691.636719
358.182300 693.297500 349.571503 695.051392
356.109700 696.850900 347.382202 698.501343
354.085800 700.357400 345.234314 701.865356
352.038300 703.859700 343.056396 705.271240
350.008800 707.353700 340.911346 708.639038
347.982700 710.855500 338.762573 712.020142
345.942000 714.320900 336.585022 715.352966
343.906200 717.779200 334.435364 718.694946
341.889600 721.226700 332.297974 722.017517
339.882000 724.654800 330.144775 725.359741
337.868700 728.103400 328.041504 728.653809
335.866200 731.571800 325.909058 732.014282
333.967500 735.105200 323.761597 735.440369
332.130600 738.707000 321.596985 738.872620
330.109000 742.325700 319.403564 742.424561
328.052600 745.993300 317.181244 745.998169
325.960300 749.694700 314.941772 749.591431
323.882400 753.400900 312.687744 753.215332
321.810400 757.046400 310.483459 756.743286
319.688500 760.664000 308.246765 760.266479
317.595700 764.288500 305.952271 763.757812
315.554700 767.892700 303.679352 767.208374
313.514600 771.526200 301.409912 770.672668
311.450700 775.119600 299.098511 774.102539
309.357300 778.629400 296.780304 777.453003
307.194900 782.050500 294.427582 780.753296
304.937400 785.448200 291.978760 784.024292
302.592400 788.799400 289.457550 787.231567
300.153800 792.111000 286.853607 790.406616
297.624000 795.374800 284.157501 793.514954
294.927000 798.539300 281.391754 796.544556
292.185800 801.678500 278.483063 799.557068
289.192200 804.695700 275.501892 802.453369
286.151300 807.624000 272.402649 805.312195
283.065000 810.476300 269.253448 808.072205
280.007100 813.213700 266.069519 810.672729
276.942200 815.904300 262.870605 813.164246
273.811500 818.493600 259.611908 815.535156
270.605600 820.960500 256.270935 817.830750
267.321200 823.303700 252.864578 819.991577
264.005200 825.567800 249.424881 822.059692
260.657900 827.735000 245.945755 824.032227
257.273000 829.813900 242.416794 825.927124
253.861800 831.809200 238.853867 827.763184
250.446800 833.761300 235.339188 829.519958
247.052800 835.652800 231.790436 831.268982
243.677200 837.476800 228.320908 832.930298
240.295500 839.294300 224.832520 834.594238
236.906500 841.089700 221.345169 836.226807
233.510200 842.896300 217.850174 837.861450
230.131200 844.723000 214.345886 839.533508
226.769300 846.514500 210.885208 841.144653
223.408300 848.268000 207.444366 842.731445
220.026300 849.991200 204.018951 844.283508
216.652600 851.728000 200.593384 845.836731
213.269900 853.442300 197.182755 847.342651
209.880600 855.139200 193.727325 848.852051
206.468800 856.885000 190.227722 850.410522
203.010300 858.620500 186.693466 851.971313
199.502700 860.363300 183.086700 853.562195
196.002500 862.107300 179.502838 855.150208
192.526600 863.893400 175.942566 856.779297
189.070200 865.686900 172.390442 858.430664
185.622800 867.526100 168.811264 860.130371
182.188500 869.362900 165.278412 861.800415
178.750800 871.210600 161.739609 863.461670
175.314500 873.051400 158.199356 865.147156
171.878500 874.938000 154.690323 866.861816
168.464000 876.882000 151.186844 868.650757
165.093500 878.898700 147.734009 870.528198
161.793700 881.039600 144.327240 872.503540
158.553600 883.315600 140.977905 874.624512
155.369300 885.727000 137.706604 876.868835
152.279000 888.277000 134.522125 879.259521
149.259200 890.897300 131.441742 881.694824
146.298100 893.633000 128.392151 884.259033
143.341500 896.377900 125.317627 886.870239
140.419600 899.149000 122.281464 889.517395
137.428800 901.883400 119.201996 892.119507
134.430600 904.585400 116.109467 894.691162
131.430500 907.268900 112.990356 897.276855
128.400000 909.942700 109.856323 899.828003
125.387100 912.605700 106.731842 902.367188
122.446000 915.311700 103.674500 904.951782
