0 0.000168 0.039262 100.000000 12.195122
0 0.000085 0.023523 200.000000 15.384615
0 0.000069 0.022147 300.000000 17.543859
0 0.000055 0.023729 400.000000 19.138756
0 0.000039 0.023750 500.000000 20.325203
0 0.000031 0.024297 600.000000 21.126760
0 0.000021 0.024668 700.000000 21.806854
0 0.000018 0.024471 800.000000 22.284122
10 0.000149 0.037698 100.000000 12.987013
10 0.000076 0.022169 200.000000 16.129032
10 0.000067 0.021283 300.000000 18.181818
10 0.000050 0.022956 400.000000 19.704433
10 0.000033 0.022941 500.000000 20.833334
10 0.000026 0.023573 600.000000 21.582733
10 0.000017 0.023806 700.000000 22.222221
10 0.000013 0.023560 800.000000 22.662889
20 0.000127 0.033075 100.000000 13.888889
20 0.000062 0.018595 200.000000 16.949152
20 0.000063 0.018871 300.000000 18.867924
20 0.000041 0.020716 400.000000 20.304569
20 0.000025 0.020733 500.000000 21.367521
20 0.000020 0.021372 600.000000 22.140221
20 0.000015 0.021579 700.000000 22.653721
20 0.000009 0.021338 800.000000 23.121387
30 0.000105 0.027165 100.000000 14.925373
30 0.000046 0.014820 200.000000 17.857143
30 0.000055 0.016482 300.000000 19.607843
30 0.000035 0.018166 400.000000 21.052631
30 0.000019 0.018204 500.000000 22.026432
30 0.000012 0.019086 600.000000 22.641510
30 0.000009 0.019166 700.000000 23.178808
30 0.000004 0.018912 800.000000 23.529411
40 0.000060 0.019480 100.000000 16.129032
40 0.000031 0.010065 200.000000 18.867924
40 0.000045 0.013357 300.000000 20.408163
40 0.000026 0.014664 400.000000 21.739130
40 0.000015 0.014502 500.000000 22.624434
40 0.000008 0.015470 600.000000 23.166023
40 0.000006 0.015451 700.000000 23.648649
40 0.000007 0.015298 800.000000 23.952095
50 0.000043 0.011253 100.000000 17.241379
50 0.000027 0.009807 200.000000 19.801981
50 0.000037 0.013026 300.000000 21.276596
50 0.000024 0.013646 400.000000 22.471910
50 0.000015 0.013415 500.000000 23.148148
50 0.000007 0.014272 600.000000 23.715416
50 0.000007 0.014160 700.000000 24.054983
50 0.000009 0.014017 800.000000 24.316109
60 0.000023 0.006786 100.000000 18.518518
60 0.000027 0.012329 200.000000 20.618557
60 0.000036 0.014861 300.000000 21.897810
60 0.000023 0.014021 400.000000 22.988506
60 0.000013 0.013844 500.000000 23.696682
60 0.000007 0.014426 600.000000 24.096386
60 0.000006 0.014182 700.000000 24.475525
60 0.000013 0.013959 800.000000 24.691359
70 0.000013 0.009282 100.000000 19.230770
70 0.000038 0.015494 200.000000 21.276596
70 0.000036 0.016683 300.000000 22.556391
70 0.000020 0.014916 400.000000 23.529411
70 0.000014 0.014394 500.000000 24.154589
70 0.000009 0.015010 600.000000 24.489796
70 0.000008 0.014561 700.000000 24.822695
70 0.000016 0.014187 800.000000 25.000000
80 0.000024 0.014643 100.000000 20.408163
80 0.000036 0.017714 200.000000 21.978022
80 0.000032 0.018273 300.000000 23.255814
80 0.000016 0.015375 400.000000 24.096386
80 0.000011 0.015201 500.000000 24.509804
80 0.000009 0.015311 600.000000 24.896265
80 0.000010 0.014781 700.000000 25.089605
80 0.000017 0.014220 800.000000 25.316456
90 0.000021 0.017702 100.000000 21.276596
90 0.000047 0.019006 200.000000 22.471910
90 0.000021 0.018490 300.000000 23.809525
90 0.000012 0.015477 400.000000 24.539877
90 0.000010 0.015555 500.000000 24.875622
90 0.000009 0.015230 600.000000 25.210085
90 0.000014 0.014662 700.000000 25.362318
90 0.000019 0.013990 800.000000 25.477707
100 0.000034 0.020837 100.000000 21.739130
100 0.000047 0.019936 200.000000 23.255814
100 0.000022 0.018047 300.000000 24.390244
100 0.000016 0.015158 400.000000 24.844721
100 0.000012 0.015211 500.000000 25.252525
100 0.000011 0.014716 600.000000 25.423729
100 0.000016 0.014128 700.000000 25.547445
100 0.000020 0.013312 800.000000 25.723473
110 0.000035 0.022659 100.000000 22.222221
110 0.000037 0.020304 200.000000 23.809525
110 0.000019 0.017399 300.000000 24.793388
110 0.000014 0.015635 400.000000 25.157232
110 0.000007 0.015739 500.000000 25.510204
110 0.000009 0.015059 600.000000 25.641026
110 0.000015 0.014564 700.000000 25.830257
110 0.000019 0.013529 800.000000 25.889967
120 0.000067 0.023205 100.000000 22.727272
120 0.000050 0.021238 200.000000 24.096386
120 0.000023 0.017390 300.000000 25.210085
120 0.000015 0.016291 400.000000 25.477707
120 0.000009 0.016617 500.000000 25.773195
120 0.000008 0.015980 600.000000 25.862068
120 0.000017 0.015391 700.000000 25.925926
120 0.000016 0.014288 800.000000 25.974026
130 0.000068 0.021096 100.000000 23.255814
130 0.000039 0.020913 200.000000 24.691359
130 0.000013 0.016645 300.000000 25.423729
130 0.000009 0.016546 400.000000 25.641026
130 0.000009 0.016588 500.000000 25.906736
130 0.000013 0.015817 600.000000 25.974026
130 0.000020 0.015017 700.000000 26.119404
130 0.000017 0.014011 800.000000 26.143791
140 0.000079 0.019668 100.000000 23.809525
140 0.000029 0.018704 200.000000 25.000000
140 0.000008 0.015337 300.000000 25.641026
140 0.000007 0.015593 400.000000 25.974026
140 0.000008 0.015344 500.000000 26.041666
140 0.000016 0.014520 600.000000 26.086956
140 0.000022 0.013686 700.000000 26.217228
140 0.000022 0.012772 800.000000 26.229507
150 0.000064 0.020489 100.000000 23.809525
150 0.000021 0.017449 200.000000 25.641026
150 0.000009 0.015591 300.000000 25.862068
150 0.000006 0.016191 400.000000 26.143791
150 0.000009 0.015528 500.000000 26.178011
150 0.000015 0.015011 600.000000 26.200872
150 0.000021 0.013753 700.000000 26.315790
150 0.000022 0.012767 800.000000 26.315790
160 0.000036 0.018841 100.000000 25.000000
160 0.000004 0.014898 200.000000 25.974026
160 0.000008 0.013991 300.000000 26.086956
160 0.000017 0.014577 400.000000 26.315790
160 0.000014 0.014036 500.000000 26.315790
160 0.000026 0.013519 600.000000 26.315790
160 0.000023 0.012389 700.000000 26.415094
160 0.000025 0.011359 800.000000 26.402639
170 0.000023 0.019489 100.000000 25.641026
170 0.000011 0.013430 200.000000 26.315790
170 0.000009 0.013611 300.000000 26.315790
170 0.000024 0.014022 400.000000 26.315790
170 0.000023 0.013222 500.000000 26.455027
170 0.000030 0.012573 600.000000 26.431719
170 0.000026 0.011751 700.000000 26.415094
170 0.000026 0.010546 800.000000 26.490067
180 0.000032 0.017092 100.000000 25.641026
180 0.000041 0.012186 200.000000 26.315790
180 0.000031 0.013014 300.000000 26.548672
180 0.000028 0.012970 400.000000 26.490067
180 0.000033 0.012290 500.000000 26.455027
180 0.000037 0.011744 600.000000 26.548672
180 0.000035 0.011232 700.000000 26.515152
180 0.000030 0.010307 800.000000 26.490067
190 0.000018 0.014238 100.000000 26.315790
190 0.000026 0.012583 200.000000 26.315790
190 0.000027 0.013897 300.000000 26.548672
190 0.000025 0.013338 400.000000 26.490067
190 0.000028 0.012943 500.000000 26.455027
190 0.000033 0.011821 600.000000 26.548672
190 0.000032 0.011076 700.000000 26.515152
190 0.000028 0.010270 800.000000 26.490067
200 0.000040 0.011671 100.000000 26.315790
200 0.000024 0.011876 200.000000 26.315790
200 0.000034 0.013165 300.000000 26.548672
200 0.000028 0.012797 400.000000 26.490067
200 0.000037 0.012280 500.000000 26.455027
200 0.000034 0.011432 600.000000 26.431719
200 0.000033 0.010569 700.000000 26.515152
200 0.000026 0.010268 800.000000 26.402639
210 0.000032 0.009768 100.000000 25.641026
210 0.000023 0.011322 200.000000 26.315790
210 0.000039 0.012397 300.000000 26.315790
210 0.000036 0.011656 400.000000 26.490067
210 0.000040 0.011097 500.000000 26.455027
210 0.000033 0.010412 600.000000 26.431719
210 0.000031 0.009317 700.000000 26.415094
210 0.000027 0.009354 800.000000 26.402639
220 0.000038 0.011201 100.000000 25.641026
220 0.000028 0.013450 200.000000 26.315790
220 0.000024 0.013207 300.000000 26.315790
220 0.000031 0.012593 400.000000 26.315790
220 0.000036 0.011578 500.000000 26.455027
220 0.000034 0.010778 600.000000 26.431719
220 0.000029 0.009564 700.000000 26.415094
220 0.000028 0.009925 800.000000 26.315790
230 0.000040 0.011750 100.000000 25.641026
230 0.000034 0.013720 200.000000 26.315790
230 0.000030 0.012822 300.000000 26.315790
230 0.000037 0.012402 400.000000 26.315790
230 0.000036 0.011054 500.000000 26.455027
230 0.000035 0.010187 600.000000 26.431719
230 0.000031 0.009249 700.000000 26.415094
230 0.000026 0.009865 800.000000 26.315790
240 0.000024 0.013359 100.000000 25.641026
240 0.000040 0.014799 200.000000 25.974026
240 0.000031 0.013457 300.000000 26.315790
240 0.000043 0.012566 400.000000 26.315790
240 0.000035 0.011412 500.000000 26.315790
240 0.000034 0.010007 600.000000 26.431719
240 0.000027 0.009751 700.000000 26.315790
240 0.000025 0.010530 800.000000 26.229507
250 0.000015 0.016671 100.000000 25.641026
250 0.000035 0.015857 200.000000 25.974026
250 0.000035 0.014347 300.000000 26.315790
250 0.000042 0.013133 400.000000 26.315790
250 0.000036 0.011944 500.000000 26.315790
250 0.000031 0.010258 600.000000 26.315790
250 0.000028 0.010136 700.000000 26.315790
250 0.000021 0.011078 800.000000 26.229507
260 0.000032 0.018886 100.000000 25.641026
260 0.000022 0.016587 200.000000 25.974026
260 0.000032 0.015212 300.000000 26.315790
260 0.000035 0.013540 400.000000 26.315790
260 0.000033 0.012386 500.000000 26.315790
260 0.000029 0.010630 600.000000 26.315790
260 0.000025 0.010858 700.000000 26.315790
260 0.000018 0.011553 800.000000 26.143791
270 0.000036 0.017944 100.000000 25.641026
270 0.000027 0.015716 200.000000 25.974026
270 0.000038 0.014559 300.000000 26.315790
270 0.000034 0.012608 400.000000 26.315790
270 0.000035 0.011218 500.000000 26.315790
270 0.000026 0.010066 600.000000 26.315790
270 0.000024 0.010628 700.000000 26.217228
270 0.000021 0.011264 800.000000 26.143791
280 0.000062 0.017440 100.000000 25.641026
280 0.000041 0.014554 200.000000 25.974026
280 0.000052 0.013343 300.000000 26.315790
280 0.000039 0.011826 400.000000 26.315790
280 0.000036 0.010133 500.000000 26.315790
280 0.000029 0.009853 600.000000 26.315790
280 0.000025 0.010795 700.000000 26.217228
280 0.000023 0.011375 800.000000 26.058632
290 0.000029 0.015951 100.000000 25.641026
290 0.000040 0.014373 200.000000 25.974026
290 0.000048 0.012842 300.000000 26.315790
290 0.000039 0.011525 400.000000 26.315790
290 0.000032 0.009673 500.000000 26.315790
290 0.000030 0.009914 600.000000 26.200872
290 0.000020 0.010825 700.000000 26.119404
290 0.000021 0.011289 800.000000 26.058632
300 0.000026 0.014834 100.000000 25.641026
300 0.000036 0.014360 200.000000 25.974026
300 0.000040 0.012115 300.000000 26.315790
300 0.000037 0.011030 400.000000 26.315790
300 0.000031 0.009492 500.000000 26.315790
300 0.000025 0.010057 600.000000 26.200872
300 0.000019 0.010924 700.000000 26.119404
300 0.000021 0.011114 800.000000 26.058632
310 0.000017 0.015055 100.000000 25.641026
310 0.000045 0.014439 200.000000 25.974026
310 0.000033 0.012327 300.000000 26.086956
310 0.000035 0.010865 400.000000 26.315790
310 0.000024 0.009846 500.000000 26.178011
310 0.000025 0.010562 600.000000 26.200872
310 0.000021 0.011409 700.000000 26.022305
310 0.000021 0.011445 800.000000 26.058632
320 0.000022 0.015466 100.000000 25.641026
320 0.000046 0.014217 200.000000 25.974026
320 0.000030 0.012514 300.000000 26.086956
320 0.000029 0.010404 400.000000 26.315790
320 0.000023 0.010256 500.000000 26.178011
320 0.000020 0.011263 600.000000 26.086956
320 0.000020 0.011700 700.000000 26.022305
320 0.000017 0.011696 800.000000 26.058632
330 0.000056 0.013974 100.000000 25.641026
330 0.000058 0.012348 200.000000 25.974026
330 0.000046 0.011167 300.000000 26.086956
330 0.000036 0.009352 400.000000 26.143791
330 0.000030 0.009961 500.000000 26.178011
330 0.000020 0.010963 600.000000 26.086956
330 0.000022 0.011282 700.000000 26.022305
330 0.000016 0.011627 800.000000 26.058632
340 0.000045 0.015042 100.000000 25.641026
340 0.000054 0.011816 200.000000 25.974026
340 0.000044 0.010570 300.000000 26.086956
340 0.000034 0.009210 400.000000 26.143791
340 0.000026 0.009957 500.000000 26.178011
340 0.000021 0.011157 600.000000 25.974026
340 0.000022 0.011302 700.000000 26.022305
340 0.000018 0.011737 800.000000 26.058632
350 0.000080 0.014162 100.000000 25.641026
350 0.000048 0.011564 200.000000 25.974026
350 0.000043 0.009804 300.000000 26.086956
350 0.000026 0.009433 400.000000 26.143791
350 0.000025 0.010519 500.000000 26.041666
350 0.000022 0.011581 600.000000 25.974026
350 0.000020 0.011629 700.000000 25.925926
350 0.000017 0.011848 800.000000 26.143791
360 0.000064 0.015241 100.000000 25.641026
360 0.000029 0.013273 200.000000 25.974026
360 0.000026 0.010902 300.000000 26.086956
360 0.000020 0.011103 400.000000 26.143791
360 0.000017 0.012433 500.000000 26.041666
360 0.000017 0.012917 600.000000 25.862068
360 0.000013 0.013011 700.000000 26.022305
360 0.000014 0.012964 800.000000 26.143791
370 0.000058 0.013779 100.000000 25.641026
370 0.000042 0.012623 200.000000 25.974026
370 0.000027 0.010492 300.000000 26.086956
370 0.000026 0.011445 400.000000 25.974026
370 0.000014 0.012655 500.000000 25.906736
370 0.000017 0.012919 600.000000 25.862068
370 0.000012 0.013086 700.000000 26.022305
370 0.000013 0.012987 800.000000 26.143791
380 0.000044 0.011888 100.000000 25.641026
380 0.000039 0.011444 200.000000 25.974026
380 0.000026 0.010116 300.000000 26.086956
380 0.000020 0.011430 400.000000 25.974026
380 0.000017 0.012793 500.000000 25.906736
380 0.000019 0.012843 600.000000 25.862068
380 0.000014 0.013258 700.000000 26.022305
380 0.000013 0.012863 800.000000 26.143791
390 0.000005 0.014916 100.000000 25.641026
390 0.000019 0.013305 200.000000 25.974026
390 0.000009 0.013317 300.000000 26.086956
390 0.000011 0.014583 400.000000 25.974026
390 0.000013 0.015587 500.000000 25.773195
390 0.000013 0.015415 600.000000 25.862068
390 0.000011 0.015568 700.000000 26.022305
390 0.000011 0.015262 800.000000 26.143791
400 0.000010 0.016278 100.000000 25.641026
400 0.000011 0.014039 200.000000 25.974026
400 0.000012 0.014677 300.000000 25.862068
400 0.000009 0.016041 400.000000 25.806452
400 0.000013 0.016448 500.000000 25.773195
400 0.000011 0.016500 600.000000 25.862068
400 0.000011 0.016374 700.000000 26.119404
400 0.000010 0.016313 800.000000 26.229507
410 0.000029 0.015528 100.000000 25.641026
410 0.000017 0.013175 200.000000 25.974026
410 0.000013 0.014475 300.000000 25.862068
410 0.000011 0.015775 400.000000 25.806452
410 0.000014 0.015965 500.000000 25.773195
410 0.000011 0.016153 600.000000 25.974026
410 0.000011 0.015961 700.000000 26.119404
410 0.000011 0.016049 800.000000 26.229507
420 0.000043 0.013704 100.000000 25.641026
420 0.000013 0.012523 200.000000 25.641026
420 0.000017 0.014079 300.000000 25.862068
420 0.000016 0.015611 400.000000 25.641026
420 0.000017 0.015575 500.000000 25.773195
420 0.000012 0.015890 600.000000 25.974026
420 0.000012 0.015376 700.000000 26.119404
420 0.000015 0.015891 800.000000 26.143791
430 0.000033 0.011728 100.000000 25.641026
430 0.000016 0.013172 200.000000 25.641026
430 0.000016 0.015173 300.000000 25.641026
430 0.000018 0.016193 400.000000 25.641026
430 0.000015 0.016000 500.000000 25.773195
430 0.000014 0.016055 600.000000 25.974026
430 0.000011 0.015836 700.000000 26.119404
430 0.000018 0.016123 800.000000 26.143791
440 0.000022 0.012460 100.000000 25.641026
440 0.000019 0.014771 200.000000 25.641026
440 0.000015 0.016792 300.000000 25.641026
440 0.000016 0.017406 400.000000 25.641026
440 0.000013 0.017531 500.000000 25.773195
440 0.000012 0.017341 600.000000 26.086956
440 0.000011 0.017356 700.000000 26.119404
440 0.000022 0.017171 800.000000 26.143791
450 0.000015 0.014077 100.000000 25.000000
450 0.000010 0.016486 200.000000 25.641026
450 0.000012 0.018303 300.000000 25.641026
450 0.000013 0.018365 400.000000 25.641026
450 0.000012 0.018647 500.000000 25.773195
450 0.000011 0.018225 600.000000 26.086956
450 0.000012 0.018456 700.000000 26.119404
450 0.000024 0.017662 800.000000 26.058632
460 0.000023 0.015273 100.000000 25.000000
460 0.000013 0.018308 200.000000 25.316456
460 0.000016 0.019689 300.000000 25.423729
460 0.000014 0.019189 400.000000 25.641026
460 0.000014 0.019275 500.000000 25.906736
460 0.000011 0.018712 600.000000 26.086956
460 0.000013 0.019080 700.000000 26.119404
460 0.000024 0.017647 800.000000 25.974026
470 0.000012 0.017715 100.000000 25.000000
470 0.000016 0.020101 200.000000 25.316456
470 0.000016 0.020235 300.000000 25.423729
470 0.000014 0.019527 400.000000 25.641026
470 0.000012 0.019354 500.000000 25.906736
470 0.000010 0.018882 600.000000 26.086956
470 0.000018 0.018926 700.000000 26.119404
470 0.000027 0.017229 800.000000 25.889967
480 0.000030 0.019674 100.000000 25.000000
480 0.000017 0.020820 200.000000 25.316456
480 0.000020 0.020407 300.000000 25.423729
480 0.000014 0.020110 400.000000 25.641026
480 0.000013 0.019416 500.000000 26.041666
480 0.000010 0.019220 600.000000 26.086956
480 0.000024 0.018677 700.000000 26.119404
480 0.000028 0.016789 800.000000 25.806452
490 0.000017 0.021194 100.000000 25.000000
490 0.000024 0.022139 200.000000 25.316456
490 0.000015 0.021161 300.000000 25.423729
490 0.000013 0.020777 400.000000 25.806452
490 0.000012 0.019767 500.000000 26.041666
490 0.000011 0.019944 600.000000 26.200872
490 0.000027 0.018851 700.000000 26.022305
490 0.000028 0.016758 800.000000 25.723473
500 0.000027 0.020996 100.000000 25.000000
500 0.000020 0.021747 200.000000 25.000000
500 0.000018 0.019971 300.000000 25.423729
500 0.000011 0.019628 400.000000 25.806452
500 0.000011 0.018469 500.000000 26.041666
500 0.000017 0.018675 600.000000 26.200872
500 0.000030 0.017072 700.000000 25.925926
500 0.000029 0.015292 800.000000 25.559105
510 0.000020 0.023489 100.000000 25.000000
510 0.000021 0.022297 200.000000 25.000000
510 0.000014 0.020909 300.000000 25.423729
510 0.000012 0.020221 400.000000 25.974026
510 0.000012 0.019523 500.000000 26.178011
510 0.000022 0.019519 600.000000 26.086956
510 0.000031 0.017612 700.000000 25.830257
510 0.000025 0.015348 800.000000 25.396826
520 0.000052 0.024212 100.000000 24.390244
520 0.000024 0.022305 200.000000 25.000000
520 0.000018 0.021513 300.000000 25.641026
520 0.000014 0.020964 400.000000 25.974026
520 0.000010 0.020584 500.000000 26.178011
520 0.000026 0.019901 600.000000 26.086956
520 0.000029 0.017611 700.000000 25.735294
520 0.000025 0.015436 800.000000 25.236593
530 0.000031 0.023704 100.000000 24.390244
530 0.000020 0.020996 200.000000 25.000000
530 0.000013 0.020805 300.000000 25.641026
530 0.000011 0.019436 400.000000 25.974026
530 0.000012 0.019688 500.000000 26.178011
530 0.000032 0.018247 600.000000 26.086956
530 0.000033 0.016059 700.000000 25.641026
530 0.000025 0.014247 800.000000 25.078369
540 0.000021 0.024205 100.000000 24.390244
540 0.000016 0.020982 200.000000 25.316456
540 0.000014 0.020691 300.000000 25.862068
540 0.000013 0.019443 400.000000 26.143791
540 0.000018 0.019831 500.000000 26.178011
540 0.000033 0.017754 600.000000 25.974026
540 0.000032 0.015703 700.000000 25.454546
540 0.000019 0.013950 800.000000 24.844721
550 0.000021 0.020777 100.000000 24.390244
550 0.000010 0.019586 200.000000 25.316456
550 0.000013 0.018785 300.000000 26.086956
550 0.000012 0.018257 400.000000 26.315790
550 0.000030 0.018400 500.000000 26.178011
550 0.000038 0.016354 600.000000 25.862068
550 0.000030 0.014124 700.000000 25.362318
550 0.000018 0.012852 800.000000 24.464832
560 0.000036 0.019158 100.000000 24.390244
560 0.000013 0.018530 200.000000 25.641026
560 0.000016 0.017953 300.000000 26.086956
560 0.000017 0.017790 400.000000 26.315790
560 0.000041 0.017241 500.000000 26.178011
560 0.000041 0.015081 600.000000 25.751074
560 0.000035 0.013395 700.000000 25.179855
560 0.000018 0.012173 800.000000 24.024025
570 0.000031 0.018069 100.000000 25.000000
570 0.000018 0.019124 200.000000 25.974026
570 0.000016 0.017763 300.000000 26.315790
570 0.000019 0.018625 400.000000 26.315790
570 0.000042 0.016945 500.000000 26.178011
570 0.000040 0.014789 600.000000 25.641026
570 0.000031 0.013191 700.000000 25.000000
570 0.000019 0.011771 800.000000 23.598820
580 0.000015 0.018247 100.000000 25.000000
580 0.000020 0.019251 200.000000 25.974026
580 0.000018 0.018131 300.000000 26.315790
580 0.000025 0.018800 400.000000 26.490067
580 0.000042 0.016590 500.000000 26.041666
580 0.000039 0.014528 600.000000 25.531916
580 0.000023 0.012904 700.000000 24.734982
580 0.000021 0.011348 800.000000 23.054754
590 0.000022 0.019619 100.000000 25.641026
590 0.000019 0.019247 200.000000 26.315790
590 0.000018 0.018865 300.000000 26.548672
590 0.000034 0.019085 400.000000 26.315790
590 0.000042 0.016602 500.000000 26.041666
590 0.000033 0.014060 600.000000 25.316456
590 0.000019 0.012626 700.000000 24.305555
590 0.000021 0.011080 800.000000 22.662889
600 0.000033 0.020804 100.000000 25.641026
600 0.000019 0.019902 200.000000 26.315790
600 0.000015 0.019874 300.000000 26.548672
600 0.000043 0.018969 400.000000 26.315790
600 0.000043 0.016143 500.000000 25.773195
600 0.000035 0.013980 600.000000 25.104603
600 0.000017 0.012436 700.000000 23.809525
600 0.000021 0.010967 800.000000 22.222221
610 0.000027 0.022611 100.000000 25.641026
610 0.000022 0.019527 200.000000 26.666666
610 0.000019 0.020805 300.000000 26.548672
610 0.000045 0.018417 400.000000 26.143791
610 0.000042 0.015660 500.000000 25.641026
610 0.000030 0.013799 600.000000 24.793388
610 0.000020 0.011995 700.000000 23.178808
610 0.000021 0.011033 800.000000 21.798365
620 0.000030 0.020904 100.000000 26.315790
620 0.000027 0.018857 200.000000 26.666666
620 0.000030 0.019684 300.000000 26.548672
620 0.000050 0.016857 400.000000 25.974026
620 0.000044 0.014443 500.000000 25.380711
620 0.000025 0.012951 600.000000 24.390244
620 0.000024 0.011139 700.000000 22.653721
620 0.000022 0.010814 800.000000 21.505377
630 0.000038 0.017817 100.000000 26.315790
630 0.000024 0.017562 200.000000 26.666666
630 0.000054 0.017912 300.000000 26.315790
630 0.000058 0.015018 400.000000 25.806452
630 0.000044 0.012905 500.000000 25.000000
630 0.000023 0.011999 600.000000 23.904383
630 0.000026 0.010687 700.000000 22.082020
630 0.000022 0.010890 800.000000 21.164021
640 0.000034 0.016243 100.000000 26.315790
640 0.000035 0.017117 200.000000 26.666666
640 0.000074 0.016358 300.000000 26.086956
640 0.000060 0.014061 400.000000 25.477707
640 0.000050 0.012859 500.000000 24.752476
640 0.000025 0.011954 600.000000 23.166023
640 0.000027 0.011390 700.000000 21.538462
640 0.000024 0.011358 800.000000 20.725389
650 0.000023 0.014987 100.000000 26.315790
650 0.000040 0.018440 200.000000 26.315790
650 0.000068 0.015702 300.000000 25.862068
650 0.000059 0.013835 400.000000 25.157232
650 0.000037 0.013134 500.000000 24.271845
650 0.000026 0.011874 600.000000 22.471910
650 0.000027 0.011662 700.000000 21.084337
650 0.000024 0.011115 800.000000 20.304569
660 0.000015 0.017909 100.000000 26.315790
660 0.000051 0.019822 200.000000 25.974026
660 0.000069 0.016186 300.000000 25.641026
660 0.000050 0.013973 400.000000 24.844721
660 0.000025 0.013083 500.000000 23.809525
660 0.000028 0.011407 600.000000 21.818182
660 0.000025 0.011248 700.000000 20.771513
660 0.000018 0.010998 800.000000 19.851116
670 0.000018 0.019861 100.000000 25.641026
670 0.000076 0.018928 200.000000 25.974026
670 0.000072 0.015524 300.000000 25.210085
670 0.000049 0.013535 400.000000 24.390244
670 0.000020 0.012834 500.000000 23.041475
670 0.000028 0.011237 600.000000 21.201414
670 0.000026 0.011137 700.000000 20.348837
670 0.000016 0.010758 800.000000 19.417477
680 0.000045 0.020636 100.000000 25.641026
680 0.000094 0.017561 200.000000 25.641026
680 0.000074 0.014724 300.000000 24.793388
680 0.000052 0.013551 400.000000 23.952095
680 0.000025 0.012395 500.000000 22.222221
680 0.000030 0.011631 600.000000 20.689655
680 0.000027 0.011253 700.000000 19.886364
680 0.000015 0.010392 800.000000 19.093079
690 0.000068 0.022390 100.000000 25.641026
690 0.000095 0.016800 200.000000 25.316456
690 0.000071 0.014932 300.000000 24.390244
690 0.000039 0.014315 400.000000 23.529411
690 0.000029 0.012538 500.000000 21.459227
690 0.000029 0.012493 600.000000 20.202021
690 0.000027 0.011581 700.000000 19.444445
700 0.000118 0.021183 100.000000 25.000000
700 0.000105 0.016390 200.000000 24.691359
700 0.000064 0.014298 300.000000 24.000000
700 0.000030 0.014152 400.000000 22.857143
700 0.000032 0.012265 500.000000 20.833334
700 0.000030 0.012326 600.000000 19.867550
700 0.000021 0.011395 700.000000 18.970190
710 0.000144 0.018575 100.000000 25.000000
710 0.000097 0.014607 200.000000 24.390244
710 0.000061 0.013244 300.000000 23.622047
710 0.000019 0.012522 400.000000 21.978022
710 0.000030 0.010814 500.000000 20.161291
710 0.000029 0.010878 600.000000 19.417477
710 0.000017 0.010117 700.000000 18.567638
720 0.000146 0.015126 100.000000 24.390244
720 0.000090 0.013185 200.000000 23.809525
720 0.000052 0.012670 300.000000 23.076923
720 0.000023 0.011113 400.000000 21.164021
720 0.000032 0.010457 500.000000 19.607843
720 0.000029 0.010111 600.000000 18.987341
730 0.000121 0.013925 100.000000 23.809525
730 0.000072 0.012844 200.000000 23.529411
730 0.000024 0.012093 300.000000 22.556391
730 0.000027 0.009656 400.000000 20.304569
730 0.000034 0.009145 500.000000 19.230770
730 0.000029 0.008874 600.000000 18.518518
740 0.000076 0.014706 100.000000 23.809525
740 0.000030 0.011597 200.000000 22.988506
740 0.000004 0.010897 300.000000 21.739130
740 0.000030 0.007985 400.000000 19.704433
740 0.000035 0.006708 500.000000 18.867924
740 0.000027 0.007380 600.000000 18.072289
750 0.000042 0.014440 100.000000 23.255814
750 0.000020 0.012568 200.000000 22.471910
750 0.000023 0.011527 300.000000 20.833334
750 0.000041 0.007657 400.000000 19.047619
750 0.000039 0.004852 500.000000 18.518518
750 0.000037 0.006499 600.000000 17.751480
760 0.000036 0.014181 100.000000 22.727272
760 0.000006 0.012776 200.000000 21.978022
760 0.000028 0.011420 300.000000 20.000000
760 0.000046 0.006495 400.000000 18.604650
760 0.000037 0.004649 500.000000 18.050541
770 0.000028 0.014340 100.000000 22.222221
770 0.000024 0.012754 200.000000 21.505377
770 0.000039 0.010788 300.000000 19.230770
770 0.000052 0.005359 400.000000 18.181818
770 0.000043 0.005111 500.000000 17.605635
780 0.000023 0.011815 100.000000 21.739130
780 0.000045 0.012273 200.000000 20.833334
780 0.000052 0.010010 300.000000 18.518518
780 0.000054 0.004240 400.000000 17.857143
780 0.000045 0.005006 500.000000 17.241379
790 0.000017 0.012498 100.000000 21.276596
790 0.000058 0.012368 200.000000 19.801981
790 0.000061 0.008543 300.000000 17.964071
790 0.000053 0.003586 400.000000 17.543859
790 0.000051 0.004951 500.000000 16.891891
800 0.000022 0.012682 100.000000 20.833334
800 0.000052 0.012571 200.000000 18.867924
800 0.000065 0.006463 300.000000 17.441860
800 0.000051 0.004373 400.000000 17.167381
800 0.000060 0.005379 500.000000 16.666666
810 0.000052 0.012673 100.000000 20.408163
810 0.000057 0.011476 200.000000 18.018019
810 0.000069 0.004667 300.000000 17.142857
810 0.000054 0.005352 400.000000 16.806723
820 0.000078 0.011423 100.000000 19.607843
820 0.000061 0.009434 200.000000 17.241379
820 0.000068 0.004639 300.000000 16.853933
820 0.000054 0.006156 400.000000 16.393442
830 0.000091 0.011254 100.000000 18.518518
830 0.000075 0.008290 200.000000 16.666666
830 0.000067 0.005223 300.000000 16.574585
830 0.000057 0.006028 400.000000 16.129032
840 0.000105 0.012617 100.000000 17.241379
840 0.000095 0.007871 200.000000 16.129032
840 0.000069 0.006570 300.000000 16.304348
840 0.000070 0.005102 400.000000 15.873015
850 0.000081 0.011877 100.000000 16.393442
850 0.000096 0.005776 200.000000 15.873015
850 0.000065 0.007820 300.000000 15.957447
860 0.000090 0.009845 100.000000 15.625000
860 0.000090 0.005603 200.000000 15.625000
860 0.000062 0.008077 300.000000 15.625000
870 0.000116 0.007097 100.000000 14.925373
870 0.000091 0.006984 200.000000 15.503876
870 0.000056 0.008254 300.000000 15.384615
880 0.000135 0.006420 100.000000 14.705882
880 0.000087 0.008502 200.000000 15.503876
880 0.000054 0.008105 300.000000 15.306123
890 0.000127 0.006110 100.000000 14.705882
890 0.000080 0.009758 200.000000 15.625000
890 0.000054 0.007820 300.000000 15.306123
900 0.000140 0.008571 100.000000 14.925373
900 0.000082 0.011692 200.000000 15.625000
900 0.000069 0.007935 300.000000 15.306123
910 0.000133 0.012426 100.000000 14.925373
910 0.000079 0.012871 200.000000 15.503876
920 0.000110 0.015408 100.000000 15.384615
920 0.000078 0.013702 200.000000 15.503876
930 0.000095 0.017605 100.000000 15.625000
930 0.000082 0.014547 200.000000 15.503876
940 0.000081 0.018641 100.000000 15.873015
940 0.000089 0.013757 200.000000 15.384615
950 0.000056 0.018160 100.000000 16.129032
950 0.000092 0.012911 200.000000 15.384615
960 0.000052 0.016897 100.000000 16.129032
960 0.000093 0.012288 200.000000 15.384615
970 0.000057 0.015015 100.000000 15.873015
970 0.000092 0.012140 200.000000 15.384615
980 0.000094 0.014157 100.000000 15.625000
990 0.000118 0.013136 100.000000 15.151515
1000 0.000151 0.013954 100.000000 14.705882
1010 0.000157 0.016050 100.000000 14.492754
1020 0.000166 0.018876 100.000000 14.492754
1030 0.000171 0.022272 100.000000 14.705882
