0 0.000017 0.009068 100.000000 9.090909
0 0.000067 0.003496 200.000000 7.633588
0 0.000055 0.003283 300.000000 7.159904
0 0.000019 0.002662 400.000000 6.896552
0 0.000017 0.001917 500.000000 7.278020
0 0.000013 0.002469 600.000000 7.272727
0 0.000018 0.001971 700.000000 7.186858
0 0.000017 0.001249 800.000000 7.305936
10 0.000031 0.010079 100.000000 8.849558
10 0.000062 0.003782 200.000000 7.722008
10 0.000037 0.003248 300.000000 7.075472
10 0.000017 0.002556 400.000000 6.932409
10 0.000014 0.002058 500.000000 7.320644
10 0.000011 0.002555 600.000000 7.290401
10 0.000017 0.001923 700.000000 7.201646
10 0.000017 0.001322 800.000000 7.332722
20 0.000111 0.010062 100.000000 8.196721
20 0.000062 0.003676 200.000000 7.782101
20 0.000031 0.003325 300.000000 7.042253
20 0.000017 0.002672 400.000000 6.968641
20 0.000012 0.001956 500.000000 7.352941
20 0.000011 0.002348 600.000000 7.299270
20 0.000015 0.001660 700.000000 7.209063
20 0.000016 0.001358 800.000000 7.352941
30 0.000098 0.008683 100.000000 7.751938
30 0.000061 0.003569 200.000000 7.782101
30 0.000029 0.003200 300.000000 7.009346
30 0.000018 0.002473 400.000000 6.980803
30 0.000012 0.001911 500.000000 7.374631
30 0.000008 0.002304 600.000000 7.299270
30 0.000015 0.001545 700.000000 7.194244
30 0.000016 0.001301 800.000000 7.359705
40 0.000099 0.008653 100.000000 7.575758
40 0.000057 0.003860 200.000000 7.692307
40 0.000028 0.003256 300.000000 6.993007
40 0.000015 0.002392 400.000000 6.956522
40 0.000013 0.002056 500.000000 7.374631
40 0.000007 0.002451 600.000000 7.281553
40 0.000015 0.001586 700.000000 7.150153
40 0.000015 0.001395 800.000000 7.352941
50 0.000093 0.008148 100.000000 7.407407
50 0.000061 0.004204 200.000000 7.575758
50 0.000031 0.003842 300.000000 6.976744
50 0.000017 0.002402 400.000000 6.932409
50 0.000016 0.002084 500.000000 7.363770
50 0.000009 0.002497 600.000000 7.194244
50 0.000015 0.001610 700.000000 7.113821
50 0.000015 0.001566 800.000000 7.332722
60 0.000094 0.007206 100.000000 7.194244
60 0.000059 0.004382 200.000000 7.407407
60 0.000025 0.004011 300.000000 6.944445
60 0.000017 0.002387 400.000000 6.920415
60 0.000014 0.002020 500.000000 7.352941
60 0.000011 0.002280 600.000000 7.050529
60 0.000015 0.001577 700.000000 7.099391
60 0.000015 0.001568 800.000000 7.305936
70 0.000105 0.006082 100.000000 6.944445
70 0.000067 0.004183 200.000000 7.220217
70 0.000031 0.004257 300.000000 6.849315
70 0.000016 0.001940 400.000000 6.908463
70 0.000012 0.001836 500.000000 7.331378
70 0.000014 0.002126 600.000000 6.993007
70 0.000015 0.001220 700.000000 7.092198
70 0.000016 0.001489 800.000000 7.252946
80 0.000101 0.005840 100.000000 6.711410
80 0.000072 0.004320 200.000000 6.968641
80 0.000028 0.004454 300.000000 6.622517
80 0.000017 0.001994 400.000000 6.896552
80 0.000012 0.001846 500.000000 7.278020
80 0.000015 0.001933 600.000000 6.960557
80 0.000016 0.001262 700.000000 7.092198
80 0.000017 0.001761 800.000000 7.111111
90 0.000102 0.005577 100.000000 6.535948
90 0.000067 0.004983 200.000000 6.711410
90 0.000025 0.004864 300.000000 6.396588
90 0.000015 0.002006 400.000000 6.884682
90 0.000013 0.001751 500.000000 7.173601
90 0.000015 0.001606 600.000000 6.936416
90 0.000016 0.001192 700.000000 7.085020
90 0.000016 0.001847 800.000000 7.048458
100 0.000110 0.006155 100.000000 6.451613
100 0.000074 0.006054 200.000000 6.578948
100 0.000031 0.004587 300.000000 6.342494
100 0.000017 0.001870 400.000000 6.884682
100 0.000016 0.001817 500.000000 7.002801
100 0.000017 0.001481 600.000000 6.928406
100 0.000018 0.001250 700.000000 7.085020
100 0.000014 0.002003 800.000000 7.023705
110 0.000111 0.006017 100.000000 6.535948
110 0.000072 0.005912 200.000000 6.451613
110 0.000018 0.003850 300.000000 6.369427
110 0.000018 0.001692 400.000000 6.920415
110 0.000012 0.001825 500.000000 6.983240
110 0.000017 0.001407 600.000000 6.936416
110 0.000017 0.001115 700.000000 7.099391
110 0.000012 0.001810 800.000000 7.029877
120 0.000111 0.005302 100.000000 6.756757
120 0.000055 0.005720 200.000000 6.410256
120 0.000016 0.003328 300.000000 6.437768
120 0.000014 0.001305 400.000000 6.993007
120 0.000009 0.001771 500.000000 7.022472
120 0.000018 0.001230 600.000000 6.968641
120 0.000017 0.000916 700.000000 7.135576
120 0.000011 0.001593 800.000000 7.060900
130 0.000093 0.007536 100.000000 6.993007
130 0.000043 0.006281 200.000000 6.451613
130 0.000004 0.003701 300.000000 6.521739
130 0.000009 0.001694 400.000000 7.067138
130 0.000005 0.001784 500.000000 7.072136
130 0.000015 0.001486 600.000000 7.009346
130 0.000013 0.001459 700.000000 7.179487
130 0.000008 0.001656 800.000000 7.098492
140 0.000087 0.010316 100.000000 7.299270
140 0.000039 0.007697 200.000000 6.535948
140 0.000012 0.004692 300.000000 6.607930
140 0.000014 0.002098 400.000000 7.142857
140 0.000011 0.001924 500.000000 7.122507
140 0.000012 0.001825 600.000000 7.050529
140 0.000012 0.002075 700.000000 7.231405
140 0.000009 0.002056 800.000000 7.130125
150 0.000055 0.011078 100.000000 7.575758
150 0.000031 0.007497 200.000000 6.622517
150 0.000019 0.004149 300.000000 6.681514
150 0.000014 0.001754 400.000000 7.220217
150 0.000015 0.001444 500.000000 7.173601
150 0.000005 0.001250 600.000000 7.083825
150 0.000007 0.001662 700.000000 7.268951
150 0.000005 0.001867 800.000000 7.162041
160 0.000042 0.011068 100.000000 7.751938
160 0.000046 0.007270 200.000000 6.666667
160 0.000032 0.003556 300.000000 6.741573
160 0.000021 0.001234 400.000000 7.272727
160 0.000017 0.000745 500.000000 7.204611
160 0.000005 0.000407 600.000000 7.092198
160 0.000004 0.001091 700.000000 7.299270
160 0.000004 0.001784 800.000000 7.174888
170 0.000035 0.011328 100.000000 7.751938
170 0.000039 0.007455 200.000000 6.711410
170 0.000030 0.003801 300.000000 6.756757
170 0.000022 0.001461 400.000000 7.312614
170 0.000016 0.000883 500.000000 7.215007
170 0.000006 0.000810 600.000000 7.083825
170 0.000005 0.001478 700.000000 7.314525
170 0.000007 0.002006 800.000000 7.162041
180 0.000046 0.010683 100.000000 7.692307
180 0.000034 0.006461 200.000000 6.734007
180 0.000027 0.003139 300.000000 6.772009
180 0.000020 0.001303 400.000000 7.326007
180 0.000017 0.001244 500.000000 7.173601
180 0.000003 0.000802 600.000000 7.058824
180 0.000006 0.001420 700.000000 7.314525
180 0.000009 0.001748 800.000000 7.117438
190 0.000028 0.010928 100.000000 7.575758
190 0.000033 0.006362 200.000000 6.756757
190 0.000025 0.003020 300.000000 6.787330
190 0.000020 0.001315 400.000000 7.352941
190 0.000013 0.001660 500.000000 7.072136
190 0.000001 0.000925 600.000000 7.058824
190 0.000005 0.001508 700.000000 7.306890
190 0.000008 0.001630 800.000000 7.085917
200 0.000026 0.010377 100.000000 7.518797
200 0.000035 0.005798 200.000000 6.779661
200 0.000025 0.002649 300.000000 6.818182
200 0.000019 0.001223 400.000000 7.366483
200 0.000010 0.001574 500.000000 6.993007
200 0.000001 0.000912 600.000000 7.075472
200 0.000008 0.001413 700.000000 7.306890
200 0.000008 0.001410 800.000000 7.079646
210 0.000045 0.010543 100.000000 7.407407
210 0.000037 0.005458 200.000000 6.779661
210 0.000028 0.002351 300.000000 6.864988
210 0.000021 0.001094 400.000000 7.393715
210 0.000012 0.001403 500.000000 6.983240
210 0.000002 0.000781 600.000000 7.100592
210 0.000008 0.001366 700.000000 7.291667
210 0.000009 0.001282 800.000000 7.092198
220 0.000070 0.010191 100.000000 7.352941
220 0.000026 0.005620 200.000000 6.688963
220 0.000027 0.002468 300.000000 6.912442
220 0.000021 0.001174 400.000000 7.421150
220 0.000006 0.001348 500.000000 6.993007
220 0.000004 0.001098 600.000000 7.125891
220 0.000007 0.001670 700.000000 7.231405
220 0.000009 0.001337 800.000000 7.104796
230 0.000069 0.010124 100.000000 7.142857
230 0.000034 0.006028 200.000000 6.514658
230 0.000028 0.002154 300.000000 6.944445
230 0.000022 0.001252 400.000000 7.407407
230 0.000002 0.001235 500.000000 7.002801
230 0.000006 0.000962 600.000000 7.151371
230 0.000010 0.001669 700.000000 7.150153
230 0.000009 0.001198 800.000000 7.123775
240 0.000066 0.007192 100.000000 6.896552
240 0.000044 0.005576 200.000000 6.329114
240 0.000030 0.000896 300.000000 6.976744
240 0.000026 0.001563 400.000000 7.352941
240 0.000003 0.001213 500.000000 7.012623
240 0.000006 0.000618 600.000000 7.168459
240 0.000010 0.001541 700.000000 7.121058
240 0.000010 0.000846 800.000000 7.136485
250 0.000066 0.006972 100.000000 6.711410
250 0.000053 0.004460 200.000000 6.269592
250 0.000033 0.000629 300.000000 7.009346
250 0.000030 0.001921 400.000000 7.194244
250 0.000005 0.001232 500.000000 7.012623
250 0.000007 0.000602 600.000000 7.185629
250 0.000012 0.001500 700.000000 7.106599
250 0.000012 0.000645 800.000000 7.142857
260 0.000047 0.006878 100.000000 6.369427
260 0.000044 0.003156 200.000000 6.269592
260 0.000031 0.000843 300.000000 7.042253
260 0.000027 0.002295 400.000000 7.092198
260 0.000005 0.001469 500.000000 7.012623
260 0.000005 0.000541 600.000000 7.194244
260 0.000011 0.001250 700.000000 7.099391
260 0.000011 0.000363 800.000000 7.149240
270 0.000037 0.006294 100.000000 5.952381
270 0.000045 0.002380 200.000000 6.269592
270 0.000032 0.001291 300.000000 7.058824
270 0.000024 0.002559 400.000000 7.067138
270 0.000004 0.001551 500.000000 6.993007
270 0.000003 0.000599 600.000000 7.202881
270 0.000009 0.001119 700.000000 7.099391
270 0.000011 0.000272 800.000000 7.155635
280 0.000078 0.006140 100.000000 5.813953
280 0.000050 0.001631 200.000000 6.289308
280 0.000032 0.002053 300.000000 7.075472
280 0.000024 0.003336 400.000000 7.067138
280 0.000006 0.001904 500.000000 6.983240
280 0.000004 0.000705 600.000000 7.211538
280 0.000007 0.000944 700.000000 7.099391
280 0.000012 0.000251 800.000000 7.168459
290 0.000069 0.005760 100.000000 5.813953
290 0.000052 0.001146 200.000000 6.309148
290 0.000037 0.002356 300.000000 7.109005
290 0.000023 0.003602 400.000000 7.067138
290 0.000006 0.001774 500.000000 6.963789
290 0.000003 0.000730 600.000000 7.220217
290 0.000010 0.000961 700.000000 7.092198
290 0.000013 0.000228 800.000000 7.181329
300 0.000060 0.004596 100.000000 5.882353
300 0.000047 0.000806 200.000000 6.329114
300 0.000033 0.002384 300.000000 7.159904
300 0.000020 0.003366 400.000000 7.067138
300 0.000006 0.001476 500.000000 6.944445
300 0.000004 0.000688 600.000000 7.237636
300 0.000010 0.000890 700.000000 7.063572
300 0.000013 0.000290 800.000000 7.200720
310 0.000057 0.004061 100.000000 5.952381
310 0.000043 0.001273 200.000000 6.369427
310 0.000034 0.003090 300.000000 7.194244
310 0.000022 0.004079 400.000000 7.017544
310 0.000006 0.001868 500.000000 6.934813
310 0.000004 0.000918 600.000000 7.246377
310 0.000012 0.000662 700.000000 7.028112
310 0.000012 0.000549 800.000000 7.220217
320 0.000064 0.003143 100.000000 6.024096
320 0.000039 0.001472 200.000000 6.410256
320 0.000028 0.003195 300.000000 7.246377
320 0.000016 0.004178 400.000000 6.932409
320 0.000004 0.001857 500.000000 6.944445
320 0.000003 0.000809 600.000000 7.255139
320 0.000010 0.000456 700.000000 7.007007
320 0.000011 0.000641 800.000000 7.246377
330 0.000074 0.002964 100.000000 6.097561
330 0.000045 0.001743 200.000000 6.472492
330 0.000032 0.003702 300.000000 7.299270
330 0.000014 0.004455 400.000000 6.861063
330 0.000003 0.001962 500.000000 6.973501
330 0.000007 0.000819 600.000000 7.263923
330 0.000012 0.000287 700.000000 7.007007
330 0.000011 0.000797 800.000000 7.266122
340 0.000077 0.003294 100.000000 6.172840
340 0.000049 0.002391 200.000000 6.535948
340 0.000035 0.004431 300.000000 7.352941
340 0.000018 0.004556 400.000000 6.849315
340 0.000006 0.002152 500.000000 7.012623
340 0.000007 0.000937 600.000000 7.263923
340 0.000014 0.000140 700.000000 7.028112
340 0.000013 0.000992 800.000000 7.292616
350 0.000089 0.002408 100.000000 6.134969
350 0.000048 0.002957 200.000000 6.622517
350 0.000032 0.004669 300.000000 7.389163
350 0.000019 0.004553 400.000000 6.872852
350 0.000004 0.002189 500.000000 7.052186
350 0.000009 0.000908 600.000000 7.228916
350 0.000012 0.000203 700.000000 7.049345
350 0.000012 0.001123 800.000000 7.326007
360 0.000115 0.002529 100.000000 6.024096
360 0.000055 0.004018 200.000000 6.734007
360 0.000036 0.005937 300.000000 7.444169
360 0.000022 0.005417 400.000000 6.920415
360 0.000009 0.002711 500.000000 7.092198
360 0.000006 0.001538 600.000000 7.168459
360 0.000014 0.000369 700.000000 7.077857
360 0.000014 0.001497 800.000000 7.359705
370 0.000128 0.001272 100.000000 5.917160
370 0.000051 0.004612 200.000000 6.825939
370 0.000037 0.006365 300.000000 7.481297
370 0.000018 0.005591 400.000000 6.956522
370 0.000008 0.002833 500.000000 7.142857
370 0.000005 0.001386 600.000000 7.142857
370 0.000014 0.000560 700.000000 7.113821
370 0.000014 0.001642 800.000000 7.400555
380 0.000104 0.001380 100.000000 5.813953
380 0.000046 0.004623 200.000000 6.944445
380 0.000035 0.006188 300.000000 7.500000
380 0.000016 0.005250 400.000000 7.005254
380 0.000009 0.002646 500.000000 7.194244
380 0.000002 0.001240 600.000000 7.142857
380 0.000014 0.000625 700.000000 7.150153
380 0.000013 0.001607 800.000000 7.434944
390 0.000085 0.001908 100.000000 5.813953
390 0.000051 0.004873 200.000000 7.067138
390 0.000038 0.006617 300.000000 7.444169
390 0.000013 0.005154 400.000000 7.054674
390 0.000007 0.002599 500.000000 7.235890
390 0.000007 0.000955 600.000000 7.159904
390 0.000015 0.000720 700.000000 7.179487
390 0.000014 0.001707 800.000000 7.476635
400 0.000097 0.002904 100.000000 5.847953
400 0.000052 0.005708 200.000000 7.168459
400 0.000040 0.007329 300.000000 7.317073
400 0.000011 0.005327 400.000000 7.092198
400 0.000007 0.002674 500.000000 7.278020
400 0.000009 0.000821 600.000000 7.168459
400 0.000016 0.000917 700.000000 7.209063
400 0.000015 0.001942 800.000000 7.511737
410 0.000096 0.004088 100.000000 5.988024
410 0.000052 0.006279 200.000000 7.299270
410 0.000043 0.007545 300.000000 7.317073
410 0.000012 0.005355 400.000000 7.142857
410 0.000006 0.002716 500.000000 7.331378
410 0.000010 0.000828 600.000000 7.202881
410 0.000015 0.001102 700.000000 7.246377
410 0.000014 0.002077 800.000000 7.547170
420 0.000108 0.003349 100.000000 6.211180
420 0.000057 0.006202 200.000000 7.462687
420 0.000041 0.007312 300.000000 7.371007
420 0.000012 0.004843 400.000000 7.194244
420 0.000005 0.002212 500.000000 7.396450
420 0.000013 0.000449 600.000000 7.246377
420 0.000017 0.001013 700.000000 7.284079
420 0.000016 0.002051 800.000000 7.597341
430 0.000090 0.002181 100.000000 6.410256
430 0.000051 0.004722 200.000000 7.633588
430 0.000032 0.005516 300.000000 7.462687
430 0.000011 0.003281 400.000000 7.259528
430 0.000008 0.001357 500.000000 7.462687
430 0.000013 0.000589 600.000000 7.290401
430 0.000014 0.000632 700.000000 7.329843
430 0.000014 0.001545 800.000000 7.648183
440 0.000087 0.002824 100.000000 6.622517
440 0.000044 0.003966 200.000000 7.782101
440 0.000025 0.004404 300.000000 7.537688
440 0.000010 0.002475 400.000000 7.312614
440 0.000013 0.001323 500.000000 7.518797
440 0.000015 0.000756 600.000000 7.334963
440 0.000011 0.000498 700.000000 7.376185
440 0.000012 0.001242 800.000000 7.684918
450 0.000064 0.003342 100.000000 6.756757
450 0.000040 0.004018 200.000000 7.905138
450 0.000011 0.004417 300.000000 7.575758
450 0.000012 0.002685 400.000000 7.326007
450 0.000016 0.001653 500.000000 7.552870
450 0.000014 0.000576 600.000000 7.352941
450 0.000008 0.000574 700.000000 7.399577
450 0.000010 0.001203 800.000000 7.714561
460 0.000056 0.003660 100.000000 6.802721
460 0.000040 0.004640 200.000000 7.936508
460 0.000010 0.005178 300.000000 7.575758
460 0.000017 0.003122 400.000000 7.299270
460 0.000017 0.001827 500.000000 7.564297
460 0.000017 0.000534 600.000000 7.343941
460 0.000009 0.000783 700.000000 7.415254
460 0.000010 0.001418 800.000000 7.722008
470 0.000062 0.003494 100.000000 6.802721
470 0.000042 0.004685 200.000000 7.968128
470 0.000014 0.005112 300.000000 7.537688
470 0.000018 0.002711 400.000000 7.233273
470 0.000014 0.001560 500.000000 7.564297
470 0.000017 0.000425 600.000000 7.290401
470 0.000010 0.000763 700.000000 7.430998
470 0.000043 0.001915 800.000000 7.707129
480 0.000053 0.003803 100.000000 6.756757
480 0.000044 0.004678 200.000000 8.000000
480 0.000013 0.004973 300.000000 7.371007
480 0.000017 0.002351 400.000000 7.207207
480 0.000010 0.001221 500.000000 7.552870
480 0.000011 0.000355 600.000000 7.211538
480 0.000012 0.000773 700.000000 7.438895
480 0.000010 0.001531 800.000000 7.677543
490 0.000058 0.004080 100.000000 6.802721
490 0.000041 0.004928 200.000000 8.032128
490 0.000011 0.005037 300.000000 7.159904
490 0.000017 0.002150 400.000000 7.207207
490 0.000010 0.001124 500.000000 7.530120
490 0.000010 0.000292 600.000000 7.177033
490 0.000012 0.000860 700.000000 7.454739
490 0.000010 0.001622 800.000000 7.504691
500 0.000063 0.004882 100.000000 6.896552
500 0.000047 0.005174 200.000000 8.064516
500 0.000019 0.004515 300.000000 7.092198
500 0.000014 0.002260 400.000000 7.233273
500 0.000011 0.001193 500.000000 7.518797
500 0.000011 0.000328 600.000000 7.177033
500 0.000011 0.000951 700.000000 7.478632
500 0.000010 0.001698 800.000000 7.469655
510 0.000072 0.005109 100.000000 7.092198
510 0.000049 0.005424 200.000000 8.163265
510 0.000026 0.004400 300.000000 7.125891
510 0.000017 0.002197 400.000000 7.299270
510 0.000011 0.001233 500.000000 7.485030
510 0.000011 0.000345 600.000000 7.211538
510 0.000013 0.001029 700.000000 7.518797
510 0.000011 0.001752 800.000000 7.483630
520 0.000087 0.004567 100.000000 7.407407
520 0.000046 0.005590 200.000000 8.298756
520 0.000020 0.004082 300.000000 7.211538
520 0.000017 0.001775 400.000000 7.366483
520 0.000012 0.001056 500.000000 7.440476
520 0.000011 0.000213 600.000000 7.255139
520 0.000013 0.000947 700.000000 7.567567
520 0.000011 0.001656 800.000000 7.518797
530 0.000099 0.007593 100.000000 7.692307
530 0.000051 0.007787 200.000000 8.438819
530 0.000022 0.005395 300.000000 7.299270
530 0.000022 0.002309 400.000000 7.448790
530 0.000023 0.001284 500.000000 7.418397
530 0.000013 0.000429 600.000000 7.308161
530 0.000014 0.001377 700.000000 7.616975
530 0.000012 0.002086 800.000000 7.561437
540 0.000063 0.007694 100.000000 8.130081
540 0.000029 0.007184 200.000000 8.620689
540 0.000025 0.005280 300.000000 7.389163
540 0.000024 0.002529 400.000000 7.532957
540 0.000023 0.001176 500.000000 7.440476
540 0.000007 0.000543 600.000000 7.361963
540 0.000008 0.001386 700.000000 7.675438
540 0.000007 0.002006 800.000000 7.604563
550 0.000035 0.008064 100.000000 8.547009
550 0.000015 0.007459 200.000000 8.695652
550 0.000026 0.005581 300.000000 7.500000
550 0.000025 0.002792 400.000000 7.619048
550 0.000017 0.001118 500.000000 7.473842
550 0.000001 0.000627 600.000000 7.416564
550 0.000005 0.001523 700.000000 7.726269
550 0.000003 0.002201 800.000000 7.648183
560 0.000023 0.009192 100.000000 8.849558
560 0.000012 0.009009 200.000000 8.620689
560 0.000025 0.006154 300.000000 7.556675
560 0.000021 0.003100 400.000000 7.692307
560 0.000013 0.000974 500.000000 7.485030
560 0.000006 0.000754 600.000000 7.453416
560 0.000006 0.001822 700.000000 7.777778
560 0.000005 0.002645 800.000000 7.684918
570 0.000038 0.009359 100.000000 9.090909
570 0.000018 0.009853 200.000000 8.298756
570 0.000027 0.006038 300.000000 7.594937
570 0.000022 0.002830 400.000000 7.736944
570 0.000011 0.000719 500.000000 7.485030
570 0.000008 0.000727 600.000000 7.481297
570 0.000007 0.001933 700.000000 7.812500
570 0.000006 0.002837 800.000000 7.707129
580 0.000032 0.006825 100.000000 9.259259
580 0.000016 0.007131 200.000000 8.097166
580 0.000022 0.004046 300.000000 7.575758
580 0.000020 0.001833 400.000000 7.751938
580 0.000011 0.000419 500.000000 7.485030
580 0.000003 0.000514 600.000000 7.490637
580 0.000003 0.001414 700.000000 7.838746
580 0.000002 0.002026 800.000000 7.722008
590 0.000032 0.007785 100.000000 9.345795
590 0.000015 0.007805 200.000000 8.032128
590 0.000023 0.004232 300.000000 7.537688
590 0.000023 0.001807 400.000000 7.751938
590 0.000014 0.000535 500.000000 7.473842
590 0.000004 0.000551 600.000000 7.500000
590 0.000005 0.001595 700.000000 7.856341
590 0.000004 0.002268 800.000000 7.736944
600 0.000024 0.008044 100.000000 9.345795
600 0.000022 0.007710 200.000000 8.000000
600 0.000024 0.003772 300.000000 7.481297
600 0.000024 0.001511 400.000000 7.766990
600 0.000014 0.000651 500.000000 7.462687
600 0.000002 0.000580 600.000000 7.509387
600 0.000005 0.001550 700.000000 7.865169
600 0.000005 0.002170 800.000000 7.751938
610 0.000026 0.007865 100.000000 9.523809
610 0.000024 0.007699 200.000000 7.968128
610 0.000029 0.003519 300.000000 7.425743
610 0.000025 0.001310 400.000000 7.766990
610 0.000016 0.000849 500.000000 7.429420
610 0.000003 0.000549 600.000000 7.528231
610 0.000004 0.001583 700.000000 7.865169
610 0.000004 0.002144 800.000000 7.759457
620 0.000029 0.007194 100.000000 9.615385
620 0.000026 0.007343 200.000000 7.874016
620 0.000028 0.002862 300.000000 7.352941
620 0.000023 0.001120 400.000000 7.766990
620 0.000009 0.001065 500.000000 7.342144
620 0.000004 0.000459 600.000000 7.547170
620 0.000028 0.001775 700.000000 7.838746
620 0.000004 0.002038 800.000000 7.774539
630 0.000029 0.006533 100.000000 9.615385
630 0.000018 0.006720 200.000000 7.518797
630 0.000026 0.002209 300.000000 7.334963
630 0.000022 0.000847 400.000000 7.736944
630 0.000003 0.001179 500.000000 7.267442
630 0.000005 0.000379 600.000000 7.556675
630 0.000003 0.001462 700.000000 7.769145
630 0.000005 0.001765 800.000000 7.789679
640 0.000038 0.006515 100.000000 9.615385
640 0.000036 0.005994 200.000000 7.220217
640 0.000023 0.002049 300.000000 7.334963
640 0.000023 0.001191 400.000000 7.707129
640 0.000005 0.001054 500.000000 7.225433
640 0.000004 0.000415 600.000000 7.566204
640 0.000004 0.001572 700.000000 7.567567
640 0.000004 0.001872 800.000000 7.797271
650 0.000032 0.006338 100.000000 9.433962
650 0.000051 0.005278 200.000000 7.117438
650 0.000029 0.001762 300.000000 7.334963
650 0.000027 0.001620 400.000000 7.561437
650 0.000004 0.001045 500.000000 7.215007
650 0.000005 0.000468 600.000000 7.575758
650 0.000003 0.001539 700.000000 7.534984
650 0.000004 0.001886 800.000000 7.804878
660 0.000014 0.007479 100.000000 9.174312
660 0.000049 0.005159 200.000000 7.067138
660 0.000034 0.001777 300.000000 7.334963
660 0.000024 0.002608 400.000000 7.299270
660 0.000007 0.001072 500.000000 7.215007
660 0.000003 0.000554 600.000000 7.585335
660 0.000002 0.001690 700.000000 7.526882
660 0.000004 0.002162 800.000000 7.812500
670 0.000018 0.008340 100.000000 8.403361
670 0.000039 0.004410 200.000000 7.017544
670 0.000032 0.001524 300.000000 7.334963
670 0.000019 0.002312 400.000000 7.194244
670 0.000004 0.000871 500.000000 7.215007
670 0.000003 0.000591 600.000000 7.604563
670 0.000003 0.001595 700.000000 7.526882
670 0.000005 0.001971 800.000000 7.827789
680 0.000052 0.008534 100.000000 7.407407
680 0.000035 0.003403 200.000000 6.968641
680 0.000030 0.001443 300.000000 7.334963
680 0.000012 0.002400 400.000000 7.142857
680 0.000006 0.000835 500.000000 7.204611
680 0.000003 0.000567 600.000000 7.623888
680 0.000003 0.001515 700.000000 7.534984
680 0.000007 0.001949 800.000000 7.835455
690 0.000055 0.007446 100.000000 7.092198
690 0.000036 0.002663 200.000000 6.896552
690 0.000033 0.001687 300.000000 7.317073
690 0.000011 0.002509 400.000000 7.117438
690 0.000008 0.000869 500.000000 7.204611
690 0.000002 0.000569 600.000000 7.633588
690 0.000006 0.001449 700.000000 7.534984
690 0.000007 0.001871 800.000000 7.850834
700 0.000056 0.007097 100.000000 6.944445
700 0.000037 0.001969 200.000000 6.825939
700 0.000033 0.002056 300.000000 7.317073
700 0.000016 0.002903 400.000000 7.092198
700 0.000006 0.001049 500.000000 7.204611
700 0.000002 0.000503 600.000000 7.643312
700 0.000005 0.001387 700.000000 7.543103
700 0.000005 0.001841 800.000000 7.858546
710 0.000057 0.007142 100.000000 6.849315
710 0.000040 0.001660 200.000000 6.711410
710 0.000033 0.002332 300.000000 7.299270
710 0.000018 0.002997 400.000000 7.054674
710 0.000004 0.000950 500.000000 7.215007
710 0.000001 0.000515 600.000000 7.633588
710 0.000004 0.001329 700.000000 7.551240
710 0.000005 0.001672 800.000000 7.866273
720 0.000069 0.007199 100.000000 6.666667
720 0.000041 0.001650 200.000000 6.578948
720 0.000033 0.002950 300.000000 7.281553
720 0.000016 0.003299 400.000000 6.956522
720 0.000004 0.001022 500.000000 7.215007
720 0.000058 0.001110 600.000000 7.604563
720 0.000007 0.001401 700.000000 7.559395
720 0.000005 0.001713 800.000000 7.866273
730 0.000068 0.007303 100.000000 6.250000
730 0.000044 0.002158 200.000000 6.514658
730 0.000035 0.003462 300.000000 7.246377
730 0.000007 0.003463 400.000000 6.837607
730 0.000003 0.001056 500.000000 7.225433
730 0.000004 0.000696 600.000000 7.547170
730 0.000006 0.001429 700.000000 7.567567
730 0.000005 0.001710 800.000000 7.858546
740 0.000082 0.006068 100.000000 5.780347
740 0.000044 0.002179 200.000000 6.514658
740 0.000038 0.003578 300.000000 7.194244
740 0.000006 0.003329 400.000000 6.791172
740 0.000001 0.000959 500.000000 7.235890
740 0.000002 0.000784 600.000000 7.308161
740 0.000006 0.001349 700.000000 7.575758
740 0.000005 0.001593 800.000000 7.858546
750 0.000105 0.004395 100.000000 5.649717
750 0.000047 0.002864 200.000000 6.535948
750 0.000040 0.004254 300.000000 7.109005
750 0.000009 0.003187 400.000000 6.791172
750 0.000001 0.000913 500.000000 7.256894
750 0.000003 0.000769 600.000000 7.272727
750 0.000005 0.001396 700.000000 7.592191
750 0.000003 0.001765 800.000000 7.850834
760 0.000097 0.004024 100.000000 5.649717
760 0.000045 0.002682 200.000000 6.600660
760 0.000037 0.004529 300.000000 6.912442
760 0.000007 0.002939 400.000000 6.814310
760 0.000003 0.000808 500.000000 7.288630
760 0.000002 0.000788 600.000000 7.272727
760 0.000004 0.001298 700.000000 7.616975
760 0.000005 0.001676 800.000000 7.850834
770 0.000096 0.003578 100.000000 5.714286
770 0.000051 0.003241 200.000000 6.666667
770 0.000034 0.005412 300.000000 6.802721
770 0.000006 0.003114 400.000000 6.849315
770 0.000001 0.000907 500.000000 7.331378
770 0.000002 0.000737 600.000000 7.299270
770 0.000003 0.001326 700.000000 7.650273
770 0.000005 0.001740 800.000000 7.850834
780 0.000090 0.003877 100.000000 5.813953
780 0.000049 0.004348 200.000000 6.756757
780 0.000031 0.006277 300.000000 6.802721
780 0.000008 0.003448 400.000000 6.896552
780 0.000004 0.001044 500.000000 7.396450
780 0.000003 0.000715 600.000000 7.343941
780 0.000005 0.001468 700.000000 7.700770
780 0.000006 0.001919 800.000000 7.843137
790 0.000091 0.003912 100.000000 5.988024
790 0.000052 0.004820 200.000000 6.896552
790 0.000030 0.006548 300.000000 6.864988
790 0.000008 0.003613 400.000000 6.968641
790 0.000005 0.001112 500.000000 7.462687
790 0.000004 0.000708 600.000000 7.398274
790 0.000006 0.001527 700.000000 7.751938
790 0.000012 0.001930 800.000000 7.835455
800 0.000100 0.005985 100.000000 6.211180
800 0.000052 0.006319 200.000000 7.042253
800 0.000022 0.007319 300.000000 6.928406
800 0.000012 0.004064 400.000000 7.042253
800 0.000011 0.001257 500.000000 7.541478
800 0.000008 0.000704 600.000000 7.462687
800 0.000008 0.001748 700.000000 7.812500
800 0.000016 0.002127 800.000000 7.835455
810 0.000101 0.005650 100.000000 6.451613
810 0.000054 0.006237 200.000000 7.220217
810 0.000028 0.007153 300.000000 7.009346
810 0.000010 0.004001 400.000000 7.117438
810 0.000009 0.001282 500.000000 7.621951
810 0.000007 0.000579 600.000000 7.518797
810 0.000007 0.001560 700.000000 7.874016
810 0.000012 0.001785 800.000000 7.812500
820 0.000089 0.005053 100.000000 6.622517
820 0.000051 0.005391 200.000000 7.326007
820 0.000027 0.006232 300.000000 7.075472
820 0.000008 0.003418 400.000000 7.181329
820 0.000009 0.001123 500.000000 7.692307
820 0.000007 0.000504 600.000000 7.566204
820 0.000007 0.001257 700.000000 7.918552
820 0.000015 0.001234 800.000000 7.782101
830 0.000086 0.003701 100.000000 6.666667
830 0.000054 0.004599 200.000000 7.407407
830 0.000029 0.005397 300.000000 7.109005
830 0.000006 0.002878 400.000000 7.220217
830 0.000011 0.000890 500.000000 7.739938
830 0.000007 0.000541 600.000000 7.604563
830 0.000007 0.001017 700.000000 7.963595
830 0.000015 0.001014 800.000000 7.766990
840 0.000075 0.003195 100.000000 6.622517
840 0.000052 0.004434 200.000000 7.462687
840 0.000029 0.005284 300.000000 7.109005
840 0.000006 0.002716 400.000000 7.246377
840 0.000010 0.000832 500.000000 7.776050
840 0.000007 0.000573 600.000000 7.633588
840 0.000009 0.000845 700.000000 7.990868
840 0.000014 0.000890 800.000000 7.766990
850 0.000075 0.003867 100.000000 6.535948
850 0.000049 0.004559 200.000000 7.490637
850 0.000030 0.005263 300.000000 7.109005
850 0.000010 0.002496 400.000000 7.272727
850 0.000011 0.000810 500.000000 7.788162
850 0.000008 0.000529 600.000000 7.653061
850 0.000010 0.000647 700.000000 8.009153
850 0.000013 0.000970 800.000000 7.782101
860 0.000092 0.004505 100.000000 6.451613
860 0.000051 0.005069 200.000000 7.518797
860 0.000033 0.005584 300.000000 7.075472
860 0.000012 0.002511 400.000000 7.299270
860 0.000017 0.000804 500.000000 7.800312
860 0.000008 0.000564 600.000000 7.682458
860 0.000011 0.000642 700.000000 8.027523
860 0.000014 0.001061 800.000000 7.804878
870 0.000087 0.005695 100.000000 6.410256
870 0.000048 0.005626 200.000000 7.575758
870 0.000033 0.005910 300.000000 7.009346
870 0.000013 0.002649 400.000000 7.352941
870 0.000072 0.000813 500.000000 7.800312
870 0.000008 0.000566 600.000000 7.712082
870 0.000011 0.000706 700.000000 8.064516
870 0.000015 0.001173 800.000000 7.835455
880 0.000083 0.006145 100.000000 6.578948
880 0.000043 0.006007 200.000000 7.692307
880 0.000021 0.005835 300.000000 7.009346
880 0.000014 0.002636 400.000000 7.421150
880 0.000009 0.000900 500.000000 7.836991
880 0.000010 0.000806 600.000000 7.772021
880 0.000012 0.000823 700.000000 8.101851
880 0.000014 0.001257 800.000000 7.881773
890 0.000087 0.006439 100.000000 6.802721
890 0.000045 0.006379 200.000000 7.843137
890 0.000014 0.006101 300.000000 7.042253
890 0.000012 0.002692 400.000000 7.518797
890 0.000008 0.000780 500.000000 7.861635
890 0.000007 0.000630 600.000000 7.832898
890 0.000009 0.000624 700.000000 8.158508
890 0.000015 0.000959 800.000000 7.936508
900 0.000040 0.006911 100.000000 7.042253
900 0.000027 0.006453 200.000000 8.000000
900 0.000012 0.005712 300.000000 7.109005
900 0.000015 0.002578 400.000000 7.604563
900 0.000011 0.000896 500.000000 7.788162
900 0.000012 0.000951 600.000000 7.905138
900 0.000014 0.001051 700.000000 8.215962
900 0.000009 0.001239 800.000000 7.984032
910 0.000061 0.007240 100.000000 7.352941
910 0.000029 0.006364 200.000000 8.163265
910 0.000018 0.005171 300.000000 7.177033
910 0.000021 0.002213 400.000000 7.692307
910 0.000015 0.000833 500.000000 7.704160
910 0.000014 0.001076 600.000000 7.968128
910 0.000017 0.001591 700.000000 8.264462
910 0.000014 0.002183 800.000000 8.040201
920 0.000047 0.007264 100.000000 7.575758
920 0.000031 0.007159 200.000000 8.196721
920 0.000023 0.005071 300.000000 7.228916
920 0.000023 0.002053 400.000000 7.766990
920 0.000019 0.000816 500.000000 7.704160
920 0.000016 0.001083 600.000000 8.021390
920 0.000017 0.001965 700.000000 8.293839
920 0.000013 0.002491 800.000000 8.080808
930 0.000059 0.008428 100.000000 7.751938
930 0.000039 0.007690 200.000000 8.000000
930 0.000028 0.005336 300.000000 7.263923
930 0.000025 0.002039 400.000000 7.812500
930 0.000021 0.000884 500.000000 7.704160
930 0.000019 0.001225 600.000000 8.053691
930 0.000019 0.002331 700.000000 8.303678
930 0.000013 0.002707 800.000000 8.105370
940 0.000041 0.008010 100.000000 7.874016
940 0.000039 0.007553 200.000000 7.575758
940 0.000029 0.004777 300.000000 7.299270
940 0.000025 0.001828 400.000000 7.858546
940 0.000020 0.000790 500.000000 7.704160
940 0.000019 0.001305 600.000000 8.086253
940 0.000020 0.002416 700.000000 8.293839
940 0.000011 0.002535 800.000000 8.130081
950 0.000030 0.006422 100.000000 7.936508
950 0.000031 0.006919 200.000000 7.380074
950 0.000024 0.003845 300.000000 7.317073
950 0.000020 0.001424 400.000000 7.905138
950 0.000018 0.000771 500.000000 7.727975
950 0.000017 0.001150 600.000000 8.119080
950 0.000017 0.002050 700.000000 8.235294
950 0.000010 0.002004 800.000000 8.154943
960 0.000021 0.005965 100.000000 8.064516
960 0.000030 0.007049 200.000000 7.299270
960 0.000025 0.003518 300.000000 7.334963
960 0.000021 0.001176 400.000000 7.952286
960 0.000018 0.000893 500.000000 7.751938
960 0.000018 0.001392 600.000000 8.141112
960 0.000015 0.001996 700.000000 8.101851
960 0.000009 0.002069 800.000000 8.171603
970 0.000021 0.005984 100.000000 8.130081
970 0.000020 0.006920 200.000000 7.299270
970 0.000024 0.003188 300.000000 7.371007
970 0.000020 0.001081 400.000000 8.000000
970 0.000018 0.001082 500.000000 7.776050
970 0.000018 0.001635 600.000000 8.174387
970 0.000013 0.002058 700.000000 7.972665
970 0.000009 0.002057 800.000000 8.196721
980 0.000018 0.006160 100.000000 8.264462
980 0.000023 0.006986 200.000000 7.299270
980 0.000027 0.003057 300.000000 7.407407
980 0.000021 0.000840 400.000000 8.048289
980 0.000019 0.001124 500.000000 7.812500
980 0.000020 0.001675 600.000000 8.219178
980 0.000011 0.002160 700.000000 7.936508
980 0.000008 0.002024 800.000000 8.213552
990 0.000026 0.005911 100.000000 8.403361
990 0.000019 0.006424 200.000000 7.352941
990 0.000024 0.002525 300.000000 7.444169
990 0.000020 0.000562 400.000000 8.097166
990 0.000019 0.001210 500.000000 7.849294
990 0.000018 0.001788 600.000000 8.253095
990 0.000010 0.002298 700.000000 7.954545
990 0.000010 0.002296 800.000000 8.238929
1000 0.000027 0.006255 100.000000 8.620689
1000 0.000024 0.006519 200.000000 7.380074
1000 0.000024 0.002309 300.000000 7.518797
1000 0.000020 0.000596 400.000000 8.146640
1000 0.000020 0.001484 500.000000 7.898894
1000 0.000019 0.002065 600.000000 8.298756
1000 0.000011 0.002502 700.000000 7.981756
1000 0.000011 0.002458 800.000000 8.273009
1010 0.000025 0.006649 100.000000 8.849558
1010 0.000024 0.006508 200.000000 7.407407
1010 0.000027 0.002047 300.000000 7.594937
1010 0.000021 0.000574 400.000000 8.196721
1010 0.000021 0.001599 500.000000 7.949126
1010 0.000018 0.002259 600.000000 8.344924
1010 0.000010 0.002711 700.000000 8.018328
1010 0.000011 0.002609 800.000000 8.298756
1020 0.000022 0.006796 100.000000 9.090909
1020 0.000022 0.006582 200.000000 7.352941
1020 0.000029 0.001999 300.000000 7.672634
1020 0.000086 0.001610 400.000000 8.213552
1020 0.000023 0.001694 500.000000 8.000000
1020 0.000020 0.002254 600.000000 8.379889
1020 0.000010 0.002421 700.000000 8.064516
1020 0.000010 0.002127 800.000000 8.333333
1030 0.000041 0.007089 100.000000 9.174312
1030 0.000037 0.006057 200.000000 7.220217
1030 0.000027 0.001556 300.000000 7.731959
1030 0.000022 0.001030 400.000000 8.213552
1030 0.000023 0.001859 500.000000 8.038586
1030 0.000020 0.002491 600.000000 8.415147
1030 0.000010 0.002610 700.000000 8.101851
1030 0.000011 0.002308 800.000000 8.350731
1040 0.000043 0.007475 100.000000 9.090909
1040 0.000037 0.005852 200.000000 7.092198
1040 0.000032 0.001425 300.000000 7.772021
1040 0.000021 0.001406 400.000000 7.984032
1040 0.000023 0.002244 500.000000 8.077544
1040 0.000022 0.002908 600.000000 8.426967
1040 0.000009 0.002914 700.000000 8.130081
1040 0.000010 0.002546 800.000000 8.368201
1050 0.000050 0.007922 100.000000 8.849558
1050 0.000041 0.005140 200.000000 7.042253
1050 0.000032 0.001208 300.000000 7.792208
1050 0.000024 0.001841 400.000000 7.707129
1050 0.000021 0.002713 500.000000 8.090615
1050 0.000021 0.003487 600.000000 8.415147
1050 0.000011 0.003436 700.000000 8.139535
1050 0.000009 0.003090 800.000000 8.368201
1060 0.000035 0.008134 100.000000 7.874016
1060 0.000041 0.004444 200.000000 7.017544
1060 0.000031 0.001102 300.000000 7.812500
1060 0.000023 0.002083 400.000000 7.662835
1060 0.000023 0.002912 500.000000 8.103727
1060 0.000021 0.003716 600.000000 8.379889
1060 0.000010 0.003535 700.000000 8.149011
1060 0.000011 0.003234 800.000000 8.368201
1070 0.000032 0.009503 100.000000 6.944445
1070 0.000045 0.003819 200.000000 6.993007
1070 0.000033 0.001489 300.000000 7.832898
1070 0.000026 0.002680 400.000000 7.648183
1070 0.000023 0.003556 500.000000 8.116883
1070 0.000024 0.004434 600.000000 8.310249
1070 0.000011 0.003955 700.000000 8.158508
1070 0.000011 0.003442 800.000000 8.376964
1080 0.000067 0.009254 100.000000 6.666667
1080 0.000044 0.003048 200.000000 6.993007
1080 0.000034 0.001661 300.000000 7.874016
1080 0.000025 0.002932 400.000000 7.648183
1080 0.000024 0.003600 500.000000 8.143323
1080 0.000027 0.004454 600.000000 8.163265
1080 0.000012 0.004092 700.000000 8.168028
1080 0.000012 0.003586 800.000000 8.394544
1090 0.000059 0.009130 100.000000 6.535948
1090 0.000044 0.002568 200.000000 6.993007
1090 0.000033 0.002252 300.000000 7.915567
1090 0.000028 0.003518 400.000000 7.677543
1090 0.000027 0.004240 500.000000 8.169934
1090 0.000020 0.004798 600.000000 7.947020
1090 0.000012 0.004447 700.000000 8.187135
1090 0.000013 0.003804 800.000000 8.403361
1100 0.000061 0.008899 100.000000 6.493506
1100 0.000047 0.002121 200.000000 6.993007
1100 0.000033 0.002177 300.000000 7.957560
1100 0.000028 0.003411 400.000000 7.692307
1100 0.000029 0.004057 500.000000 8.183306
1100 0.000015 0.004502 600.000000 7.874016
1100 0.000012 0.003992 700.000000 8.196721
1100 0.000014 0.003288 800.000000 8.412198
1110 0.000047 0.008373 100.000000 6.451613
1110 0.000050 0.001636 200.000000 7.017544
1110 0.000033 0.002237 300.000000 7.978724
1110 0.000029 0.003275 400.000000 7.707129
1110 0.000028 0.003868 500.000000 8.210180
1110 0.000011 0.004203 600.000000 7.863696
1110 0.000011 0.003632 700.000000 8.206330
1110 0.000015 0.002895 800.000000 8.412198
1120 0.000057 0.008102 100.000000 6.329114
1120 0.000052 0.001637 200.000000 7.042253
1120 0.000036 0.003096 300.000000 7.978724
1120 0.000030 0.004154 400.000000 7.722008
1120 0.000028 0.004727 500.000000 8.223684
1120 0.000013 0.004929 600.000000 7.874016
1120 0.000012 0.004329 700.000000 8.215962
1120 0.000014 0.003508 800.000000 8.350731
1130 0.000067 0.007602 100.000000 6.097561
1130 0.000047 0.002197 200.000000 7.092198
1130 0.000123 0.004613 300.000000 7.936508
1130 0.000033 0.004601 400.000000 7.751938
1130 0.000026 0.005090 500.000000 8.237232
1130 0.000013 0.005084 600.000000 7.905138
1130 0.000014 0.004470 700.000000 8.225616
1130 0.000010 0.003733 800.000000 8.205129
1140 0.000082 0.005990 100.000000 5.847953
1140 0.000052 0.003501 200.000000 7.142857
1140 0.000036 0.004897 300.000000 7.874016
1140 0.000030 0.005660 400.000000 7.797271
1140 0.000028 0.006241 500.000000 8.264462
1140 0.000018 0.006187 600.000000 7.936508
1140 0.000017 0.005688 700.000000 8.235294
1140 0.000012 0.004834 800.000000 8.171603
1150 0.000087 0.006067 100.000000 5.747127
1150 0.000048 0.004259 200.000000 7.220217
1150 0.000035 0.005534 300.000000 7.518797
1150 0.000030 0.006294 400.000000 7.827789
1150 0.000028 0.006774 500.000000 8.278146
1150 0.000017 0.006555 600.000000 7.968128
1150 0.000015 0.005981 700.000000 8.254717
1150 0.000013 0.004963 800.000000 8.171603
1160 0.000097 0.005620 100.000000 5.780347
1160 0.000057 0.005110 200.000000 7.299270
1160 0.000037 0.006336 300.000000 7.371007
1160 0.000031 0.006888 400.000000 7.889546
1160 0.000028 0.007416 500.000000 8.305648
1160 0.000019 0.007192 600.000000 8.010681
1160 0.000015 0.006697 700.000000 8.284023
1160 0.000014 0.005450 800.000000 8.196721
1170 0.000098 0.005969 100.000000 5.917160
1170 0.000059 0.005854 200.000000 7.434944
1170 0.000040 0.006865 300.000000 7.407407
1170 0.000031 0.007335 400.000000 7.968128
1170 0.000029 0.007829 500.000000 8.347245
1170 0.000019 0.007530 600.000000 8.064516
1170 0.000014 0.007025 700.000000 8.333333
1170 0.000014 0.005631 800.000000 8.238929
1180 0.000095 0.006694 100.000000 6.134969
1180 0.000058 0.006204 200.000000 7.633588
1180 0.000038 0.007119 300.000000 7.500000
1180 0.000033 0.007492 400.000000 8.080808
1180 0.000029 0.008024 500.000000 8.417508
1180 0.000018 0.007609 600.000000 8.141112
1180 0.000016 0.007064 700.000000 8.393286
1180 0.000013 0.005580 800.000000 8.290155
1190 0.000088 0.006843 100.000000 6.369427
1190 0.000057 0.006276 200.000000 7.843137
1190 0.000036 0.007100 300.000000 7.614213
1190 0.000031 0.007395 400.000000 8.196721
1190 0.000028 0.007858 500.000000 8.503402
1190 0.000018 0.007292 600.000000 8.219178
1190 0.000015 0.006657 700.000000 8.464329
1190 0.000012 0.005213 800.000000 8.359457
1200 0.000092 0.007452 100.000000 6.666667
1200 0.000051 0.007080 200.000000 8.064516
1200 0.000036 0.007774 300.000000 7.751938
1200 0.000033 0.008027 400.000000 8.316009
1200 0.000029 0.008366 500.000000 8.576329
1200 0.000014 0.007416 600.000000 8.298756
1200 0.000013 0.006507 700.000000 8.536586
1200 0.000011 0.005048 800.000000 8.421053
1210 0.000093 0.007744 100.000000 6.896552
1210 0.000049 0.007636 200.000000 8.264462
1210 0.000033 0.008248 300.000000 7.853403
1210 0.000030 0.008411 400.000000 8.421053
1210 0.000028 0.008634 500.000000 8.620689
1210 0.000014 0.007408 600.000000 8.368201
1210 0.000011 0.006299 700.000000 8.599508
1210 0.000008 0.004886 800.000000 8.474576
1220 0.000086 0.006478 100.000000 7.142857
1220 0.000049 0.006891 200.000000 8.438819
1220 0.000034 0.007481 300.000000 7.936508
1220 0.000029 0.007443 400.000000 8.510638
1220 0.000028 0.007672 500.000000 8.605852
1220 0.000010 0.006271 600.000000 8.426967
1220 0.000008 0.005130 700.000000 8.652658
1220 0.000008 0.003926 800.000000 8.528785
1230 0.000088 0.006056 100.000000 7.299270
1230 0.000047 0.007304 200.000000 8.620689
1230 0.000031 0.007978 300.000000 8.021390
1230 0.000028 0.007890 400.000000 8.602151
1230 0.000026 0.007696 500.000000 8.488964
1230 0.000011 0.006439 600.000000 8.474576
1230 0.000006 0.005173 700.000000 8.706468
1230 0.000007 0.003908 800.000000 8.565310
1240 0.000067 0.004832 100.000000 7.407407
1240 0.000031 0.005733 200.000000 8.771930
1240 0.000025 0.006072 300.000000 8.086253
1240 0.000025 0.005756 400.000000 8.658009
1240 0.000015 0.004941 500.000000 8.291874
1240 0.000007 0.004210 600.000000 8.522727
1240 0.000008 0.003339 700.000000 8.739077
1240 0.000008 0.002533 800.000000 8.602151
1250 0.000077 0.004514 100.000000 7.462687
1250 0.000035 0.005378 200.000000 8.888889
1250 0.000031 0.005431 300.000000 8.152174
1250 0.000026 0.005065 400.000000 8.714597
1250 0.000010 0.004464 500.000000 8.210180
1250 0.000007 0.003706 600.000000 8.547009
1250 0.000010 0.002905 700.000000 8.760951
1250 0.000010 0.002071 800.000000 8.639309
1260 0.000075 0.005032 100.000000 7.575758
1260 0.000035 0.005812 200.000000 8.968610
1260 0.000031 0.005565 300.000000 8.196721
1260 0.000023 0.005147 400.000000 8.771930
1260 0.000007 0.004440 500.000000 8.196721
1260 0.000007 0.003689 600.000000 8.571428
1260 0.000011 0.002869 700.000000 8.782936
1260 0.000010 0.002075 800.000000 8.658009
1270 0.000076 0.005907 100.000000 7.692307
1270 0.000036 0.006203 200.000000 9.049774
1270 0.000033 0.005867 300.000000 8.241758
1270 0.000027 0.005455 400.000000 8.810573
1270 0.000006 0.004662 500.000000 8.223684
1270 0.000006 0.003772 600.000000 8.595988
1270 0.000011 0.002884 700.000000 8.760951
1270 0.000009 0.002081 800.000000 8.695652
1280 0.000080 0.006237 100.000000 7.936508
1280 0.000037 0.006402 200.000000 9.132421
1280 0.000034 0.005946 300.000000 8.333333
1280 0.000024 0.005434 400.000000 8.888889
1280 0.000004 0.004598 500.000000 8.291874
1280 0.000007 0.003617 600.000000 8.633094
1280 0.000007 0.002905 700.000000 8.717310
1280 0.000010 0.001988 800.000000 8.733624
1290 0.000078 0.007250 100.000000 8.264462
1290 0.000143 0.009002 200.000000 9.259259
1290 0.000036 0.006765 300.000000 8.450705
1290 0.000029 0.006134 400.000000 8.988764
1290 0.000007 0.005077 500.000000 8.361204
1290 0.000007 0.003959 600.000000 8.695652
1290 0.000003 0.003247 700.000000 8.631319
1290 0.000009 0.002186 800.000000 8.781559
1300 0.000048 0.008273 100.000000 8.620689
1300 0.000094 0.009249 200.000000 9.389671
1300 0.000024 0.007739 300.000000 8.595988
1300 0.000021 0.006847 400.000000 9.090909
1300 0.000010 0.005560 500.000000 8.445946
1300 0.000010 0.004393 600.000000 8.759124
1300 0.000004 0.003633 700.000000 8.620689
1300 0.000007 0.002533 800.000000 8.839779
1310 0.000029 0.007788 100.000000 9.090909
1310 0.000016 0.007933 200.000000 9.478673
1310 0.000016 0.006645 300.000000 8.720930
1310 0.000017 0.005783 400.000000 9.195402
1310 0.000016 0.004554 500.000000 8.532423
1310 0.000014 0.003552 600.000000 8.823529
1310 0.000007 0.003134 700.000000 8.641975
1310 0.000004 0.001960 800.000000 8.888889
1320 0.000030 0.007365 100.000000 9.433962
1320 0.000011 0.007593 200.000000 9.049774
1320 0.000015 0.005855 300.000000 8.849558
1320 0.000018 0.005117 400.000000 9.259259
1320 0.000016 0.004120 500.000000 8.605852
1320 0.000015 0.003384 600.000000 8.875740
1320 0.000011 0.003037 700.000000 8.674102
1320 0.000007 0.001745 800.000000 8.938547
1330 0.000025 0.007105 100.000000 9.708738
1330 0.000019 0.007362 200.000000 8.510638
1330 0.000012 0.005738 300.000000 8.928572
1330 0.000013 0.005010 400.000000 9.280743
1330 0.000017 0.003939 500.000000 8.650519
1330 0.000016 0.003305 600.000000 8.902077
1330 0.000012 0.002804 700.000000 8.695652
1330 0.000006 0.001594 800.000000 8.968610
1340 0.000020 0.007157 100.000000 9.900990
1340 0.000013 0.007188 200.000000 8.403361
1340 0.000011 0.005838 300.000000 8.982036
1340 0.000013 0.005379 400.000000 9.280743
1340 0.000016 0.003950 500.000000 8.680555
1340 0.000017 0.003270 600.000000 8.928572
1340 0.000010 0.002595 700.000000 8.717310
1340 0.000007 0.001459 800.000000 8.998875
1350 0.000028 0.006879 100.000000 10.101010
1350 0.000009 0.006945 200.000000 8.368201
1350 0.000009 0.005664 300.000000 9.036144
1350 0.000015 0.005336 400.000000 9.195402
1350 0.000018 0.003637 500.000000 8.710801
1350 0.000019 0.002995 600.000000 8.941877
1350 0.000009 0.002303 700.000000 8.739077
1350 0.000005 0.001232 800.000000 9.009009
1360 0.000029 0.007046 100.000000 10.204082
1360 0.000014 0.006960 200.000000 8.403361
1360 0.000014 0.005774 300.000000 9.063444
1360 0.000017 0.005399 400.000000 9.029346
1360 0.000018 0.003698 500.000000 8.726004
1360 0.000018 0.002925 600.000000 8.968610
1360 0.000008 0.002201 700.000000 8.760951
1360 0.000005 0.001313 800.000000 9.029346
1370 0.000020 0.007118 100.000000 10.526316
1370 0.000009 0.006934 200.000000 8.438819
1370 0.000012 0.005977 300.000000 9.118541
1370 0.000020 0.004620 400.000000 8.658009
1370 0.000018 0.003545 500.000000 8.756567
1370 0.000019 0.002730 600.000000 8.982036
1370 0.000008 0.001949 700.000000 8.782936
1370 0.000008 0.001169 800.000000 9.039548
1380 0.000034 0.006946 100.000000 10.638298
1380 0.000008 0.006608 200.000000 8.474576
1380 0.000012 0.005805 300.000000 9.174312
1380 0.000024 0.004422 400.000000 8.403361
1380 0.000019 0.003327 500.000000 8.771930
1380 0.000020 0.002576 600.000000 8.995502
1380 0.000007 0.001761 700.000000 8.805032
1380 0.000006 0.001076 800.000000 9.049774
1390 0.000028 0.007119 100.000000 10.752688
1390 0.000014 0.006183 200.000000 8.510638
1390 0.000016 0.005449 300.000000 9.202454
1390 0.000023 0.004146 400.000000 8.350731
1390 0.000020 0.003208 500.000000 8.787346
1390 0.000022 0.002587 600.000000 8.995502
1390 0.000006 0.001709 700.000000 8.827238
1390 0.000007 0.000992 800.000000 9.049774
1400 0.000025 0.007412 100.000000 10.752688
1400 0.000005 0.006607 200.000000 8.510638
1400 0.000017 0.005868 300.000000 9.230769
1400 0.000022 0.004415 400.000000 8.350731
1400 0.000020 0.003215 500.000000 8.771930
1400 0.000022 0.002424 600.000000 8.928572
1400 0.000006 0.001641 700.000000 8.838384
1400 0.000009 0.001066 800.000000 9.039548
1410 0.000309 0.011230 100.000000 10.309278
1410 0.000014 0.006776 200.000000 8.510638
1410 0.000014 0.005895 300.000000 9.202454
1410 0.000022 0.004356 400.000000 8.368201
1410 0.000018 0.003071 500.000000 8.771930
1410 0.000014 0.002484 600.000000 8.670520
1410 0.000008 0.001487 700.000000 8.849558
1410 0.000009 0.001053 800.000000 8.978676
1420 0.000015 0.008828 100.000000 9.615385
1420 0.000018 0.006614 200.000000 8.510638
1420 0.000012 0.005603 300.000000 9.174312
1420 0.000019 0.004187 400.000000 8.385744
1420 0.000017 0.003007 500.000000 8.741259
1420 0.000011 0.002518 600.000000 8.559201
1420 0.000008 0.001428 700.000000 8.849558
1420 0.000008 0.001095 800.000000 8.064516
1430 0.000015 0.008669 100.000000 7.575758
1430 0.000014 0.006282 200.000000 8.510638
1430 0.000015 0.005327 300.000000 9.118541
1430 0.000018 0.003777 400.000000 8.385744
1430 0.000018 0.002848 500.000000 8.741259
1430 0.000013 0.002383 600.000000 8.522727
1430 0.000008 0.001351 700.000000 8.860760
1430 0.000009 0.001258 800.000000 7.984032
1440 0.000015 0.008204 100.000000 7.194244
1440 0.000014 0.006216 200.000000 8.547009
1440 0.000013 0.005675 300.000000 9.036144
1440 0.000019 0.003775 400.000000 8.403361
1440 0.000021 0.002819 500.000000 8.726004
1440 0.000011 0.002170 600.000000 8.522727
1440 0.000008 0.001320 700.000000 8.860760
1440 0.000006 0.001272 800.000000 7.968128
1450 0.000021 0.007901 100.000000 7.042253
1450 0.000015 0.006075 200.000000 8.547009
1450 0.000013 0.005737 300.000000 8.849558
1450 0.000017 0.003542 400.000000 8.403361
1450 0.000021 0.002524 500.000000 8.726004
1450 0.000010 0.001855 600.000000 8.534851
1450 0.000007 0.001217 700.000000 8.860760
1450 0.000005 0.001132 800.000000 7.968128
1460 0.000007 0.008047 100.000000 6.993007
1460 0.000010 0.006570 200.000000 8.510638
1460 0.000020 0.005178 300.000000 8.403361
1460 0.000020 0.003621 400.000000 8.385744
1460 0.000022 0.002347 500.000000 8.710801
1460 0.000009 0.001640 600.000000 8.534851
1460 0.000008 0.001203 700.000000 8.849558
1460 0.000004 0.000912 800.000000 7.968128
1470 0.000020 0.007403 100.000000 6.944445
1470 0.000018 0.006349 200.000000 8.510638
1470 0.000026 0.004540 300.000000 7.874016
1470 0.000020 0.003308 400.000000 8.368201
1470 0.000020 0.002160 500.000000 8.710801
1470 0.000010 0.001491 600.000000 8.534851
1470 0.000008 0.001232 700.000000 8.838384
1470 0.000005 0.000757 800.000000 7.968128
1480 0.000027 0.006635 100.000000 6.944445
1480 0.000014 0.005817 200.000000 8.510638
1480 0.000024 0.004160 300.000000 7.731959
1480 0.000019 0.002957 400.000000 8.368201
1480 0.000020 0.001970 500.000000 8.695652
1480 0.000009 0.001376 600.000000 8.547009
1480 0.000008 0.001229 700.000000 8.827238
1480 0.000005 0.000586 800.000000 7.960199
1490 0.000029 0.006175 100.000000 6.944445
1490 0.000020 0.005359 200.000000 8.547009
1490 0.000024 0.003716 300.000000 7.731959
1490 0.000020 0.002591 400.000000 8.368201
1490 0.000023 0.001803 500.000000 8.635578
1490 0.000009 0.001226 600.000000 8.559201
1490 0.000009 0.001226 700.000000 8.827238
1490 0.000004 0.000423 800.000000 7.968128
1500 0.000048 0.009902 100.000000 7.042253
1500 0.000034 0.008544 200.000000 8.620689
1500 0.000043 0.006362 300.000000 7.792208
1500 0.000031 0.004808 400.000000 8.385744
1500 0.000025 0.004184 500.000000 8.488964
1500 0.000008 0.002975 600.000000 8.595988
1500 0.000016 0.002755 700.000000 8.805032
1500 0.000010 0.000999 800.000000 7.984032
1510 0.000326 0.035779 100.000000 7.246377
1510 0.000169 0.034114 200.000000 8.733624
1510 0.000115 0.029648 300.000000 7.874016
1510 0.000082 0.025477 400.000000 8.438819
1510 0.000059 0.020851 500.000000 8.333333
1510 0.000048 0.013154 600.000000 8.645534
1510 0.000046 0.009630 700.000000 8.771930
1510 0.000044 0.003646 800.000000 8.008008
1520 0.000028 0.004923 100.000000 7.462687
1520 0.000019 0.004096 200.000000 8.849558
1520 0.000030 0.002683 300.000000 7.978724
1520 0.000025 0.001659 400.000000 8.510638
1520 0.000014 0.001831 500.000000 8.333333
1520 0.000010 0.001111 600.000000 8.695652
1520 0.000010 0.001487 700.000000 7.874016
1520 0.000004 0.000431 800.000000 8.040201
1530 0.000033 0.004710 100.000000 7.874016
1530 0.000023 0.003909 200.000000 9.090909
1530 0.000030 0.002491 300.000000 8.108109
1530 0.000026 0.001607 400.000000 8.620689
1530 0.000014 0.001859 500.000000 8.403361
1530 0.000010 0.001181 600.000000 8.784773
1530 0.000012 0.001548 700.000000 7.874016
1530 0.000005 0.000439 800.000000 8.088979
1540 0.000032 0.004401 100.000000 8.403361
1540 0.000026 0.003596 200.000000 9.433962
1540 0.000027 0.002323 300.000000 8.310249
1540 0.000022 0.001565 400.000000 8.771930
1540 0.000014 0.001701 500.000000 8.517887
1540 0.000010 0.001179 600.000000 8.888889
1540 0.000011 0.001572 700.000000 7.927520
1540 0.000007 0.000442 800.000000 8.154943
1550 0.000035 0.004456 100.000000 9.009009
1550 0.000016 0.003747 200.000000 9.756098
1550 0.000026 0.002332 300.000000 8.498584
1550 0.000022 0.001602 400.000000 8.908686
1550 0.000016 0.001672 500.000000 8.620689
1550 0.000009 0.001148 600.000000 8.995502
1550 0.000011 0.001577 700.000000 7.990868
1550 0.000006 0.000407 800.000000 8.221993
1560 0.000043 0.004890 100.000000 9.615385
1560 0.000026 0.004047 200.000000 10.050251
1560 0.000024 0.002359 300.000000 8.670520
1560 0.000022 0.001863 400.000000 9.049774
1560 0.000014 0.001917 500.000000 8.726004
1560 0.000007 0.001566 600.000000 9.090909
1560 0.000012 0.001868 700.000000 8.036739
1560 0.000007 0.000507 800.000000 8.281573
1570 0.000044 0.004898 100.000000 10.000000
1570 0.000016 0.004329 200.000000 10.256411
1570 0.000024 0.002422 300.000000 8.797654
1570 0.000020 0.001716 400.000000 9.132421
1570 0.000013 0.001733 500.000000 8.787346
1570 0.000008 0.001554 600.000000 9.160305
1570 0.000010 0.001822 700.000000 8.064516
1570 0.000008 0.000443 800.000000 8.316009
1580 0.000015 0.005133 100.000000 10.416667
1580 0.000020 0.004849 200.000000 10.256411
1580 0.000029 0.002326 300.000000 8.875740
1580 0.000026 0.001627 400.000000 9.195402
1580 0.000013 0.001730 500.000000 8.833922
1580 0.000008 0.001665 600.000000 9.202454
1580 0.000006 0.001787 700.000000 8.083141
1580 0.000005 0.000430 800.000000 8.350731
1590 0.000020 0.005015 100.000000 10.638298
1590 0.000020 0.004924 200.000000 10.050251
1590 0.000028 0.002361 300.000000 8.928572
1590 0.000028 0.002076 400.000000 9.237875
1590 0.000010 0.002057 500.000000 8.880995
1590 0.000009 0.002020 600.000000 9.230769
1590 0.000005 0.001808 700.000000 8.101851
1590 0.000004 0.000410 800.000000 8.368201
1600 0.000023 0.005273 100.000000 10.752688
1600 0.000042 0.004706 200.000000 9.433962
1600 0.000032 0.002305 300.000000 8.928572
1600 0.000029 0.001649 400.000000 9.259259
1600 0.000013 0.001529 500.000000 8.896797
1600 0.000010 0.001818 600.000000 9.244992
1600 0.000005 0.001527 700.000000 8.111239
1600 0.000005 0.000393 800.000000 8.376964
1610 0.000026 0.005994 100.000000 10.752688
1610 0.000041 0.003603 200.000000 8.510638
1610 0.000029 0.002081 300.000000 8.955224
1610 0.000029 0.001582 400.000000 9.259259
1610 0.000012 0.001354 500.000000 8.912656
1610 0.000010 0.001824 600.000000 9.244992
1610 0.000004 0.001351 700.000000 8.120649
1610 0.000005 0.000347 800.000000 8.376964
1620 0.000025 0.005435 100.000000 10.869565
1620 0.000043 0.003396 200.000000 8.196721
1620 0.000030 0.001833 300.000000 8.955224
1620 0.000029 0.001599 400.000000 9.259259
1620 0.000012 0.001289 500.000000 8.944544
1620 0.000010 0.001770 600.000000 9.244992
1620 0.000003 0.001132 700.000000 8.120649
1620 0.000006 0.000403 800.000000 8.368201
1630 0.000032 0.005378 100.000000 10.869565
1630 0.000053 0.002856 200.000000 8.130081
1630 0.000035 0.001890 300.000000 8.928572
1630 0.000037 0.002613 400.000000 9.195402
1630 0.000012 0.001982 500.000000 8.960573
1630 0.000014 0.002215 600.000000 9.216590
1630 0.000004 0.001230 700.000000 8.120649
1630 0.000006 0.000513 800.000000 8.368201
1640 0.000031 0.005331 100.000000 10.869565
1640 0.000055 0.002837 200.000000 8.163265
1640 0.000037 0.001373 300.000000 8.928572
1640 0.000030 0.002414 400.000000 8.908686
1640 0.000013 0.001870 500.000000 8.960573
1640 0.000016 0.002392 600.000000 9.174312
1640 0.000003 0.001273 700.000000 8.120649
1640 0.000005 0.000711 800.000000 8.376964
1650 0.000053 0.004240 100.000000 10.752688
1650 0.000060 0.001873 200.000000 8.196721
1650 0.000044 0.002277 300.000000 8.875740
1650 0.000022 0.003475 400.000000 8.583691
1650 0.000013 0.002551 500.000000 8.976661
1650 0.000018 0.002858 600.000000 8.941877
1650 0.000005 0.001360 700.000000 8.111239
1650 0.000005 0.000743 800.000000 8.376964
1660 0.000041 0.004421 100.000000 10.526316
1660 0.000057 0.001566 200.000000 8.196721
1660 0.000040 0.001601 300.000000 8.849558
1660 0.000023 0.002733 400.000000 8.510638
1660 0.000013 0.002381 500.000000 8.976661
1660 0.000015 0.002694 600.000000 7.822686
1660 0.000004 0.001381 700.000000 8.111239
1660 0.000006 0.000912 800.000000 8.368201
1670 0.000030 0.005580 100.000000 10.204082
1670 0.000055 0.001687 200.000000 8.230453
1670 0.000041 0.001359 300.000000 8.823529
1670 0.000022 0.002160 400.000000 8.492569
1670 0.000014 0.002297 500.000000 8.976661
1670 0.000008 0.002623 600.000000 7.792208
1670 0.000004 0.001339 700.000000 8.111239
1670 0.000009 0.000934 800.000000 8.350731
1680 0.000028 0.006315 100.000000 9.708738
1680 0.000053 0.001570 200.000000 8.230453
1680 0.000041 0.001171 300.000000 8.823529
1680 0.000019 0.001877 400.000000 8.492569
1680 0.000014 0.002493 500.000000 8.976661
1680 0.000006 0.002551 600.000000 7.782101
1680 0.000005 0.001306 700.000000 8.111239
1680 0.000007 0.001085 800.000000 8.342023
1690 0.000067 0.006044 100.000000 8.620689
1690 0.000054 0.001708 200.000000 8.196721
1690 0.000046 0.002934 300.000000 8.823529
1690 0.000018 0.003120 400.000000 8.510638
1690 0.000016 0.003297 500.000000 8.976661
1690 0.000006 0.002802 600.000000 7.782101
1690 0.000004 0.001428 700.000000 8.111239
1690 0.000005 0.001112 800.000000 8.333333
1700 0.000081 0.003953 100.000000 7.042253
1700 0.000055 0.001496 200.000000 8.196721
1700 0.000045 0.002781 300.000000 8.797654
1700 0.000023 0.002710 400.000000 8.510638
1700 0.000019 0.003240 500.000000 8.960573
1700 0.000003 0.002656 600.000000 7.782101
1700 0.000007 0.001455 700.000000 8.101851
1700 0.000006 0.001217 800.000000 8.333333
1710 0.000108 0.003798 100.000000 6.493506
1710 0.000057 0.001179 200.000000 8.163265
1710 0.000046 0.002864 300.000000 8.771930
1710 0.000022 0.003011 400.000000 8.528785
1710 0.000018 0.003708 500.000000 8.944544
1710 0.000007 0.002876 600.000000 7.782101
1710 0.000008 0.001810 700.000000 8.092485
1710 0.000009 0.001492 800.000000 8.333333
1720 0.000100 0.001703 100.000000 6.410256
1720 0.000049 0.001860 200.000000 8.130081
1720 0.000047 0.003235 300.000000 8.695652
1720 0.000019 0.002956 400.000000 8.547009
1720 0.000017 0.003447 500.000000 8.928572
1720 0.000003 0.002379 600.000000 7.772021
1720 0.000009 0.001466 700.000000 8.083141
1720 0.000006 0.001171 800.000000 8.333333
1730 0.000101 0.001564 100.000000 6.451613
1730 0.000050 0.001452 200.000000 8.130081
1730 0.000038 0.003043 300.000000 8.379889
1730 0.000020 0.002963 400.000000 8.547009
1730 0.000020 0.003677 500.000000 8.865249
1730 0.000005 0.002400 600.000000 7.772021
1730 0.000009 0.001590 700.000000 8.092485
1730 0.000006 0.001432 800.000000 8.324662
1740 0.000107 0.001438 100.000000 6.535948
1740 0.000057 0.001174 200.000000 8.130081
1740 0.000035 0.003197 300.000000 8.021390
1740 0.000023 0.003339 400.000000 8.583691
1740 0.000022 0.004190 500.000000 8.695652
1740 0.000005 0.002641 600.000000 7.782101
1740 0.000011 0.001790 700.000000 8.101851
1740 0.000007 0.001648 800.000000 8.316009
1750 0.000101 0.001987 100.000000 6.622517
1750 0.000052 0.000741 200.000000 8.130081
1750 0.000031 0.002010 300.000000 7.978724
1750 0.000027 0.002806 400.000000 8.620689
1750 0.000019 0.003608 500.000000 7.440476
1750 0.000009 0.002492 600.000000 7.792208
1750 0.000013 0.002007 700.000000 8.111239
1750 0.000010 0.002174 800.000000 8.324662
1760 0.000095 0.000667 100.000000 6.711410
1760 0.000058 0.000995 200.000000 8.163265
1760 0.000032 0.002577 300.000000 7.978724
1760 0.000021 0.003218 400.000000 8.658009
1760 0.000015 0.003775 500.000000 7.418397
1760 0.000007 0.002405 600.000000 7.802341
1760 0.000011 0.001871 700.000000 8.120649
1760 0.000009 0.002121 800.000000 8.342023
1770 0.000101 0.001706 100.000000 6.849315
1770 0.000066 0.001602 200.000000 8.230453
1770 0.000029 0.003031 300.000000 8.042895
1770 0.000023 0.004082 400.000000 8.695652
1770 0.000013 0.004271 500.000000 7.429420
1770 0.000009 0.002858 600.000000 7.832898
1770 0.000013 0.002341 700.000000 8.130081
1770 0.000011 0.002676 800.000000 8.368201
1780 0.000099 0.003011 100.000000 7.042253
1780 0.000062 0.002683 200.000000 8.368201
1780 0.000028 0.003644 300.000000 8.108109
1780 0.000021 0.004609 400.000000 8.771930
1780 0.000011 0.004446 500.000000 7.462687
1780 0.000009 0.002884 600.000000 7.874016
1780 0.000013 0.002388 700.000000 8.158508
1780 0.000011 0.002696 800.000000 8.403361
1790 0.000107 0.004125 100.000000 7.246377
1790 0.000068 0.004206 200.000000 8.547009
1790 0.000031 0.004971 300.000000 8.219178
1790 0.000024 0.005644 400.000000 8.869180
1790 0.000010 0.005146 500.000000 7.518797
1790 0.000009 0.003303 600.000000 7.926024
1790 0.000012 0.002597 700.000000 8.196721
1790 0.000012 0.002620 800.000000 8.447730
1800 0.000113 0.002712 100.000000 7.575758
1800 0.000071 0.003706 200.000000 8.733624
1800 0.000035 0.004395 300.000000 8.356546
1800 0.000025 0.005119 400.000000 8.968610
1800 0.000008 0.004717 500.000000 7.587254
1800 0.000009 0.003132 600.000000 7.978724
1800 0.000010 0.002398 700.000000 8.244994
1800 0.000011 0.002271 800.000000 8.501594
1810 0.000130 0.003619 100.000000 7.936508
1810 0.000088 0.004838 200.000000 9.009009
1810 0.000048 0.004535 300.000000 8.522727
1810 0.000032 0.005136 400.000000 9.111617
1810 0.000013 0.005073 500.000000 7.656968
1810 0.000014 0.003807 600.000000 8.053691
1810 0.000013 0.003138 700.000000 8.313540
1810 0.000014 0.002922 800.000000 8.565310
1820 0.000108 0.005337 100.000000 8.474576
1820 0.000076 0.004868 200.000000 9.302325
1820 0.000042 0.003830 300.000000 8.720930
1820 0.000028 0.004252 400.000000 9.259259
1820 0.000013 0.004202 500.000000 7.751938
1820 0.000014 0.003191 600.000000 8.130081
1820 0.000011 0.002808 700.000000 8.383233
1820 0.000012 0.002793 800.000000 8.629990
1830 0.000057 0.003969 100.000000 9.009009
1830 0.000046 0.002583 200.000000 9.615385
1830 0.000036 0.001946 300.000000 8.902077
1830 0.000024 0.002983 400.000000 9.411765
1830 0.000016 0.002684 500.000000 7.836991
1830 0.000018 0.002021 600.000000 8.207934
1830 0.000016 0.002530 700.000000 8.464329
1830 0.000014 0.003186 800.000000 8.695652
1840 0.000054 0.004440 100.000000 9.615385
1840 0.000047 0.002878 200.000000 9.950249
1840 0.000035 0.002121 300.000000 9.118541
1840 0.000024 0.003031 400.000000 9.569378
1840 0.000017 0.002551 500.000000 7.923930
1840 0.000019 0.001853 600.000000 8.287292
1840 0.000013 0.002370 700.000000 8.536586
1840 0.000014 0.002989 800.000000 8.771930
1850 0.000050 0.006278 100.000000 10.204082
1850 0.000049 0.004836 200.000000 10.309278
1850 0.000038 0.003668 300.000000 9.287926
1850 0.000024 0.003615 400.000000 9.708738
1850 0.000021 0.002635 500.000000 8.012820
1850 0.000020 0.001495 600.000000 8.356546
1850 0.000015 0.001801 700.000000 8.610086
1850 0.000014 0.002528 800.000000 8.830022
1860 0.000047 0.005051 100.000000 10.752688
1860 0.000048 0.004059 200.000000 10.526316
1860 0.000037 0.003441 300.000000 9.433962
1860 0.000021 0.003646 400.000000 9.828010
1860 0.000019 0.002491 500.000000 8.064516
1860 0.000019 0.001241 600.000000 8.403361
1860 0.000015 0.001417 700.000000 8.663366
1860 0.000014 0.002121 800.000000 8.879024
1870 0.000028 0.005165 100.000000 10.869565
1870 0.000036 0.004336 200.000000 10.582010
1870 0.000032 0.003865 300.000000 9.523809
1870 0.000016 0.004081 400.000000 9.852217
1870 0.000020 0.002373 500.000000 8.090615
1870 0.000018 0.000918 600.000000 8.426967
1870 0.000016 0.001369 700.000000 8.684863
1880 0.000020 0.004822 100.000000 10.869565
1880 0.000027 0.004728 200.000000 10.152285
1880 0.000032 0.004464 300.000000 9.554140
1880 0.000012 0.004945 400.000000 9.803922
1880 0.000023 0.002699 500.000000 8.090615
1880 0.000018 0.001176 600.000000 8.426967
1880 0.000017 0.001416 700.000000 8.674102
1890 0.000025 0.005235 100.000000 10.638298
1890 0.000030 0.004284 200.000000 9.049774
1890 0.000037 0.003941 300.000000 9.523809
1890 0.000014 0.004656 400.000000 9.546539
1890 0.000022 0.002100 500.000000 8.077544
1890 0.000018 0.001351 600.000000 8.426967
1890 0.000017 0.002197 700.000000 8.641975
1900 0.000017 0.005510 100.000000 10.416667
1900 0.000042 0.004928 200.000000 8.810573
1900 0.000031 0.004664 300.000000 9.523809
1900 0.000029 0.005009 400.000000 7.648183
1900 0.000027 0.002234 500.000000 8.051530
1900 0.000021 0.001321 600.000000 8.415147
1900 0.000016 0.002270 700.000000 8.631319
1910 0.000022 0.004334 100.000000 10.204082
1910 0.000050 0.004569 200.000000 8.733624
1910 0.000030 0.004791 300.000000 9.523809
1910 0.000030 0.004698 400.000000 7.575758
1910 0.000026 0.001998 500.000000 8.038586
1910 0.000020 0.001262 600.000000 8.391608
1910 0.000016 0.002319 700.000000 8.620689
1920 0.000049 0.004329 100.000000 10.204082
1920 0.000047 0.004741 200.000000 8.733624
1920 0.000030 0.005207 300.000000 9.523809
1920 0.000030 0.004494 400.000000 7.561437
1920 0.000026 0.001854 500.000000 8.051530
1920 0.000020 0.001433 600.000000 8.368201
1920 0.000017 0.002612 700.000000 8.620689
1930 0.000049 0.004324 100.000000 10.204082
1930 0.000044 0.004316 200.000000 8.771930
1930 0.000023 0.004903 300.000000 9.523809
1930 0.000028 0.003852 400.000000 7.561437
1930 0.000025 0.001843 500.000000 8.051530
1930 0.000020 0.002277 600.000000 8.356546
1930 0.000016 0.003395 700.000000 8.631319
1940 0.000052 0.003819 100.000000 10.204082
1940 0.000043 0.003950 200.000000 8.810573
1940 0.000020 0.004613 300.000000 9.523809
1940 0.000025 0.003324 400.000000 7.575758
1940 0.000024 0.001572 500.000000 8.051530
1940 0.000020 0.002213 600.000000 8.368201
1940 0.000015 0.003161 700.000000 8.641975
1950 0.000048 0.004868 100.000000 10.204082
1950 0.000046 0.004519 200.000000 8.849558
1950 0.000023 0.004855 300.000000 9.523809
1950 0.000027 0.003245 400.000000 7.575758
1950 0.000023 0.002201 500.000000 8.038586
1950 0.000021 0.002968 600.000000 8.368201
1950 0.000016 0.004001 700.000000 8.652658
1960 0.000050 0.005275 100.000000 10.101010
1960 0.000045 0.004483 200.000000 8.888889
1960 0.000021 0.004999 300.000000 9.493670
1960 0.000027 0.003123 400.000000 7.575758
1960 0.000023 0.002385 500.000000 8.038586
1960 0.000021 0.003129 600.000000 8.379889
1970 0.000041 0.005537 100.000000 9.433962
1970 0.000049 0.004576 200.000000 8.968610
1970 0.000019 0.005290 300.000000 9.463722
1970 0.000030 0.003033 400.000000 7.590133
1970 0.000025 0.002725 500.000000 8.051530
1970 0.000021 0.003567 600.000000 8.379889
1980 0.000038 0.003969 100.000000 8.000000
1980 0.000047 0.004228 200.000000 9.009009
1980 0.000020 0.005347 300.000000 9.287926
1980 0.000031 0.003278 400.000000 7.590133
1980 0.000026 0.003535 500.000000 8.064516
1980 0.000021 0.004506 600.000000 8.368201
1990 0.000083 0.004095 100.000000 7.633588
1990 0.000047 0.004434 200.000000 9.049774
1990 0.000032 0.005275 300.000000 7.109005
1990 0.000031 0.002852 400.000000 7.604563
1990 0.000027 0.003153 500.000000 8.077544
1990 0.000023 0.004328 600.000000 8.368201
2000 0.000093 0.004914 100.000000 7.518797
2000 0.000048 0.005178 200.000000 9.132421
2000 0.000050 0.005481 300.000000 6.976744
2000 0.000035 0.002608 400.000000 7.604563
2000 0.000025 0.002824 500.000000 8.077544
2000 0.000021 0.004114 600.000000 8.379889
2010 0.000094 0.006725 100.000000 7.575758
2010 0.000049 0.007106 200.000000 9.132421
2010 0.000050 0.006020 300.000000 6.944445
2010 0.000037 0.003445 400.000000 7.619048
2010 0.000029 0.003770 500.000000 8.064516
2010 0.000024 0.005160 600.000000 8.391608
2020 0.000075 0.006961 100.000000 7.575758
2020 0.000038 0.007769 200.000000 9.174312
2020 0.000047 0.006224 300.000000 6.944445
2020 0.000038 0.004398 400.000000 7.633588
2020 0.000025 0.005016 500.000000 8.051530
2020 0.000023 0.006236 600.000000 8.403361
2030 0.000064 0.006506 100.000000 7.633588
2030 0.000037 0.007364 200.000000 9.132421
2030 0.000046 0.005922 300.000000 6.944445
2030 0.000036 0.004941 400.000000 7.633588
2030 0.000028 0.006011 500.000000 8.051530
2030 0.000025 0.007226 600.000000 8.403361
2040 0.000099 0.006519 100.000000 7.692307
2040 0.000037 0.007174 200.000000 9.132421
2040 0.000044 0.005693 300.000000 6.944445
2040 0.000036 0.005385 400.000000 7.619048
2040 0.000030 0.006610 500.000000 8.051530
2040 0.000024 0.007789 600.000000 8.415147
2050 0.000098 0.006576 100.000000 7.751938
2050 0.000047 0.007285 200.000000 9.132421
2050 0.000048 0.005974 300.000000 6.960557
2050 0.000036 0.006301 400.000000 7.619048
2050 0.000030 0.007396 500.000000 8.064516
2060 0.000115 0.006577 100.000000 7.936508
2060 0.000048 0.007899 200.000000 9.174312
2060 0.000052 0.006752 300.000000 6.993007
2060 0.000038 0.007323 400.000000 7.648183
2060 0.000033 0.008416 500.000000 8.090615
2070 0.000107 0.006514 100.000000 8.196721
2070 0.000048 0.007660 200.000000 9.302325
2070 0.000052 0.006876 300.000000 7.058824
2070 0.000040 0.007823 400.000000 7.707129
2070 0.000034 0.008859 500.000000 8.143323
2080 0.000103 0.005386 100.000000 8.620689
2080 0.000037 0.006706 200.000000 9.478673
2080 0.000047 0.005355 300.000000 7.142857
2080 0.000036 0.006191 400.000000 7.797271
2080 0.000029 0.007296 500.000000 8.210180
2090 0.000085 0.006213 100.000000 9.259259
2090 0.000020 0.007243 200.000000 9.756098
2090 0.000040 0.004361 300.000000 7.263923
2090 0.000029 0.004435 400.000000 7.905138
2090 0.000024 0.005222 500.000000 8.305648
2100 0.000066 0.006861 100.000000 9.900990
2100 0.000017 0.007851 200.000000 9.950249
2100 0.000041 0.004785 300.000000 7.389163
2100 0.000027 0.004695 400.000000 8.016032
2100 0.000023 0.005358 500.000000 8.389262
2110 0.000065 0.007395 100.000000 10.526316
2110 0.000019 0.008488 200.000000 9.950249
2110 0.000036 0.005336 300.000000 7.500000
2110 0.000022 0.005279 400.000000 8.113590
2110 0.000024 0.005835 500.000000 8.474576
2120 0.000031 0.008541 100.000000 10.989011
2120 0.000051 0.008899 200.000000 6.849315
2120 0.000034 0.006347 300.000000 7.575758
2120 0.000023 0.006320 400.000000 8.179959
2120 0.000022 0.006684 500.000000 8.517887
2130 0.000050 0.009086 100.000000 11.235955
2130 0.000078 0.008436 200.000000 6.688963
2130 0.000040 0.007032 300.000000 7.594937
2130 0.000025 0.007343 400.000000 8.213552
2130 0.000023 0.008015 500.000000 8.547009
2140 0.000050 0.009493 100.000000 11.363636
2140 0.000058 0.007450 200.000000 6.644518
2140 0.000038 0.006847 300.000000 7.614213
2140 0.000025 0.007372 400.000000 8.196721
2140 0.000022 0.008068 500.000000 8.561644
2150 0.000040 0.008997 100.000000 11.363636
2150 0.000047 0.006402 200.000000 6.622517
2150 0.000032 0.005972 300.000000 7.614213
2150 0.000019 0.006823 400.000000 8.146640
2150 0.000020 0.007604 500.000000 8.561644
2160 0.000026 0.008005 100.000000 11.235955
2160 0.000045 0.005663 200.000000 6.622517
2160 0.000030 0.005002 300.000000 7.594937
2160 0.000023 0.005899 400.000000 8.130081
2160 0.000019 0.006683 500.000000 8.561644
2170 0.000038 0.007626 100.000000 11.111111
2170 0.000038 0.005524 200.000000 6.600660
2170 0.000026 0.005591 300.000000 7.575758
2170 0.000019 0.006175 400.000000 8.130081
2170 0.000015 0.006892 500.000000 8.547009
2180 0.000046 0.007885 100.000000 10.869565
2180 0.000039 0.005798 200.000000 6.578948
2180 0.000022 0.006035 300.000000 7.537688
2180 0.000020 0.006534 400.000000 8.130081
2190 0.000047 0.008262 100.000000 10.526316
2190 0.000041 0.005614 200.000000 6.557377
2190 0.000024 0.006011 300.000000 7.518797
2190 0.000021 0.006447 400.000000 8.097166
2200 0.000056 0.009259 100.000000 9.900990
2200 0.000046 0.006101 200.000000 6.535948
2200 0.000021 0.006683 300.000000 7.518797
2200 0.000021 0.006963 400.000000 8.064516
2210 0.000085 0.008228 100.000000 4.901961
2210 0.000042 0.005691 200.000000 6.514658
2210 0.000021 0.006340 300.000000 7.518797
2210 0.000021 0.006621 400.000000 8.032128
2220 0.000105 0.006580 100.000000 4.694836
2220 0.000045 0.005457 200.000000 6.493506
2220 0.000017 0.006242 300.000000 7.481297
2220 0.000016 0.006558 400.000000 8.032128
2230 0.000078 0.004598 100.000000 4.651163
2230 0.000041 0.005445 200.000000 6.493506
2230 0.000018 0.006263 300.000000 7.444169
2230 0.000018 0.006642 400.000000 8.032128
2240 0.000083 0.003185 100.000000 4.651163
2240 0.000041 0.005386 200.000000 6.514658
2240 0.000027 0.006282 300.000000 7.425743
2240 0.000019 0.007041 400.000000 8.048289
2250 0.000084 0.003738 100.000000 4.651163
2250 0.000040 0.005343 200.000000 6.514658
2250 0.000023 0.006233 300.000000 7.425743
2250 0.000017 0.006914 400.000000 8.064516
2260 0.000086 0.004418 100.000000 4.672897
2260 0.000039 0.005800 200.000000 6.514658
2260 0.000024 0.006278 300.000000 7.444169
2260 0.000014 0.006851 400.000000 8.064516
2270 0.000083 0.005266 100.000000 4.672897
2270 0.000035 0.006450 200.000000 6.493506
2270 0.000027 0.006712 300.000000 7.462687
2280 0.000090 0.006267 100.000000 4.716981
2280 0.000041 0.006938 200.000000 6.535948
2280 0.000030 0.007043 300.000000 7.481297
2290 0.000101 0.007220 100.000000 4.761905
2290 0.000045 0.007666 200.000000 6.578948
2290 0.000032 0.007456 300.000000 7.518797
2300 0.000111 0.008975 100.000000 4.854369
2300 0.000042 0.008929 200.000000 6.688963
2300 0.000033 0.008513 300.000000 7.575758
2310 0.000108 0.010099 100.000000 5.000000
2310 0.000038 0.009637 200.000000 6.825939
2310 0.000037 0.009178 300.000000 7.692307
2320 0.000121 0.009843 100.000000 5.181347
2320 0.000043 0.009345 200.000000 7.017544
2320 0.000035 0.008995 300.000000 7.832898
2330 0.000117 0.010160 100.000000 5.434783
2330 0.000043 0.009544 200.000000 7.246377
2330 0.000034 0.009022 300.000000 8.021390
2340 0.000115 0.010179 100.000000 5.747127
2340 0.000042 0.009588 200.000000 7.518797
2340 0.000033 0.009071 300.000000 8.241758
2350 0.000119 0.010295 100.000000 6.097561
2350 0.000044 0.009892 200.000000 7.812500
2350 0.000035 0.009432 300.000000 8.474576
2360 0.000119 0.009859 100.000000 6.493506
2360 0.000044 0.009592 200.000000 8.130081
2360 0.000034 0.009189 300.000000 8.720930
2370 0.000116 0.009264 100.000000 6.944445
2370 0.000042 0.009048 200.000000 8.474576
2370 0.000033 0.008678 300.000000 8.982036
2380 0.000114 0.008724 100.000000 7.462687
2380 0.000042 0.008542 200.000000 8.849558
2380 0.000032 0.008212 300.000000 9.259259
2390 0.000110 0.008453 100.000000 8.064516
2390 0.000040 0.008236 200.000000 9.259259
2390 0.000031 0.007883 300.000000 9.554140
2400 0.000104 0.007565 100.000000 8.771930
2400 0.000036 0.007067 200.000000 9.708738
2400 0.000028 0.006653 300.000000 9.868421
2410 0.000088 0.005738 100.000000 9.433962
2410 0.000037 0.005027 200.000000 10.101010
2410 0.000030 0.004770 300.000000 10.101010
2420 0.000079 0.005956 100.000000 10.000000
2420 0.000035 0.004552 200.000000 10.362695
2420 0.000015 0.004220 300.000000 10.309278
2430 0.000057 0.007098 100.000000 10.416667
2430 0.000032 0.005615 200.000000 10.582010
2430 0.000016 0.004855 300.000000 10.452962
2440 0.000036 0.007500 100.000000 10.638298
2440 0.000023 0.006045 200.000000 10.582010
2440 0.000010 0.005021 300.000000 10.526316
2450 0.000023 0.007611 100.000000 10.638298
2450 0.000017 0.006652 200.000000 10.526316
2450 0.000014 0.005911 300.000000 10.563380
2460 0.000029 0.006575 100.000000 10.638298
2460 0.000014 0.006051 200.000000 10.471204
2460 0.000018 0.005704 300.000000 10.600707
2470 0.000034 0.006885 100.000000 10.638298
2470 0.000017 0.005910 200.000000 10.526316
2470 0.000021 0.005732 300.000000 10.600707
2480 0.000023 0.006088 100.000000 10.526316
2480 0.000015 0.005134 200.000000 10.526316
2490 0.000045 0.005265 100.000000 10.526316
2490 0.000013 0.004791 200.000000 10.526316
2500 0.000043 0.005559 100.000000 10.526316
2500 0.000012 0.004785 200.000000 10.471204
2510 0.000051 0.005668 100.000000 10.638298
2510 0.000015 0.004741 200.000000 10.416667
2520 0.000058 0.006249 100.000000 10.638298
2520 0.000020 0.005287 200.000000 10.416667
2530 0.000053 0.006397 100.000000 10.526316
2530 0.000029 0.005468 200.000000 10.416667
2540 0.000050 0.006762 100.000000 10.204082
2540 0.000029 0.006272 200.000000 10.416667
2550 0.000025 0.007387 100.000000 10.101010
2550 0.000025 0.006708 200.000000 10.471204
2560 0.000025 0.006976 100.000000 10.204082
2560 0.000028 0.006761 200.000000 10.526316
2570 0.000008 0.005167 100.000000 10.309278
2570 0.000019 0.005565 200.000000 10.582010
2580 0.000026 0.006059 100.000000 10.416667
2590 0.000022 0.005358 100.000000 10.309278
2600 0.000026 0.004913 100.000000 10.101010
2610 0.000042 0.006143 100.000000 10.000000
2620 0.000028 0.005902 100.000000 10.101010
2630 0.000027 0.005605 100.000000 10.309278
2640 0.000029 0.006072 100.000000 10.526316
2650 0.000035 0.005352 100.000000 10.638298
2660 0.000052 0.005903 100.000000 10.638298
