0 0.000071 0.005117 100.000000 5.780347
0 0.000063 0.004991 200.000000 6.369427
0 0.000032 0.004886 300.000000 6.726458
0 0.000017 0.002804 400.000000 6.908463
0 0.000012 0.002100 500.000000 6.297229
0 0.000013 0.001541 600.000000 6.741573
10 0.000079 0.004772 100.000000 6.097561
10 0.000045 0.005522 200.000000 6.451613
10 0.000031 0.005273 300.000000 6.849315
10 0.000020 0.003040 400.000000 7.017544
10 0.000014 0.002196 500.000000 6.369427
10 0.000015 0.001477 600.000000 6.802721
20 0.000084 0.003749 100.000000 6.369427
20 0.000026 0.005412 200.000000 6.493506
20 0.000029 0.005367 300.000000 6.960557
20 0.000020 0.003225 400.000000 7.117438
20 0.000016 0.002236 500.000000 6.435007
20 0.000015 0.001597 600.000000 6.857143
30 0.000144 0.001806 100.000000 6.622517
30 0.000047 0.007771 200.000000 6.535948
30 0.000040 0.007627 300.000000 7.042253
30 0.000027 0.004742 400.000000 7.207207
30 0.000025 0.002914 500.000000 6.501951
30 0.000019 0.000991 600.000000 6.888634
40 0.000170 0.000725 100.000000 6.849315
40 0.000055 0.006300 200.000000 6.578948
40 0.000040 0.007249 300.000000 7.075472
40 0.000027 0.004828 400.000000 7.299270
40 0.000027 0.002990 500.000000 6.561680
40 0.000018 0.000879 600.000000 6.912442
50 0.000187 0.002424 100.000000 7.042253
50 0.000069 0.005557 200.000000 6.600660
50 0.000043 0.006026 300.000000 7.058824
50 0.000024 0.004634 400.000000 7.366483
50 0.000027 0.002963 500.000000 6.605020
50 0.000020 0.001123 600.000000 6.896552
60 0.000175 0.002653 100.000000 7.092198
60 0.000073 0.005067 200.000000 6.622517
60 0.000047 0.006204 300.000000 6.993007
60 0.000023 0.004671 400.000000 7.407407
60 0.000028 0.002899 500.000000 6.640106
60 0.000019 0.001068 600.000000 6.880734
70 0.000182 0.002195 100.000000 7.142857
70 0.000086 0.005021 200.000000 6.644518
70 0.000047 0.006486 300.000000 6.944445
70 0.000026 0.004649 400.000000 7.421150
70 0.000028 0.002721 500.000000 6.666667
70 0.000017 0.000902 600.000000 6.872852
80 0.000198 0.002326 100.000000 7.142857
80 0.000085 0.004644 200.000000 6.688963
80 0.000050 0.006226 300.000000 6.928406
80 0.000027 0.004756 400.000000 7.434944
80 0.000027 0.002626 500.000000 6.684492
80 0.000020 0.000843 600.000000 6.864988
90 0.000204 0.002499 100.000000 7.142857
90 0.000081 0.005074 200.000000 6.711410
90 0.000051 0.006370 300.000000 6.944445
90 0.000027 0.004985 400.000000 7.434944
90 0.000028 0.002433 500.000000 6.711410
90 0.000018 0.000806 600.000000 6.857143
100 0.000174 0.002420 100.000000 7.092198
100 0.000074 0.005608 200.000000 6.756757
100 0.000041 0.006171 300.000000 6.960557
100 0.000025 0.004795 400.000000 7.299270
100 0.000028 0.002170 500.000000 6.729475
100 0.000017 0.000791 600.000000 6.833713
110 0.000186 0.003016 100.000000 7.092198
110 0.000070 0.006247 200.000000 6.802721
110 0.000042 0.006188 300.000000 6.993007
110 0.000027 0.004207 400.000000 6.220840
110 0.000027 0.002009 500.000000 6.756757
110 0.000018 0.000718 600.000000 6.810442
120 0.000173 0.002970 100.000000 7.142857
120 0.000064 0.005980 200.000000 6.872852
120 0.000036 0.005719 300.000000 7.025761
120 0.000032 0.004027 400.000000 6.211180
120 0.000026 0.002117 500.000000 6.793478
120 0.000015 0.001021 600.000000 6.779661
130 0.000156 0.004915 100.000000 7.352941
130 0.000042 0.004634 200.000000 6.993007
130 0.000029 0.005045 300.000000 7.092198
130 0.000038 0.003842 400.000000 6.250000
130 0.000024 0.002886 500.000000 6.839945
130 0.000013 0.001684 600.000000 6.726458
140 0.000071 0.008075 100.000000 7.575758
140 0.000025 0.004113 200.000000 7.142857
140 0.000037 0.003827 300.000000 7.177033
140 0.000035 0.003866 400.000000 6.299212
140 0.000025 0.003896 500.000000 6.896552
140 0.000012 0.002156 600.000000 6.666667
150 0.000054 0.004847 100.000000 7.751938
150 0.000028 0.004209 200.000000 7.246377
150 0.000030 0.003596 300.000000 7.263923
150 0.000028 0.003789 400.000000 6.339144
150 0.000019 0.003464 500.000000 6.934813
150 0.000009 0.001755 600.000000 6.593407
160 0.000078 0.002262 100.000000 7.692307
160 0.000040 0.005101 200.000000 7.299270
160 0.000029 0.003634 300.000000 7.317073
160 0.000019 0.003602 400.000000 6.379585
160 0.000016 0.003077 500.000000 6.963789
160 0.000009 0.001396 600.000000 6.535948
170 0.000075 0.004709 100.000000 7.142857
170 0.000048 0.006107 200.000000 7.272727
170 0.000032 0.003784 300.000000 7.352941
170 0.000019 0.003668 400.000000 6.420546
170 0.000018 0.002873 500.000000 6.963789
180 0.000049 0.005566 100.000000 6.369427
180 0.000034 0.005645 200.000000 7.220217
180 0.000032 0.003928 300.000000 7.407407
180 0.000018 0.003946 400.000000 6.451613
180 0.000014 0.003139 500.000000 6.925208
190 0.000080 0.005072 100.000000 6.172840
190 0.000052 0.005422 200.000000 7.067138
190 0.000038 0.004254 300.000000 7.444169
190 0.000018 0.004455 400.000000 6.493506
190 0.000020 0.003359 500.000000 6.868132
200 0.000075 0.005640 100.000000 6.134969
200 0.000034 0.005929 200.000000 6.872852
200 0.000036 0.004213 300.000000 7.481297
200 0.000017 0.004498 400.000000 6.514658
200 0.000014 0.003104 500.000000 6.821282
210 0.000093 0.004375 100.000000 6.172840
210 0.000027 0.005585 200.000000 6.802721
210 0.000038 0.004451 300.000000 7.500000
210 0.000020 0.004795 400.000000 6.546645
210 0.000015 0.003235 500.000000 6.802721
220 0.000093 0.004497 100.000000 6.211180
220 0.000040 0.005535 200.000000 6.802721
220 0.000041 0.005313 300.000000 7.518797
220 0.000023 0.005465 400.000000 6.568144
220 0.000018 0.003558 500.000000 6.793478
230 0.000090 0.005701 100.000000 6.289308
230 0.000040 0.005545 200.000000 6.825939
230 0.000041 0.005127 300.000000 7.518797
230 0.000025 0.005363 400.000000 6.600660
230 0.000018 0.003429 500.000000 6.784261
240 0.000071 0.006354 100.000000 6.410256
240 0.000040 0.005599 200.000000 6.872852
240 0.000036 0.004857 300.000000 7.334963
240 0.000023 0.005144 400.000000 6.633499
240 0.000014 0.003135 500.000000 6.765900
250 0.000080 0.007796 100.000000 6.493506
250 0.000048 0.006440 200.000000 6.920415
250 0.000050 0.007127 300.000000 5.964215
250 0.000027 0.006000 400.000000 6.666667
250 0.000016 0.003298 500.000000 6.747638
260 0.000070 0.009044 100.000000 6.578948
260 0.000050 0.007024 200.000000 6.944445
260 0.000048 0.007573 300.000000 5.928854
260 0.000025 0.006164 400.000000 6.700168
260 0.000019 0.003358 500.000000 6.693440
270 0.000074 0.009747 100.000000 6.666667
270 0.000057 0.007649 200.000000 6.968641
270 0.000045 0.008300 300.000000 5.940594
270 0.000029 0.006657 400.000000 6.722689
270 0.000019 0.003222 500.000000 6.510417
280 0.000073 0.010955 100.000000 6.756757
280 0.000061 0.008147 200.000000 7.017544
280 0.000047 0.008556 300.000000 5.976096
280 0.000029 0.007099 400.000000 6.756757
280 0.000020 0.003191 500.000000 6.377551
290 0.000072 0.011941 100.000000 6.849315
290 0.000064 0.008457 200.000000 7.117438
290 0.000044 0.008909 300.000000 6.024096
290 0.000033 0.007554 400.000000 6.791172
290 0.000020 0.002701 500.000000 6.321113
300 0.000071 0.011879 100.000000 7.092198
300 0.000066 0.008629 200.000000 7.246377
300 0.000045 0.009000 300.000000 6.109980
300 0.000033 0.007638 400.000000 6.837607
310 0.000078 0.009703 100.000000 7.407407
310 0.000058 0.006793 200.000000 7.462687
310 0.000037 0.007414 300.000000 6.198347
310 0.000029 0.006203 400.000000 6.908463
320 0.000065 0.008247 100.000000 7.751938
320 0.000052 0.004938 200.000000 7.692307
320 0.000030 0.005523 300.000000 6.315790
320 0.000025 0.004419 400.000000 6.993007
330 0.000051 0.008404 100.000000 8.130081
330 0.000034 0.004314 200.000000 7.905138
330 0.000020 0.003593 300.000000 6.410256
330 0.000017 0.002601 400.000000 7.054674
340 0.000027 0.008970 100.000000 8.264462
340 0.000035 0.004911 200.000000 8.097166
340 0.000023 0.004274 300.000000 6.507592
340 0.000018 0.003312 400.000000 7.079646
350 0.000096 0.008404 100.000000 8.130081
350 0.000036 0.005913 200.000000 8.230453
350 0.000026 0.005430 300.000000 6.578948
350 0.000027 0.004270 400.000000 7.042253
360 0.000062 0.008889 100.000000 7.751938
360 0.000037 0.006495 200.000000 8.333333
360 0.000026 0.006315 300.000000 6.622517
360 0.000020 0.004602 400.000000 6.993007
370 0.000078 0.011044 100.000000 7.518797
370 0.000048 0.009432 200.000000 8.368201
370 0.000035 0.008822 300.000000 6.651885
370 0.000024 0.006272 400.000000 6.968641
380 0.000069 0.010041 100.000000 7.407407
380 0.000042 0.009082 200.000000 8.333333
380 0.000033 0.008488 300.000000 6.666667
380 0.000021 0.005668 400.000000 6.932409
390 0.000081 0.009051 100.000000 7.352941
390 0.000041 0.007238 200.000000 8.196721
390 0.000031 0.007229 300.000000 6.681514
390 0.000022 0.004566 400.000000 6.884682
400 0.000079 0.008223 100.000000 7.299270
400 0.000042 0.006588 200.000000 5.747127
400 0.000030 0.006499 300.000000 6.696429
400 0.000018 0.003766 400.000000 6.814310
410 0.000065 0.007511 100.000000 7.246377
410 0.000071 0.006906 200.000000 5.617978
410 0.000030 0.006196 300.000000 6.711410
410 0.000019 0.003514 400.000000 6.700168
420 0.000073 0.006774 100.000000 7.194244
420 0.000061 0.006801 200.000000 5.617978
420 0.000029 0.005916 300.000000 6.726458
420 0.000016 0.003077 400.000000 6.400000
430 0.000085 0.006331 100.000000 7.246377
430 0.000065 0.007170 200.000000 5.633803
430 0.000032 0.006692 300.000000 6.726458
430 0.000022 0.003587 400.000000 6.230530
440 0.000079 0.005924 100.000000 7.352941
440 0.000056 0.007072 200.000000 5.698006
440 0.000032 0.006613 300.000000 6.741573
450 0.000063 0.004405 100.000000 7.575758
450 0.000037 0.005124 200.000000 5.763689
450 0.000024 0.004523 300.000000 6.741573
460 0.000047 0.003151 100.000000 7.874016
460 0.000030 0.002982 200.000000 5.865103
460 0.000026 0.002129 300.000000 6.726458
470 0.000045 0.005768 100.000000 8.196721
470 0.000010 0.002431 200.000000 5.952381
470 0.000023 0.002966 300.000000 6.726458
480 0.000055 0.004245 100.000000 8.620689
480 0.000004 0.002363 200.000000 6.060606
480 0.000023 0.002666 300.000000 6.741573
490 0.000040 0.003981 100.000000 8.928572
490 0.000018 0.003515 200.000000 6.172840
490 0.000023 0.002412 300.000000 6.756757
500 0.000046 0.004138 100.000000 9.259259
500 0.000014 0.003612 200.000000 6.250000
500 0.000022 0.002335 300.000000 6.787330
510 0.000046 0.004033 100.000000 9.433962
510 0.000019 0.004245 200.000000 6.309148
510 0.000020 0.002159 300.000000 6.787330
520 0.000041 0.004644 100.000000 9.345795
520 0.000016 0.004164 200.000000 6.349206
520 0.000024 0.002064 300.000000 6.741573
530 0.000050 0.003609 100.000000 8.196721
530 0.000009 0.002181 200.000000 6.369427
530 0.000016 0.001170 300.000000 6.681514
540 0.000075 0.002660 100.000000 4.608295
540 0.000012 0.002474 200.000000 6.410256
540 0.000018 0.001470 300.000000 6.593407
550 0.000079 0.003179 100.000000 4.566210
550 0.000009 0.002289 200.000000 6.451613
550 0.000020 0.001919 300.000000 6.410256
560 0.000060 0.003876 100.000000 4.566210
560 0.000012 0.001703 200.000000 6.472492
560 0.000021 0.002228 300.000000 6.072875
570 0.000062 0.004091 100.000000 4.587156
570 0.000024 0.002493 200.000000 6.472492
570 0.000019 0.003530 300.000000 5.870842
580 0.000046 0.003959 100.000000 4.629630
580 0.000023 0.002093 200.000000 6.349206
590 0.000056 0.004147 100.000000 4.651163
590 0.000052 0.001466 200.000000 6.153846
600 0.000062 0.004760 100.000000 4.672897
600 0.000035 0.001515 200.000000 5.988024
610 0.000047 0.005879 100.000000 4.694836
610 0.000029 0.001981 200.000000 5.934718
620 0.000053 0.006559 100.000000 4.739336
620 0.000031 0.002561 200.000000 5.899705
630 0.000054 0.007303 100.000000 4.807693
630 0.000035 0.002907 200.000000 5.899705
640 0.000067 0.008884 100.000000 4.950495
640 0.000039 0.004538 200.000000 5.952381
650 0.000061 0.008862 100.000000 5.154639
650 0.000035 0.004365 200.000000 6.079027
660 0.000054 0.008387 100.000000 5.405406
660 0.000033 0.003654 200.000000 6.230530
670 0.000060 0.009266 100.000000 5.714286
670 0.000037 0.004351 200.000000 6.430868
680 0.000058 0.008569 100.000000 6.060606
680 0.000034 0.003806 200.000000 6.644518
690 0.000060 0.008785 100.000000 6.451613
690 0.000036 0.003941 200.000000 6.872852
700 0.000062 0.008770 100.000000 6.896552
700 0.000035 0.003962 200.000000 7.117438
710 0.000060 0.008824 100.000000 7.407407
710 0.000035 0.003894 200.000000 7.380074
720 0.000058 0.006762 100.000000 8.000000
720 0.000034 0.002899 200.000000 7.633588
730 0.000053 0.005114 100.000000 8.695652
730 0.000032 0.002481 200.000000 7.936508
740 0.000049 0.004286 100.000000 9.345795
740 0.000029 0.002462 200.000000 8.163265
750 0.000045 0.004194 100.000000 10.101010
750 0.000030 0.003536 200.000000 8.333333
760 0.000078 0.008355 100.000000 10.526316
760 0.000046 0.006794 200.000000 8.333333
770 0.000073 0.007691 100.000000 10.869565
770 0.000040 0.006299 200.000000 7.843137
780 0.000074 0.007330 100.000000 10.869565
780 0.000041 0.006438 200.000000 7.092198
790 0.000043 0.005987 100.000000 10.526316
800 0.000041 0.006361 100.000000 9.433962
810 0.000066 0.005498 100.000000 8.403361
820 0.000064 0.004674 100.000000 8.000000
830 0.000069 0.004673 100.000000 7.692307
840 0.000066 0.004812 100.000000 7.352941
850 0.000053 0.005913 100.000000 6.993007
860 0.000072 0.007777 100.000000 6.134969
870 0.000073 0.010594 100.000000 5.208333
880 0.000085 0.013981 100.000000 4.830918
