0.000000 -0.000000 10.744175 -4.068846
0.003267 4.566315 10.648570 0.489242
-0.031716 9.099118 10.533081 5.002965
-0.081952 13.587370 10.403625 9.472226
-0.172757 18.042800 10.250115 13.905752
-0.267875 22.451640 10.100713 18.315479
-0.358400 26.802010 9.946149 22.656637
-0.442803 31.082040 9.792051 26.928930
-0.523018 35.271990 9.650025 31.130444
-0.611006 39.330190 9.505612 35.180794
-0.673187 43.239550 9.394404 39.088974
-0.695957 46.977480 9.307094 42.840508
-0.690361 50.605530 9.277195 46.476032
-0.609462 54.132960 9.325009 50.033581
-0.411112 57.531050 9.487704 53.414932
-0.030280 60.807340 9.837150 56.721210
0.568852 63.940690 10.384327 59.841396
1.400581 66.903860 11.166296 62.825737
2.445156 69.702430 12.148459 65.655914
3.697183 72.300100 13.356764 68.275848
5.171922 74.740420 14.798901 70.766640
6.852965 76.941870 16.460121 73.037537
8.750799 78.905900 18.352116 75.075523
10.823450 80.634320 20.412588 76.857559
13.066210 82.178440 22.649481 78.431923
15.504950 83.526400 25.124641 79.774994
18.101340 84.588810 27.753233 80.880356
20.853170 85.339470 30.540373 81.661850
23.704110 85.757740 33.420479 82.117416
26.596700 85.903500 36.366970 82.301437
29.539120 85.860020 39.367214 82.298630
32.495530 85.669740 42.365868 82.149864
35.473920 85.419290 45.385674 81.940979
38.479390 85.150930 48.422665 81.700851
41.523140 84.840110 51.474171 81.457031
44.591610 84.512730 54.553745 81.190826
47.698590 84.159740 57.663963 80.904305
50.851300 83.780360 60.822853 80.586853
54.021280 83.370120 63.966286 80.254547
57.236480 82.963200 67.157593 79.925560
60.484150 82.564450 70.384247 79.585266
63.801630 82.126570 73.678040 79.222710
67.115350 81.671290 76.978607 78.841263
70.485000 81.248710 80.292343 78.508926
73.889090 80.831410 83.701241 78.154549
77.339480 80.402860 87.152382 77.779518
80.814430 79.981940 90.642227 77.429123
84.311560 79.560560 94.192741 77.064919
87.843140 79.132970 97.774719 76.690178
91.452740 78.712050 101.387581 76.341461
95.109110 78.302620 105.062592 76.008713
98.802080 77.939830 108.772980 75.692680
102.537600 77.577720 112.503220 75.360649
106.283100 77.182590 116.281494 75.019852
110.001900 76.763780 120.045906 74.648056
113.690700 76.253080 123.759941 74.186096
117.341000 75.581300 127.422112 73.592606
120.903700 74.751300 130.980301 72.849449
124.437500 73.785660 134.516373 71.963295
127.882800 72.651860 137.964310 70.903137
131.253600 71.361680 141.358826 69.680496
134.528800 69.931300 144.656815 68.318176
137.742000 68.328450 147.903000 66.786514
140.926800 66.546730 151.152069 65.071075
144.031200 64.574810 154.297211 63.150234
147.051200 62.406270 157.401672 61.014500
149.969500 60.049300 160.369537 58.709591
152.781800 57.504160 163.239639 56.226448
155.436800 54.746640 165.971466 53.497597
157.947400 51.752940 168.476379 50.563435
160.279800 48.634580 170.784454 47.455318
162.349000 45.353340 172.842834 44.174419
164.179800 41.946720 174.691849 40.797253
165.830900 38.447790 176.367889 37.319614
167.335400 34.861970 177.925995 33.712299
168.691200 31.242820 179.333527 30.108727
169.969500 27.582240 180.737701 26.470898
171.127300 23.900190 182.067184 22.839939
172.263200 20.221330 183.360580 19.181854
173.377000 16.599090 184.670486 15.567379
174.627000 13.004350 186.039185 11.998978
175.942500 9.442182 187.435211 8.497581
177.356800 5.917093 188.925140 5.032852
178.928800 2.434985 190.576447 1.608688
180.675800 -0.971876 192.342346 -1.721436
182.554400 -4.252484 194.241608 -4.869736
184.560700 -7.384682 196.248901 -7.917267
186.750900 -10.368790 198.480362 -10.812302
189.116500 -13.135630 200.885040 -13.526093
191.665700 -15.656880 203.442444 -15.977638
194.385900 -17.931220 206.173508 -18.196831
197.226100 -19.980800 209.069656 -20.172905
200.271800 -21.743030 212.133652 -21.855278
203.448300 -23.203180 215.371933 -23.298420
206.758900 -24.325190 218.732803 -24.372610
210.184300 -25.068170 222.182129 -25.070961
213.630700 -25.424490 225.653839 -25.397953
217.117000 -25.407460 229.106888 -25.326237
220.571900 -25.039820 232.586441 -24.944355
224.021200 -24.363710 236.017609 -24.226467
227.429900 -23.372920 239.394409 -23.186546
230.747500 -22.058700 242.659378 -21.833405
233.928400 -20.443850 245.789474 -20.178291
237.019600 -18.526770 248.790588 -18.219635
239.961000 -16.355940 251.641693 -16.006439
242.779800 -13.984550 254.368317 -13.580788
245.458500 -11.414060 256.965576 -10.981483
247.997000 -8.674394 259.420227 -8.185509
250.390600 -5.759310 261.713165 -5.227150
252.655600 -2.686673 263.905487 -2.104706
254.806500 0.534019 265.968567 1.142525
256.864000 3.862410 267.959961 4.520172
258.884400 7.263272 269.915100 7.970604
260.877600 10.718320 271.838318 11.468071
262.828700 14.222610 273.711029 15.011353
264.741600 17.745920 275.549591 18.562607
266.637600 21.266150 277.364655 22.113098
268.527700 24.786100 279.163940 25.645599
270.375000 28.334210 280.986542 29.192764
272.219500 31.917810 282.823792 32.783157
274.124700 35.502240 284.687561 36.419128
276.050500 39.060050 286.534821 40.059822
277.989700 42.665330 288.410767 43.728432
279.912600 46.301830 290.287140 47.429008
281.775800 49.949900 292.137573 51.084244
283.563100 53.532720 293.945557 54.705627
285.356500 57.056770 295.681610 58.291702
287.075600 60.536460 297.357605 61.817085
288.712000 63.954910 298.974121 65.290161
290.293900 67.289100 300.541168 68.686226
291.871100 70.559820 302.102692 72.016769
293.538100 73.753600 303.772583 75.254478
295.351100 76.864560 305.546631 78.427414
297.261700 79.892800 307.462219 81.518318
299.367900 82.771990 309.577332 84.456520
301.654700 85.444430 311.857788 87.165787
304.129900 87.873730 314.329803 89.675835
306.795800 90.009740 316.994110 91.871933
309.610300 91.815310 319.823700 93.759384
312.540600 93.287990 322.812134 95.320290
315.589700 94.424870 325.883728 96.547028
318.731100 95.231100 329.084839 97.409073
321.947000 95.719040 332.333008 97.954422
325.202000 95.875140 335.600403 98.139366
328.404100 95.672520 338.849335 97.974297
331.635400 95.086030 342.023834 97.460945
334.756200 94.171900 345.117065 96.583900
337.636900 92.963350 348.103973 95.389816
340.363200 91.461070 350.995972 93.838120
342.964100 89.692180 353.708099 91.947632
345.403300 87.579170 356.234467 89.737518
347.592200 85.092570 358.532593 87.196503
349.463400 82.321490 360.500946 84.425110
351.002500 79.397790 362.135376 81.445488
352.204000 76.402830 363.418732 78.375206
353.107800 73.306490 364.404724 75.226646
353.811200 70.096650 365.185272 72.043457
354.464700 66.889050 365.878906 68.848656
355.047400 63.664610 366.492310 65.633125
355.500500 60.449100 367.027008 62.405331
355.866900 57.296080 367.495422 59.233253
356.198500 54.208160 367.916443 56.143757
356.525800 51.221050 368.350830 53.149666
356.961300 48.369400 368.857941 50.311832
357.538900 45.752540 369.481506 47.711895
358.275300 43.388830 370.259277 45.371704
359.266800 41.238890 371.274017 43.290604
360.571800 39.373830 372.589996 41.479233
362.156300 37.835540 374.129395 40.006271
363.974400 36.638300 375.942993 38.840408
366.080400 35.761110 378.001282 38.018021
368.547300 35.234490 380.380219 37.532993
371.148400 35.045060 382.865173 37.401875
373.899500 35.175270 385.572449 37.591259
376.698100 35.611110 388.306854 38.095623
379.470900 36.322790 391.109863 38.851982
382.212100 37.294470 393.841309 39.865227
384.867700 38.517990 396.464600 41.142395
387.364100 39.991850 398.952454 42.664276
389.701500 41.780710 401.248444 44.513138
391.802700 43.839190 403.321655 46.606110
393.689400 46.099010 405.185455 48.897171
395.383900 48.474340 406.853210 51.310776
396.942200 50.928340 408.379669 53.802353
398.325500 53.450140 409.727081 56.353088
399.544900 56.052550 410.909058 58.972061
400.579700 58.728940 411.913574 61.659355
401.390700 61.486590 412.718842 64.447365
401.978000 64.333130 413.270233 67.297058
402.335300 67.250270 413.596375 70.240738
402.474600 70.259740 413.677979 73.274979
402.447300 73.356030 413.580292 76.393608
402.341800 76.540880 413.382050 79.573425
402.228800 79.805450 413.154846 82.816399
402.075400 83.156280 412.872314 86.169754
401.927800 86.597120 412.555481 89.618820
401.721900 90.113350 412.200012 93.110214
401.455800 93.737450 411.816254 96.696091
401.169200 97.438860 411.408020 100.381126
400.835400 101.196700 410.961853 104.127747
400.479100 104.981000 410.500977 107.881317
400.086700 108.745200 410.000977 111.644745
399.638200 112.493800 409.453827 115.364090
399.138700 116.226700 408.874573 119.076843
398.603300 119.924700 408.235596 122.761719
398.025400 123.612000 407.572479 126.413498
397.409200 127.314800 406.885315 130.108139
396.829000 131.013100 406.255005 133.742889
396.222300 134.687900 405.574432 137.382416
395.601900 138.281700 404.905060 141.025909
395.033400 141.881600 404.289917 144.680191
394.483600 145.487500 403.672760 148.294678
393.961300 149.091800 403.081665 151.927612
393.456700 152.724500 402.498810 155.569412
392.964400 156.362200 401.923920 159.237915
392.473900 160.012200 401.331543 162.911926
391.988000 163.681600 400.753845 166.609009
391.511200 167.360500 400.166168 170.312134
391.037700 171.040400 399.582947 174.018494
390.574400 174.743200 399.027069 177.745285
390.110100 178.440800 398.450653 181.476120
389.662900 182.147700 397.908142 185.190033
389.244100 185.891700 397.420380 188.947876
388.894800 189.677500 397.004700 192.709534
388.606000 193.461200 396.637878 196.490143
388.392800 197.250000 396.347229 200.261673
388.242200 201.058600 396.098633 204.060303
388.167200 204.843700 395.927368 207.855621
388.164900 208.656700 395.824402 211.651062
388.225800 212.467100 395.787903 215.481934
388.337900 216.277100 395.791473 219.299545
388.518500 220.100100 395.861603 223.154648
388.781300 223.924000 396.004272 227.008713
389.110400 227.762200 396.226013 230.878067
389.519500 231.600300 396.518097 234.771271
390.000700 235.455300 396.891357 238.659332
390.533100 239.323100 397.314392 242.546448
391.126500 243.191800 397.819824 246.467361
391.817200 247.082900 398.404510 250.415512
392.446500 250.991000 399.050720 254.345154
393.192700 254.933200 399.814209 258.291748
394.129800 258.841200 400.704773 262.219696
395.212400 262.725700 401.684570 266.130554
396.381300 266.559900 402.736786 270.038330
397.591700 270.309200 403.853699 273.849670
398.915600 273.988100 405.011169 277.596863
400.261600 277.620100 406.244812 281.306885
401.674900 281.230100 407.505676 284.987305
403.099300 284.836200 408.796143 288.673920
404.552600 288.368900 410.097534 292.301025
405.981400 291.858600 411.382843 295.899628
407.396700 295.286300 412.684265 299.402252
408.787500 298.654400 413.958496 302.854370
410.160300 301.970700 415.196106 306.237335
411.532700 305.248600 416.468079 309.595276
412.910200 308.514300 417.726868 312.880127
414.286500 311.815200 418.997223 316.273285
415.632400 315.158100 420.260071 319.636719
416.955300 318.554600 421.578705 323.071289
418.356500 321.950200 423.004089 326.486084
419.919100 325.360500 424.555542 329.941223
421.619500 328.772700 426.188171 333.393768
423.465300 332.205100 427.955261 336.857422
425.389400 335.648500 429.803223 340.363922
427.393700 339.062100 431.730164 343.844849
429.441400 342.427400 433.701965 347.287292
431.502800 345.736000 435.683472 350.668121
433.555500 349.037600 437.667877 354.027252
435.647400 352.345100 439.674744 357.420227
437.737700 355.673900 441.682617 360.819122
439.858900 359.019800 443.716614 364.227783
441.938400 362.354800 445.725769 367.638672
444.011500 365.707600 447.719116 371.028351
446.074200 369.043000 449.704956 374.448608
448.108100 372.393000 451.669312 377.820190
450.106200 375.748500 453.621887 381.204895
452.077600 379.076100 455.612335 384.598114
454.072700 382.382200 457.624847 387.979614
456.149900 385.671800 459.650696 391.351654
458.224600 388.968400 461.689606 394.706055
460.351800 392.205600 463.748108 398.002625
462.503100 395.388100 465.819885 401.255280
464.568500 398.419600 467.847656 404.345947
466.632000 401.347200 469.850281 407.324951
468.654400 404.221700 471.785919 410.260071
470.657600 407.038900 473.738892 413.125153
472.677800 409.783700 475.661285 415.958344
474.657200 412.487100 477.581543 418.738831
476.592600 415.139500 479.430664 421.451355
478.496300 417.710700 481.242310 424.061279
480.372100 420.213300 483.030548 426.588562
482.195400 422.602900 484.783447 429.036774
483.955500 424.843700 486.460846 431.314148
485.628500 426.923600 488.086884 433.439575
487.190800 428.865800 489.588257 435.433167
488.699400 430.731200 491.052338 437.334961
490.108000 432.491800 492.404480 439.132172
491.375400 434.138900 493.614929 440.794189
492.521700 435.661300 494.708405 442.337952
493.585300 437.088500 495.743958 443.783447
494.601900 438.498800 496.714661 445.200684
495.493900 439.942600 497.556458 446.638916
496.198400 441.455900 498.223969 448.115509
496.643000 443.038900 498.642517 449.664307
496.894900 444.688300 498.873688 451.261200
496.838300 446.434300 498.856018 453.010956
496.587000 448.236400 498.548920 454.815826
496.020500 450.035800 497.975739 456.637115
495.316800 451.880800 497.189087 458.408569
494.382600 453.714700 496.189087 460.195129
493.357500 455.591800 495.105774 462.034851
492.259600 457.525200 493.970398 463.906219
491.138900 459.531700 492.773163 465.878052
489.968800 461.583000 491.531738 467.911255
488.778600 463.722100 490.250671 470.024658
487.527700 465.987400 488.901733 472.251709
486.241900 468.332900 487.515717 474.553223
484.929200 470.750300 486.088928 476.886108
483.595100 473.196800 484.620239 479.296814
482.240900 475.680400 483.150177 481.739807
480.881200 478.179700 481.671478 484.187439
479.506700 480.715200 480.177216 486.676697
478.139700 483.249600 478.675812 489.132141
476.741800 485.776600 477.145264 491.634918
475.327000 488.358200 475.618408 494.172668
473.905700 490.923000 474.091370 496.665527
472.463600 493.499100 472.543579 499.184937
471.030900 496.048700 471.006500 501.660706
469.654400 498.493900 469.539307 504.034363
468.311000 500.883700 468.094482 506.393555
467.003300 503.201000 466.697418 508.625275
465.767600 505.385700 465.377411 510.768188
464.618000 507.421200 464.153076 512.759583
463.563200 509.303500 463.024261 514.578064
462.581700 511.077100 461.970795 516.310913
461.620900 512.827500 460.936768 518.020874
460.698800 514.516100 459.942780 519.667603
459.825600 516.111800 459.001740 521.225830
459.035800 517.582500 458.146973 522.661865
458.312900 518.912300 457.372101 523.944031
457.589200 520.176600 456.590088 525.174927
456.756600 521.359000 455.716248 526.314575
455.798000 522.446500 454.727264 527.337524
454.695200 523.354600 453.646118 528.165894
453.456700 523.963300 452.440063 528.822937
452.010000 524.448000 451.028748 529.298462
450.370300 524.664900 449.421936 529.477905
448.645800 524.629300 447.694519 529.405701
446.853700 524.242200 445.901123 528.936768
445.001300 523.578900 444.113037 528.221863
443.053700 522.715000 442.253601 527.273987
441.070200 521.621600 440.362823 526.095032
439.068600 520.385000 438.400604 524.788757
437.067600 519.079900 436.456604 523.406372
435.131900 517.711100 434.555481 521.954895
433.248700 516.276400 432.759918 520.443848
431.409100 514.772600 430.971924 518.870789
429.653800 513.188400 429.269989 517.226501
427.979000 511.552500 427.627533 515.523804
426.376200 509.872800 426.080414 513.784363
424.896200 508.159600 424.614258 512.017395
423.477300 506.386900 423.215210 510.196960
422.151700 504.603800 421.906250 508.356689
420.895300 502.757100 420.697357 506.466919
419.698800 500.847600 419.519775 504.513214
418.553100 498.879100 418.401947 502.490112
417.436100 496.852200 417.316742 500.418579
416.341100 494.769800 416.265381 498.279755
415.299400 492.613200 415.254303 496.086945
414.283100 490.400400 414.257751 493.830170
413.291100 488.174100 413.296021 491.545868
412.307400 485.928500 412.362488 489.271454
411.321100 483.659600 411.443726 486.990356
410.385800 481.369500 410.543945 484.661652
409.484300 479.070200 409.702515 482.333252
408.605900 476.771200 408.892273 480.011536
407.747600 474.482200 408.098633 477.671570
406.916200 472.194500 407.320221 475.339935
406.106200 469.923800 406.577209 473.035950
405.321800 467.714100 405.855591 470.805969
404.581200 465.613200 405.186218 468.682617
403.881000 463.647100 404.542847 466.696228
403.196100 461.842900 403.934814 464.853516
402.563700 460.074300 403.316284 463.058350
401.946900 458.305600 402.724609 461.275330
401.296600 456.548600 402.100189 459.485596
400.651300 454.770400 401.471863 457.695312
399.996700 452.984700 400.843201 455.895630
399.329600 451.125900 400.201721 454.009247
398.618400 449.218000 399.515442 452.098114
397.822000 447.249700 398.783783 450.112000
396.969800 445.208000 397.985229 448.042145
396.116100 443.116600 397.179657 445.939972
395.211200 440.967800 396.315216 443.787964
394.287700 438.749400 395.445892 441.604828
393.341900 436.497700 394.553040 439.370453
392.358600 434.221800 393.649109 437.106750
391.343800 431.907700 392.705505 434.799713
390.285600 429.531900 391.719971 432.418304
389.177900 427.104300 390.684662 429.983795
388.002000 424.633000 389.564697 427.506775
386.786000 422.153600 388.423492 425.024841
385.529200 419.645500 387.248535 422.526337
384.252800 417.122900 386.033875 419.982452
382.927300 414.575600 384.774139 417.419128
381.591500 412.030100 383.493896 414.864838
380.224100 409.463100 382.181702 412.280121
378.830100 406.889400 380.853790 409.670441
377.404400 404.303400 379.511902 407.061401
375.940700 401.722300 378.118622 404.456848
374.431300 399.137000 376.684875 401.834381
372.878200 396.550200 375.190063 399.208649
371.286300 393.960100 373.667908 396.580292
369.662600 391.367800 372.118744 393.950104
368.012000 388.798400 370.515991 391.317566
366.357200 386.258300 368.889740 388.691345
364.686300 383.683500 367.254364 386.043793
362.990500 381.103100 365.586884 383.388336
361.274100 378.545400 363.914978 380.773254
359.479500 376.079600 362.254181 378.250793
357.743100 373.713700 360.616486 375.829437
356.046500 371.424400 358.990662 373.491913
354.349500 369.168400 357.339966 371.162842
352.662900 366.944000 355.727478 368.875458
351.018900 364.780500 354.119263 366.638214
349.445300 362.679200 352.602173 364.469421
347.970100 360.669800 351.160645 362.408966
346.587900 358.760700 349.800690 360.453461
345.269200 357.004900 348.506653 358.650909
343.987600 355.420000 347.255768 357.009552
342.722300 353.942300 346.016907 355.518188
341.428400 352.599100 344.754822 354.148956
340.132200 351.423100 343.471985 352.961395
338.769300 350.441200 342.121948 351.943726
337.341700 349.681300 340.701324 351.144714
335.777200 349.128400 339.158142 350.604980
334.132400 348.908200 337.519135 350.311340
332.452400 349.031300 335.826050 350.369171
330.797800 349.428100 334.150085 350.696167
329.211100 350.167300 332.546906 351.380157
327.641800 351.098300 330.972687 352.272919
326.094800 352.236000 329.405731 353.389038
324.512700 353.489700 327.795959 354.605713
322.875800 354.863500 326.104126 355.947845
321.135500 356.302000 324.311646 357.326324
319.250000 357.710100 322.380493 358.652405
317.242300 359.002400 320.343201 359.868988
315.093800 360.160000 318.162964 360.951752
312.852600 361.167400 315.900208 361.868256
310.509200 362.008200 313.547668 362.606781
308.069100 362.662200 311.085144 363.170502
305.560600 363.146700 308.580566 363.559998
302.953900 363.438100 305.986877 363.772797
300.313300 363.558500 303.322662 363.818207
297.631800 363.522600 300.641266 363.682922
294.885100 363.381000 297.901581 363.477539
292.104200 363.172300 295.108765 363.198456
289.300900 362.939000 292.294586 362.880188
286.491000 362.678500 289.477539 362.516388
283.693500 362.370200 286.663788 362.110626
280.920600 362.098000 283.915344 361.742737
278.169000 361.857400 281.147278 361.395233
275.446800 361.657400 278.439941 361.095337
272.737000 361.519800 275.726562 360.873352
270.035600 361.455000 273.016876 360.720428
267.327700 361.497700 270.292084 360.672211
264.630400 361.676000 267.565826 360.759247
261.940300 361.979900 264.875702 360.963470
259.250900 362.413000 262.173157 361.294617
256.573600 362.959900 259.470398 361.754730
253.917300 363.655300 256.788513 362.343567
251.288400 364.497000 254.130402 363.077972
248.680300 365.504900 251.459335 363.988647
246.094700 366.666900 248.838043 365.071503
243.562600 367.994000 246.247498 366.335419
241.083300 369.508300 243.738251 367.762360
238.697300 371.174900 241.307465 369.350128
236.432200 372.983900 239.007507 371.096039
234.282400 374.915600 236.809509 372.960205
232.221400 376.965100 234.705948 374.940033
230.283900 379.136000 232.732117 377.039185
228.445400 381.408600 230.864960 379.248871
226.762700 383.789500 229.142624 381.560730
225.240300 386.284200 227.560471 384.007507
223.870500 388.875300 226.119736 386.571167
222.651800 391.576800 224.834259 389.236725
221.610300 394.407600 223.693649 392.050781
220.731600 397.346700 222.723267 394.970184
220.036100 400.374900 221.929199 397.992249
219.492700 403.546000 221.309738 401.177795
219.131100 406.829700 220.861908 404.453186
218.954900 410.176200 220.581284 407.798737
218.961000 413.566100 220.501663 411.183899
219.145900 416.967900 220.608719 414.606323
219.451900 420.389700 220.825989 418.027771
219.829800 423.806600 221.114014 421.447144
220.310500 427.237200 221.499695 424.891815
220.868900 430.684800 221.946259 428.337402
221.441400 434.161900 222.400299 431.826172
222.038500 437.663400 222.883972 435.303131
222.674200 441.192400 223.388336 438.833618
223.324700 444.766400 223.887589 442.415314
223.976800 448.390400 224.394730 446.016113
224.645100 452.052600 224.920807 449.669647
225.326300 455.738000 225.458893 453.332062
226.013500 459.438200 226.011841 457.025635
226.742700 463.131400 226.609467 460.702667
227.489100 466.830800 227.217590 464.394653
228.247700 470.527000 227.851624 468.080414
229.012100 474.215100 228.481506 471.788910
229.762000 477.897100 229.106979 475.455475
230.499300 481.567900 229.704788 479.114319
231.252900 485.238400 230.327972 482.784912
232.010300 488.886300 230.941315 486.446259
232.763300 492.531800 231.569092 490.078278
233.545900 496.169700 232.204224 493.729248
234.328200 499.811600 232.832367 497.372223
235.108100 503.420000 233.471069 500.994720
235.907500 507.019800 234.143188 504.624786
236.703700 510.603300 234.810013 508.234711
237.481000 514.162500 235.443390 511.811035
238.249000 517.704200 236.082031 515.376160
239.014400 521.230500 236.711151 518.893433
239.746800 524.741600 237.296997 522.402771
240.436600 528.231300 237.875488 525.893066
241.102000 531.689500 238.422195 529.360840
241.740900 535.133300 238.959534 532.774048
242.359400 538.550300 239.482468 536.200012
242.993900 541.935900 240.015015 539.580994
243.655500 545.295800 240.583282 542.953735
244.307800 548.630700 241.154968 546.286499
244.986700 551.924500 241.752869 549.593994
245.686600 555.189800 242.377960 552.867615
246.402300 558.403000 243.011032 556.087769
247.160300 561.604000 243.690887 559.289062
247.954300 564.747800 244.399551 562.435608
248.799800 567.843200 245.171082 565.550293
249.719700 570.881500 245.997864 568.595764
250.691800 573.875500 246.905670 571.614197
251.722500 576.816900 247.838577 574.563660
252.792400 579.719200 248.817886 577.500183
253.899200 582.619100 249.819977 580.419739
254.999400 585.538800 250.823044 583.349609
256.084000 588.464600 251.797882 586.303711
257.132200 591.413100 252.730743 589.255615
258.142200 594.337700 253.628006 592.169983
259.143500 597.295100 254.516464 595.146301
260.132300 600.227900 255.396530 598.097961
261.124300 603.146400 256.287476 601.038940
262.175000 606.016800 257.245941 603.898987
263.321800 608.844200 258.286194 606.740356
264.592700 611.600700 259.476532 609.517212
266.012800 614.279900 260.813354 612.220215
267.588100 616.881700 262.304321 614.866272
269.323800 619.428300 263.969238 617.451294
271.210100 621.881800 265.768494 619.971497
273.238300 624.254900 267.707336 622.390686
275.373300 626.509900 269.767548 624.717773
277.623300 628.637000 271.933533 626.918640
279.976600 630.608900 274.226593 628.986694
282.453700 632.438800 276.634521 630.912720
285.065600 634.108700 279.208344 632.672729
287.781800 635.684200 281.857788 634.335815
290.614800 637.170400 284.632080 635.908813
293.572000 638.551300 287.533020 637.393982
296.640000 639.897800 290.546051 638.854370
299.815900 641.203200 293.660706 640.277893
303.076400 642.494500 296.833191 641.688232
306.357100 643.765800 300.033661 643.065613
309.674900 645.021300 303.277771 644.430847
312.999700 646.243800 306.542572 645.771973
316.341000 647.457400 309.795563 647.103943
319.656500 648.689200 313.008240 648.447388
322.948500 649.961000 316.221161 649.852173
326.166800 651.311700 319.380188 651.313354
329.336100 652.739100 322.472504 652.832397
332.444200 654.205600 325.505676 654.394409
335.400500 655.659200 328.420898 655.938232
338.177900 657.091100 331.199219 657.455505
340.853600 658.520100 333.866394 658.958252
343.392000 659.901300 336.406769 660.421387
345.797500 661.222900 338.792175 661.825439
348.061700 662.470200 341.039978 663.117859
350.227800 663.663600 343.211731 664.373657
352.269800 664.764500 345.265472 665.529785
354.171500 665.743600 347.144928 666.573364
355.867200 666.596600 348.820496 667.478516
357.385800 667.323400 350.318573 668.265991
358.688300 667.945100 351.587097 668.957520
359.785500 668.454700 352.666504 669.474731
360.684700 668.879300 353.559570 669.932251
361.448900 669.240500 354.322388 670.318481
362.202200 669.609800 355.039886 670.696594
362.884200 670.041700 355.664764 671.175964
363.544500 670.582800 356.312195 671.720703
364.209800 671.330500 356.985382 672.456543
364.845000 672.309500 357.510529 673.500305
365.349200 673.552400 357.914703 674.733643
365.693100 675.079000 358.181458 676.219055
365.765200 676.782400 358.074463 677.812012
365.523700 678.539500 357.758514 679.630005
365.089100 680.489300 357.183533 681.480408
364.466100 682.514600 356.406555 683.430786
363.616300 684.610800 355.457245 685.404846
362.501500 686.760700 354.277344 687.507507
361.240200 688.988000 352.954590 689.638428
359.916600 691.336700 351.532562 691.914917
358.517400 693.800300 350.033966 694.300781
357.035700 696.407500 348.415588 696.811646
355.508800 699.115600 346.769897 699.414551
353.904300 701.929300 345.027771 702.148926
352.257400 704.823800 343.230164 704.949707
350.567500 707.796400 341.383209 707.817566
348.841400 710.853200 339.493469 710.778809
347.061700 713.947900 337.514587 713.788940
345.240600 717.126500 335.520874 716.857117
343.396200 720.384700 333.492004 720.000854
341.517100 723.688800 331.467194 723.171387
339.619000 727.060600 329.391479 726.402344
337.697800 730.488300 327.270569 729.724121
335.746300 733.965100 325.127686 733.060669
333.767200 737.500800 322.972565 736.437927
331.787300 741.093200 320.803406 739.899170
329.802100 744.697600 318.630981 743.352539
327.822700 748.252900 316.463470 746.747925
325.882900 751.750500 314.334106 750.101379
323.953700 755.221900 312.204987 753.456360
322.019400 758.698600 310.086609 756.789307
320.037700 762.177600 307.916077 760.142639
318.097700 765.622300 305.776581 763.475403
316.183200 769.057500 303.661743 766.786316
314.250000 772.494900 301.523560 770.100403
312.275800 775.931500 299.339142 773.422974
310.254000 779.359500 297.097717 776.721802
308.122800 782.782800 294.760712 780.009155
305.862800 786.166800 292.326416 783.254150
303.500700 789.503100 289.777100 786.456360
300.970800 792.776600 287.093750 789.560913
298.346100 795.948700 284.312561 792.557373
295.632400 799.046800 281.434021 795.480957
292.854400 802.131000 278.488739 798.384277
290.021900 805.167500 275.482483 801.248718
287.126600 808.146600 272.436768 804.011597
284.119000 811.063300 269.275238 806.729370
281.041800 813.860300 266.049530 809.305054
277.869300 816.545900 262.758850 811.801758
274.646800 819.105600 259.425354 814.161255
271.386100 821.531200 256.038330 816.410522
268.116800 823.813700 252.634033 818.521606
264.867100 825.970500 249.283203 820.470337
261.611600 828.060300 245.913803 822.374084
258.412200 830.064600 242.594406 824.184937
255.270800 831.964500 239.311905 825.910461
252.165400 833.785500 236.108231 827.547729
249.035500 835.465400 232.978821 829.083252
245.676600 836.941500 229.931808 830.525696
242.526400 838.395100 226.985870 831.903748
239.649200 839.782300 224.201797 833.187256
236.954200 841.095200 221.553268 834.408203
234.477400 842.339200 219.069916 835.564209
232.193600 843.528700 216.767883 836.667786
230.093400 844.639300 214.650528 837.680847
228.164600 845.633300 212.704086 838.584778
226.339700 846.487500 210.861908 839.336975
224.559800 847.148600 209.082855 839.882202
222.862900 847.611100 207.389175 840.245667
221.160000 847.853200 205.701920 840.357178
219.343600 847.650900 204.028488 840.204163
217.613700 847.228800 202.347046 839.715759
215.983200 846.459000 200.737762 838.913086
214.496600 845.376700 199.280182 837.798584
213.166300 844.015600 198.007782 836.380737
211.989600 842.443000 196.877686 834.775146
210.942500 840.673500 195.940201 832.960205
210.015200 838.668700 195.116608 830.965759
209.177100 836.492300 194.422913 828.755310
208.420100 834.203400 193.802139 826.429077
207.685300 831.756600 193.211960 823.942017
206.966400 829.169500 192.649643 821.317871
206.234900 826.499600 192.098465 818.622559
205.491300 823.727800 191.518906 815.806213
204.726900 820.872900 190.904541 812.903015
203.960100 817.947300 190.275543 809.910767
203.188700 814.944500 189.665985 806.847900
202.387700 811.853000 189.019974 803.726746
201.557100 808.685000 188.350998 800.494263
200.707000 805.446700 187.670883 797.205261
199.837600 802.169300 186.975555 793.860352
198.959100 798.853000 186.251343 790.449707
198.078300 795.512000 185.558228 787.057983
197.208100 792.134200 184.851837 783.625793
196.331500 788.727300 184.132263 780.155273
195.393800 785.296400 183.396225 776.691345
194.407000 781.832200 182.596298 773.174194
193.372100 778.361600 181.758286 769.631775
192.268500 774.862700 180.850113 766.059814
191.104500 771.351900 179.886536 762.466980
189.900200 767.803200 178.879211 758.829773
188.697400 764.215300 177.865936 755.165466
187.525500 760.573100 176.890533 751.429199
186.417200 756.874800 175.990494 747.662537
185.391100 753.140200 175.162018 743.840576
184.425300 749.376100 174.400436 740.013000
183.505800 745.586000 173.694580 736.154968
182.630800 741.760500 173.036591 732.266174
181.799600 737.920600 172.423813 728.380310
180.995700 734.046000 171.840744 724.487732
180.235100 730.165100 171.275696 720.584167
179.509000 726.267300 170.723816 716.631958
178.782600 722.358000 170.187729 712.671509
178.060700 718.433400 169.679092 708.729797
177.362100 714.485400 169.209595 704.764038
176.683600 710.485300 168.740234 700.746582
176.012100 706.523900 168.303391 696.729370
175.366700 702.573200 167.867950 692.711121
174.771600 698.664000 167.487137 688.757568
174.208700 694.786000 167.125412 684.802795
173.664500 690.971400 166.789917 680.954285
173.120400 687.194400 166.446075 677.140137
172.609800 683.452500 166.116211 673.362610
172.111300 679.757200 165.809723 669.646606
171.620100 676.075400 165.474884 665.917114
171.116500 672.425100 165.159653 662.244995
170.597300 668.791300 164.817566 658.577332
170.061700 665.158300 164.488281 654.924622
169.508500 661.515700 164.151443 651.262634
168.924400 657.855800 163.792862 647.564453
168.353600 654.164700 163.447205 643.864197
167.787000 650.469600 163.113586 640.155579
167.241700 646.760000 162.810989 636.429199
166.711700 643.033600 162.507294 632.669312
166.161900 639.298500 162.174713 628.909790
165.603300 635.547200 161.866501 625.151245
165.019900 631.781100 161.527924 621.359497
164.407900 627.989800 161.150360 617.567688
163.795100 624.165700 160.785416 613.736633
163.188600 620.333500 160.395218 609.864075
162.585900 616.485800 160.028381 606.009216
162.003800 612.637200 159.643570 602.104858
161.404000 608.796100 159.281677 598.213074
160.758000 604.972100 158.924652 594.323242
160.133600 601.135300 158.568954 590.418518
159.495800 597.273400 158.198425 586.518982
158.840300 593.366000 157.836884 582.551514
158.208600 589.447000 157.479034 578.563477
157.580800 585.515400 157.120895 574.568970
156.942900 581.558400 156.757904 570.596924
156.315100 577.584700 156.392471 566.587952
155.693100 573.602200 156.039062 562.576965
155.097900 569.612100 155.678772 558.567139
154.494600 565.631700 155.323059 554.546082
153.882900 561.635800 154.964340 550.546814
153.275400 557.661700 154.585068 546.517822
152.657100 553.699500 154.229462 542.529724
152.007000 549.736100 153.864380 538.532959
151.335500 545.780700 153.481995 534.545044
150.702300 541.830000 153.107346 530.519592
150.111100 537.863200 152.754333 526.540283
149.565800 533.878000 152.388519 522.511047
149.070700 529.886400 152.048553 518.493408
148.583300 525.892200 151.712418 514.470886
148.098100 521.899600 151.395676 510.459900
147.615200 517.906000 151.082458 506.438446
147.078600 513.924800 150.739471 502.428741
146.557400 509.928000 150.382736 498.404419
145.990800 505.947400 150.029160 494.469055
145.414200 501.983900 149.687363 490.459290
144.839400 498.023200 149.309387 486.465302
144.237000 494.066600 148.900238 482.469116
143.642200 490.086700 148.500275 478.491455
143.093600 486.100600 148.112061 474.496674
142.520000 482.109500 147.722015 470.501801
141.953600 478.120000 147.367264 466.509033
141.409200 474.120700 147.013397 462.509949
140.866200 470.116800 146.675339 458.499420
140.329900 466.129000 146.335587 454.517365
139.802900 462.170200 146.006683 450.576050
139.285200 458.259400 145.686447 446.683075
138.767400 454.380800 145.374130 442.816559
138.265200 450.537100 145.069763 438.986450
137.781900 446.703500 144.778351 435.152161
137.326700 442.890000 144.518875 431.342224
136.905100 439.064700 144.291931 427.490082
136.518100 435.237300 144.085251 423.655426
136.143200 431.414200 143.905380 419.841339
135.825400 427.592200 143.753082 416.037659
135.543200 423.737300 143.671921 412.177155
135.270100 419.908100 143.610092 408.347717
135.035900 416.031200 143.617996 404.474854
134.860400 412.167200 143.654114 400.605164
134.729600 408.319200 143.738785 396.761780
134.657500 404.515600 143.879303 392.982666
134.622800 400.768700 144.053680 389.267700
134.596400 397.079600 144.214584 385.575684
134.623000 393.460300 144.423721 381.942810
134.664700 389.903700 144.660767 378.388123
134.742900 386.395400 144.919952 374.896240
134.849100 382.945500 145.194824 371.471161
134.972000 379.565400 145.482880 368.111206
135.131800 376.244700 145.802109 364.798767
135.333900 373.018200 146.156235 361.600006
135.556500 369.861200 146.533661 358.465454
135.838900 366.777100 146.961960 355.420044
136.225700 363.791900 147.493378 352.480194
136.738700 360.891300 148.135681 349.622131
137.359000 358.081000 148.911469 346.825439
138.112400 355.303200 149.810776 344.088440
138.966200 352.534800 150.795868 341.363281
139.893600 349.805900 151.844055 338.672546
140.896000 347.157200 152.964111 336.101501
141.971400 344.579000 154.120026 333.628418
143.130500 342.084500 155.385529 331.194214
144.392300 339.674500 156.740570 328.877258
145.777400 337.332100 158.224670 326.632507
147.331500 335.073900 159.854965 324.489807
149.057400 332.893100 161.657196 322.412170
150.967000 330.772000 163.632172 320.449707
153.050000 328.762800 165.767624 318.594818
155.286900 326.913400 168.094879 316.852081
157.696000 325.210700 170.520615 315.305145
160.258100 323.696400 173.119995 313.936981
162.973100 322.395300 175.846008 312.801392
165.832800 321.314600 178.692230 311.912140
168.823000 320.455500 181.680634 311.219910
171.915000 319.751800 184.764542 310.689209
175.093600 319.154400 187.945709 310.262146
178.356600 318.621500 191.211349 309.893982
181.670600 318.107800 194.573822 309.564026
184.954100 317.552100 198.001038 309.265778
188.360600 317.014600 201.533981 308.960999
191.810500 316.498600 205.072296 308.645477
195.303300 315.956300 208.675323 308.287140
198.810200 315.370500 212.254883 307.874359
202.319700 314.727700 215.838318 307.406921
205.854900 314.018600 219.416565 306.878082
209.382100 313.210000 223.008362 306.241821
212.873900 312.313500 226.559708 305.517883
216.282400 311.315800 230.029602 304.694702
219.602300 310.211800 233.390106 303.756134
222.828600 308.969500 236.642517 302.689087
225.892800 307.618500 239.778000 301.496399
228.857400 306.132600 242.795959 300.163696
231.705300 304.510000 245.748383 298.667603
234.404500 302.795000 248.529938 297.111206
236.964200 301.022400 251.171219 295.485535
239.357400 299.191600 253.660355 293.763367
241.573300 297.348000 255.951965 292.046051
243.583200 295.531300 258.067932 290.315430
245.364000 293.745300 259.942810 288.611908
246.928300 292.003400 261.586426 286.934723
248.255900 290.313300 262.986237 285.314026
249.318200 288.712300 264.130280 283.748474
250.170400 287.137600 265.079315 282.193451
250.789300 285.600000 265.753571 280.680969
251.165900 284.019700 266.222107 279.087463
251.314100 282.347000 266.483704 277.453064
251.208600 280.685900 266.470215 275.815857
250.772400 279.031200 266.136841 274.058105
249.999900 277.363100 265.452515 272.318726
248.862600 275.742500 264.388214 270.648590
247.391400 274.199800 262.977966 269.038239
245.604100 272.717600 261.257874 267.466949
243.606700 271.249000 259.352234 265.897125
241.483200 269.657000 257.300110 264.192383
239.255900 267.931300 255.177383 262.367950
236.942400 266.062700 252.960724 260.394897
234.573400 264.060900 250.707886 258.278656
232.194200 261.911300 248.427902 256.015259
229.828600 259.643500 246.180115 253.647583
227.459400 257.285700 243.914551 251.180344
225.117700 254.818300 241.720856 248.628036
222.794900 252.268100 239.513931 245.978653
220.539900 249.684100 237.388077 243.293839
218.379000 247.150200 235.355316 240.655731
216.331900 244.688600 233.417511 238.095062
214.447100 242.296600 231.644684 235.598312
212.738900 239.986300 230.039658 233.222580
211.155100 237.800000 228.529465 230.947876
209.645500 235.806000 227.082932 228.867264
208.153800 234.063200 225.656235 227.054245
206.642600 232.599300 224.196838 225.492966
205.050700 231.388700 222.661270 224.236313
203.386000 230.453900 221.046677 223.208801
201.568800 229.804200 219.224579 222.445724
199.652600 229.469400 217.261780 221.989868
197.649300 229.448700 215.217712 221.947678
195.695200 229.808500 213.187408 222.205597
193.757500 230.545900 211.189697 222.862274
191.873400 231.575500 209.180603 223.827332
190.008500 232.786900 207.186310 224.955460
188.027800 234.075600 205.058258 226.195648
185.893500 235.390300 202.818985 227.394989
183.609800 236.705800 200.406830 228.621780
181.165200 238.005100 197.845886 229.814743
178.517300 239.254000 195.127747 230.919174
175.726900 240.407000 192.284729 231.903488
172.707400 241.421200 189.242767 232.793182
169.603600 242.357600 186.153870 233.623428
166.445500 243.209000 183.011261 234.334961
163.269700 243.975200 179.781693 234.932388
160.018600 244.710100 176.523697 235.545670
156.736700 245.397400 173.271484 236.088089
153.408400 246.036100 169.969772 236.590256
150.090200 246.634600 166.654831 237.038849
146.806300 247.228400 163.333923 237.481522
143.505000 247.801600 160.022385 237.893082
140.209300 248.367500 156.753403 238.307220
136.935100 248.926700 153.479248 238.700912
133.701200 249.482000 150.240662 239.120377
130.512300 250.041400 147.051086 239.552719
127.368600 250.623000 143.874161 240.031784
124.279500 251.271600 140.768982 240.579971
121.226800 251.988400 137.694672 241.192368
118.235900 252.796200 134.659943 241.895462
115.296000 253.710500 131.661316 242.694473
112.410900 254.793600 128.708420 243.629074
109.550100 256.073600 125.779312 244.763596
106.765300 257.559400 122.937614 246.089111
104.058300 259.195200 120.157471 247.576294
101.451300 260.983800 117.460861 249.217606
98.958900 262.930000 114.869476 251.026901
96.560750 265.038400 112.365768 252.989700
94.233290 267.302400 109.944557 255.108765
91.992660 269.682500 107.607140 257.379272
89.872160 272.215300 105.364899 259.821991
87.867480 274.902800 103.238113 262.415375
85.990600 277.735000 101.230362 265.137543
84.244040 280.710100 99.343002 268.022552
82.619100 283.777000 97.573120 271.008423
81.079690 286.968600 95.872993 274.139618
79.784310 290.233300 94.424179 277.324951
78.568560 293.653400 93.033302 280.663605
77.471470 297.091000 91.763664 284.001740
76.507590 300.590600 90.631607 287.409302
75.684350 304.118500 89.631958 290.880280
74.993740 307.691900 88.758385 294.405365
74.448540 311.297700 88.047043 297.974396
74.042020 314.935900 87.469719 301.575775
73.771590 318.594800 87.032349 305.192474
73.715910 322.261900 86.671280 308.823364
73.769420 325.907700 86.381805 312.476105
73.817040 329.552100 86.154533 316.123016
74.000290 333.173500 85.977402 319.736847
74.172500 336.809200 85.837082 323.338806
74.344680 340.442200 85.725197 326.949493
74.514430 344.091300 85.661255 330.543762
74.662940 347.746700 85.585640 334.143951
74.736070 351.400000 85.428047 337.731506
74.769320 355.000700 85.276451 341.310394
74.814470 358.586500 85.123322 344.868744
74.746920 362.178000 84.941841 348.416962
74.686830 365.745600 84.753853 351.993866
74.555740 369.317000 84.513931 355.537720
74.360040 372.935200 84.215363 359.092682
74.109450 376.533900 83.849686 362.622925
73.828330 380.133100 83.434296 366.161713
73.476450 383.716600 82.942276 369.660217
73.062260 387.295400 82.405685 373.181000
72.635640 390.839200 81.837555 376.673065
72.123690 394.365700 81.160172 380.141724
71.585570 397.910500 80.471443 383.621582
70.976400 401.435000 79.687042 387.084290
70.311850 404.959700 78.848686 390.588318
69.602670 408.449900 77.984901 394.049225
68.879140 411.948200 77.110786 397.534729
68.139490 415.452800 76.216843 401.014832
67.432580 418.981100 75.328377 404.462769
66.735590 422.501800 74.444054 407.908936
66.031790 425.991100 73.595436 411.388916
65.337700 429.457600 72.741959 414.857239
64.678150 432.971500 71.910736 418.366272
64.092350 436.564700 71.168892 421.925232
63.538820 440.165700 70.460983 425.464203
63.089490 443.780200 69.844536 429.035278
62.687700 447.405600 69.293251 432.601593
62.395430 451.016900 68.848206 436.171051
62.179910 454.600300 68.467285 439.725555
62.016060 458.184800 68.137512 443.289246
61.878910 461.762700 67.826355 446.839142
61.782260 465.339800 67.553375 450.394318
61.711200 468.924000 67.298279 453.944000
61.669710 472.506000 67.065147 457.482086
61.695530 476.094800 66.914894 461.059601
61.729390 479.666900 66.757828 464.596313
61.822870 483.270300 66.664642 468.183746
61.924810 486.878100 66.569557 471.771729
62.056550 490.478600 66.499916 475.370209
62.176020 494.117900 66.435005 479.017303
62.266690 497.773900 66.340820 482.631409
62.330910 501.484400 66.229843 486.312836
62.383600 505.245100 66.159851 489.959503
62.456820 509.016300 66.092171 493.703430
62.639660 512.800600 66.167007 497.463715
62.868350 516.638100 66.275894 501.277161
63.106400 520.456700 66.371597 505.064667
63.367240 524.259400 66.488396 508.859497
63.593570 528.081800 66.566277 512.641296
63.801530 531.888200 66.613724 516.438843
64.024540 535.667900 66.668129 520.198486
64.206830 539.467500 66.677063 523.962952
64.344710 543.234900 66.647476 527.713806
64.496310 546.996900 66.619553 531.449890
64.631930 550.743000 66.574921 535.161987
64.749170 554.462700 66.514893 538.859802
64.914610 558.167300 66.501434 542.546448
65.103700 561.867200 66.512466 546.210754
65.335960 565.517200 66.569878 549.846741
65.569200 569.190200 66.623764 553.477539
65.794250 572.863800 66.674538 557.138184
65.979210 576.521900 66.706764 560.719727
66.180050 580.172300 66.746674 564.358643
66.362280 583.853000 66.770134 568.019104
66.538350 587.515200 66.787941 571.653503
66.682270 591.168900 66.774521 575.284668
66.777600 594.811400 66.715736 578.890259
66.890400 598.420300 66.652748 582.494568
67.026690 602.042900 66.624641 586.085266
67.177460 605.622900 66.618340 589.679382
67.323020 609.198300 66.607826 593.235168
67.450500 612.758000 66.584778 596.755432
67.653570 616.289300 66.639557 600.273132
67.878290 619.813700 66.713699 603.811646
68.154010 623.308500 66.833107 607.310547
68.437020 626.799600 66.971054 610.816833
68.771410 630.257700 67.162292 614.301392
69.202550 633.695200 67.439926 617.778137
69.600670 637.103300 67.693695 621.190491
70.036830 640.488700 67.993019 624.574036
70.506270 643.807100 68.325981 627.862549
70.892770 647.161500 68.560471 631.177185
71.232770 650.443300 68.762009 634.489319
71.580170 653.720500 68.944130 637.700684
71.988160 656.939000 69.139282 640.976440
72.305150 660.204100 69.287018 644.199707
72.604120 663.408400 69.376549 647.428894
72.917010 666.635000 69.460533 650.658875
73.242550 669.852400 69.552368 653.915405
73.637330 673.050100 69.670486 657.150513
74.027710 676.284300 69.839569 660.407837
74.459600 679.526800 70.084808 663.653259
74.950660 682.820100 70.393440 666.937134
75.485380 686.101000 70.706322 670.249939
75.997000 689.438300 71.045380 673.580688
76.620780 692.817900 71.423836 676.960388
77.255750 696.266300 71.857964 680.391602
77.860920 699.720200 72.282104 683.839844
78.456960 703.252300 72.681419 687.395447
79.046650 706.838300 73.082451 690.999756
79.748960 710.431700 73.490601 694.613708
80.377820 714.087800 73.886772 698.308716
80.984990 717.795000 74.316681 701.992737
81.568530 721.524100 74.763344 705.746643
82.226950 725.230100 75.242981 709.474060
82.971570 728.932500 75.747726 713.203186
83.716810 732.637800 76.302849 716.926208
84.461420 736.340000 76.897263 720.650269
85.205890 740.041500 77.543869 724.362915
85.988280 743.734800 78.219543 728.062500
86.881120 747.371500 78.931885 731.716736
87.770200 751.019300 79.646889 735.403748
88.659140 754.657900 80.381317 739.054260
89.568830 758.256300 81.130341 742.703186
90.529500 761.919200 81.943581 746.410156
91.504420 765.495400 82.773163 750.050110
92.518360 769.126400 83.616188 753.674683
93.541990 772.703400 84.468903 757.296387
94.615270 776.302000 85.391747 760.923218
95.687250 779.833200 86.311897 764.492004
96.764590 783.369100 87.253799 768.066528
97.857970 786.887700 88.223869 771.624695
98.977700 790.363900 89.188042 775.121460
100.102700 793.842400 90.190025 778.627502
101.281700 797.278800 91.225067 782.098999
102.480100 800.701200 92.285843 785.572754
103.706800 804.080200 93.339386 788.981750
104.948300 807.449200 94.443588 792.432373
106.192400 810.798000 95.518845 795.815674
107.467000 814.117100 96.646179 799.199341
108.775000 817.411500 97.778976 802.556274
110.077600 820.689800 98.914795 805.888611
111.337000 823.916800 100.022263 809.195862
112.595900 827.082700 101.132812 812.433472
113.862500 830.153000 102.268951 815.546875
115.118400 833.166500 103.378479 818.619629
116.423500 836.128900 104.543671 821.646973
117.895400 839.037200 105.840973 824.650879
119.447600 841.885100 107.252411 827.593506
121.088600 844.701900 108.769028 830.520142
122.872100 847.290700 110.326874 833.335938
124.724400 849.810800 112.029938 836.151367
126.575500 852.329600 113.763550 838.826660
128.426600 854.848600 115.562103 841.456482
130.276800 857.367000 117.350952 843.958313
132.127400 859.883600 119.132599 846.350037
133.992200 862.014800 120.917114 848.610474
135.814600 864.035300 122.631226 850.760193
137.604800 865.988300 124.320190 852.821533
139.298200 867.835900 125.940063 854.779175
140.919200 869.609300 127.489349 856.629761
142.486000 871.338400 128.969604 858.453613
143.940800 872.954000 130.339111 860.165161
145.300100 874.412900 131.631683 861.704590
146.559000 875.661600 132.821381 863.022034
147.650800 876.418400 133.914124 864.086182
148.685500 877.020600 134.875244 864.916504
149.713200 877.623900 135.793060 865.652710
150.732500 878.227900 136.806946 866.216309
151.742600 878.831700 137.846924 866.703003
152.808100 879.342000 138.974792 867.041809
154.068700 879.516900 140.250366 867.247803
155.413300 879.479400 141.637009 867.341248
156.888700 879.272300 143.135620 867.221802
158.478100 878.881900 144.740402 866.883362
160.134900 878.287500 146.444336 866.389648
161.860100 877.489100 148.225449 865.666626
163.672500 876.562600 150.087357 864.820435
165.594100 875.530000 152.066147 863.876221
167.624000 874.437100 154.142883 862.882629
169.770000 873.289900 156.338440 861.824890
172.035600 872.094100 158.641312 860.742493
174.385300 870.862300 161.036453 859.619263
176.854600 869.589200 163.559753 858.454102
179.401000 868.288100 166.120850 857.277466
181.975500 866.969700 168.737015 856.061951
184.536700 865.639500 171.347961 854.844543
187.062400 864.284700 173.929413 853.587036
189.538900 862.924800 176.450974 852.335510
191.918900 861.611300 178.900635 851.114868
194.206900 860.315700 181.218201 849.942383
196.343300 858.956400 183.463104 848.822998
198.368400 857.888200 185.598099 847.809204
200.275000 856.919100 187.660400 846.917786
202.193600 856.085800 189.643631 846.186279
204.073500 855.496400 191.506012 845.711487
205.960400 855.183900 193.336166 845.509888
207.864300 855.202100 195.155899 845.578430
209.713700 855.529100 196.925827 845.952637
211.499200 856.220700 198.655548 846.698914
213.188100 857.107700 200.260986 847.805664
214.784400 858.522000 201.720398 849.239441
216.227100 860.190500 203.040558 850.945679
217.589200 862.100400 204.295944 852.920959
218.870200 864.194100 205.435928 855.071899
220.036500 866.491500 206.475327 857.401367
221.092500 868.955100 207.400558 859.928040
222.159200 871.551200 208.336365 862.579346
223.261300 874.233400 209.332550 865.326172
224.402100 877.003500 210.338181 868.169739
225.538100 879.835200 211.310760 871.076355
226.647400 882.714200 212.268402 874.014526
227.713000 885.605500 213.204712 876.972412
228.729800 888.498800 214.087585 879.928528
229.740400 891.364700 214.958023 882.850464
230.756400 894.190300 215.843033 885.742798
231.798000 896.975600 216.750549 888.600952
232.862200 899.689300 217.686783 891.385254
234.006400 902.314400 218.708496 894.078125
235.284000 904.779800 219.905350 896.664734
236.717300 907.106500 221.227020 899.084229
238.297800 909.282700 222.708984 901.339294
240.026200 911.279800 224.331116 903.403503
241.899800 913.107900 226.117218 905.339233
243.969200 914.753500 228.053650 907.099670
246.167200 916.200700 230.108490 908.653564
248.519300 917.425900 232.314301 909.992065
250.970500 918.372900 234.702423 911.115356
253.540200 919.159700 237.230164 912.044128
256.240400 919.688000 239.916504 912.717896
259.064500 919.965800 242.766342 913.165649
262.004800 920.092700 245.727448 913.458984
265.032800 920.081200 248.786835 913.597656
268.210100 920.078400 251.943985 913.594666
271.495300 919.927300 255.193298 913.508972
274.820000 919.698100 258.497009 913.381409
278.229300 919.336300 261.829987 913.170898
281.674700 918.885400 265.212280 912.882263
285.133600 918.345800 268.653931 912.513916
288.622600 917.728600 272.158875 912.083740
292.132800 917.013700 275.727905 911.564514
295.617300 916.238200 279.268463 910.967773
299.090900 915.358200 282.811188 910.296448
302.533100 914.353500 286.291321 909.545654
305.943200 913.309900 289.752838 908.724792
309.311700 912.191400 293.137024 907.831116
312.679900 911.045400 296.522217 906.880798
316.061700 909.902400 299.924225 905.914978
319.450400 908.753400 303.366302 904.953003
322.840000 907.560400 306.791687 903.944092
326.249400 906.356000 310.229523 902.928711
329.691100 905.139800 313.696411 901.893250
333.195400 903.900600 317.230743 900.856262
336.754600 902.625300 320.821320 899.767456
340.384100 901.328400 324.526276 898.645996
344.064600 899.969000 328.232971 897.466919
347.769700 898.590900 331.970306 896.282471
351.401700 897.220500 335.652710 895.079407
354.975200 895.841100 339.270721 893.875366
358.485000 894.463600 342.839111 892.666504
361.949500 893.084300 346.357544 891.471680
365.336200 891.732700 349.802673 890.284546
368.619200 890.389400 353.158539 889.108459
371.749500 889.112100 356.355408 887.989380
374.681800 887.918900 359.354340 886.948975
377.389200 886.824500 362.138641 885.981812
379.874900 885.837000 364.662750 885.109253
382.177900 884.931600 366.995056 884.306641
384.328100 884.100300 369.159790 883.558716
386.400700 883.311200 371.246979 882.845337
388.376900 882.536800 373.272919 882.158691
390.309000 881.774800 375.251465 881.487915
392.306100 880.993700 377.299347 880.808777
394.377700 880.162100 379.425934 880.075012
396.550200 879.262200 381.659515 879.278076
398.842300 878.314900 384.029266 878.470703
401.259600 877.339000 386.500305 877.634338
403.789800 876.325100 389.101624 876.738708
406.435900 875.291100 391.819855 875.849792
409.217000 874.214500 394.641205 874.914673
412.118100 873.111300 397.533722 873.950134
415.118700 871.959800 400.533112 872.947266
418.218100 870.771000 403.641693 871.919861
421.393100 869.520300 406.825562 870.839050
424.627300 868.193200 410.063599 869.670349
427.914800 866.771900 413.433533 868.428467
431.247800 865.254500 416.853424 867.085571
434.552400 863.690400 420.237213 865.698608
437.807500 862.081600 423.580566 864.272949
440.966600 860.444200 426.829468 862.802612
444.049200 858.816700 430.007904 861.320679
447.069000 857.193700 433.113678 859.849976
450.037100 855.607100 436.147583 858.423889
452.944600 854.081100 439.106659 857.052368
455.777600 852.654400 441.986145 855.789551
458.467600 851.383400 444.695374 854.655701
460.990700 850.198200 447.248322 853.606812
463.426800 849.070300 449.733246 852.610107
465.787600 847.990900 452.114777 851.653442
468.094900 846.950600 454.451050 850.735535
470.366800 845.937300 456.785461 849.836060
472.708100 844.897600 459.183929 848.916565
475.121700 843.800400 461.666718 847.932068
477.587500 842.683800 464.169983 846.958679
480.152400 841.532300 466.793152 845.937317
482.766300 840.339500 469.481628 844.861816
485.445100 839.143200 472.197388 843.800903
488.188300 837.891400 474.959167 842.706726
490.987500 836.623000 477.759521 841.606567
493.803100 835.351100 480.604187 840.484802
496.624700 834.094400 483.474640 839.368958
499.474300 832.809600 486.389221 838.235840
502.358500 831.502600 489.329712 837.074829
505.286800 830.236700 492.302368 835.910339
508.248000 828.948300 495.294556 834.748352
511.244100 827.658100 498.314697 833.587036
514.267100 826.347100 501.356934 832.413940
517.327800 825.031500 504.448792 831.236572
520.388500 823.719100 507.539368 830.067383
523.389100 822.420300 510.558350 828.928589
526.283400 821.190400 513.484436 827.837341
529.057000 820.023600 516.285645 826.805054
531.704800 818.934000 518.967896 825.839966
534.226500 817.916400 521.531860 824.943909
536.656700 816.946600 523.998657 824.097534
539.023500 815.952900 526.402222 823.213074
541.317300 814.866300 528.765930 822.244934
543.532000 813.688600 531.048706 821.170044
545.686900 812.396800 533.259338 819.970215
547.734700 810.971800 535.388000 818.626099
549.629400 809.339400 537.364319 817.075439
551.297600 807.502100 539.137085 815.297363
552.779900 805.465100 540.746216 813.266724
554.025400 803.122900 542.139038 811.010315
555.053800 800.603800 543.295776 808.496826
555.833800 797.890700 544.197571 805.802002
556.486200 795.031700 545.000305 802.950500
557.103100 792.043700 545.748779 800.005249
557.706900 788.950900 546.499084 796.946167
558.314100 785.757400 547.253540 793.783936
558.963000 782.480200 548.049805 790.563538
559.664300 779.132300 548.890686 787.261108
560.383500 775.702500 549.747498 783.881775
561.143700 772.190100 550.657166 780.476746
561.955700 768.606200 551.593384 776.967957
562.794300 764.921400 552.546021 773.364807
563.665600 761.194600 553.529419 769.707642
564.512000 757.439400 554.515991 766.022278
565.360500 753.691900 555.510620 762.353088
566.202300 749.955700 556.491150 758.679688
567.038700 746.210000 557.479797 755.008362
567.914000 742.455400 558.485413 751.313171
568.809800 738.700200 559.527527 747.623047
569.651600 734.948800 560.508728 743.901489
570.504400 731.165000 561.521118 740.169556
571.381700 727.390900 562.556030 736.434082
572.231200 723.645800 563.551025 732.728638
573.054100 719.904800 564.529297 729.041443
573.889700 716.163100 565.504578 725.361328
574.718600 712.404800 566.496094 721.651062
575.527100 708.639600 567.453735 717.936523
576.261300 704.869800 568.341797 714.171509
576.930700 701.064300 569.157776 710.401611
577.575900 697.234700 569.936890 706.608521
578.192400 693.375300 570.690002 702.789062
578.778500 689.496000 571.425903 698.927612
579.345900 685.591800 572.130432 695.038391
579.857300 681.665400 572.797791 691.162964
580.310600 677.720500 573.431396 687.216064
580.758800 673.746400 574.050110 683.266418
581.155000 669.796200 574.614502 679.346191
581.510700 665.865700 575.127075 675.447754
581.822900 661.969700 575.599182 671.565247
582.077900 658.112900 576.015442 667.745911
582.273900 654.274900 576.367432 663.909729
582.437900 650.427100 576.691833 660.056702
582.599800 646.577200 577.011230 656.195618
582.753900 642.693800 577.300598 652.321655
582.851400 638.813400 577.532227 648.442017
582.898800 634.890000 577.746643 644.554321
582.982400 630.949500 577.983887 640.612915
583.073100 627.003400 578.237366 636.669312
583.192100 623.061600 578.504028 632.686523
583.328900 619.143000 578.800842 628.747498
583.475300 615.223700 579.105225 624.829468
583.625900 611.282200 579.416626 620.908081
583.720700 607.341100 579.740723 616.965576
583.834500 603.396300 580.066162 613.014893
583.934300 599.462000 580.386230 609.073792
584.036500 595.562800 580.705383 605.176575
584.162200 591.689200 581.019470 601.283508
584.227300 587.867900 581.335022 597.430969
584.317600 584.024500 581.659241 593.569214
584.499000 580.192700 582.048950 589.746338
584.808000 576.397200 582.553711 585.956726
585.238500 572.636300 583.157959 582.216492
585.796800 568.901300 583.888611 578.504517
586.480500 565.193700 584.737122 574.804749
587.248500 561.507600 585.665039 571.119873
588.029900 557.836500 586.570435 567.476990
588.838600 554.171600 587.519226 563.875488
589.673700 550.509400 588.455688 560.269531
590.516100 546.866500 589.420776 556.671875
591.343500 543.261900 590.355103 553.140869
592.132200 539.698600 591.268494 549.604858
592.828000 536.162600 592.096069 546.119873
593.460000 532.659000 592.855225 542.659119
594.031700 529.277200 593.551392 539.324219
594.554500 526.081000 594.190918 536.150635
595.075800 523.072600 594.828430 533.228882
595.617300 520.255100 595.462585 530.460754
596.166400 517.626800 596.103638 527.878357
596.704800 515.143200 596.727539 525.418274
597.194900 512.833500 597.308411 523.130676
597.576200 510.694300 597.762329 521.008484
597.786600 508.667900 598.054260 518.961731
597.747500 506.649500 598.147888 516.939209
597.514600 504.697700 597.999939 514.937073
597.070500 502.800000 597.636108 513.033936
596.402400 500.998300 597.012451 511.166626
595.438900 499.228700 596.132080 509.323547
594.162500 497.526700 594.915405 507.549805
592.513700 495.900800 593.405151 505.933655
590.635600 494.532500 591.587585 504.503845
588.500500 493.343000 589.500610 503.246155
586.178900 492.278900 587.199463 502.093475
583.738500 491.279000 584.776733 500.988556
581.166800 490.215600 582.241699 499.825867
578.490800 489.083700 579.584351 498.589966
575.723500 487.861500 576.835815 497.262268
572.904600 486.554700 574.039124 495.840942
570.042200 485.190900 571.192078 494.355469
567.169200 483.760200 568.354004 492.818054
564.280500 482.280300 565.499268 491.233215
561.350400 480.769600 562.630005 489.613403
558.405800 479.261600 559.720825 488.017456
555.376800 477.743300 556.752869 486.348694
552.348800 476.229900 553.789124 484.706116
549.309400 474.657200 550.819031 483.025665
546.268100 473.067100 547.869263 481.322815
543.205700 471.460400 544.878296 479.606567
540.123400 469.844900 541.855103 477.879272
537.055800 468.227900 538.866699 476.162140
534.039300 466.620500 535.885437 474.442413
531.070100 465.041900 532.971741 472.756348
528.189800 463.496400 530.119263 471.093353
525.392500 461.985300 527.356201 469.460052
522.696400 460.482700 524.744324 467.869080
520.138600 459.018200 522.209839 466.287384
517.756100 457.609300 519.879272 464.803833
515.544600 456.272300 517.692139 463.375214
513.468500 454.993400 515.631226 462.010559
511.515000 453.792000 513.676331 460.724030
509.647000 452.752700 511.821625 459.600403
507.816400 451.952700 510.015869 458.711914
506.024700 451.375100 508.195312 458.062378
504.164400 451.057300 506.320404 457.655792
502.213400 450.955500 504.400604 457.546600
500.360000 451.174600 502.498077 457.680359
498.532400 451.717400 500.638367 458.137115
496.762400 452.594900 498.797974 458.939453
495.085200 453.803100 497.063141 460.089600
493.512800 455.370800 495.455536 461.575592
492.140200 457.192000 493.986481 463.399323
490.899800 459.329000 492.611450 465.563385
489.697100 461.689000 491.231171 467.981323
488.436200 464.216900 489.785950 470.555481
487.065300 466.910000 488.265747 473.170990
485.589500 469.753000 486.623932 475.969421
484.009700 472.740300 484.886536 478.918213
482.314200 475.837000 483.052795 481.985962
480.567300 479.018100 481.178650 485.096924
478.766800 482.282500 479.233643 488.346069
476.977200 485.484200 477.253723 491.489716
475.149800 488.770200 475.238617 494.788208
473.326600 492.020400 473.236145 498.009460
471.475600 495.302800 471.187469 501.315430
469.568200 498.617300 469.129120 504.566406
467.651300 501.958900 467.061218 507.874207
465.708000 505.334400 464.960632 511.204254
463.769100 508.731500 462.875305 514.516357
461.845200 512.161900 460.794495 517.888794
459.919600 515.621400 458.718170 521.293579
457.939000 519.112900 456.644653 524.667542
455.953400 522.620500 454.573792 528.069763
453.935100 526.117100 452.447418 531.462708
451.928900 529.614300 450.375183 534.879517
449.964500 533.134600 448.269104 538.305786
448.010500 536.687300 446.181488 541.736450
446.054100 540.236000 444.104309 545.203064
444.056100 543.807900 442.016632 548.662842
442.049300 547.417800 439.918030 552.160950
440.037800 551.028500 437.811401 555.661011
438.025200 554.634600 435.695801 559.145508
435.977800 558.237500 433.554321 562.644104
433.919500 561.855000 431.380798 566.170715
431.843000 565.470100 429.207458 569.717468
429.767800 569.108300 427.007965 573.257507
427.667800 572.747600 424.791779 576.833252
425.537800 576.435200 422.587952 580.361572
423.436400 580.100900 420.390991 583.879089
421.318500 583.767700 418.180725 587.399292
419.219900 587.449100 415.956970 590.976868
417.120400 591.134600 413.728149 594.548584
415.005200 594.832500 411.537537 598.131592
412.888500 598.541400 409.314301 601.692871
410.755500 602.261600 407.069336 605.265991
408.648800 605.999000 404.839600 608.864075
406.499300 609.720300 402.565887 612.470337
404.349900 613.457900 400.285828 616.100220
402.219500 617.158900 398.025085 619.697632
400.144400 620.804100 395.809998 623.234009
398.088300 624.376000 393.612732 626.704468
396.094000 627.872100 391.493256 630.149658
394.096100 631.363900 389.359863 633.538757
392.096200 634.841100 387.224701 636.949036
390.122200 638.266000 385.113708 640.287354
388.138200 641.719200 382.999786 643.639648
386.190000 645.182000 380.899323 646.946045
384.289400 648.626900 378.823486 650.289185
382.388400 652.005600 376.761169 653.556702
380.473700 655.356700 374.692200 656.797546
378.503900 658.701400 372.593079 660.023560
376.494800 662.062000 370.490295 663.257324
374.499000 665.373200 368.377258 666.528564
372.495100 668.759000 366.227905 669.826782
370.503500 672.182700 364.101288 673.155273
368.470500 675.625200 361.924561 676.498779
366.423200 679.124800 359.716003 679.907471
364.370700 682.649600 357.519348 683.327148
362.295100 686.175900 355.309326 686.734131
360.227100 689.735900 353.088135 690.177368
358.182300 693.297500 350.965790 693.530212
356.109700 696.850900 348.683716 697.161621
354.085800 700.357400 346.515869 700.536743
352.038300 703.859700 344.335724 703.905762
350.008800 707.353700 342.172729 707.268494
347.982700 710.855500 340.001221 710.631348
345.942000 714.320900 337.816589 713.975586
343.906200 717.779200 335.620728 717.313293
341.889600 721.226700 333.452454 720.656555
339.882000 724.654800 331.323853 723.942993
337.868700 728.103400 329.188171 727.239014
335.866200 731.571800 327.051117 730.582031
333.967500 735.105200 324.888397 733.960449
332.130600 738.707000 322.701538 737.386475
330.109000 742.325700 320.543762 740.851562
328.052600 745.993300 318.329041 744.387695
325.960300 749.694700 316.064697 747.966431
323.882400 753.400900 313.820435 751.551025
321.810400 757.046400 311.577026 755.066650
319.688500 760.664000 309.324646 758.580261
317.595700 764.288500 307.021667 762.067688
315.554700 767.892700 304.730835 765.512573
313.514600 771.526200 302.422577 768.970520
311.450700 775.119600 300.110687 772.368042
309.357300 778.629400 297.761566 775.736328
307.194900 782.050500 295.379913 779.036072
304.937400 785.448200 292.927032 782.258789
302.592400 788.799400 290.394653 785.450928
300.153800 792.111000 287.780457 788.597717
297.624000 795.374800 285.058685 791.717041
294.927000 798.539300 282.308136 794.718567
292.185800 801.678500 279.406555 797.689819
289.192200 804.695700 276.373596 800.627686
286.151300 807.624000 273.268951 803.448242
283.065000 810.476300 270.121490 806.168823
280.007100 813.213700 266.931091 808.761230
276.942200 815.904300 263.737976 811.219177
273.811500 818.493600 260.469849 813.585266
270.605600 820.960500 257.130157 815.853943
267.321200 823.303700 253.709061 817.997009
264.005200 825.567800 250.270615 820.070679
260.657900 827.735000 246.800095 822.024963
257.273000 829.813900 243.266098 823.914856
253.861800 831.809200 239.732254 825.704895
250.446800 833.761300 236.194733 827.459473
247.052800 835.652800 232.692642 829.163208
243.677200 837.476800 229.213333 830.815430
240.295500 839.294300 225.728561 832.457214
236.906500 841.089700 222.240509 834.077881
233.510200 842.896300 218.741989 835.701477
230.131200 844.723000 215.246094 837.354980
226.769300 846.514500 211.777695 838.962402
223.408300 848.268000 208.340714 840.528809
220.026300 849.991200 204.909302 842.066772
216.652600 851.728000 201.482269 843.602417
213.269900 853.442300 198.032822 845.116516
209.880600 855.139200 194.583694 846.603760
206.468800 856.885000 191.073517 848.148376
203.010300 858.620500 187.526535 849.705505
199.502700 860.363300 183.920639 851.274841
196.002500 862.107300 180.326996 852.841309
192.526600 863.893400 176.751007 854.466064
189.070200 865.686900 173.231369 856.055176
185.622800 867.526100 169.673676 857.724426
182.188500 869.362900 166.097046 859.393921
178.750800 871.210600 162.577271 861.041138
175.314500 873.051400 159.062500 862.681946
171.878500 874.938000 155.533081 864.410950
168.464000 876.882000 152.015564 866.189575
165.093500 878.898700 148.544907 868.044678
161.793700 881.039600 145.134460 870.007080
158.553600 883.315600 141.778625 872.105408
155.369300 885.727000 138.500763 874.334290
152.279000 888.277000 135.310944 876.707397
149.259200 890.897300 132.222870 879.126221
146.298100 893.633000 129.153534 881.679199
143.341500 896.377900 126.087769 884.270996
140.419600 899.149000 123.051331 886.880005
137.428800 901.883400 119.974365 889.474609
134.430600 904.585400 116.833099 892.067993
131.430500 907.268900 113.711578 894.637451
128.400000 909.942700 110.575836 897.183716
125.387100 912.605700 107.424561 899.741455
122.446000 915.311700 104.349701 902.309570
