-0.000000 0.000000 0.000000 0.000000
0.002038 3.941730 -0.012621 3.931567
0.007571 7.908775 -0.028058 7.904487
0.006781 11.904260 -0.048945 11.941279
-0.005852 15.930660 -0.092522 15.942538
0.005006 19.986700 -0.096840 19.996698
-0.007369 24.072100 -0.125573 24.057631
0.001962 28.194720 -0.116157 28.197832
0.006827 32.335310 -0.141296 32.314220
0.012119 36.507890 -0.153970 36.474270
0.019429 40.704370 -0.174924 40.663296
0.026224 44.928210 -0.181094 44.904179
0.033592 49.179630 -0.187440 49.142525
0.025370 53.457160 -0.226385 53.397495
0.013229 57.745500 -0.264539 57.666378
0.002764 62.027950 -0.296642 61.948872
-0.005954 66.289400 -0.327780 66.167839
-0.027023 70.530000 -0.374859 70.363480
-0.046776 74.742450 -0.413764 74.555069
-0.052873 78.934960 -0.430633 78.725861
-0.048388 83.097210 -0.436207 82.831390
-0.075180 87.250150 -0.448600 86.945251
-0.111047 91.375240 -0.464760 91.068726
-0.169705 95.460760 -0.511164 95.138710
-0.234406 99.515130 -0.571434 99.178123
-0.286760 103.545900 -0.596229 103.206314
-0.334309 107.565300 -0.631206 107.194267
-0.394315 111.576600 -0.664487 111.210579
-0.429590 115.560100 -0.695500 115.187653
-0.430614 119.561300 -0.698322 119.200745
-0.456074 123.624200 -0.683839 123.212181
-0.470849 127.692500 -0.672659 127.252602
-0.470125 131.755700 -0.642421 131.307129
-0.466120 135.814600 -0.618552 135.346298
-0.464181 139.862600 -0.571960 139.381088
-0.474702 143.909900 -0.543362 143.417725
-0.484415 147.953800 -0.524379 147.456238
-0.497985 151.991700 -0.501929 151.516876
-0.518837 156.032900 -0.511241 155.555283
-0.490889 160.078600 -0.475215 159.608841
-0.476780 164.129500 -0.487235 163.629333
-0.449484 168.200000 -0.471092 167.696426
-0.411154 172.284100 -0.477108 171.773682
-0.358878 176.408600 -0.481359 175.885773
-0.313655 180.542000 -0.464226 180.031265
-0.318656 184.703900 -0.484913 184.231766
-0.308933 188.900300 -0.495551 188.446548
-0.300756 193.121300 -0.494762 192.733444
-0.295505 197.380900 -0.480319 197.009506
-0.332199 201.657300 -0.499784 201.321106
-0.348136 205.970400 -0.502504 205.643051
-0.342964 210.323200 -0.473326 210.038437
-0.357581 214.714200 -0.492930 214.362671
-0.360488 219.141900 -0.493033 218.764755
-0.375507 223.589400 -0.502902 223.212128
-0.378527 228.060200 -0.514666 227.706039
-0.374570 232.542100 -0.523557 232.212769
-0.378408 237.044600 -0.530955 236.735825
-0.382092 241.571200 -0.548605 241.279160
-0.377078 246.123100 -0.537444 245.833694
-0.365894 250.696400 -0.530239 250.428741
-0.356528 255.288500 -0.540614 255.018799
-0.340799 259.900300 -0.525618 259.649261
-0.325374 264.511300 -0.526005 264.300690
-0.317394 269.137700 -0.491325 268.992126
-0.314040 273.764900 -0.475350 273.619171
-0.306203 278.395200 -0.435584 278.253662
-0.276490 283.049800 -0.370275 282.937378
-0.230158 287.699900 -0.304996 287.625183
-0.192693 292.369200 -0.258105 292.302277
-0.168171 297.072300 -0.224036 297.020874
-0.143657 301.821100 -0.206006 301.762939
-0.111308 306.608600 -0.181630 306.542450
-0.093249 311.433100 -0.159759 311.348907
-0.107981 316.295300 -0.152078 316.225464
-0.103970 321.182300 -0.151179 321.089081
-0.096484 326.068200 -0.150414 325.958435
-0.074427 330.950800 -0.133704 330.846924
-0.054350 335.802400 -0.101380 335.737549
-0.042570 340.628700 -0.102423 340.557556
-0.035147 345.452500 -0.103378 345.351074
-0.041563 350.253200 -0.122002 350.132080
-0.075066 355.037900 -0.149606 354.898163
-0.109101 359.812500 -0.176905 359.693359
-0.141995 364.586700 -0.198687 364.483154
-0.185891 369.386600 -0.235136 369.286255
-0.237813 374.225300 -0.266928 374.074463
-0.270401 378.992900 -0.285333 378.904663
-0.296087 383.840800 -0.348013 383.773926
-0.316454 388.685700 -0.352507 388.617096
-0.323790 393.557900 -0.362904 393.496124
