0.000000 0.000000 0.235860 -1.650156
-0.007832 1.689225 0.228859 0.035196
-0.029694 3.390281 0.215047 1.737001
-0.070081 5.150463 0.183753 3.505307
-0.123858 6.989627 0.134102 5.354902
-0.184475 8.978383 0.087972 7.342375
-0.253794 11.064230 0.028761 9.426117
-0.296212 13.335200 -0.032831 11.695999
-0.345120 15.748820 -0.097516 14.122497
-0.368644 18.288060 -0.159535 16.688581
-0.406558 20.990620 -0.216353 19.433836
-0.450732 23.849210 -0.298959 22.293390
-0.505576 26.794890 -0.377412 25.230631
-0.567916 29.817300 -0.453737 28.291155
-0.634186 32.902500 -0.543698 31.362904
-0.704629 36.067260 -0.633831 34.556217
-0.763742 39.276990 -0.735096 37.796036
-0.840559 42.506460 -0.845887 41.051380
-0.944805 45.707290 -0.959786 44.299454
-1.050114 48.934630 -1.075810 47.580952
-1.142897 52.159540 -1.184023 50.842686
-1.248790 55.372460 -1.287374 54.109818
-1.352181 58.600620 -1.384583 57.391132
-1.444555 61.847430 -1.470592 60.676010
-1.528092 65.085270 -1.573339 63.961784
-1.623511 68.349680 -1.697741 67.255615
-1.697570 71.605970 -1.783432 70.539925
-1.784427 74.842930 -1.884861 73.811813
-1.892754 78.044640 -1.985505 77.053780
-2.009246 81.241000 -2.103419 80.285110
-2.118145 84.381460 -2.210737 83.462547
-2.224921 87.410700 -2.318247 86.535988
-2.344772 90.265560 -2.431553 89.406776
-2.486719 92.915770 -2.584667 92.076019
-2.649588 95.352060 -2.743808 94.528229
-2.827593 97.533080 -2.903489 96.705612
-2.992555 99.437370 -3.063106 98.630196
-3.132396 101.119600 -3.193615 100.333763
-3.196722 102.604300 -3.245820 101.830887
-3.182672 103.907400 -3.223787 103.129150
-3.061832 105.116200 -3.085428 104.343170
-2.813888 106.240500 -2.825386 105.488541
-2.431748 107.285400 -2.480095 106.474678
-1.921488 108.234600 -1.972521 107.428650
-1.282825 109.049600 -1.336982 108.291252
-0.530716 109.791000 -0.576231 109.021179
0.374458 110.404000 0.355586 109.647728
1.408134 110.856700 1.398267 110.108238
2.533142 111.185100 2.570782 110.458611
3.783818 111.364400 3.815637 110.618294
5.173439 111.489500 5.234470 110.735672
6.728517 111.518300 6.785546 110.770493
8.447661 111.482200 8.548421 110.749420
10.365340 111.411600 10.476726 110.675591
12.440570 111.376600 12.564756 110.641014
14.658270 111.336300 14.798379 110.614311
16.980990 111.294300 17.144299 110.579300
19.371510 111.225100 19.559431 110.524216
21.827520 111.168600 22.027414 110.467056
24.338230 111.128000 24.554193 110.423233
26.865460 111.086600 27.107441 110.367363
29.340250 111.018500 29.595396 110.282028
31.824380 110.949500 32.098873 110.211159
34.255590 110.895700 34.545422 110.162971
36.655720 110.832300 36.991032 110.104118
39.023530 110.760300 39.345051 110.005653
41.348270 110.661800 41.689243 109.901894
43.625630 110.563400 43.990833 109.813530
45.778700 110.472200 46.145824 109.707642
47.871130 110.381700 48.243828 109.615585
49.939530 110.289100 50.312668 109.513298
51.971720 110.194600 52.355297 109.425461
53.966400 110.084400 54.352947 109.312500
55.968740 109.922700 56.355572 109.137398
58.012520 109.724900 58.434982 108.954971
60.142410 109.502900 60.552402 108.724854
62.329410 109.265100 62.736031 108.487000
64.563430 109.013700 64.981262 108.240578
66.805840 108.790700 67.252884 107.976166
69.024790 108.566800 69.493416 107.730675
71.274060 108.316000 71.742676 107.462753
73.551630 108.056300 74.023857 107.186790
75.878910 107.783000 76.387802 106.906342
78.249380 107.482800 78.748009 106.583092
80.656160 107.159100 81.156944 106.244720
83.128450 106.823200 83.636795 105.886147
85.650170 106.498800 86.182991 105.566795
88.195570 106.179900 88.731697 105.237350
90.756270 105.878900 91.294220 104.918716
93.347120 105.574100 93.885040 104.606781
95.936460 105.267700 96.471260 104.293068
98.498850 104.969700 99.059486 103.987816
101.043100 104.696300 101.620262 103.715263
103.535900 104.414000 104.125969 103.435516
105.990700 104.117400 106.609177 103.117844
108.401400 103.830100 109.034592 102.840393
110.756600 103.530500 111.415901 102.525101
113.078300 103.210700 113.742889 102.185829
115.356600 102.887000 116.037758 101.850388
117.639100 102.533100 118.325462 101.506561
119.873200 102.178000 120.580688 101.133492
122.079200 101.811900 122.819336 100.766266
124.272600 101.407700 125.037170 100.350525
126.424700 100.975200 127.219238 99.917282
128.537100 100.456100 129.345749 99.386787
130.617700 99.856810 131.450378 98.796112
132.667800 99.216070 133.515564 98.135483
134.687400 98.553530 135.532135 97.454193
136.660100 97.926510 137.518219 96.840553
138.607400 97.314350 139.457443 96.231468
140.503400 96.738880 141.355804 95.666405
142.369000 96.204360 143.217865 95.142235
144.202100 95.695640 145.048187 94.646309
145.980300 95.244100 146.817688 94.194847
147.725300 94.841610 148.572083 93.809494
149.451200 94.497860 150.301895 93.476654
151.160400 94.251030 151.999222 93.249741
152.853900 94.142140 153.692474 93.168762
154.532700 94.132680 155.352997 93.174103
156.196500 94.120650 157.002090 93.140915
157.821400 94.007330 158.626801 93.016968
159.401200 93.838200 160.205002 92.840897
160.938600 93.578160 161.740005 92.575928
162.417600 93.276270 163.239685 92.257843
163.854200 92.938740 164.684891 91.911110
165.277700 92.622550 166.110703 91.568314
166.674900 92.299640 167.520615 91.228981
168.125300 91.946090 168.966446 90.853149
169.638900 91.526300 170.498886 90.423676
171.214100 91.062420 172.076172 89.947639
172.836600 90.569120 173.705154 89.430885
174.480800 90.035230 175.366455 88.892822
176.115700 89.513510 177.013809 88.365822
177.736600 89.009020 178.650330 87.845566
179.315600 88.539550 180.270111 87.356667
180.808000 88.123170 181.769211 86.921684
182.185700 87.753480 183.165680 86.535217
183.432400 87.482040 184.410568 86.247574
184.623100 87.293670 185.571014 86.046677
185.803900 87.231550 186.755875 85.974266
186.952000 87.297830 187.878342 86.040634
188.068600 87.451920 188.969818 86.198433
189.154900 87.728640 190.061829 86.462219
190.233600 88.157250 191.122757 86.891075
191.320100 88.781620 192.207611 87.510994
192.410500 89.600550 193.261810 88.309669
193.454200 90.684490 194.312973 89.402702
194.437900 91.988930 195.277237 90.655586
195.378100 93.548950 196.212021 92.194382
196.271500 95.327110 197.106598 93.965828
197.137400 97.277400 197.997040 95.936890
197.949900 99.411050 198.808823 98.071510
198.716100 101.702700 199.564896 100.386871
199.516800 104.092500 200.383179 102.788559
200.371000 106.590800 201.234482 105.296730
201.252400 109.169500 202.120453 107.889351
202.151000 111.754400 203.012482 110.490814
203.059200 114.350500 203.918533 113.095772
203.983900 117.000400 204.820541 115.716484
204.857600 119.562000 205.721390 118.356544
205.735000 122.179100 206.598099 120.989220
206.598600 124.790300 207.477554 123.629341
207.440900 127.377400 208.318787 126.242867
208.242800 129.908400 209.121735 128.782394
208.997300 132.350000 209.894104 131.252396
209.687300 134.653600 210.578094 133.552872
210.315800 136.812600 211.210693 135.744797
210.853400 138.781000 211.759827 137.731674
211.314900 140.528100 212.231567 139.487701
211.724000 142.072000 212.644867 141.056076
212.087800 143.489600 213.010010 142.480652
212.418900 144.848700 213.337387 143.835342
212.644500 146.170800 213.561371 145.162582
212.735200 147.467000 213.633331 146.451859
212.655400 148.727700 213.563507 147.638458
212.394800 149.931200 213.319473 148.785370
211.967700 151.060900 212.916580 149.869293
211.327800 152.041400 212.308975 150.887772
210.570500 152.900300 211.583832 151.755707
209.690200 153.609600 210.657074 152.380630
208.709700 154.127900 209.707733 152.882141
207.628600 154.446600 208.664047 153.232391
206.514300 154.663600 207.570236 153.456665
205.342600 154.839800 206.444427 153.630203
204.054700 154.916400 205.190125 153.731384
202.653200 155.003000 203.786682 153.849167
201.071000 155.004800 202.213440 153.870377
199.317900 154.934200 200.445251 153.820908
197.401000 154.857200 198.486481 153.758987
195.316900 154.772000 196.374969 153.687546
193.070500 154.750200 194.102661 153.687424
190.668800 154.808600 191.663208 153.770477
188.123400 154.966400 189.088181 153.928040
185.505500 155.209900 186.437805 154.182648
182.877200 155.502600 183.784454 154.464859
180.229400 155.806300 181.099457 154.791809
177.558300 156.111000 178.403748 155.119675
174.880600 156.428400 175.690567 155.465454
172.210900 156.745600 173.008057 155.792023
169.531800 157.057600 170.323288 156.113297
166.857300 157.367500 167.640839 156.426514
164.166400 157.687700 164.953033 156.740997
161.543900 158.015100 162.282867 157.076172
158.917500 158.348300 159.632462 157.411682
156.307000 158.685700 157.004044 157.763702
153.701700 159.029500 154.374954 158.101166
151.074500 159.379400 151.736130 158.444260
148.417600 159.744000 149.034012 158.816284
145.726100 160.131500 146.333511 159.209534
143.006700 160.516800 143.603348 159.592407
140.244900 160.894500 140.790131 159.987167
137.441200 161.249200 137.996857 160.334091
134.595200 161.560200 135.122131 160.646652
131.711200 161.840600 132.231979 160.928726
128.789000 162.129400 129.301514 161.218964
125.847000 162.402500 126.334618 161.505859
122.922800 162.662800 123.382263 161.785141
120.011500 162.917000 120.467781 162.049561
117.096200 163.164900 117.539001 162.315964
114.183400 163.417600 114.603790 162.590347
111.271300 163.676400 111.677361 162.856674
108.360000 163.930000 108.755936 163.127151
105.444700 164.185400 105.826241 163.398209
102.540700 164.434900 102.938904 163.664307
99.644400 164.672400 100.060059 163.915131
96.744730 164.928100 97.116508 164.179306
93.849290 165.223100 94.225693 164.481384
90.952140 165.530200 91.299858 164.802948
88.065380 165.851200 88.407539 165.122742
85.150470 166.191600 85.473259 165.478851
82.242610 166.531500 82.530907 165.815063
79.311830 166.862600 79.563377 166.155579
76.393260 167.201900 76.625465 166.482117
73.438700 167.538900 73.651695 166.829468
70.485150 167.863400 70.668633 167.158264
67.519840 168.167700 67.665390 167.469910
64.540850 168.441900 64.671753 167.738831
61.540400 168.697200 61.663174 168.012985
58.537190 168.941400 58.643719 168.266159
55.533930 169.185000 55.614651 168.521011
52.543330 169.420200 52.622654 168.753510
49.571870 169.640200 49.656384 168.978378
46.635500 169.839600 46.715893 169.174423
43.710130 170.017100 43.785583 169.364807
40.823360 170.176600 40.890625 169.533142
37.953040 170.328300 38.020458 169.684586
35.132860 170.473500 35.206535 169.846878
32.385260 170.602800 32.416904 170.016312
29.704360 170.713400 29.744123 170.124039
27.093420 170.807100 27.123020 170.234009
24.583170 170.877300 24.609707 170.329758
22.209330 170.937800 22.229702 170.412170
19.944280 171.027800 19.961666 170.529343
17.748010 171.142200 17.738871 170.656189
15.606760 171.273100 15.573723 170.794647
13.545460 171.403600 13.505732 170.926697
11.568070 171.540200 11.519627 171.071365
9.709170 171.687300 9.661405 171.212143
7.998637 171.853700 7.931993 171.378418
6.432635 172.024100 6.357750 171.544052
4.995356 172.227700 4.903268 171.732605
3.674361 172.460800 3.559967 171.974243
2.475555 172.738700 2.341202 172.244324
1.394096 173.060700 1.258795 172.568604
0.435287 173.448800 0.293591 172.948517
-0.481995 173.905100 -0.625095 173.380554
-1.324858 174.456900 -1.448146 173.903961
-2.065394 175.091700 -2.225791 174.505386
-2.762100 175.808500 -2.905818 175.223251
-3.408457 176.720100 -3.563861 176.117050
-3.994755 177.763900 -4.134854 177.159744
-4.506015 178.951500 -4.639030 178.345245
-4.930925 180.367000 -5.065594 179.752625
-5.212692 181.952900 -5.339303 181.363602
-5.351521 183.714600 -5.462111 183.154510
-5.392321 185.625500 -5.487986 185.075180
-5.387940 187.682900 -5.466430 187.143372
-5.372151 189.871900 -5.443985 189.356049
-5.386586 192.193400 -5.452832 191.698853
-5.406023 194.585200 -5.464451 194.100021
-5.440439 197.017600 -5.495415 196.572861
-5.475977 199.456500 -5.547732 199.019165
-5.514842 201.934200 -5.593659 201.495163
-5.560062 204.406700 -5.649154 203.992630
-5.616804 206.863600 -5.721859 206.462906
-5.692115 209.294100 -5.800617 208.893738
-5.775682 211.678200 -5.890052 211.284424
-5.860771 213.990100 -5.983576 213.598022
-5.940900 216.159300 -6.064672 215.778122
-6.023283 218.169400 -6.151550 217.798553
-6.114588 220.000600 -6.242199 219.635727
-6.209081 221.641100 -6.344533 221.290924
-6.290085 223.094700 -6.427989 222.749130
-6.323739 224.427000 -6.463644 224.107468
-6.274326 225.732300 -6.412483 225.448425
-6.132258 226.985000 -6.261796 226.695831
-5.842543 228.167200 -5.954807 227.903046
-5.392446 229.278300 -5.530061 228.945358
-4.842747 230.275700 -4.987302 229.973724
-4.162700 231.192700 -4.329541 230.910736
-3.339169 232.032200 -3.486370 231.755585
-2.397566 232.795000 -2.507390 232.541901
-1.278517 233.345000 -1.406885 233.061157
0.002398 233.849400 -0.097819 233.573303
1.451824 234.167300 1.362125 233.883621
3.063341 234.394700 3.010325 234.125961
4.818404 234.521700 4.805007 234.274063
6.718857 234.529500 6.690771 234.264160
8.771869 234.476900 8.745517 234.207230
10.950050 234.353500 10.926201 234.087723
13.283690 234.242600 13.274094 233.986938
15.698180 234.114100 15.672723 233.858047
18.109840 234.011200 18.073841 233.744598
20.538930 233.937000 20.510105 233.675446
23.000350 233.896100 22.958683 233.621872
25.454510 233.895700 25.408054 233.589127
27.927720 233.889300 27.892057 233.556412
30.407900 233.872000 30.379814 233.520569
32.882140 233.853600 32.848705 233.475754
35.338500 233.829000 35.305080 233.430344
37.779520 233.790500 37.759514 233.365997
40.179400 233.727500 40.163483 233.290878
42.552300 233.662400 42.548069 233.209839
44.907840 233.595600 44.918312 233.134171
47.226940 233.520600 47.255608 233.047882
49.522840 233.434600 49.577690 232.949326
51.803140 233.370200 51.884144 232.877853
54.049950 233.306500 54.120419 232.792908
56.280590 233.226500 56.356533 232.698868
58.445580 233.147900 58.536308 232.609100
60.619970 233.086700 60.693218 232.538879
62.750480 233.037500 62.823788 232.475235
64.846290 232.998000 64.948914 232.431870
66.907940 232.934300 67.012749 232.358902
68.927460 232.866900 69.025505 232.284225
70.887740 232.814900 70.992264 232.220520
72.825750 232.758300 72.928055 232.151810
74.737930 232.699000 74.831406 232.090012
76.618370 232.622200 76.719299 232.014557
78.487810 232.513200 78.604660 231.914932
80.415420 232.376500 80.542778 231.780807
82.423060 232.187700 82.573151 231.608261
84.524370 231.969700 84.686111 231.393539
86.709120 231.699600 86.882820 231.108948
89.024130 231.380400 89.201515 230.792358
91.467840 231.021200 91.644493 230.429810
94.024580 230.649200 94.209183 230.054321
96.704300 230.258000 96.918312 229.664703
99.500260 229.890100 99.707649 229.295166
102.390800 229.569300 102.611359 228.989426
105.358500 229.285100 105.567513 228.677490
108.344900 229.013100 108.538895 228.402161
111.363200 228.734900 111.562164 228.117432
114.373200 228.477600 114.570839 227.871490
117.360000 228.229400 117.572723 227.624161
120.339400 228.001300 120.544296 227.376923
123.309400 227.796900 123.537025 227.181244
126.241200 227.623100 126.498421 227.004791
129.151600 227.477500 129.429733 226.846695
132.012600 227.318900 132.263641 226.688599
134.854400 227.154700 135.124146 226.509689
137.658300 226.984100 137.946884 226.337448
140.441600 226.780700 140.762527 226.125534
143.209300 226.535400 143.546295 225.881165
145.977400 226.238300 146.340759 225.570297
148.746000 225.862600 149.150970 225.181183
151.518600 225.402500 151.932312 224.722427
154.265800 224.858900 154.709885 224.174316
157.017900 224.208100 157.475159 223.514359
159.770300 223.494500 160.264267 222.784744
162.519400 222.782200 163.023315 222.074188
165.292700 222.111000 165.809586 221.405777
168.051700 221.507000 168.585571 220.792206
170.813300 220.973200 171.381714 220.249588
173.565300 220.491000 174.136322 219.767746
176.245800 220.043100 176.837189 219.329041
178.818800 219.633700 179.415527 218.900497
181.257200 219.251600 181.871918 218.494858
183.679400 218.884000 184.305847 218.115524
186.086900 218.497600 186.734146 217.687607
188.454700 218.100200 189.133423 217.274109
190.804000 217.716300 191.480423 216.882172
193.140800 217.373500 193.816254 216.539795
195.432100 217.054600 196.105728 216.217331
197.727600 216.759200 198.402954 215.916885
199.972100 216.485600 200.640839 215.634018
202.098700 216.237900 202.772202 215.377960
204.042400 215.996300 204.735336 215.134399
205.749800 215.775100 206.466187 214.916168
207.241200 215.583400 207.976517 214.735016
208.613300 215.379500 209.349640 214.553604
209.946100 215.165400 210.659637 214.358627
211.132200 214.943200 211.861877 214.152069
212.136600 214.744800 212.875153 213.972824
213.062500 214.534600 213.812210 213.781586
213.959300 214.314400 214.717850 213.582413
214.824000 214.088800 215.602432 213.386169
215.687900 213.834700 216.481216 213.144196
216.575000 213.526600 217.397064 212.840179
217.490900 213.157600 218.351807 212.485077
218.457300 212.700900 219.346878 212.029800
219.480700 212.125200 220.384445 211.447784
220.511700 211.370900 221.464279 210.685257
221.550800 210.459100 222.573868 209.736481
222.555600 209.363300 223.554688 208.623825
223.474400 208.082600 224.524918 207.299362
224.312800 206.641100 225.352997 205.826508
225.044800 205.038200 226.111618 204.155106
225.610700 203.260200 226.689316 202.317200
225.969900 201.350200 227.084549 200.365372
226.110100 199.367200 227.213593 198.324753
226.043000 197.305000 227.124039 196.222321
225.807700 195.159800 226.870377 194.048126
225.430000 192.956900 226.501923 191.842239
224.916600 190.707600 225.986343 189.566010
224.270500 188.432400 225.329971 187.272110
223.514900 186.121900 224.577652 184.965820
222.660400 183.771100 223.725174 182.617462
221.783100 181.391000 222.854645 180.217636
220.891900 178.998600 221.949173 177.801468
220.021400 176.587400 221.082611 175.386398
219.223500 174.200300 220.287994 172.983521
218.482200 171.834800 219.539246 170.613235
217.818500 169.568700 218.890182 168.352112
217.216600 167.458800 218.292389 166.235657
216.650700 165.491600 217.722382 164.274475
216.110800 163.682800 217.191803 162.474258
215.577800 162.017400 216.652557 160.766052
214.999400 160.430000 216.070175 159.174835
214.344800 158.975700 215.396332 157.721466
213.573800 157.662600 214.649612 156.432358
212.660500 156.532700 213.730240 155.288589
211.582500 155.560200 212.681381 154.332321
210.426600 154.805400 211.491470 153.557297
209.163000 154.246200 210.235291 153.023193
207.764200 153.857100 208.859177 152.634003
206.280800 153.652300 207.373245 152.438904
204.678000 153.573200 205.778183 152.352173
202.976300 153.576200 204.056717 152.367661
201.140400 153.649700 202.238449 152.457397
199.175800 153.795100 200.259109 152.622452
197.094000 154.001100 198.150375 152.839157
194.884400 154.205500 195.931229 153.058304
192.560300 154.427500 193.566772 153.304352
190.124200 154.677200 191.130875 153.546738
187.577500 154.946500 188.556610 153.823471
184.929000 155.250800 185.864883 154.140045
182.198300 155.594600 183.122742 154.486328
179.402300 155.944800 180.287155 154.858963
176.570000 156.287200 177.416397 155.227905
173.734500 156.623600 174.558853 155.576965
170.901000 156.954000 171.695724 155.933517
168.081500 157.295300 168.867813 156.286713
165.284900 157.640900 166.038971 156.638641
162.507400 157.987500 163.241486 156.998795
159.747400 158.333400 160.463257 157.352768
156.984600 158.680600 157.678940 157.706070
154.216200 159.032100 154.889954 158.062927
151.439500 159.399800 152.085953 158.445740
148.640500 159.792600 149.272507 158.843933
145.813800 160.206400 146.445496 159.258255
142.963600 160.610300 143.581802 159.671677
140.057000 160.997100 140.655045 160.067932
137.092200 161.347900 137.673233 160.428284
134.059200 161.649400 134.632172 160.725113
130.993600 161.935400 131.553696 161.010864
127.858900 162.233700 128.470047 161.299530
124.683800 162.520100 125.209923 161.594101
121.492100 162.798700 121.988113 161.886597
118.297400 163.082000 118.760628 162.184341
115.103400 163.377800 115.556305 162.478882
111.913100 163.672600 112.339966 162.784042
108.723500 163.966800 109.124184 163.082214
105.531500 164.253700 105.921745 163.377792
102.343500 164.537500 102.741714 163.662064
99.161640 164.825900 99.560371 163.963196
95.959550 165.164700 96.337593 164.304626
92.746890 165.547500 93.106148 164.698334
89.526460 165.956000 89.885162 165.101181
86.297890 166.381500 86.631905 165.538101
83.033610 166.817100 83.346115 165.983765
79.736970 167.238800 80.011826 166.413834
76.427180 167.629500 76.680542 166.815765
73.050320 167.986400 73.287750 167.181946
69.640860 168.315400 69.850365 167.528519
66.194370 168.637100 66.365997 167.863327
62.710330 168.931500 62.869160 168.165222
59.214430 169.199600 59.362751 168.431213
55.734640 169.446800 55.866867 168.692505
52.271980 169.681900 52.396317 168.934296
48.833520 169.903400 48.953247 169.162476
45.431860 170.116400 45.520329 169.378784
42.051610 170.315300 42.140041 169.583069
38.742450 170.482700 38.828255 169.758942
35.535340 170.629700 35.601959 169.906082
32.460880 170.758300 32.505150 170.040619
29.526980 170.862700 29.571285 170.162704
26.736320 170.955000 26.770287 170.262878
24.096640 171.032400 24.116129 170.348785
21.599520 171.132300 21.608023 170.448944
19.316590 171.344600 19.208755 170.609253
17.201760 171.658400 16.903662 170.854141
15.089840 171.971500 14.698497 171.166138
12.980420 172.284000 12.603673 171.530563
10.872410 172.596000 10.627330 171.897964
8.838192 172.907600 8.761367 172.225494
7.132350 173.177000 7.036720 172.495850
5.611287 173.387400 5.503545 172.712982
4.309371 173.544500 4.180276 172.876633
3.237420 173.651900 3.115069 172.991806
2.375838 173.729600 2.249864 173.067154
1.679549 173.799100 1.548708 173.149750
1.056923 173.859600 0.909032 173.197372
0.465217 173.909300 0.315896 173.250671
-0.128030 173.962400 -0.285060 173.293564
-0.720230 174.003300 -0.879916 173.340103
-1.330594 174.023800 -1.497512 173.359390
-2.080426 174.055200 -2.228080 173.387405
-2.997577 174.094600 -3.142513 173.426514
-4.098643 174.120700 -4.248068 173.454102
-5.416520 174.168000 -5.580117 173.510468
-6.936037 174.228300 -7.104211 173.568924
-8.609358 174.340400 -8.779967 173.689865
-10.463980 174.413000 -10.638493 173.779968
-12.494230 174.495000 -12.668897 173.866501
-14.662590 174.544200 -14.824838 173.922394
-17.028510 174.612700 -17.199261 173.988770
-19.515490 174.656900 -19.712017 174.045700
-22.153150 174.694500 -22.369772 174.110840
-24.891700 174.736800 -25.127728 174.162003
-27.728470 174.787700 -27.977808 174.233765
-30.668830 174.869400 -30.947495 174.327209
-33.671140 174.970100 -33.970486 174.434204
-36.734690 175.074800 -37.064289 174.550583
-39.843610 175.165700 -40.217911 174.647491
-43.001160 175.252500 -43.376408 174.737137
-46.184910 175.351700 -46.573124 174.829575
-49.374400 175.443100 -49.771057 174.925583
-52.557440 175.526000 -52.980263 174.999954
-55.757590 175.616000 -56.204308 175.095245
-58.925860 175.702900 -59.393459 175.183228
-62.130070 175.804700 -62.609573 175.285767
-65.328080 175.907300 -65.807625 175.383270
-68.537660 176.003100 -69.035461 175.475677
-71.749230 176.080900 -72.262207 175.552246
-74.976500 176.145900 -75.498650 175.624023
-78.208790 176.218000 -78.747040 175.688049
-81.447070 176.257900 -81.991745 175.725174
-84.692180 176.290600 -85.229225 175.766418
-87.936790 176.288700 -88.482033 175.760345
-91.211290 176.258400 -91.762741 175.734955
-94.484440 176.204800 -95.043945 175.689941
-97.757000 176.121600 -98.344261 175.639832
-101.045200 176.004400 -101.655930 175.533386
-104.339000 175.862100 -104.978577 175.418777
-107.640300 175.694600 -108.277184 175.277222
-110.948600 175.520500 -111.559563 175.122650
-114.267700 175.326000 -114.922791 174.952393
-117.598500 175.123100 -118.244720 174.760803
-120.942600 174.923200 -121.601524 174.576492
-124.293900 174.718800 -124.978210 174.385513
-127.663000 174.505900 -128.331299 174.168579
-131.048900 174.295300 -131.739365 173.964584
-134.443100 174.072500 -135.150574 173.759460
-137.847200 173.848200 -138.535248 173.534668
-141.262000 173.635000 -141.964264 173.327759
-144.675300 173.415500 -145.409225 173.116898
-148.093400 173.189000 -148.804810 172.904770
-151.506600 172.967300 -152.224518 172.692047
-154.901800 172.728300 -155.621841 172.470551
-158.292900 172.494700 -159.007462 172.256653
-161.632200 172.250400 -162.361923 172.034042
-164.974900 172.022600 -165.714645 171.828781
-168.236000 171.803200 -168.988602 171.625320
-171.502400 171.597000 -172.253479 171.441376
-174.668300 171.359900 -175.429535 171.219116
-177.746400 171.132500 -178.533356 170.992355
-180.803200 170.903300 -181.596909 170.773041
-183.778700 170.687800 -184.594345 170.573120
-186.701500 170.475800 -187.541519 170.381180
-189.566000 170.268000 -190.402252 170.180359
-192.391300 170.070600 -193.223282 169.994659
-195.149900 169.858100 -195.985718 169.790634
-197.876000 169.626400 -198.723724 169.570786
-200.552400 169.372500 -201.402115 169.316162
-203.199000 169.063700 -204.044128 169.008530
-205.787000 168.703000 -206.654282 168.651154
-208.326100 168.290400 -209.211380 168.240585
-210.824000 167.881700 -211.763382 167.843658
-213.258300 167.488200 -214.204529 167.475143
-215.584000 167.155500 -216.552811 167.163452
-217.825600 166.951000 -218.824539 166.968384
-219.976700 166.840100 -220.986649 166.870804
-222.030600 166.826400 -223.068863 166.861877
-223.989000 166.912900 -225.047729 166.948761
-225.824600 167.087900 -226.919250 167.132187
-227.550100 167.325800 -228.652161 167.369431
-229.178200 167.608800 -230.266144 167.646774
-230.692700 167.920100 -231.794403 167.951370
-232.121600 168.192100 -233.216232 168.215958
-233.453600 168.409000 -234.536545 168.426605
-234.669500 168.528300 -235.767960 168.570404
-235.786800 168.548000 -236.847488 168.577911
-236.809500 168.431800 -237.866928 168.460815
-237.749100 168.202200 -238.796097 168.231415
-238.622500 167.871000 -239.514114 167.896957
-239.423500 167.439100 -240.197571 167.483612
-240.167900 166.948100 -240.938065 167.020630
-240.836500 166.406300 -241.654541 166.495651
-241.484000 165.802100 -242.356415 165.936569
-242.133500 165.204600 -242.979797 165.372467
-242.760700 164.564800 -243.590988 164.725067
-243.373200 163.846400 -244.226807 164.015762
-243.956600 163.041100 -244.853607 163.231522
-244.490700 162.132200 -245.354172 162.368240
-244.987900 161.116800 -245.876907 161.347198
-245.418700 159.925400 -246.309799 160.176712
-245.815100 158.551700 -246.722229 158.809814
-246.200000 156.991700 -247.116165 157.253967
-246.613900 155.230000 -247.538803 155.494568
-246.967700 153.214300 -247.897781 153.479019
-247.267000 150.943600 -248.194931 151.218018
-247.521500 148.451900 -248.470352 148.689255
-247.763400 145.749400 -248.724503 145.987717
-248.018000 142.841100 -248.987900 143.079010
-248.277200 139.720500 -249.262634 139.931564
-248.523100 136.389500 -249.521729 136.593475
-248.773200 132.870500 -249.773514 133.057831
-249.015800 129.335700 -250.026749 129.518723
-249.218400 125.814900 -250.247574 125.982025
-249.397800 122.286300 -250.427979 122.462349
-249.565200 118.755000 -250.603134 118.924973
-249.697400 115.238200 -250.756882 115.397758
-249.820200 111.741900 -250.901581 111.890770
-249.943300 108.268400 -251.025696 108.408401
-250.044800 104.815000 -251.147781 104.963158
-250.125300 101.386800 -251.243225 101.535149
-250.189300 97.986010 -251.318085 98.147865
-250.244000 94.598780 -251.371674 94.739471
-250.305600 91.259170 -251.446289 91.385139
-250.400100 87.936680 -251.565811 88.035027
-250.549700 84.645240 -251.718689 84.715988
-250.690200 81.356670 -251.863998 81.409424
-250.847000 78.103800 -252.044586 78.153114
-251.020300 74.824490 -252.229706 74.866821
-251.181200 71.549630 -252.399185 71.572144
-251.353200 68.299410 -252.589005 68.311722
-251.504400 65.068130 -252.738632 65.095589
-251.635100 61.852520 -252.885498 61.858578
-251.747700 58.661860 -253.007858 58.647091
-251.845300 55.489840 -253.108337 55.481098
-251.935900 52.343660 -253.211624 52.346184
-252.030900 49.220080 -253.323883 49.215900
-252.144000 46.116710 -253.449738 46.124416
-252.285100 43.039160 -253.608994 43.055977
-252.447800 39.988030 -253.772644 40.008610
-252.625400 36.956390 -253.958801 37.008575
-252.810700 33.954820 -254.155746 34.012486
-252.984400 30.978070 -254.336853 31.055500
-253.097600 28.028950 -254.444092 28.106476
-253.116300 25.101150 -254.471359 25.175606
-253.041100 22.203360 -254.409027 22.283134
-252.848100 19.324220 -254.229904 19.385742
-252.488000 16.480910 -253.889374 16.569126
-251.943700 13.650460 -253.371750 13.710068
-251.206200 10.846250 -252.651459 10.874985
-250.269300 8.064427 -251.748352 8.112221
-249.119400 5.314832 -250.619186 5.358245
-247.746000 2.616861 -249.280121 2.685560
-246.166100 -0.017969 -247.735413 0.066607
-244.406300 -2.619939 -246.001556 -2.527120
-242.507000 -5.201607 -244.116821 -5.123376
-240.543700 -7.805212 -242.145294 -7.753210
-238.527600 -10.441420 -240.130997 -10.417110
-236.482900 -13.102670 -238.089401 -13.100645
-234.463000 -15.778320 -236.050461 -15.814257
-232.508700 -18.481870 -234.088531 -18.556431
-230.631700 -21.211600 -232.200317 -21.321245
-228.850200 -23.973140 -230.410278 -24.117243
-227.120500 -26.731510 -228.673065 -26.898205
-225.420200 -29.466820 -226.969086 -29.651995
-223.756600 -32.175260 -225.300674 -32.393818
-222.113500 -34.852880 -223.655579 -35.075470
-220.503000 -37.487790 -222.033936 -37.738911
-218.945600 -40.020000 -220.475159 -40.286873
-217.473700 -42.350380 -218.997513 -42.619202
-216.081800 -44.449900 -217.606064 -44.731434
-214.778200 -46.310220 -216.301224 -46.600502
-213.569900 -47.963370 -215.115067 -48.237255
-212.469800 -49.406600 -214.010330 -49.704391
-211.402700 -50.703570 -212.957306 -51.016281
-210.350300 -51.866650 -211.905151 -52.188625
-209.329000 -52.882180 -210.923599 -53.191811
-208.342100 -53.712810 -209.947296 -54.039463
-207.433900 -54.314810 -209.066223 -54.634914
-206.639200 -54.750770 -208.276321 -55.094978
-205.846700 -55.112410 -207.482330 -55.467556
-205.046500 -55.376850 -206.730591 -55.722858
-204.238300 -55.572130 -205.902191 -55.931580
-203.340400 -55.720010 -205.032532 -56.080204
-202.343700 -55.812630 -204.065125 -56.186405
-201.230000 -55.831900 -202.968124 -56.199436
-199.966900 -55.727910 -201.712234 -56.111897
-198.511800 -55.515700 -200.272430 -55.928604
-196.896300 -55.177990 -198.629227 -55.604389
-195.101200 -54.675310 -196.817581 -55.119148
-193.144500 -53.980020 -194.871063 -54.436974
-191.089500 -53.059560 -192.834717 -53.532814
-188.959500 -51.870660 -190.706909 -52.374168
-186.748300 -50.457590 -188.480637 -50.995213
-184.446800 -48.882240 -186.144150 -49.429626
-181.997000 -47.211720 -183.700073 -47.805408
-179.497700 -45.532110 -181.135025 -46.112125
-176.845100 -43.764640 -178.440948 -44.348484
-174.079200 -41.951340 -175.646637 -42.539650
-171.182700 -40.094050 -172.706940 -40.685043
-168.181500 -38.252180 -169.657227 -38.841484
-165.080700 -36.437440 -166.496201 -37.028564
-161.936900 -34.664440 -163.303375 -35.253098
-158.730900 -32.961050 -160.062607 -33.563572
-155.498500 -31.326070 -156.786743 -31.929056
-152.284900 -29.754520 -153.513153 -30.356789
-149.069300 -28.182760 -150.277878 -28.809483
-145.857700 -26.612150 -147.031616 -27.246515
-142.641000 -25.057000 -143.796356 -25.712381
-139.402500 -23.486330 -140.494675 -24.157776
-136.173000 -21.934650 -137.250534 -22.616774
-132.945300 -20.377060 -133.982788 -21.084976
-129.754900 -18.849320 -130.735138 -19.549177
-126.594800 -17.311780 -127.558357 -18.032127
-123.481600 -15.777190 -124.424423 -16.502893
-120.382000 -14.275260 -121.285187 -15.011284
-117.290900 -12.878730 -118.158600 -13.622395
-114.140500 -11.587510 -114.962761 -12.349861
-110.985900 -10.399830 -111.767975 -11.146913
-107.823700 -9.243398 -108.551666 -10.004897
-104.639900 -8.124757 -105.315399 -8.872972
-101.445300 -7.020636 -102.097832 -7.778467
-98.266820 -5.927679 -98.882462 -6.703355
-95.057020 -4.924307 -95.632149 -5.712403
-91.816180 -3.988153 -92.361031 -4.804123
-88.560330 -3.139167 -89.052765 -3.956182
-85.275670 -2.357662 -85.738373 -3.212008
-81.984180 -1.642797 -82.367744 -2.473512
-78.695610 -0.956720 -79.041023 -1.821303
-75.422800 -0.300680 -75.739204 -1.183529
-72.166360 0.319994 -72.451004 -0.578567
-68.928530 0.923302 -69.211678 0.001012
-65.700550 1.500442 -65.949593 0.556042
-62.489590 2.047975 -62.704506 1.086083
-59.295260 2.577472 -59.487560 1.594871
-56.128970 3.091711 -56.296909 2.098907
-52.988540 3.575444 -53.136692 2.572226
-49.868360 4.040344 -50.002930 3.021895
-46.776300 4.464286 -46.891602 3.435238
-43.712180 4.856902 -43.829739 3.823472
-40.666360 5.223322 -40.764549 4.181587
-37.689290 5.564962 -37.773449 4.518372
-34.786240 5.888495 -34.834034 4.845217
-31.996720 6.190015 -32.017025 5.121971
-29.296910 6.465571 -29.302513 5.387247
-26.720990 6.720779 -26.698042 5.627845
-24.320240 6.954131 -24.255388 5.853453
-22.089310 7.159574 -21.995564 6.052125
-20.016680 7.362635 -19.886389 6.249808
-18.106820 7.551445 -17.964294 6.434452
-16.337750 7.702083 -16.173567 6.583867
-14.726050 7.819683 -14.525642 6.702301
-13.313500 7.930153 -13.090790 6.807206
-12.128270 8.022018 -11.903532 6.897652
-11.139240 8.100664 -10.889107 6.964590
-10.287410 8.195045 -10.025399 7.067130
-9.518219 8.309922 -9.241226 7.191448
-8.789252 8.478175 -8.529027 7.360557
-8.149181 8.669320 -7.882885 7.551196
-7.829442 8.769976 -7.555771 7.636275
-7.799252 8.787461 -7.528668 7.644007
-7.813018 8.786625 -7.547999 7.643847
-7.809395 8.788143 -7.548205 7.651898
-7.809451 8.779000 -7.546756 7.648981
-7.809131 8.771007 -7.551666 7.645937
-7.804822 8.762953 -7.546312 7.645935
-7.800766 8.755551 -7.545897 7.642940
-7.795082 8.750163 -7.547913 7.646533
-7.789514 8.745234 -7.551500 7.646292
-7.784930 8.740517 -7.553004 7.647153
-7.780166 8.734843 -7.553295 7.646625
-7.775784 8.730871 -7.550562 7.645044
-7.771600 8.726560 -7.551254 7.645996
-7.768634 8.723581 -7.551104 7.645949
-7.766879 8.721761 -7.552092 7.645732
-7.765762 8.717584 -7.552996 7.646378
-7.763983 8.714586 -7.552570 7.647298
-7.763294 8.713489 -7.552158 7.646343
-7.762963 8.712553 -7.552585 7.646948
-7.763086 8.713488 -7.550821 7.646179
-7.762455 8.714167 -7.553445 7.646132
-7.753295 8.722145 -7.549520 7.649525
-7.717107 8.742340 -7.505641 7.667400
-7.658875 8.770779 -7.440453 7.681371
-7.513039 8.836058 -7.279103 7.732742
-7.175297 8.982757 -6.948679 7.878203
-6.640897 9.236569 -6.422551 8.108467
-5.930743 9.644152 -5.762370 8.470409
-5.120740 10.257790 -4.946725 9.058039
-4.260731 11.080700 -4.095870 9.837077
-3.414512 12.135620 -3.277439 10.841817
-2.599066 13.467900 -2.474896 12.150071
-1.884998 15.083310 -1.725658 13.738701
-1.260100 16.974890 -1.088795 15.620255
-0.766019 19.117060 -0.596157 17.759291
-0.469374 21.489410 -0.289496 20.117199
-0.353107 24.066230 -0.168998 22.666697
-0.356192 26.850340 -0.160628 25.469727
-0.405744 29.836580 -0.210450 28.490221
-0.459357 33.017600 -0.256090 31.687239
-0.512628 36.392400 -0.311934 35.083328
-0.584304 39.835620 -0.390849 38.558205
-0.669138 43.283040 -0.468538 42.065273
-0.775721 46.706780 -0.566081 45.551048
-0.884520 50.132480 -0.701504 49.022587
-0.993630 53.521590 -0.813790 52.436985
-1.089707 56.883700 -0.919133 55.827129
-1.185006 60.248880 -1.033873 59.246399
-1.270319 63.565850 -1.138493 62.599548
-1.374798 66.868940 -1.275801 65.931343
-1.472152 70.155470 -1.383000 69.247116
-1.562229 73.416080 -1.489178 72.520088
-1.660434 76.636610 -1.599971 75.765038
-1.775229 79.852040 -1.717989 78.988235
-1.895797 83.032260 -1.845794 82.191910
-2.017852 86.185380 -1.964036 85.370903
-2.146481 89.329260 -2.094997 88.542313
-2.263400 92.442530 -2.218194 91.650482
-2.372203 95.538220 -2.330964 94.775154
-2.465941 98.605540 -2.413037 97.853043
-2.540211 101.651500 -2.495795 100.909081
-2.582148 104.696700 -2.541582 103.962585
-2.595436 107.674300 -2.556466 106.945244
-2.621977 110.691900 -2.598388 109.928757
-2.648827 113.786700 -2.633134 113.011787
-2.681214 116.967200 -2.672573 116.180077
-2.721440 120.204500 -2.714347 119.412338
-2.774777 123.506700 -2.776226 122.740707
-2.842109 126.902400 -2.849488 126.157822
-2.924595 130.351000 -2.937503 129.656952
-3.024507 133.819600 -3.044158 133.103027
-3.138966 137.262500 -3.174336 136.520020
-3.265946 140.693500 -3.293112 139.929855
-3.389718 144.095500 -3.429837 143.302170
-3.526115 147.467500 -3.564366 146.695709
-3.671472 150.775300 -3.707687 150.010406
-3.794318 154.003900 -3.831372 153.248154
-3.904131 157.172200 -3.944940 156.427277
-3.996788 160.276500 -4.046842 159.561798
-4.071651 163.334000 -4.137297 162.645386
-4.122556 166.368900 -4.205990 165.711960
-4.194278 169.380900 -4.300995 168.752396
-4.264263 172.440400 -4.381890 171.821762
-4.319751 175.547300 -4.459248 174.917679
-4.393173 178.705600 -4.545624 178.093185
-4.501446 181.892900 -4.658713 181.318253
-4.607667 185.156000 -4.766688 184.582962
-4.701222 188.477800 -4.893208 187.971619
-4.806531 191.849500 -5.001788 191.389038
-4.887285 195.207400 -5.085209 194.791275
-4.976513 198.565600 -5.179841 198.167480
-5.057617 201.890800 -5.270913 201.505844
-5.132018 205.179500 -5.364997 204.819626
-5.210165 208.394000 -5.441041 208.037643
-5.281372 211.451500 -5.502460 211.091537
-5.354878 214.365600 -5.568677 214.011856
-5.416052 217.205700 -5.612083 216.841248
-5.469074 220.014000 -5.659603 219.659531
-5.505322 222.798100 -5.679370 222.467926
-5.545023 225.571400 -5.704844 225.252518
-5.563610 228.337300 -5.684062 228.059647
-5.598680 231.130300 -5.718977 230.831772
-5.715519 233.992700 -5.831557 233.680679
-5.886862 236.912900 -5.995219 236.626434
-6.076718 239.911700 -6.187181 239.645859
-6.214931 243.011500 -6.323019 242.749039
-6.364206 246.210000 -6.464777 245.969864
-6.521044 249.542600 -6.597170 249.314774
-6.657659 252.972000 -6.734923 252.756790
-6.794881 256.491900 -6.873870 256.271454
-6.924264 260.026600 -7.007366 259.813995
-7.052122 263.522600 -7.137932 263.322937
-7.164917 266.998200 -7.255568 266.755890
-7.284815 270.457200 -7.376300 270.197174
-7.417194 273.852800 -7.508117 273.558716
-7.523524 277.174400 -7.617430 276.871704
-7.651625 280.358300 -7.736396 280.069946
-7.782923 283.414900 -7.866272 283.154144
-7.918403 286.315200 -8.013803 286.074738
-8.055697 289.119300 -8.148352 288.927032
-8.185460 291.911300 -8.281284 291.747131
-8.314789 294.668400 -8.399531 294.552612
-8.425515 297.433700 -8.517139 297.345947
-8.486769 300.239900 -8.586886 300.159882
-8.528132 303.087600 -8.631839 303.020966
-8.538802 306.012500 -8.650316 305.951294
-8.512542 309.030900 -8.632573 308.980316
-8.446156 312.111900 -8.576011 312.056000
-8.351900 315.297900 -8.498136 315.222626
-8.211642 318.520500 -8.369187 318.479401
-8.031870 321.816300 -8.189967 321.774323
-7.798255 325.179400 -7.957992 325.135712
-7.513710 328.583000 -7.686251 328.532379
-7.227060 332.070400 -7.417022 332.031708
-6.930360 335.644600 -7.128953 335.606720
-6.634241 339.252200 -6.855487 339.209991
-6.353320 342.849100 -6.580538 342.785980
-6.099343 346.409700 -6.338362 346.333496
-5.858059 349.945000 -6.096389 349.868225
-5.647279 353.444000 -5.889099 353.355927
-5.439992 356.885000 -5.684399 356.784943
-5.251048 360.315600 -5.509171 360.222931
-5.098453 363.671600 -5.360989 363.591980
-4.951017 366.989800 -5.202319 366.911285
-4.804541 370.256900 -5.041934 370.189636
