0.000000 -0.000000 0.000000 0.000000
0.020455 2.389887 -0.021500 2.274283
0.038167 4.630767 -0.030913 4.408860
0.062475 6.584575 -0.037950 6.374002
0.078062 8.294502 -0.020105 8.118401
0.036300 9.647129 -0.002516 9.614843
0.037691 10.755690 0.012900 10.849156
0.070396 11.572020 0.049822 11.792180
0.096690 12.008000 0.079391 12.486779
0.124405 12.280970 0.099482 13.008652
0.106056 12.366960 0.121381 13.452376
0.125276 12.480720 0.141738 13.845458
0.156946 12.590120 0.164845 14.225686
0.151509 12.702880 0.171725 14.601854
0.146149 12.836600 0.164301 14.969180
0.118103 12.986600 0.142789 15.384529
0.046011 13.251830 0.054254 15.890944
-0.102743 13.662450 -0.095134 16.526779
-0.377391 14.237180 -0.361184 17.282631
-0.803739 14.918100 -0.771866 18.097845
-1.393517 15.599510 -1.331620 18.926552
-2.183640 16.257910 -2.076527 19.737707
-3.168635 16.891620 -3.067859 20.536541
-4.410526 17.491970 -4.287542 21.242779
-5.887262 17.957870 -5.739081 21.800371
-7.603442 18.241840 -7.411532 22.133556
-9.593783 18.333530 -9.249428 22.248955
-11.737930 18.262400 -11.265797 22.201075
-14.123570 18.137210 -13.491141 22.093323
-16.660080 18.043560 -15.908028 22.029650
-19.380350 17.941480 -18.513229 21.973057
-22.232040 17.791200 -21.287889 21.864515
-25.294530 17.612590 -24.260250 21.733219
-28.420350 17.436630 -27.309410 21.605158
-31.735350 17.259230 -30.378468 21.438581
-35.061830 17.012340 -33.519478 21.205416
-38.405680 16.701380 -36.736118 20.899931
-41.726310 16.376210 -39.962391 20.582537
-45.021050 16.012440 -43.210907 20.246283
-48.346970 15.612790 -46.514835 19.917574
-51.676860 15.192430 -49.849056 19.611364
-55.031060 14.742560 -53.231728 19.309032
-58.401830 14.329930 -56.681961 19.099350
-61.829840 14.034770 -60.140305 18.947130
-65.245090 13.824430 -63.617554 18.867384
-68.803470 13.628730 -67.108566 18.782127
-72.396330 13.444870 -70.626610 18.726908
-76.040760 13.365020 -74.186562 18.699211
-79.629870 13.286290 -77.734459 18.670502
-83.178040 13.172320 -81.285271 18.609638
-86.806450 13.116270 -84.823692 18.585835
-90.407370 13.030230 -88.321854 18.555214
-93.932750 12.938240 -91.826637 18.523386
-97.425940 12.830290 -95.315964 18.501572
-100.921800 12.721040 -98.781090 18.462267
-104.418700 12.646790 -102.255531 18.451254
-107.950700 12.574710 -105.745636 18.419859
-111.506500 12.491980 -109.276573 18.380945
-115.125400 12.427530 -112.865601 18.358746
-118.791400 12.356860 -116.542839 18.332514
-122.506900 12.277580 -120.267708 18.274153
-126.283000 12.162340 -124.060310 18.179991
-130.058300 12.056810 -127.843498 18.109978
-133.838200 11.940140 -131.649551 18.053139
-137.647000 11.763370 -135.450027 17.990011
-141.424200 11.624670 -139.199097 17.933100
-145.185900 11.523690 -142.985275 17.880093
-148.919300 11.449460 -146.741379 17.852182
-152.638200 11.381770 -150.474213 17.822363
-156.350400 11.310530 -154.178741 17.789137
-160.047400 11.214060 -157.863892 17.755861
-163.709400 11.107560 -161.572464 17.687077
-167.360400 10.983380 -165.204376 17.678223
-170.967600 10.933720 -168.885559 17.668177
-174.571400 10.876820 -172.533386 17.657021
-178.137200 10.833080 -176.152512 17.660990
-181.490500 10.796130 -179.531601 17.666130
-184.602400 10.773720 -182.698212 17.680336
-187.458300 10.758840 -185.572113 17.710470
-190.232700 10.733900 -188.359192 17.708506
-192.986900 10.663320 -191.139374 17.671864
-195.706100 10.585910 -193.884949 17.631052
-198.416300 10.495740 -196.594543 17.564302
-201.152700 10.412030 -199.363510 17.521681
-203.946700 10.341460 -202.163574 17.495457
-206.802300 10.298350 -205.025146 17.454454
-209.757100 10.317680 -207.900894 17.430960
-212.804800 10.361070 -210.907928 17.429337
-215.930200 10.396430 -214.001343 17.432146
-219.012900 10.360590 -217.103989 17.492348
-222.155100 10.298380 -220.289658 17.537827
-225.365500 10.246810 -223.545624 17.608250
-228.707300 10.215510 -226.866455 17.666151
-232.112300 10.220950 -230.274567 17.724939
-235.564300 10.214940 -233.713593 17.767820
-239.104300 10.217730 -237.283432 17.823540
-242.702700 10.183390 -240.886459 17.832867
-246.347300 10.130220 -244.556671 17.825842
-250.052800 10.036800 -248.293594 17.777409
-253.773800 9.880518 -252.078110 17.694893
-257.535100 9.718989 -255.854126 17.616976
-261.300500 9.591512 -259.645020 17.540659
-265.059000 9.459547 -263.420685 17.456949
-268.826900 9.337703 -267.175751 17.395559
-272.549600 9.176257 -270.872986 17.312702
-276.263700 8.976101 -274.572723 17.228241
-279.947200 8.832825 -278.249969 17.169287
-283.650400 8.715404 -281.946411 17.107555
-287.322900 8.610515 -285.627411 17.054193
-290.988400 8.505150 -289.299072 17.000067
-294.654700 8.394904 -292.968689 16.949310
-298.320400 8.294475 -296.636444 16.889311
-302.013000 8.169718 -300.319183 16.816910
-305.746200 8.074212 -304.036316 16.781027
-309.494500 7.982975 -307.722443 16.724974
-313.220200 7.863686 -311.479950 16.652523
-316.989500 7.782544 -315.174469 16.582460
-320.754000 7.679468 -318.921631 16.534807
-324.529500 7.563218 -322.692657 16.479862
-328.344000 7.456111 -326.456024 16.436302
-332.109700 7.347334 -330.214691 16.395645
-335.860100 7.242255 -333.930664 16.364864
-339.608800 7.147781 -337.691528 16.324732
-343.309300 7.053936 -341.387909 16.314648
-346.907500 6.957315 -344.976013 16.277788
-350.384600 6.860419 -348.463470 16.258507
-353.708400 6.768393 -351.799194 16.229996
-356.877800 6.663296 -354.983612 16.203781
-360.001200 6.552425 -358.120087 16.145132
-363.041000 6.435692 -361.185425 16.086494
-365.855800 6.345080 -364.070251 16.049965
-368.437600 6.307072 -366.712433 16.067053
-370.781400 6.383962 -369.127716 16.176943
-372.865900 6.648568 -371.262054 16.482121
-374.725000 7.109350 -373.165894 16.988020
-376.363200 7.741893 -374.847168 17.691317
-377.862400 8.633829 -376.384247 18.601351
-379.196300 9.712570 -377.743835 19.747671
-380.348700 10.965970 -378.913300 21.081442
-381.385700 12.448140 -379.949402 22.615631
-382.260100 14.122720 -380.834106 24.354193
-383.010800 15.994530 -381.568604 26.298748
-383.610300 18.057930 -382.142914 28.424580
-384.100300 20.314520 -382.590912 30.716288
-384.497100 22.748260 -382.944000 33.204746
-384.776600 25.364410 -383.178406 35.839504
-384.988900 28.128190 -383.337219 38.639957
-385.212700 31.086220 -383.462952 41.568039
-385.449300 34.192050 -383.559723 44.586430
-385.780600 37.315730 -383.653168 47.635639
-386.061000 40.426600 -383.718658 50.675461
-386.229000 43.492690 -383.763123 53.726971
-386.309000 46.518630 -383.802368 56.731274
-386.383200 49.505740 -383.816376 59.708664
-386.435500 52.415800 -383.808533 62.605198
-386.493200 55.225360 -383.806610 65.414612
-386.554400 57.943820 -383.786560 68.117310
-386.610300 60.578530 -383.720367 70.725533
-386.585600 63.079020 -383.615967 73.229973
-386.370900 65.433820 -383.379181 75.600922
-385.914800 67.648300 -382.972717 77.826324
-385.249200 69.694860 -382.420715 79.911446
-384.335100 71.573620 -381.673981 81.828560
-383.335600 73.255020 -380.768524 83.585564
-382.295300 74.818880 -379.724091 85.105667
-381.091700 76.191700 -378.438293 86.420242
-379.774700 77.364460 -376.967194 87.542976
-378.271000 78.251970 -375.356781 88.423042
-376.573900 78.987050 -373.604553 89.141136
-374.728100 79.537850 -371.712708 89.667183
-372.739900 79.941840 -369.694885 90.032448
-370.607000 80.199980 -367.559814 90.270485
-368.370300 80.415580 -365.301025 90.417107
-366.032000 80.571350 -362.932220 90.527313
-363.598400 80.673300 -360.482910 90.561401
-361.071700 80.716320 -357.926971 90.535988
-358.469900 80.705850 -355.300903 90.458717
-355.832800 80.638300 -352.635101 90.327042
-353.161000 80.553900 -349.941040 90.186211
-350.450100 80.465550 -347.219971 90.054413
-347.763100 80.398460 -344.515472 89.928528
-345.086900 80.370740 -341.803986 89.841576
-342.417400 80.402970 -339.116028 89.821823
-339.774100 80.483360 -336.482269 89.861176
-337.139800 80.575110 -333.853027 89.887901
-334.528900 80.693480 -331.211823 89.932938
-331.932700 80.824510 -328.579468 89.970360
-329.325200 80.918500 -325.932007 89.982056
-326.739100 80.990700 -323.310913 89.963097
-324.144100 81.038770 -320.689941 89.929535
-321.562300 81.091140 -318.059082 89.896263
-319.011600 81.190070 -315.492584 89.898483
-316.450900 81.308090 -312.894623 89.929070
-313.909200 81.444650 -310.296021 89.978325
-311.391900 81.580060 -307.737976 90.020020
-308.876400 81.706970 -305.202850 90.057251
-306.378900 81.849250 -302.671906 90.110886
-303.888700 81.994400 -300.154480 90.156250
-301.376300 82.158190 -297.620422 90.254227
-298.832900 82.325730 -295.043610 90.352585
-296.237900 82.504140 -292.446045 90.467758
-293.590400 82.683410 -289.774902 90.597298
-290.876600 82.853340 -287.066467 90.703491
-288.120000 82.987710 -284.300598 90.763733
-285.314700 83.062010 -281.473480 90.768860
-282.460400 83.089330 -278.593628 90.731133
-279.611400 83.105040 -275.753235 90.684654
-276.801100 83.107970 -272.949158 90.609215
-274.051500 83.099890 -270.192444 90.522484
-271.353100 83.054870 -267.487579 90.402397
-268.676800 82.970950 -264.816650 90.253662
-266.029200 82.903900 -262.154572 90.113617
-263.418800 82.873250 -259.549866 90.004700
-260.804200 82.903330 -256.935852 89.965187
-258.168800 82.990410 -254.314224 89.977715
-255.510500 83.145560 -251.702377 90.074219
-252.844700 83.373830 -249.037811 90.228287
-250.152200 83.637690 -246.348434 90.412636
-247.440300 83.910960 -243.621582 90.622566
-244.714300 84.178610 -240.899429 90.808983
-242.002000 84.383000 -238.218018 90.919510
-239.314700 84.514710 -235.513779 90.979294
-236.657500 84.567850 -232.854568 90.959160
-234.029000 84.526210 -230.220871 90.850540
-231.443300 84.405890 -227.618530 90.653404
-228.920700 84.255810 -225.094513 90.439049
-226.536800 84.105460 -222.692810 90.223610
-224.322600 83.973260 -220.503311 90.044662
-222.317800 83.852920 -218.515884 89.881454
-220.525500 83.748690 -216.759918 89.748482
-218.913500 83.654780 -215.167526 89.625397
-217.491400 83.614870 -213.777191 89.572311
-216.200400 83.663530 -212.512909 89.625084
-214.975300 83.890580 -211.325989 89.827385
-213.812900 84.303130 -210.183029 90.175789
-212.768400 84.851980 -209.232239 90.613708
-211.819400 85.505150 -208.255844 91.194618
-210.944500 86.249430 -207.358917 91.903046
-210.114900 87.190980 -206.476837 92.804535
-209.375900 88.379450 -205.706680 93.938995
-208.685500 89.786110 -204.997772 95.307121
-208.120100 91.447000 -204.363602 96.943993
-207.636800 93.318040 -203.851944 98.770851
-207.343700 95.377570 -203.525131 100.803841
-207.198500 97.677330 -203.350311 103.064468
-207.176800 100.117600 -203.294739 105.516083
-207.235900 102.732400 -203.339691 108.162605
-207.357900 105.495500 -203.415161 110.961243
-207.446900 108.321400 -203.451340 113.830894
-207.501200 111.206800 -203.449875 116.756981
-207.496800 114.153500 -203.376877 119.738823
-207.467000 117.040300 -203.291870 122.637138
-207.357100 119.818100 -203.211578 125.559082
-207.231600 122.580500 -203.100677 128.457703
-207.169600 125.360700 -203.028458 131.300430
-207.151600 128.086900 -202.999146 134.076309
-207.158900 130.676600 -202.975891 136.701508
-207.192200 133.099300 -202.971268 139.163040
-207.257200 135.311800 -203.012497 141.400208
-207.357800 137.293400 -203.096085 143.394943
-207.516000 139.039300 -203.236633 145.151428
-207.792700 140.624300 -203.488739 146.739944
-208.199400 142.155800 -203.869415 148.254181
-208.796100 143.591400 -204.442566 149.644867
-209.578000 144.906500 -205.155518 150.930588
-210.509400 146.123000 -206.010437 152.157867
-211.640600 147.221600 -207.075363 153.301361
-212.986500 148.243400 -208.399612 154.424591
-214.560800 149.101800 -209.950089 155.253647
-216.375500 149.752000 -211.790833 155.950089
-218.364200 150.183000 -213.741791 156.367661
-220.495700 150.431900 -215.815964 156.633789
-222.758400 150.560900 -218.080750 156.793091
-225.125500 150.643600 -220.463501 156.907761
-227.596900 150.727300 -222.947556 157.038269
-230.175200 150.835400 -225.541641 157.183746
-232.870900 150.954400 -228.244431 157.348984
-235.686400 151.084500 -231.064209 157.517807
-238.634600 151.219200 -234.000427 157.680740
-241.714000 151.324200 -237.061844 157.823730
-244.893500 151.370200 -240.234238 157.899719
-248.152800 151.340800 -243.514130 157.905853
-251.386800 151.245500 -246.758041 157.831192
-254.628800 151.083900 -250.007965 157.707230
-257.855100 150.860900 -253.225662 157.521988
-260.989500 150.595900 -256.347351 157.296387
-263.979600 150.335600 -259.341156 157.076553
-266.766600 150.087700 -262.144806 156.864960
-269.368500 149.866200 -264.732635 156.677185
-271.910000 149.696000 -267.274780 156.536896
-274.432000 149.547300 -269.783051 156.416397
-276.917800 149.419800 -272.256104 156.325531
-279.393400 149.337600 -274.747070 156.270844
-281.842600 149.284100 -277.204926 156.243896
-284.327000 149.245300 -279.697540 156.240509
-286.851400 149.215900 -282.204071 156.244278
-289.374600 149.175400 -284.725128 156.244003
-291.872700 149.113700 -287.251801 156.223145
-294.367000 149.035300 -289.756256 156.182388
-296.900400 148.946800 -292.310974 156.111435
-299.496800 148.857900 -294.919403 156.074356
-302.152700 148.763000 -297.594421 156.013107
-304.894400 148.662700 -300.347809 155.940338
-307.698800 148.565200 -303.175201 155.885025
-310.542800 148.472300 -306.055817 155.831055
-313.401900 148.388500 -308.926880 155.764847
-316.253600 148.309200 -311.794250 155.748276
-319.087100 148.246300 -314.642822 155.705658
-321.874200 148.159600 -317.456360 155.674454
-324.643500 148.080700 -320.253540 155.650757
-327.380000 148.017900 -323.025421 155.631485
-330.084600 147.943700 -325.743134 155.612671
-332.768800 147.879400 -328.390442 155.598083
-335.339000 147.849200 -330.969208 155.587570
-337.917500 147.821400 -333.539734 155.583725
-340.461700 147.771400 -336.084869 155.572159
-342.975500 147.703700 -338.578217 155.534409
-345.507800 147.596800 -341.099182 155.467422
-348.088400 147.502000 -343.662720 155.385391
-350.695500 147.387300 -346.281250 155.298874
-353.357500 147.254200 -348.920563 155.196548
-356.035100 147.123000 -351.570557 155.106720
-358.706400 146.987600 -354.258789 154.980911
-361.365400 146.869000 -356.914398 154.880356
-363.998800 146.747300 -359.551239 154.775482
-366.592400 146.651500 -362.132507 154.689987
-369.103200 146.586000 -364.636902 154.651947
-371.498800 146.552500 -367.031128 154.656036
-373.734100 146.569400 -369.267273 154.694397
-375.766000 146.687900 -371.319183 154.851089
-377.587800 146.923500 -373.145721 155.107803
-379.228200 147.254000 -374.776123 155.465652
-380.680100 147.681500 -376.221649 155.895798
-381.983900 148.240600 -377.538544 156.481598
-383.189300 148.967100 -378.733856 157.211731
-384.260600 149.832600 -379.812256 158.092102
-385.261700 150.822900 -380.798859 159.102982
-386.189600 152.026900 -381.742279 160.363617
-387.088300 153.508400 -382.631592 161.867218
-387.803500 155.255200 -383.316315 163.642578
-388.328200 157.227600 -383.826141 165.637711
-388.690100 159.390500 -384.151886 167.825577
-388.914300 161.727400 -384.330627 170.173889
-389.033800 164.223600 -384.397858 172.702942
-389.107700 166.899500 -384.414398 175.398987
-389.177200 169.703100 -384.415070 178.203720
-389.249200 172.602600 -384.426636 181.108719
-389.294800 175.566200 -384.425507 184.064026
-389.340400 178.518800 -384.433502 187.055786
-389.408400 181.466200 -384.462372 190.035873
-389.477100 184.395100 -384.464447 192.958054
-389.534000 187.303900 -384.462799 195.854858
-389.596100 190.151400 -384.473969 198.698410
-389.650400 192.868100 -384.486694 201.432159
-389.688600 195.381200 -384.488495 203.962982
-389.706500 197.729300 -384.467194 206.340546
-389.637200 199.881000 -384.349792 208.501556
-389.406500 201.894300 -384.080841 210.546158
-388.964400 203.824800 -383.592773 212.486542
-388.237500 205.641900 -382.813873 214.316666
-387.225600 207.247400 -381.794556 215.909668
-385.985200 208.725400 -380.544983 217.379349
-384.487500 210.025200 -379.034485 218.696152
-382.766900 211.133700 -377.292236 219.795517
-380.848000 212.024300 -375.340424 220.665131
-378.741200 212.710800 -373.214935 221.344177
-376.473400 213.257300 -370.942017 221.847000
-374.038800 213.683400 -368.487244 222.225052
-371.458500 214.025200 -365.919098 222.523636
-368.731200 214.304000 -363.209869 222.770187
-365.907000 214.548400 -360.370209 222.971863
-362.986400 214.774600 -357.463898 223.174805
-360.000500 214.982500 -354.474640 223.337112
-356.946700 215.144300 -351.427368 223.465729
-353.844800 215.269100 -348.348541 223.551361
-350.728200 215.343800 -345.235352 223.604660
-347.621800 215.396600 -342.141083 223.620773
-344.503600 215.436100 -339.030121 223.620575
-341.404500 215.431500 -335.947723 223.585403
-338.307200 215.374700 -332.888123 223.480057
-335.222900 215.258300 -329.806183 223.311401
-332.176900 215.090700 -326.783600 223.074951
-329.113900 214.919400 -323.748596 222.843735
-326.083300 214.755000 -320.738953 222.602570
-323.035500 214.645100 -317.692200 222.437393
-319.997700 214.594500 -314.674896 222.325211
-316.949800 214.613400 -311.646057 222.286850
-313.894600 214.701700 -308.615295 222.303925
-310.834000 214.851800 -305.551544 222.389969
-307.768800 215.021500 -302.489685 222.507919
-304.682000 215.209600 -299.372070 222.630386
-301.619300 215.403400 -296.297058 222.776901
-298.564100 215.602100 -293.246704 222.916290
-295.523500 215.774500 -290.211212 223.036484
-292.524500 215.925700 -287.206482 223.133057
-289.569200 216.080100 -284.260742 223.233383
-286.686000 216.208000 -281.394867 223.317963
-283.844300 216.320800 -278.587524 223.379578
-281.075400 216.414900 -275.815552 223.427383
-278.384800 216.482400 -273.135559 223.434082
-275.749900 216.524700 -270.505646 223.425674
-273.211000 216.563500 -267.966064 223.420517
-270.786900 216.596800 -265.538666 223.398376
-268.452200 216.627400 -263.218231 223.377823
-266.210100 216.670200 -260.955658 223.366287
-264.057900 216.715000 -258.811920 223.360062
-261.977600 216.758700 -256.744904 223.343246
-260.009300 216.805500 -254.790375 223.346039
-258.118000 216.846900 -252.896942 223.345337
-256.324100 216.892100 -251.117630 223.358704
-254.591600 216.937100 -249.385300 223.376205
-252.914000 216.968800 -247.723480 223.376434
-251.261500 217.002300 -246.070374 223.398331
-249.623300 217.030600 -244.443756 223.398590
-248.000000 217.075100 -242.825058 223.423904
-246.394700 217.123600 -241.242264 223.432266
-244.798500 217.177700 -239.653580 223.444885
-243.238500 217.242300 -238.103165 223.476120
-241.697700 217.301200 -236.552429 223.513718
-240.159500 217.379600 -235.017487 223.560989
-238.623700 217.447500 -233.493774 223.596909
-237.098100 217.517700 -231.981277 223.628952
-235.568700 217.578300 -230.435303 223.653839
-234.013600 217.632400 -228.888489 223.666351
-232.429300 217.675500 -227.303574 223.674393
-230.825000 217.709000 -225.703415 223.671036
-229.213500 217.727400 -224.083679 223.662720
-227.620200 217.743200 -222.487885 223.657959
-226.038600 217.749200 -220.912476 223.634064
-224.474500 217.720600 -219.333817 223.578415
-222.943700 217.646400 -217.799210 223.473984
-221.517500 217.497700 -216.381424 223.295212
-220.196400 217.264300 -215.088867 223.019409
-219.015400 216.979300 -213.898972 222.696991
-218.000600 216.671300 -212.887955 222.357117
-217.074300 216.316400 -211.949234 221.978088
-216.224900 215.882000 -211.135406 221.551178
-215.453800 215.357600 -210.365387 221.058960
-214.757400 214.782900 -209.653595 220.486832
-214.077200 214.065600 -208.956131 219.725311
-213.459700 213.182900 -208.346085 218.807037
-212.907500 212.086400 -207.834183 217.720047
-212.452200 210.870600 -207.375916 216.466736
-212.114300 209.456600 -207.077240 215.021545
-211.858500 207.837000 -206.845795 213.367371
-211.742000 206.028400 -206.785004 211.560226
-211.736300 204.033600 -206.833191 209.544815
-211.766900 201.873300 -206.918442 207.358521
-211.796200 199.533500 -207.002335 205.018326
-211.786800 197.027400 -207.077194 202.499557
-211.759900 194.373900 -207.126251 199.829926
-211.697900 191.633600 -207.147675 197.086212
-211.626700 188.816000 -207.174744 194.260727
-211.537000 185.992200 -207.168839 191.402756
-211.444400 183.173400 -207.163589 188.555145
-211.362800 180.374100 -207.167374 185.755066
-211.264700 177.600300 -207.163635 182.947128
-211.172000 174.834700 -207.150192 180.160492
-211.067900 172.132300 -207.119614 177.437607
-210.942500 169.548500 -207.063278 174.832092
-210.807500 167.115600 -206.972687 172.387650
-210.677900 164.891300 -206.886505 170.134888
-210.523800 162.831600 -206.775864 168.057938
-210.369300 160.883900 -206.655151 166.089172
-210.243400 159.140700 -206.557236 164.302002
-210.180400 157.654800 -206.509201 162.796066
-210.119700 156.263000 -206.467224 161.392410
-210.059800 154.892900 -206.432220 159.998032
-209.978700 153.571000 -206.342026 158.667496
-209.891700 152.272500 -206.284821 157.356033
-209.766700 150.900300 -206.170151 155.983627
-209.618400 149.453900 -206.058350 154.527405
-209.402000 147.911800 -205.877533 152.968445
-209.174500 146.248000 -205.713882 151.295853
-208.939400 144.453000 -205.539139 149.487320
-208.714900 142.497200 -205.368835 147.507919
-208.503800 140.403200 -205.213089 145.390594
-208.393000 138.150900 -205.154526 143.106491
-208.389600 135.751000 -205.210571 140.707047
-208.458300 133.190500 -205.346008 138.123505
-208.554900 130.503800 -205.527252 135.425476
-208.679600 127.708900 -205.720078 132.605301
-208.807700 124.788300 -205.909851 129.685486
-208.927800 121.786000 -206.083771 126.689255
-208.986400 118.770600 -206.267136 123.636780
-209.010800 115.753900 -206.400284 120.661049
-208.944000 112.761900 -206.438004 117.682785
-208.836500 109.809100 -206.426208 114.721878
-208.710600 106.913800 -206.379883 111.817596
-208.612900 104.164800 -206.315720 109.070702
-208.524100 101.612900 -206.281586 106.475212
-208.411800 99.291950 -206.208588 104.145927
-208.304000 97.231400 -206.150375 102.085014
-208.239900 95.441440 -206.118759 100.259933
-208.186600 93.928990 -206.067825 98.733833
-208.169400 92.620100 -206.086761 97.394287
-208.111400 91.359060 -206.026917 96.124084
-208.103700 90.108060 -206.037949 94.854897
-208.057300 88.899050 -206.007217 93.633644
-207.989700 87.686220 -205.953934 92.403564
-207.887500 86.424840 -205.868912 91.131248
-207.749700 85.106480 -205.761551 89.800224
-207.573400 83.679430 -205.620285 88.365578
-207.363800 82.128210 -205.456985 86.785378
-207.117800 80.466750 -205.247787 85.123329
-206.886600 78.657990 -205.049881 83.295303
-206.653200 76.721140 -204.842667 81.348732
-206.474300 74.687190 -204.698853 79.296059
-206.388100 72.537240 -204.657532 77.138771
-206.432200 70.298230 -204.745377 74.859474
-206.610100 68.000610 -204.972198 72.560493
-206.892700 65.622610 -205.303574 70.163803
-207.176400 63.145090 -205.616791 67.696983
-207.411300 60.582530 -205.881241 65.135742
-207.566400 57.936780 -206.080948 62.493000
-207.647700 55.184560 -206.225128 59.721645
-207.661500 52.385390 -206.303238 56.908863
-207.621300 49.546410 -206.349655 54.091042
-207.570900 46.730400 -206.381210 51.253002
-207.528900 43.951520 -206.413254 48.503269
-207.484900 41.207900 -206.474457 45.758606
-207.419300 38.483860 -206.511154 43.025043
-207.398300 35.859080 -206.578796 40.384716
-207.389600 33.323530 -206.666580 37.823692
-207.383600 30.928860 -206.734238 35.433327
-207.365700 28.737950 -206.778015 33.252377
-207.338200 26.780150 -206.806549 31.289547
-207.272200 25.076160 -206.806061 29.566122
-207.184900 23.637860 -206.773865 28.118954
-207.080700 22.407050 -206.707855 26.876879
-206.954300 21.322570 -206.629059 25.778469
-206.781600 20.334400 -206.496246 24.793978
-206.551700 19.436710 -206.339569 23.904261
-206.294700 18.614920 -206.139923 23.089251
-205.959400 17.852300 -205.859268 22.336929
-205.601700 17.147840 -205.528946 21.644077
-205.183200 16.499570 -205.137466 20.979290
-204.640200 15.834340 -204.632614 20.316486
-203.962000 15.126390 -203.994186 19.612915
-203.105900 14.402300 -203.198288 18.881876
-202.093300 13.723770 -202.204056 18.171247
-200.890700 13.072850 -200.980591 17.477287
-199.454900 12.451120 -199.529480 16.811636
-197.803000 11.847900 -197.886978 16.154657
-195.985800 11.251230 -196.075623 15.518237
-194.078300 10.799800 -194.184799 15.023999
-192.241500 10.550030 -192.384171 14.740539
-190.511600 10.492510 -190.617874 14.611395
-188.774500 10.514750 -188.842865 14.567564
-187.053000 10.530790 -187.090866 14.551708
-185.316100 10.589790 -185.320938 14.592923
-183.477200 10.672540 -183.463028 14.648386
-181.518300 10.768400 -181.454147 14.722128
-179.433500 10.895520 -179.319550 14.830468
-177.234800 11.053010 -177.108749 14.969750
-174.912900 11.228010 -174.738129 15.116377
-172.453800 11.406500 -172.249756 15.258251
-169.877600 11.633180 -169.642197 15.448359
-167.172600 11.903480 -166.890381 15.655645
-164.356100 12.241910 -164.060196 15.953947
-161.414200 12.605270 -161.100769 16.270052
-158.375100 12.957560 -158.038986 16.579498
-155.289000 13.266400 -154.914764 16.861240
-152.153500 13.477190 -151.816544 17.010004
-148.978900 13.534370 -148.609848 17.032085
-145.756200 13.449460 -145.394043 16.931736
-142.513300 13.323960 -142.136932 16.778625
-139.219200 13.264090 -138.854202 16.640966
-135.871600 13.235180 -135.492188 16.526945
-132.469300 13.237950 -132.057022 16.452614
-128.998700 13.250220 -128.566681 16.393341
-125.452300 13.247970 -125.049377 16.338533
-121.821900 13.224230 -121.445412 16.293678
-118.142800 13.197060 -117.792229 16.236931
-114.366200 13.195450 -114.067230 16.170538
-110.549500 13.202980 -110.302887 16.115532
-106.721100 13.234960 -106.511627 16.084488
-102.856200 13.237720 -102.722466 16.050377
-99.051970 13.344340 -98.914886 16.023745
-95.237560 13.444760 -95.125259 16.028225
-91.419640 13.530140 -91.323555 16.002598
-87.619070 13.674300 -87.533859 16.025846
-83.825400 13.812150 -83.776810 16.064867
-80.045030 13.941190 -80.020409 16.105993
-76.262920 14.064210 -76.280487 16.176456
-72.527230 14.169690 -72.618607 16.214293
-68.760100 14.314940 -68.941353 16.271444
-65.041990 14.448290 -65.292747 16.325506
-61.409550 14.597510 -61.663544 16.400127
-57.812780 14.752930 -58.089252 16.460876
-54.272080 14.916680 -54.549923 16.525030
-50.863180 15.111690 -51.034779 16.621403
-47.456920 15.288970 -47.559830 16.709183
-44.095940 15.453870 -44.162407 16.797514
-40.863370 15.611510 -40.870964 16.878374
-37.779270 15.768930 -37.736832 16.978092
-34.878460 16.001620 -34.789360 17.051386
-32.108550 16.224310 -31.972775 17.149080
-29.417700 16.336670 -29.287802 17.211449
-26.864830 16.377370 -26.748781 17.231031
-24.569330 16.453910 -24.386000 17.232328
-22.495940 16.503070 -22.235111 17.195629
-20.581990 16.519710 -20.284830 17.148983
-18.846180 16.508190 -18.510408 17.098476
-17.328990 16.482300 -16.944815 17.063320
-16.037550 16.475470 -15.573277 17.040007
-14.956120 16.515220 -14.384523 17.057756
-14.017770 16.603920 -13.380182 17.115549
-13.125570 16.745940 -12.471830 17.248320
-12.277220 17.018620 -11.663207 17.498425
-11.518690 17.387820 -10.919596 17.821774
-10.793900 17.853110 -10.177567 18.239429
-10.023690 18.451760 -9.443205 18.767281
-9.266871 19.249950 -8.635163 19.554132
-8.499983 20.230260 -7.865733 20.516184
-7.714471 21.448790 -7.121437 21.703117
-6.943853 22.899830 -6.339911 23.210318
-6.209422 24.630930 -5.598470 25.027792
-5.580618 26.636760 -5.021054 27.063026
-5.100718 28.938480 -4.540896 29.407272
-4.832290 31.540330 -4.233483 31.997423
-4.752808 34.327710 -4.130586 34.813068
-4.799016 37.335070 -4.154613 37.887310
-4.911943 40.499490 -4.254625 41.093151
-5.090383 43.700800 -4.393871 44.321091
-5.276585 46.904120 -4.522092 47.558807
-5.464336 50.126700 -4.653300 50.774757
-5.701735 53.348430 -4.754768 53.978542
-5.926283 56.566760 -4.855598 57.173988
-6.149722 59.747560 -4.950391 60.293282
-6.326192 62.853260 -5.022320 63.385273
-6.450595 65.815280 -5.099133 66.347031
-6.558018 68.633220 -5.161121 69.168259
-6.625230 71.279560 -5.215473 71.841980
-6.655510 73.749780 -5.271060 74.294106
-6.684464 75.995110 -5.317661 76.541275
-6.652349 77.987890 -5.324985 78.554771
-6.508811 79.715010 -5.207188 80.303528
-6.213677 81.157890 -4.947273 81.765945
-5.729615 82.390460 -4.517498 82.991142
-5.161236 83.435200 -4.030013 83.968018
-4.542652 84.252870 -3.421767 84.813507
-3.866113 84.884560 -2.823308 85.444260
-3.262439 85.311720 -2.257200 85.872353
-2.779876 85.608160 -1.804193 86.198860
-2.292931 85.855430 -1.346460 86.463394
-1.737887 86.025210 -0.860469 86.666359
-1.127115 86.147390 -0.351241 86.812813
-0.518659 86.251250 0.179515 86.949539
0.098283 86.354450 0.704762 87.069450
0.701588 86.427350 1.251941 87.137985
1.306431 86.494190 1.809472 87.190956
1.881704 86.544440 2.370963 87.246613
2.482048 86.571200 2.927449 87.258095
3.081643 86.601540 3.521541 87.279732
3.761151 86.625380 4.188597 87.300606
4.619787 86.696990 5.016953 87.354042
5.591334 86.770900 5.960348 87.412308
6.608439 86.844400 6.959807 87.464157
7.634023 86.901350 8.024549 87.511833
8.711110 86.958450 9.169371 87.542244
9.832777 87.009730 10.312694 87.557823
11.007620 87.011520 11.493725 87.550011
12.275390 86.965120 12.698213 87.480492
13.626340 86.918150 14.006501 87.431725
15.069990 86.825170 15.397879 87.331749
16.615310 86.785220 16.904051 87.294212
18.281790 86.877740 18.505894 87.372551
20.047850 87.081990 20.235264 87.557999
21.900640 87.285740 22.083694 87.731155
23.863160 87.475150 24.092697 87.841835
25.902040 87.591950 26.141932 87.901138
28.010580 87.643840 28.287781 87.929955
30.161670 87.666240 30.470806 87.944908
32.320100 87.664230 32.658794 87.946312
34.457590 87.659770 34.830803 87.925827
36.605810 87.671870 37.023273 87.933090
38.730770 87.693440 39.154884 87.946220
40.845470 87.730240 41.302032 87.955772
42.917780 87.780190 43.406509 87.989059
44.982820 87.855000 45.507629 88.042526
47.029150 87.934110 47.585220 88.086578
49.088540 87.988070 49.668457 88.102783
51.131190 88.046720 51.734913 88.129112
53.178890 88.088740 53.781864 88.144142
55.228720 88.131890 55.838913 88.172913
57.257270 88.189930 57.882256 88.211006
59.284240 88.231390 59.938259 88.231865
61.307870 88.268110 61.972187 88.258369
63.333450 88.313230 63.989323 88.268517
65.383590 88.353950 66.007088 88.293930
67.446480 88.391970 68.052277 88.312843
69.483090 88.432190 70.068855 88.342354
71.551190 88.436950 72.109886 88.357155
73.590280 88.449790 74.128250 88.360939
75.642440 88.447490 76.168518 88.359093
77.675640 88.454840 78.203888 88.354752
79.705830 88.461020 80.244179 88.346916
81.744040 88.480290 82.274780 88.354027
83.774580 88.511400 84.325691 88.360847
85.799340 88.557110 86.362206 88.369484
87.804420 88.601160 88.399399 88.378410
89.806920 88.643630 90.415230 88.380295
91.803370 88.704770 92.428017 88.411369
93.754020 88.738080 94.423088 88.421364
95.670500 88.790390 96.381142 88.441322
97.538390 88.822000 98.295708 88.445221
99.322990 88.859730 100.123550 88.462135
100.954900 88.856800 101.801071 88.439644
102.409400 88.885030 103.293068 88.449608
103.660500 88.873010 104.602875 88.443024
104.773500 88.863290 105.755966 88.435379
105.718200 88.844540 106.739273 88.406891
106.475800 88.845300 107.519051 88.411263
107.080900 88.835950 108.136108 88.422707
107.600100 88.863550 108.621353 88.461929
108.075700 88.966910 109.090813 88.558228
108.506900 89.161700 109.532333 88.754005
108.887900 89.429650 109.870422 88.972702
109.267500 89.752890 110.270164 89.267944
109.650400 90.181660 110.630882 89.655022
110.007800 90.683680 111.022926 90.146912
110.331900 91.262390 111.398010 90.735336
110.663200 91.958220 111.741623 91.419960
110.947400 92.750780 112.079582 92.200073
111.190500 93.649870 112.355408 93.053581
111.329400 94.676260 112.538597 94.068542
111.382200 95.834440 112.615974 95.170410
111.376200 97.156700 112.660103 96.482635
111.321400 98.712080 112.715324 97.967812
111.179000 100.499200 112.711143 99.658539
111.052600 102.454500 112.723274 101.544724
110.953400 104.573600 112.744606 103.621742
110.848100 106.867600 112.742081 105.889648
110.729000 109.311900 112.726379 108.311905
110.604600 111.877700 112.688278 110.874001
110.451100 114.520800 112.617653 113.496040
110.254000 117.240000 112.500694 116.222389
110.055600 119.971100 112.367477 118.974533
109.855900 122.687400 112.244370 121.666817
109.666000 125.388400 112.107864 124.371140
109.501800 128.077800 112.008339 127.054207
109.371200 130.752800 111.942192 129.706909
109.256400 133.406800 111.900642 132.356934
109.149100 136.006600 111.850502 134.930283
109.039300 138.439400 111.800774 137.352524
108.946900 140.687200 111.757362 139.558899
108.848000 142.713600 111.708557 141.583344
108.759900 144.486400 111.659935 143.359680
108.690000 146.045200 111.617859 144.946152
108.715900 147.402400 111.583740 146.343613
108.827800 148.539800 111.556030 147.536469
108.921200 149.485400 111.564369 148.498199
109.006800 150.284400 111.585434 149.319809
109.049700 151.026600 111.619415 150.076019
109.110000 151.749000 111.654427 150.822266
109.240400 152.403100 111.686905 151.544525
109.344100 153.097600 111.717262 152.277283
109.452600 153.933600 111.759918 153.151703
109.521400 154.936000 111.779068 154.170883
109.584300 156.072700 111.802299 155.322098
109.645200 157.328900 111.828049 156.595642
109.667500 158.738000 111.820023 158.014923
109.715500 160.311600 111.848747 159.586655
109.696400 162.088600 111.842400 161.348663
109.648800 164.031700 111.849243 163.253860
109.639100 166.108700 111.836700 165.345169
109.633200 168.339900 111.816414 167.576935
109.612700 170.710700 111.780403 169.953415
109.583300 173.210300 111.747437 172.459549
109.553500 175.810400 111.719521 175.062988
109.534300 178.500200 111.693741 177.775696
109.535800 181.237100 111.681252 180.526184
109.577200 183.940500 111.670952 183.249969
109.589000 186.635900 111.667480 185.956833
109.627500 189.311100 111.667244 188.630066
109.659000 191.927100 111.630470 191.236572
109.629600 194.430300 111.549149 193.759277
109.574900 196.783200 111.446632 196.138519
109.514500 198.966200 111.357361 198.328888
109.471200 200.971300 111.286507 200.344116
109.448700 202.821200 111.238037 202.194183
109.448800 204.602200 111.215561 203.989334
109.487500 206.354100 111.227676 205.747131
109.546200 208.062400 111.258949 207.471130
109.610500 209.709200 111.286018 209.134201
109.671900 211.262700 111.320107 210.675705
109.705900 212.701800 111.306221 212.120255
109.734000 214.083700 111.302200 213.492096
109.731100 215.443500 111.255196 214.863037
109.707300 216.763900 111.182846 216.194855
109.699800 218.051000 111.147209 217.493759
109.686600 219.346900 111.104889 218.784653
109.662800 220.744800 111.075829 220.146851
109.624300 222.181900 111.035629 221.567032
109.632900 223.689900 111.026611 223.061279
109.598100 225.285500 110.966911 224.638580
109.569800 226.964200 110.915329 226.315338
109.440500 228.723900 110.784286 228.079071
109.201500 230.569600 110.572021 229.925964
108.840200 232.500400 110.244469 231.867020
108.453300 234.508400 109.896339 233.883591
108.103400 236.603300 109.571167 235.979431
107.820000 238.782500 109.306160 238.169250
107.625300 241.068300 109.122620 240.470001
107.500700 243.440400 109.014244 242.851898
107.404300 245.878200 108.943443 245.333542
107.332600 248.416100 108.893806 247.886703
107.256600 251.021300 108.832405 250.514130
107.176600 253.624800 108.774223 253.115646
107.085700 256.216800 108.700462 255.723709
106.990300 258.788300 108.620514 258.301117
106.888800 261.345700 108.536423 260.863464
106.803900 263.853500 108.452156 263.385437
106.756800 266.256500 108.385757 265.794250
106.736800 268.495900 108.321976 268.090729
106.721100 270.543000 108.278786 270.197906
106.664600 272.451300 108.236801 272.122345
106.602400 274.231700 108.208138 273.907684
106.541100 275.936000 108.174622 275.616089
106.490100 277.548900 108.163826 277.226898
106.431000 279.024300 108.170525 278.692993
106.436000 280.325900 108.214058 280.007843
106.525700 281.483400 108.331718 281.158295
106.690800 282.500200 108.514839 282.170990
106.934200 283.393700 108.774605 283.050262
107.264500 284.174800 109.057129 283.831055
107.615000 284.885400 109.363281 284.553741
108.052900 285.553000 109.771164 285.239563
108.564200 286.162300 110.240082 285.877838
109.134400 286.814700 110.769997 286.556458
109.716100 287.520500 111.353783 287.252838
110.122000 288.203000 111.810226 287.902405
110.422100 288.820000 112.151611 288.477448
110.586500 289.418300 112.354645 289.095978
110.618300 290.064100 112.452972 289.711517
110.518800 290.708100 112.450333 290.300629
110.370600 291.314300 112.359474 290.855927
110.141900 291.925400 112.200485 291.412994
109.836600 292.549000 111.929047 291.989899
109.496500 293.150200 111.585335 292.571045
109.127000 293.786300 111.238472 293.193451
108.698100 294.485100 110.837646 293.867218
108.256700 295.314100 110.403679 294.687744
107.818100 296.219200 109.989479 295.601379
107.428300 297.304000 109.623924 296.661804
107.065000 298.537100 109.274193 297.897339
106.761100 299.883000 108.995667 299.259064
106.504600 301.404000 108.754860 300.791595
106.275100 303.166000 108.537376 302.533661
106.085800 305.101300 108.358101 304.477112
105.832300 307.215400 108.132019 306.574371
105.631300 309.512000 107.952362 308.872986
105.511000 311.924600 107.827789 311.307465
105.445300 314.490700 107.784828 313.865082
105.421000 317.132600 107.766434 316.520599
105.442800 319.873700 107.766800 319.281464
105.446400 322.691700 107.777351 322.124084
105.418000 325.550100 107.749680 325.035431
105.395200 328.463500 107.719154 327.988953
105.363900 331.394800 107.723656 330.941345
105.291400 334.291700 107.670868 333.847687
105.220100 337.191700 107.632690 336.757599
105.144300 340.052300 107.576538 339.612946
105.074500 342.867900 107.500679 342.458374
105.008900 345.615600 107.376930 345.244873
104.963300 348.183800 107.269501 347.883606
104.902500 350.569000 107.196724 350.317932
104.816700 352.734300 107.120605 352.521423
104.677500 354.661300 107.058685 354.487427
104.615300 356.352300 107.053123 356.218140
104.604300 357.799100 107.057152 357.718384
104.701100 359.026400 107.186058 358.993378
104.890600 360.123900 107.414078 360.114258
105.192900 361.139800 107.713211 361.166199
105.583500 362.033500 108.133316 362.114136
106.094900 362.891300 108.648422 363.022552
106.699400 363.652300 109.205971 363.736877
107.414200 364.337700 109.925560 364.469055
108.207300 364.984000 110.772980 365.213593
109.274200 365.625100 111.869675 365.875885
110.518200 366.322000 113.087784 366.544006
111.969200 367.023500 114.567482 367.256287
113.629200 367.645200 116.232101 367.865295
115.502500 368.145800 118.123085 368.362305
117.562800 368.470200 120.225220 368.707336
119.826500 368.663600 122.504784 368.889435
122.238200 368.733400 124.949860 368.939240
124.812600 368.744200 127.530663 368.933411
127.509600 368.750200 130.265945 368.931091
130.334100 368.742700 133.111893 368.903839
133.295700 368.738200 136.117523 368.894287
136.383900 368.770400 139.260147 368.885559
139.555000 368.815800 142.447144 368.890900
142.817300 368.903900 145.721252 368.945435
146.129200 369.028000 149.030533 369.022919
149.483900 369.137700 152.374893 369.093506
152.891500 369.309800 155.758499 369.153748
156.306000 369.518300 159.156403 369.225311
159.737200 369.684200 162.611160 369.262634
163.198500 369.811800 166.096252 369.294434
166.695400 369.930000 169.597336 369.340912
170.207000 370.046100 173.121628 369.375977
173.771600 370.157300 176.707153 369.439331
177.360900 370.266500 180.284332 369.508423
180.975000 370.366900 183.917908 369.571991
184.518100 370.493400 187.526489 369.631073
188.057900 370.608200 191.103485 369.699615
191.649500 370.691100 194.693344 369.745361
195.256300 370.767500 198.268539 369.812683
198.849500 370.860000 201.843384 369.889923
202.381300 370.945800 205.372711 369.941833
205.845900 371.042000 208.864151 369.995483
209.282900 371.140100 212.298965 370.028107
212.668000 371.264500 215.684921 370.076660
216.064400 371.405600 219.030136 370.131775
219.481600 371.542500 222.402039 370.194244
222.884100 371.677600 225.773682 370.257507
226.298100 371.814800 229.140198 370.329895
229.735800 371.946300 232.511597 370.405182
233.194100 372.081100 235.939316 370.489777
236.650500 372.201800 239.344604 370.546814
240.111200 372.286400 242.781113 370.586365
243.564300 372.361500 246.217102 370.590179
247.015400 372.438700 249.694473 370.617828
250.457000 372.513500 253.125839 370.643616
253.891600 372.590900 256.546722 370.674072
257.290300 372.695800 259.956451 370.709595
260.690700 372.783400 263.333099 370.756287
264.069500 372.879600 266.683716 370.799713
267.431600 372.988700 270.040253 370.877716
270.776800 373.106400 273.395447 370.944946
274.109000 373.236700 276.746857 371.021729
277.432900 373.381900 280.098541 371.128784
280.759300 373.509600 283.438263 371.202881
284.056000 373.639500 286.755859 371.276855
287.359000 373.744400 290.069214 371.327179
290.659600 373.828200 293.381714 371.354279
293.947900 373.890800 296.677216 371.382416
297.237800 373.937600 299.965271 371.411285
300.521400 373.988900 303.254944 371.443298
303.768300 374.045300 306.498383 371.464905
306.957900 374.123300 309.739349 371.470276
310.146500 374.187500 312.946594 371.481323
313.322400 374.161000 316.122833 371.485199
316.483700 374.147700 319.289490 371.486755
319.614100 374.138000 322.408325 371.478760
322.710900 374.134900 325.475861 371.488770
325.754600 374.160500 328.502930 371.523804
328.760000 374.252700 331.486267 371.597351
331.723400 374.480400 334.434235 371.810150
334.629700 374.897700 337.323151 372.218842
337.443500 375.575200 340.094330 372.828613
340.190600 376.425800 342.803101 373.641296
342.858100 377.501000 345.466583 374.651031
345.468300 378.757900 348.025757 375.839447
348.031800 380.138800 350.534576 377.165131
350.528000 381.659100 353.020996 378.573669
353.018700 383.175200 355.540863 380.037933
355.491300 384.652000 358.038635 381.449615
357.947400 386.052400 360.572418 382.796112
360.450400 387.298300 363.125793 383.976715
362.989400 388.343200 365.732452 384.983002
365.629600 389.180000 368.402527 385.772614
368.276800 389.785200 371.122711 386.378326
371.000200 390.203900 373.883118 386.765564
373.810900 390.409900 376.691162 386.951447
376.669700 390.515800 379.545044 386.970917
379.565900 390.475800 382.422058 386.870636
382.519300 390.334600 385.394653 386.652679
385.568500 390.096400 388.412445 386.374939
388.667700 389.806400 391.517059 386.033447
391.801000 389.495500 394.631470 385.678864
394.948500 389.200900 397.750916 385.336548
398.070600 388.865200 400.876129 384.961639
401.148300 388.481900 403.954041 384.532532
404.065800 388.058900 406.916504 384.074158
406.691700 387.530400 409.558716 383.516266
409.000000 386.806300 411.853607 382.769165
410.962900 385.896000 413.759460 381.842865
412.562500 384.785500 415.373474 380.786560
413.996700 383.545300 416.732391 379.539185
415.180900 382.105900 417.884125 378.048737
416.123400 380.517100 418.802277 376.413116
416.780300 378.715300 419.486847 374.605011
417.257500 376.862000 419.929504 372.690247
417.474300 374.922400 420.159485 370.698456
417.570600 372.940800 420.231415 368.662659
417.595000 370.957200 420.229462 366.649109
417.608000 368.989000 420.215240 364.644165
417.583600 367.038100 420.153595 362.661499
417.563900 365.089500 420.122772 360.704529
417.541600 363.162600 420.066498 358.754974
417.537500 361.254500 420.021301 356.826416
417.528500 359.368700 419.970886 354.923370
417.528100 357.497400 419.931000 353.045288
417.533000 355.636800 419.899109 351.168854
417.535200 353.779400 419.852753 349.285736
417.571900 351.871300 419.839264 347.379883
417.625100 349.951000 419.843658 345.435455
417.694000 348.023900 419.886841 343.496552
417.785900 346.081700 419.940765 341.527100
417.908800 344.103500 420.037415 339.527466
418.015700 342.077300 420.104370 337.490753
418.081000 339.964700 420.129791 335.348236
418.090200 337.760700 420.102997 333.135651
418.050600 335.423900 420.016541 330.780884
417.958300 332.974100 419.886444 328.317474
417.860400 330.443200 419.704010 325.772766
417.712700 327.891600 419.454285 323.203400
417.482600 325.340400 419.137146 320.636902
417.033400 322.795700 418.705231 318.109192
416.342400 320.296000 418.063141 315.616119
415.500300 317.846800 417.236206 313.181122
414.502200 315.485600 416.234222 310.816986
413.318100 313.201700 415.054993 308.527985
412.032900 310.983400 413.764252 306.289825
410.705100 308.826400 412.420319 304.124786
409.332700 306.723300 411.040070 302.034302
407.938700 304.690300 409.622375 299.987213
406.473300 302.693100 408.152191 297.983490
404.955000 300.719700 406.617737 295.999054
403.421700 298.744000 405.079956 293.999512
401.884500 296.708900 403.521149 291.957733
400.391900 294.639900 402.037140 289.896912
398.848100 292.568900 400.615295 287.833771
397.412100 290.463600 399.243561 285.728699
396.057400 288.363000 397.939453 283.635315
394.718200 286.280300 396.626434 281.546051
393.408400 284.209500 395.327606 279.466919
392.117400 282.093800 394.045258 277.378998
390.835100 279.982500 392.762543 275.275879
389.579700 277.837900 391.514862 273.154114
388.345300 275.665600 390.272919 270.974701
387.120100 273.483200 389.047638 268.802979
385.875700 271.265000 387.797180 266.605774
384.628200 269.049200 386.526855 264.387634
383.381900 266.843000 385.273865 262.192627
382.125900 264.656300 383.999817 260.009827
380.854500 262.504300 382.727661 257.849701
379.661500 260.394600 381.430298 255.761780
378.446600 258.284100 380.120422 253.702118
377.135400 256.231900 378.795471 251.688446
375.830100 254.203900 377.488312 249.712067
374.666100 252.142300 376.183807 247.705750
373.467400 250.089900 374.875519 245.703201
372.260300 248.016900 373.501312 243.673355
371.007200 245.900200 372.114136 241.593628
369.693400 243.722700 370.691010 239.488113
368.315100 241.489500 369.204865 237.310226
366.888500 239.203500 367.682220 235.070694
365.460800 236.868900 366.136414 232.800247
364.012600 234.509600 364.605957 230.473373
362.529900 232.103900 363.083557 228.113525
361.127000 229.646700 361.548981 225.698959
359.661000 227.165200 360.018860 223.287109
358.172600 224.664800 358.461853 220.836334
356.667000 222.124500 356.835205 218.358734
355.093500 219.562900 355.133514 215.839371
353.424100 216.994400 353.377838 213.315582
351.712100 214.400800 351.574677 210.758743
349.975600 211.757600 349.765869 208.155396
348.217300 209.053900 347.932220 205.487350
346.440100 206.295800 346.064575 202.790573
344.718700 203.491400 344.224396 200.075150
343.048900 200.668300 342.391968 197.336060
341.324500 197.881200 340.556732 194.595779
339.568500 195.094400 338.750763 191.876114
337.852500 192.286600 336.932190 189.091904
336.194600 189.467000 335.133484 186.333572
334.505100 186.643600 333.345398 183.544189
332.810200 183.813400 331.553772 180.736053
331.136400 180.975200 329.809082 177.960571
329.490700 178.148700 328.048676 175.180756
327.932900 175.420200 326.373718 172.506363
326.471500 172.833200 324.797913 169.975143
325.095300 170.445000 323.337524 167.621933
323.762200 168.206100 321.947906 165.417770
322.412400 165.996900 320.519531 163.224915
321.011100 163.835400 319.070953 161.074432
319.641800 161.678600 317.670044 158.928955
318.295500 159.472400 316.274780 156.739273
316.951800 157.229300 314.889221 154.536316
315.588800 154.961100 313.463013 152.308762
314.135600 152.692800 311.992432 150.067093
312.631900 150.387300 310.483154 147.771820
311.148500 148.012100 308.945099 145.414383
309.612900 145.580200 307.390381 143.021530
308.016700 143.109100 305.772064 140.552170
306.331100 140.598200 304.098236 138.059738
304.564400 138.076000 302.382050 135.540527
302.797400 135.508900 300.616699 132.976761
300.997000 132.893600 298.831055 130.371246
299.222800 130.218600 297.019806 127.717186
297.437100 127.496300 295.186340 125.013008
295.655500 124.725500 293.350311 122.288948
293.887000 121.904900 291.492340 119.460205
292.106700 119.014900 289.623474 116.623695
290.285600 116.096800 287.733215 113.744530
288.486200 113.134700 285.835938 110.839989
286.686000 110.204800 283.920746 107.936089
284.893700 107.269000 282.006256 105.053169
283.126100 104.350100 280.111481 102.210060
281.355100 101.454500 278.227631 99.363510
279.594100 98.593690 276.370056 96.552872
277.853700 95.782330 274.540955 93.771660
276.123300 93.015090 272.723846 91.046806
274.407100 90.294590 270.951691 88.372398
272.692900 87.620630 269.180389 85.724190
270.986100 84.990760 267.399658 83.110451
269.325100 82.370640 265.642731 80.545212
267.721500 79.761360 263.932556 78.018707
266.125000 77.187760 262.241119 75.520699
264.542700 74.650060 260.562927 73.026939
262.985600 72.146080 258.917480 70.564613
261.442300 69.672120 257.305481 68.126999
259.914000 67.228910 255.698257 65.711548
258.304500 64.884450 254.128937 63.342525
256.745600 62.566170 252.582748 60.986897
255.295000 60.234750 251.123291 58.655872
253.997800 57.859320 249.819031 56.288853
252.910900 55.413560 248.695450 53.831867
252.070800 52.918370 247.815186 51.330608
251.456200 50.379500 247.184372 48.821442
251.101500 47.849010 246.776733 46.279137
250.932300 45.362320 246.567902 43.764492
250.858900 42.970440 246.443512 41.344883
250.880600 40.703100 246.370590 39.017544
250.860200 38.529600 246.245468 36.760136
250.643100 36.422190 245.983521 34.649757
250.219900 34.431510 245.511032 32.649837
249.550300 32.522370 244.796844 30.745869
248.682400 30.805930 243.996613 28.947222
247.595100 29.296170 242.803757 27.418446
246.325600 27.986790 241.481033 26.076946
244.806500 26.870520 239.950241 25.022444
243.208500 26.046220 238.311142 24.214653
241.618500 25.511990 236.770111 23.748489
240.183400 25.244680 235.303085 23.518690
238.935000 25.182690 234.061295 23.505625
237.834400 25.306400 232.955048 23.650961
236.751000 25.547440 231.959656 23.913853
235.819600 26.015040 231.048340 24.405878
235.018800 26.634010 230.262970 25.011061
234.322500 27.380390 229.571564 25.726444
233.665300 28.270030 229.014511 26.652111
233.152200 29.370220 228.536789 27.759308
232.717700 30.623840 228.182449 28.993023
232.381300 32.026050 227.907852 30.431488
232.146500 33.563930 227.813370 31.878954
231.970000 35.230950 227.750839 33.540401
231.824100 37.057360 227.715317 35.329979
231.711700 38.971820 227.705093 37.252258
231.613800 41.054710 227.708557 39.324562
231.500400 43.265380 227.716202 41.516899
231.399200 45.576380 227.754852 43.797276
231.319600 47.958050 227.797165 46.166271
231.245500 50.455120 227.857452 48.637585
231.179600 53.045730 227.943756 51.239094
231.112600 55.734600 228.024353 53.921997
231.018200 58.532000 228.109756 56.708252
230.923100 61.468330 228.217010 59.594746
230.781800 64.386420 228.291428 62.481468
230.554400 67.301250 228.275696 65.396835
230.382900 70.279420 228.294174 68.376915
230.251900 73.265810 228.352051 71.358200
230.117200 76.279160 228.403915 74.363243
229.963600 79.299000 228.426865 77.405075
229.812600 82.350860 228.455124 80.474060
229.639600 85.361680 228.512695 83.524193
229.508400 88.372400 228.561295 86.581932
229.396200 91.404150 228.627640 89.598511
229.226100 94.390420 228.641388 92.574570
229.043400 97.383610 228.641327 95.544403
228.915600 100.420900 228.702606 98.575882
228.777400 103.429600 228.737595 101.588570
228.620500 106.515300 228.783020 104.653458
228.492800 109.617700 228.842194 107.750298
228.345100 112.766000 228.884262 110.896584
228.262200 115.953800 228.935242 114.069542
228.174500 119.123600 228.980560 117.212784
228.062700 122.300500 229.000504 120.377373
227.923700 125.438600 229.018982 123.514069
227.800300 128.526100 229.045486 126.599922
227.652200 131.598300 229.053741 129.648972
227.534700 134.639400 229.079849 132.686569
227.419600 137.638100 229.113022 135.684341
227.314300 140.648200 229.138107 138.705002
227.209000 143.551900 229.165070 141.631363
227.066800 146.491000 229.159409 144.578598
226.958600 149.420900 229.193726 147.457596
226.876000 152.285800 229.241440 150.294708
226.800700 155.135000 229.287384 153.126678
226.731900 157.928600 229.341537 155.904221
226.671000 160.677000 229.395004 158.645248
226.582000 163.433500 229.418274 161.391876
226.485000 166.141300 229.436844 164.081940
226.397200 168.834800 229.451736 166.751144
226.291800 171.503000 229.459824 169.401398
226.193800 174.156400 229.468277 172.039001
226.097700 176.845900 229.477951 174.716248
226.004100 179.602700 229.496185 177.452179
225.899400 182.370000 229.528015 180.215729
225.790500 185.147000 229.546722 182.975327
225.666400 187.881700 229.558212 185.676666
225.559700 190.596700 229.585083 188.354019
225.450800 193.273500 229.597763 191.030365
225.344100 195.959200 229.625290 193.692535
225.255300 198.650900 229.668060 196.354996
225.193200 201.334900 229.726456 199.014008
225.127200 204.006800 229.782928 201.652145
225.065500 206.635300 229.837799 204.271652
225.010800 209.237100 229.892212 206.850037
224.942500 211.826000 229.935089 209.414474
224.891100 214.400400 229.996933 211.957657
224.851300 216.935700 230.073425 214.467850
224.574700 219.362300 230.143021 216.908768
224.296500 221.836900 230.205185 219.402283
224.077500 224.335800 230.282547 221.919189
223.912600 226.902200 230.377975 224.443649
223.741800 229.521600 230.439209 227.064560
223.606900 232.177000 230.497543 229.704865
223.385500 235.003000 230.497528 232.484634
223.159800 237.809300 230.484726 235.261017
222.960600 240.674800 230.483505 238.086578
222.792300 243.535000 230.494568 240.898697
222.588700 246.352100 230.510681 243.682343
222.380700 249.170100 230.511414 246.465012
222.221500 251.920200 230.541962 249.188980
222.080000 254.672900 230.596191 251.904755
221.956900 257.368500 230.630753 254.616150
221.829100 260.046700 230.683670 257.277985
221.692500 262.646800 230.683182 259.931702
221.568600 265.262200 230.711441 262.589233
221.459700 267.839700 230.772842 265.171570
221.336200 270.381800 230.804794 267.732330
221.189700 272.766200 230.794037 270.137909
221.088000 275.002000 230.831665 272.357910
221.026400 277.045600 230.898361 274.393127
221.049000 278.872300 231.031433 276.219208
221.129600 280.543300 231.204361 277.884644
221.219900 282.100200 231.381836 279.434265
221.344400 283.572300 231.603424 280.901154
221.383300 284.982800 231.732697 282.304169
221.427300 286.297500 231.883072 283.599426
221.355400 287.505400 231.898987 284.789429
221.243100 288.625800 231.877899 285.889374
221.036600 289.678700 231.762451 286.932648
220.706100 290.652000 231.504486 287.878113
220.342100 291.553100 231.204788 288.780090
219.853800 292.364600 230.783585 289.661682
219.269900 293.212700 230.276749 290.490997
218.538100 294.065300 229.608002 291.371582
217.686800 294.889800 228.810547 292.204163
216.657700 295.681400 227.854874 293.039612
215.444500 296.400100 226.693481 293.757446
214.042800 296.980800 225.334579 294.383484
212.392600 297.367200 223.707626 294.833496
210.496800 297.522800 221.889008 295.119537
208.422600 297.550500 219.858093 295.230103
206.131200 297.483400 217.606964 295.252350
203.651200 297.386400 215.129395 295.276825
200.976300 297.310600 212.433624 295.332550
198.089000 297.234800 209.544891 295.402832
194.997600 297.169600 206.450745 295.485779
191.702200 297.088100 203.141602 295.562744
188.259400 296.972900 199.688599 295.619507
184.687600 296.836900 196.105026 295.657257
180.991300 296.697500 192.409927 295.700836
177.262000 296.545800 188.662033 295.719421
173.558400 296.374900 184.956223 295.725708
169.919200 296.277600 181.262772 295.737549
166.317100 296.215600 177.555740 295.749329
162.711100 296.177000 173.903412 295.744019
159.134700 296.119900 170.257385 295.739716
155.571100 296.037800 166.587753 295.750916
152.007700 295.960500 162.960129 295.752533
148.468000 295.873200 159.384003 295.764130
144.946600 295.784900 155.831940 295.779663
141.444100 295.697900 152.297745 295.796051
137.975600 295.609100 148.781204 295.807526
134.474600 295.536100 145.307800 295.811951
131.021500 295.387200 141.834412 295.792694
127.584800 295.185200 138.422318 295.717529
124.194200 294.919100 135.058228 295.559845
120.833000 294.568800 131.706238 295.333435
117.524100 294.148300 128.365936 295.019867
114.277200 293.717200 125.107956 294.696533
111.044200 293.263000 121.864983 294.356659
107.875300 292.820400 118.659775 294.018524
104.688800 292.432800 115.463669 293.721558
101.526200 292.112800 112.269859 293.514069
98.320670 291.867700 109.016930 293.362030
95.075730 291.698100 105.755638 293.294373
91.781610 291.600800 102.434250 293.312805
88.461730 291.510300 99.064354 293.358948
85.094010 291.416400 95.644142 293.393494
81.672540 291.325000 92.189903 293.439941
78.223590 291.216800 88.712898 293.470032
74.766450 291.106600 85.259918 293.487762
71.344240 290.985400 81.846367 293.490479
67.941880 290.873200 78.422989 293.492279
64.574620 290.765700 75.050064 293.507111
61.246410 290.655900 71.692131 293.518219
57.944380 290.555500 68.397415 293.531555
54.688490 290.463900 65.137527 293.535919
51.465180 290.374800 61.917480 293.549316
48.250390 290.298700 58.703491 293.575775
45.050130 290.226400 55.508575 293.592560
41.875270 290.157700 52.334850 293.616638
38.711490 290.079000 49.185112 293.636749
35.578690 289.999000 46.069405 293.653717
32.468040 289.919000 42.967113 293.685120
29.399030 289.855900 39.904312 293.721619
26.374440 289.806000 36.889420 293.770447
23.466190 289.753800 33.976299 293.813477
20.703250 289.695700 31.244080 293.844940
18.065590 289.632000 28.625660 293.868500
15.545090 289.573700 26.109396 293.888794
13.147890 289.520300 23.737864 293.913940
10.888030 289.488100 21.478634 293.958893
8.793075 289.520100 19.398878 294.070282
6.883822 289.607400 17.474979 294.228668
5.082836 289.770600 15.668113 294.459351
3.360773 289.989300 13.951265 294.743439
1.693438 290.246300 12.289174 295.064941
0.081762 290.523900 10.687295 295.401611
-1.454040 290.824700 9.155003 295.747650
-2.912142 291.153900 7.725342 296.123413
-4.263831 291.496500 6.385051 296.493378
-5.469629 291.865200 5.204536 296.874847
-6.561797 292.250200 4.122049 297.299133
-7.567325 292.720400 3.167574 297.774414
-8.250854 293.150700 2.502968 298.210327
-8.615564 293.414600 2.151158 298.469299
-8.701378 293.497800 2.068514 298.551239
-8.677816 293.476200 2.079240 298.527924
-8.670689 293.481400 2.085161 298.532654
-8.660467 293.476600 2.087921 298.530731
-8.651698 293.468700 2.086247 298.534271
-8.643833 293.460000 2.089901 298.511230
-8.651930 293.468400 2.063345 298.549377
-8.687854 293.502400 1.997739 298.602112
-8.762112 293.570000 1.918751 298.670441
-8.920494 293.730700 1.779050 298.830231
-9.169684 294.008200 1.537237 299.115417
-9.506103 294.394700 1.210911 299.547272
-9.958653 294.935000 0.781495 300.118652
-10.520470 295.675700 0.234733 300.886047
-11.117550 296.668100 -0.329012 301.904968
-11.708500 297.866400 -0.885365 303.176453
-12.237630 299.339200 -1.374078 304.683502
-12.683330 301.018400 -1.764184 306.403442
-13.070580 302.864600 -2.096361 308.287079
-13.368680 304.910200 -2.324605 310.364288
-13.565630 307.103100 -2.459560 312.595337
-13.722500 309.483700 -2.533469 314.975983
