0.000000 -0.000000 0.000000 -0.000000
-0.140643 2.574964 -0.027903 2.066938
-0.281220 5.148987 -0.089882 4.279012
-0.421837 7.724036 -0.197196 6.614265
-0.562431 10.298960 -0.339801 9.053953
-0.701879 12.869650 -0.471485 11.573511
-0.854664 15.479570 -0.646071 14.167856
-1.011589 18.173180 -0.814416 16.840588
-1.171840 20.913680 -0.996687 19.563028
-1.334841 23.709530 -1.179924 22.332279
-1.487044 26.544710 -1.359634 25.156731
-1.633363 29.422930 -1.521228 28.000914
-1.768976 32.357140 -1.682994 30.910347
-1.929780 35.330970 -1.871773 33.853214
-2.126953 38.471510 -2.062762 36.799465
-2.329940 41.561110 -2.274562 39.754028
-2.535885 44.597900 -2.490774 42.724644
-2.728914 47.592750 -2.696149 45.687695
-2.937935 50.537730 -2.910262 48.584805
-3.130185 53.464980 -3.116250 51.494263
-3.310922 56.350390 -3.324234 54.354130
-3.511313 59.225400 -3.541796 57.190659
-3.703384 62.006320 -3.770265 59.948387
-3.912602 64.697860 -4.002829 62.601421
-4.114442 67.264550 -4.233947 65.155785
-4.313021 69.714240 -4.468029 67.591881
-4.514875 72.037350 -4.701490 69.893997
-4.709494 74.175390 -4.912821 72.016853
-4.891889 76.138280 -5.131462 73.973259
-5.039038 77.925340 -5.294422 75.769218
-5.159772 79.592300 -5.441030 77.434845
-5.235209 81.135380 -5.526919 78.982590
-5.207469 82.555940 -5.500314 80.405869
-5.029560 83.885300 -5.323369 81.755997
-4.680938 85.118200 -4.981892 82.973740
-4.130089 86.200010 -4.464890 84.058754
-3.393066 87.095580 -3.741253 84.962395
-2.508137 87.820100 -2.868408 85.688705
-1.511055 88.343490 -1.867058 86.216171
-0.450022 88.747950 -0.836926 86.618484
0.676345 89.023150 0.267754 86.918015
1.832910 89.277150 1.406107 87.172379
3.089762 89.418990 2.656487 87.328445
4.475771 89.556060 4.024121 87.475967
5.974572 89.621010 5.527035 87.564865
7.614093 89.671530 7.172607 87.637222
9.420230 89.707860 8.982533 87.700958
11.388370 89.721450 10.949112 87.741264
13.505010 89.738680 13.073706 87.811996
15.773680 89.805260 15.337608 87.925575
18.156510 89.929480 17.700527 88.080124
20.581930 90.082780 20.127678 88.263840
23.034320 90.227690 22.594494 88.453224
25.478370 90.365000 25.037079 88.631195
27.909920 90.499220 27.480766 88.809357
30.340320 90.588890 29.910421 88.928200
32.740690 90.598330 32.315659 88.977966
35.110390 90.529620 34.679256 88.955467
37.430830 90.386730 36.994743 88.847740
39.683630 90.176290 39.265575 88.678963
41.863240 89.910310 41.459446 88.451553
43.959460 89.634420 43.563656 88.209190
45.922800 89.378560 45.509296 87.992149
47.726310 89.193250 47.318878 87.838287
49.366470 89.121130 48.932446 87.798424
50.939410 89.191540 50.477909 87.894539
52.464070 89.450930 51.972145 88.156654
53.889450 89.945260 53.367229 88.658752
55.133190 90.660970 54.606056 89.389587
56.158450 91.620300 55.601196 90.367447
56.967930 92.764920 56.403984 91.502289
57.539920 94.061200 56.954273 92.799736
57.927200 95.446880 57.281609 94.112648
58.277310 96.884370 57.629425 95.540123
58.589460 98.403450 57.905426 97.045685
58.940360 100.002400 58.246250 98.590065
59.343230 101.692600 58.612633 100.271713
59.798800 103.499800 59.043373 102.076775
60.309140 105.392300 59.512047 103.978928
60.819120 107.363700 59.997841 105.960739
61.355080 109.477800 60.501801 108.066795
61.874140 111.669200 60.980572 110.249687
62.417580 113.964900 61.481453 112.560799
62.973720 116.373200 61.991783 114.951874
63.512460 118.836400 62.483620 117.386894
64.057360 121.342700 62.986412 119.875244
64.655860 123.876700 63.544441 122.364494
65.262090 126.422600 64.119041 124.882446
65.864770 128.941000 64.683594 127.395393
66.510510 131.382800 65.267136 129.839157
67.135460 133.867500 65.825150 132.322128
67.748220 136.262500 66.344452 134.715057
68.311480 138.668800 66.861992 137.128082
68.830800 141.066900 67.320511 139.548645
69.359830 143.451000 67.792961 141.932770
69.844620 145.829800 68.238976 144.302887
70.257380 148.240700 68.624786 146.696136
70.634070 150.615300 68.973907 149.052994
70.952630 153.048800 69.247070 151.479858
71.236680 155.482600 69.491478 153.924561
71.430750 157.958600 69.656982 156.405594
71.592060 160.420500 69.784180 158.858505
71.705560 162.889100 69.876831 161.323654
71.811250 165.386800 69.971306 163.795807
71.901490 167.846500 70.032143 166.231216
71.944200 170.358200 70.047615 168.731049
71.944230 172.867000 70.019157 171.205185
71.880770 175.411200 69.924049 173.729126
71.759300 177.947700 69.771957 176.247360
71.629380 180.489300 69.613358 178.772552
71.495820 183.069400 69.448051 181.333694
71.389860 185.611000 69.313568 183.872772
71.229200 188.181800 69.113991 186.426849
71.075770 190.694700 68.912216 188.950943
70.908190 193.208300 68.703934 191.456055
70.732240 195.676300 68.511330 193.905045
70.587330 197.902600 68.314201 196.302734
70.462020 200.022200 68.127022 198.572159
70.336670 202.141700 67.962189 200.646820
70.211280 204.261000 67.828766 202.672241
70.085900 206.379000 67.721870 204.646988
69.986060 208.445300 67.671646 206.590317
70.007780 210.375700 67.676254 208.530441
70.026080 212.295900 67.682724 210.471344
70.017620 214.252400 67.663704 212.432663
70.013230 216.217200 67.643631 214.380890
69.972110 218.270700 67.598923 216.419434
69.934360 220.317400 67.540108 218.451233
69.972850 222.305500 67.494995 220.549515
69.981630 224.353700 67.434624 222.648895
69.981870 226.399100 67.386299 224.743408
69.949190 228.454500 67.297394 226.819901
69.907170 230.454300 67.216652 228.838348
69.859830 232.418200 67.138924 230.812347
69.810200 234.247600 67.047668 232.655518
69.754960 235.896800 66.949692 234.326431
69.602960 237.437200 66.770027 235.834595
69.315000 238.920100 66.449104 237.286346
68.846420 240.276600 65.958748 238.570007
68.166090 241.479400 65.306465 239.681610
67.318270 242.492800 64.476723 240.676086
66.332240 243.344200 63.488220 241.496735
65.260110 243.991900 62.394669 242.148865
64.140300 244.474300 61.276894 242.565506
62.867510 244.772700 60.023682 242.843491
61.458940 244.926000 58.627628 242.958954
59.947420 244.952000 57.139008 242.944962
58.335370 244.902100 55.547604 242.847046
56.595980 244.824000 53.808884 242.731644
54.694040 244.743800 51.900928 242.584747
52.650420 244.604800 49.828224 242.464630
50.451970 244.390700 47.541309 242.308365
48.058070 244.235000 45.075027 242.192978
45.515050 244.100900 42.461540 242.056854
42.921790 243.969200 39.796303 241.917038
40.316590 243.840300 37.145145 241.775635
37.706940 243.722400 34.500015 241.607544
35.094890 243.629800 31.887779 241.407700
32.472950 243.489000 29.281292 241.189163
29.851950 243.348200 26.701845 240.973022
27.264200 243.258500 24.158634 240.791382
24.724050 243.174900 21.649529 240.641357
22.210390 243.091000 19.170311 240.502106
19.736330 242.979500 16.694775 240.316345
17.311070 242.850400 14.290525 240.119308
14.901790 242.682800 11.919937 239.887970
12.542000 242.455300 9.566385 239.622635
10.258080 242.218100 7.289665 239.349075
8.077281 241.997300 5.123180 239.088837
6.032146 241.805400 3.076540 238.858337
4.114420 241.647100 1.158497 238.663406
2.325909 241.523700 -0.636127 238.515900
0.684853 241.422100 -2.286436 238.392334
-0.804697 241.361800 -3.770762 238.310165
-2.147061 241.322400 -5.134454 238.259216
-3.335045 241.321100 -6.307493 238.226471
-4.362696 241.347700 -7.316559 238.221909
-5.195608 241.375100 -8.147011 238.231079
-5.787975 241.411000 -8.737062 238.253983
-6.148943 241.435700 -9.093705 238.260727
-6.347609 241.453500 -9.286106 238.267487
-6.441034 241.457400 -9.369442 238.264114
-6.441440 241.456100 -9.368709 238.267044
-6.439927 241.462600 -9.366390 238.267914
-6.440440 241.482800 -9.374828 238.268082
-6.480607 241.498100 -9.417063 238.270447
-6.560264 241.507700 -9.495422 238.268799
-6.742488 241.516100 -9.676302 238.276627
-7.099251 241.541700 -10.035555 238.296738
-7.627305 241.597900 -10.545515 238.353119
-8.293171 241.705000 -11.217142 238.461761
-9.050632 241.890800 -11.974689 238.644135
-9.863606 242.207700 -12.741318 238.935272
-10.727660 242.661600 -13.594803 239.367905
-11.566170 243.294100 -14.425705 239.990021
-12.317670 244.121800 -15.179176 240.811615
-12.969870 245.164100 -15.863548 241.865112
-13.469580 246.441200 -16.372536 243.159393
-13.828110 247.877300 -16.755486 244.656464
-14.057520 249.558000 -16.993874 246.338989
-14.176210 251.405900 -17.147356 248.179855
-14.264690 253.405000 -17.254551 250.169296
-14.328890 255.544200 -17.344486 252.303024
-14.399650 257.837600 -17.442978 254.557526
-14.471380 260.263200 -17.532997 256.955597
-14.561590 262.807800 -17.665644 259.465149
-14.652820 265.491700 -17.795549 262.129059
-14.739760 268.254400 -17.912594 264.867188
-14.858340 271.134800 -18.066326 267.705688
-14.973530 274.134700 -18.216393 270.660736
-15.069550 277.175700 -18.364063 273.695343
-15.175210 280.293600 -18.522724 276.799713
-15.297230 283.446400 -18.694717 279.925751
-15.436590 286.619600 -18.906694 283.060242
-15.585790 289.810900 -19.119442 286.216736
-15.736240 292.959600 -19.348019 289.363953
-15.885310 296.071900 -19.570787 292.441772
-16.046970 299.165600 -19.792906 295.516266
-16.219660 302.246300 -20.014526 298.578156
-16.389710 305.314100 -20.239237 301.611786
-16.559690 308.378300 -20.455832 304.651215
-16.709350 311.458900 -20.661497 307.690948
-16.839300 314.563300 -20.862581 310.787048
-16.972270 317.709200 -21.057411 313.893402
-17.118400 320.893100 -21.267284 317.075745
-17.281700 324.127200 -21.472687 320.296234
-17.454380 327.375400 -21.673811 323.534119
-17.614190 330.593900 -21.871147 326.734467
-17.775860 333.802500 -22.067755 329.923279
-17.959610 336.995200 -22.250704 333.081177
-18.128440 340.134300 -22.438122 336.179901
-18.295640 343.191900 -22.636986 339.215546
-18.453080 346.169000 -22.839676 342.160278
-18.632610 349.056200 -23.046028 345.012451
-18.817710 351.841100 -23.261190 347.783386
-18.986450 354.488400 -23.458054 350.430389
-19.124870 356.982400 -23.629082 352.901794
-19.220930 359.289500 -23.769188 355.219452
-19.310450 361.377700 -23.892841 357.311462
-19.390050 363.254000 -23.999113 359.203186
-19.458340 364.945900 -24.097654 360.894104
-19.552440 366.417400 -24.226656 362.370026
-19.716910 367.755600 -24.388636 363.727081
-19.992010 369.044200 -24.676800 364.984741
-20.413100 370.267200 -25.130608 366.169739
-20.994480 371.390500 -25.723633 367.238739
-21.767920 372.412000 -26.403748 368.147705
-22.740410 373.381300 -27.356567 369.066467
-23.931400 374.199500 -28.530609 369.850464
-25.311900 374.775400 -29.928238 370.389435
-26.849130 375.102700 -31.510609 370.689728
-28.541320 375.088500 -33.213749 370.649109
-30.331610 374.930400 -34.976868 370.448547
-32.178580 374.714400 -36.808174 370.189056
-34.124600 374.519300 -38.743870 369.962158
-36.192510 374.312000 -40.807755 369.723877
-38.360350 374.089000 -42.956478 369.472229
-40.674090 373.890900 -45.258766 369.244568
-43.125350 373.717400 -47.713943 369.024902
-45.733890 373.570600 -50.309509 368.823120
-48.422050 373.450300 -52.987633 368.643677
-51.153580 373.336900 -55.722870 368.474060
-53.919190 373.217300 -58.496048 368.294495
-56.668140 373.082400 -61.244896 368.098419
-59.399580 372.949600 -63.974907 367.898987
-62.128270 372.797100 -66.699272 367.681122
-64.827270 372.599800 -69.402557 367.410492
-67.509200 372.402100 -72.092888 367.148224
-70.186170 372.208700 -74.764824 366.881256
-72.845340 372.028400 -77.429070 366.631531
-75.495320 371.886100 -80.082191 366.423401
-78.116050 371.787300 -82.724045 366.275208
-80.717850 371.718500 -85.350159 366.162872
-83.311780 371.694800 -87.957169 366.081482
-85.842710 371.709900 -90.488098 366.041412
-88.215690 371.734100 -92.866249 366.014160
-90.402660 371.755300 -95.057480 365.987823
-92.376860 371.747200 -97.036087 365.941528
-94.181170 371.700000 -98.845062 365.857758
-95.954170 371.610100 -100.638451 365.719208
-97.692900 371.484000 -102.379776 365.546173
-99.428840 371.332400 -104.126381 365.343872
-101.212400 371.150100 -105.903793 365.130310
-103.049100 370.929900 -107.737244 364.856689
-104.963700 370.712900 -109.656479 364.608368
-106.999900 370.469800 -111.693893 364.324219
-109.147400 370.218500 -113.837944 364.030060
-111.413900 369.990500 -116.085388 363.764801
-113.850400 369.787500 -118.513596 363.518646
-116.381500 369.587900 -121.031410 363.267456
-119.079000 369.402000 -123.713005 363.040833
-121.870500 369.312400 -126.509659 362.896790
-124.798000 369.251000 -129.430649 362.817627
-127.749200 369.222000 -132.357712 362.740082
-130.738100 369.191300 -135.326569 362.667694
-133.724900 369.151000 -138.311249 362.574677
-136.693200 369.116700 -141.272720 362.468994
-139.640200 369.026200 -144.202896 362.310150
-142.545400 368.909400 -147.124176 362.130341
-145.452900 368.800400 -150.038513 361.960632
-148.326000 368.653700 -152.915665 361.734283
-151.184500 368.483700 -155.781403 361.502960
-154.029500 368.306700 -158.613846 361.256134
-156.834000 368.110800 -161.423615 361.007446
-159.601600 367.929800 -164.178741 360.780762
-162.352900 367.769700 -166.934860 360.562927
-165.025300 367.622800 -169.590057 360.362976
-167.587100 367.473600 -172.143860 360.175171
-169.989700 367.347100 -174.546555 360.012390
-172.229800 367.237400 -176.772034 359.859680
-174.255000 367.118500 -178.812775 359.701508
-176.113500 366.976300 -180.647278 359.517578
-177.851600 366.825100 -182.396622 359.327728
-179.482200 366.619100 -184.024384 359.072266
-181.041000 366.257200 -185.564957 358.656860
-182.506900 365.700900 -186.970169 358.105774
-183.830900 364.922700 -188.199203 357.361420
-184.967900 363.901900 -189.308136 356.340546
-185.900600 362.645300 -190.205933 355.050140
-186.575700 361.163300 -190.819260 353.583313
-186.999600 359.497900 -191.230408 351.914581
-187.152300 357.675600 -191.349594 350.126556
-187.206000 355.773500 -191.363373 348.236420
-187.197400 353.800900 -191.322647 346.266663
-187.078300 351.712900 -191.166565 344.195801
-186.904300 349.515700 -190.950958 341.991425
-186.700200 347.199500 -190.715317 339.667938
-186.441500 344.761700 -190.410736 337.224792
-186.138100 342.245600 -190.091965 334.710632
-185.836200 339.600700 -189.754242 332.054016
-185.558800 336.870000 -189.420258 329.321808
-185.300200 334.088400 -189.104370 326.530212
-185.053400 331.295700 -188.807037 323.727692
-184.825700 328.513100 -188.524582 320.934937
-184.626700 325.706700 -188.279297 318.133606
-184.418100 322.895600 -188.016861 315.341553
-184.219300 320.049800 -187.769730 312.499084
-184.077900 317.187100 -187.582230 309.632080
-183.933200 314.300800 -187.377243 306.739532
-183.761600 311.460200 -187.152878 303.915070
-183.601800 308.616200 -186.937836 301.079742
-183.458100 305.794900 -186.728516 298.280029
-183.343100 303.000200 -186.554062 295.495209
-183.261300 300.211900 -186.387299 292.699066
-183.178800 297.450000 -186.224945 289.907318
-183.090500 294.684900 -186.059677 287.143646
-182.927300 291.908300 -185.821213 284.355621
-182.766600 289.099200 -185.590057 281.504852
-182.613800 286.267300 -185.356430 278.669006
-182.441900 283.385600 -185.111038 275.777527
-182.300400 280.490600 -184.895386 272.875824
-182.149900 277.557000 -184.699768 269.941132
-182.001400 274.627800 -184.496475 266.977722
-181.823500 271.689000 -184.254562 264.010254
-181.638500 268.767800 -184.009583 261.062866
-181.424600 265.787800 -183.742172 258.075378
-181.219800 262.838200 -183.465790 255.099899
-181.009300 259.844900 -183.187515 252.105331
-180.770400 256.828000 -182.887115 249.090195
-180.561000 253.860400 -182.615097 246.135620
-180.372700 250.908200 -182.350403 243.147476
-180.191000 247.979500 -182.100128 240.231827
-180.025600 245.104800 -181.870392 237.380310
-179.890000 242.301100 -181.668030 234.555786
-179.765100 239.629200 -181.481796 231.868011
-179.603400 237.077700 -181.268173 229.312683
-179.486600 234.610600 -181.091461 226.828415
-179.426200 232.293500 -180.984909 224.498917
-179.384800 230.153000 -180.889496 222.347549
-179.372900 228.203000 -180.828690 220.384888
-179.353200 226.445600 -180.762665 218.613220
-179.284500 224.889700 -180.657440 217.064713
-179.159500 223.520400 -180.507324 215.669312
-178.892900 222.222300 -180.190857 214.424225
-178.440800 221.019500 -179.703064 213.242126
-177.799300 219.912400 -179.066559 212.243698
-176.993100 218.868700 -178.237091 211.217850
-175.953700 217.908600 -177.153503 210.228317
-174.646400 217.098800 -175.826950 209.385986
-173.037500 216.423500 -174.268509 208.728165
-171.242400 215.987700 -172.492844 208.328766
-169.251700 215.748100 -170.589172 208.155396
-167.160900 215.651300 -168.584290 208.125458
-164.983800 215.579200 -166.437469 208.140671
-162.753200 215.542200 -164.231216 208.177094
-160.419600 215.517400 -161.910110 208.253296
-157.986900 215.494400 -159.516693 208.318497
-155.493900 215.476600 -157.041504 208.418427
-152.924600 215.528800 -154.483093 208.545441
-150.250300 215.556200 -151.834808 208.677490
-147.567100 215.656900 -149.126358 208.827637
-144.855900 215.751900 -146.413467 209.035049
-142.145800 215.896800 -143.722275 209.271057
-139.455100 216.087400 -141.041367 209.569138
-136.768400 216.330800 -138.373657 209.896454
-134.103700 216.562300 -135.744766 210.213058
-131.505400 216.803000 -133.136292 210.527206
-128.992800 217.018200 -130.616806 210.797577
-126.584900 217.191000 -128.227310 211.045700
-124.357100 217.330100 -125.984940 211.252151
-122.326100 217.418900 -123.935860 211.391815
-120.463500 217.466200 -122.057732 211.474503
-118.653600 217.497200 -120.222992 211.529419
-116.849600 217.495900 -118.412399 211.574219
-115.067800 217.514000 -116.616219 211.621826
-113.324000 217.535300 -114.852020 211.658188
-111.616000 217.623100 -113.145096 211.781219
-109.927700 217.875300 -111.455399 212.029037
-108.290900 218.301300 -109.834106 212.424622
-106.749500 218.945400 -108.324982 213.069458
-105.349200 219.793800 -106.919350 213.912720
-104.115500 220.834900 -105.723770 214.932465
-103.036000 222.051200 -104.714203 216.117493
-102.179100 223.400100 -103.894020 217.483826
-101.543200 224.848700 -103.317757 218.900101
-101.115700 226.383800 -102.913422 220.371017
-100.830600 227.968600 -102.658463 221.880615
-100.531100 229.501100 -102.363235 223.438889
-100.252100 231.017900 -102.098770 224.930664
-99.883990 232.463500 -101.718643 226.370789
-99.425550 233.824100 -101.232735 227.677399
-98.775880 234.872900 -100.601997 228.724060
-98.086100 235.806300 -99.903290 229.652740
-97.174270 236.468700 -98.979652 230.346313
-96.254150 236.931100 -98.006546 230.864197
-95.283150 237.358800 -96.994873 231.293976
-94.185080 237.674800 -95.827835 231.609177
-92.955310 237.898800 -94.539902 231.836044
-91.596850 238.102700 -93.141647 232.049454
-90.074690 238.248300 -91.582298 232.202484
-88.387450 238.391700 -89.854370 232.367844
-86.486290 238.540100 -87.982414 232.548019
-84.443490 238.650800 -85.976967 232.732697
-82.253860 238.746800 -83.826965 232.918152
-79.940140 238.872300 -81.560303 233.091675
-77.539590 239.011100 -79.206642 233.254150
-75.087440 239.150700 -76.786026 233.402328
-72.574930 239.313900 -74.281128 233.552368
-69.991910 239.446400 -71.688339 233.700363
-67.351620 239.548800 -69.051552 233.842010
-64.666360 239.657700 -66.420418 234.018478
-61.998030 239.808800 -63.792923 234.218643
-59.311750 239.952600 -61.169403 234.433746
-56.701950 240.109100 -58.603676 234.655243
-54.151130 240.267600 -56.069740 234.867462
-51.625940 240.427100 -53.552746 235.086319
-49.127390 240.564300 -51.081200 235.299377
-46.665870 240.712700 -48.663284 235.521637
-44.240570 240.886300 -46.266747 235.745834
-41.878960 241.088900 -43.899769 235.988663
-39.649020 241.312800 -41.674988 236.224045
-37.552430 241.539400 -39.575039 236.461624
-35.488740 241.743100 -37.509361 236.697861
-33.456700 241.939000 -35.484039 236.901077
-31.533090 242.124800 -33.545483 237.087158
-29.764560 242.287900 -31.768570 237.241074
-28.172420 242.408100 -30.163799 237.356812
-26.747170 242.468900 -28.733681 237.423172
-25.460260 242.473300 -27.441256 237.429474
-24.318710 242.437400 -26.304468 237.403473
-23.324200 242.322300 -25.333466 237.325775
-22.483780 242.186900 -24.497913 237.226105
-21.843230 242.069500 -23.874121 237.127487
-21.357270 241.937100 -23.386600 237.008698
-20.874950 241.791000 -22.905251 236.859940
-20.410090 241.641000 -22.432144 236.702759
-19.938580 241.453200 -21.991379 236.546814
-19.330890 241.150500 -21.378159 236.250244
-18.603550 240.674100 -20.662994 235.805283
-17.817550 240.000300 -19.883240 235.204132
-17.047940 239.130000 -19.085052 234.337189
-16.371440 238.041100 -18.376396 233.233429
-15.819140 236.731500 -17.835114 231.882904
-15.431720 235.164300 -17.441406 230.319077
-15.160930 233.366900 -17.160767 228.530151
-14.985430 231.359800 -16.972328 226.540756
-14.879450 229.166100 -16.846554 224.333038
-14.834570 226.783800 -16.774553 221.947800
-14.805910 224.227300 -16.694378 219.420303
-14.776150 221.503700 -16.612692 216.699890
-14.726190 218.625200 -16.507551 213.835007
-14.646810 215.602400 -16.372633 210.841156
-14.509690 212.459600 -16.196815 207.749680
-14.353480 209.201300 -15.983617 204.513123
-14.179740 205.869600 -15.764759 201.211136
-13.962380 202.478800 -15.504152 197.851913
-13.739120 199.045100 -15.232582 194.445496
-13.514930 195.572200 -14.957175 190.991302
-13.275440 192.054900 -14.675642 187.506088
-13.052000 188.499600 -14.421972 183.976578
-12.854570 184.884700 -14.173257 180.375244
-12.675140 181.220200 -13.940795 176.735092
-12.508030 177.502000 -13.732265 173.023041
-12.341190 173.718700 -13.504654 169.235519
-12.175010 169.898000 -13.299174 165.420471
-12.018250 166.028100 -13.092125 161.541916
-11.841350 162.134100 -12.875503 157.682297
-11.655180 158.220500 -12.641090 153.744156
-11.466580 154.287300 -12.402042 149.830841
-11.281310 150.320000 -12.159552 145.945923
-11.057620 146.379100 -11.907295 142.066986
-10.815240 142.443600 -11.644089 138.219131
-10.570550 138.517900 -11.367796 134.366653
-10.333980 134.639100 -11.091627 130.547089
-10.123240 130.785800 -10.809923 126.769890
-9.914350 127.027500 -10.529911 123.020836
-9.696148 123.395700 -10.257814 119.435051
-9.493383 119.914400 -10.002915 115.984016
-9.310280 116.607700 -9.793333 112.700417
-9.151332 113.442300 -9.594041 109.603706
-9.017561 110.482000 -9.422747 106.668816
-8.888960 107.744800 -9.267557 103.976952
-8.774269 105.222900 -9.133873 101.508881
-8.679794 102.918000 -9.006290 99.253151
-8.504861 100.812800 -8.805144 97.215828
-8.163715 98.919720 -8.452574 95.385902
-7.618518 97.243660 -7.901007 93.765480
-6.858427 95.725240 -7.150774 92.329185
-5.899838 94.392380 -6.212658 91.063629
-4.759829 93.253900 -5.113148 89.975922
-3.450087 92.348760 -3.818775 89.171013
-1.973871 91.691730 -2.383503 88.567261
-0.436803 91.261860 -0.967461 88.219360
1.138073 91.026340 0.608691 88.050598
2.751248 90.881970 2.168882 87.974030
4.431705 90.766140 3.817561 87.932556
6.211745 90.683570 5.585167 87.921303
8.081090 90.578530 7.434324 87.891930
10.076580 90.469280 9.421638 87.861717
12.205890 90.365360 11.556738 87.827057
14.489810 90.290310 13.827147 87.829842
16.910510 90.321490 16.237385 87.921082
19.453620 90.459650 18.765648 88.116058
22.045730 90.671110 21.365017 88.373154
24.644280 90.895340 23.981928 88.645905
27.207850 91.064010 26.572012 88.857613
29.764780 91.130150 29.140167 88.960289
32.287690 91.085550 31.682781 88.963928
34.803420 90.937800 34.205933 88.881172
37.325120 90.728940 36.737400 88.732941
39.896170 90.508470 39.310097 88.573448
42.547960 90.289960 41.983421 88.426651
45.244630 90.097810 44.686302 88.296982
47.943020 89.903610 47.381119 88.170349
50.617990 89.629730 50.050945 87.975540
53.252150 89.185630 52.701977 87.603950
55.814150 88.557720 55.244553 87.054741
58.313300 87.791630 57.730873 86.348686
60.805470 86.920740 60.238419 85.532478
63.322020 85.994100 62.753517 84.662865
65.833720 85.055040 65.255463 83.786285
68.406220 84.080780 67.810989 82.878036
70.998610 83.045350 70.408356 81.899002
73.578520 81.879280 73.002182 80.789749
76.170160 80.586970 75.590599 79.554169
78.819830 79.219290 78.248451 78.250786
81.480420 77.842690 80.894913 76.929893
84.108690 76.469870 83.508575 75.631676
86.695220 75.055290 86.099236 74.288383
89.188920 73.556030 88.601227 72.852066
91.573040 71.968490 90.991508 71.321609
93.850380 70.285940 93.281410 69.704445
96.020560 68.521450 95.462662 68.010056
98.103890 66.740880 97.566559 66.289650
100.107700 65.034010 99.595825 64.628777
101.996900 63.459780 101.501854 63.122711
103.764900 62.070330 103.289062 61.773384
105.408600 60.801050 104.942780 60.546257
107.003200 59.530310 106.562454 59.321754
108.589500 58.247390 108.145317 58.091057
110.134700 56.970520 109.702881 56.836475
111.717500 55.637520 111.296173 55.556545
113.353400 54.247110 112.953346 54.207371
115.077800 52.831180 114.679138 52.836826
116.904200 51.439420 116.514786 51.498005
118.836800 50.054850 118.449051 50.157009
120.853600 48.602090 120.453644 48.756317
122.938000 47.083700 122.585167 47.271809
125.092700 45.485300 124.749908 45.719189
127.330000 43.820780 126.989479 44.117287
129.637600 42.087830 129.311005 42.445057
131.967100 40.344760 131.661072 40.733776
134.297900 38.609850 133.999008 39.051022
136.621900 36.849050 136.337814 37.350105
138.949900 35.131110 138.690216 35.679020
141.293500 33.464730 141.045471 34.041397
143.603900 31.795640 143.404297 32.400040
145.871800 30.121580 145.687836 30.761559
148.133300 28.418200 147.952942 29.103779
150.347600 26.750990 150.164658 27.496811
152.506100 25.137140 152.344772 25.943127
154.521200 23.603510 154.377563 24.459892
156.409800 22.104300 156.274567 23.017822
158.102600 20.729550 157.996155 21.676888
159.605700 19.470090 159.516602 20.476685
161.034400 18.328640 160.942505 19.376717
162.527500 17.369930 162.418442 18.498116
164.102000 16.690040 163.972153 17.840176
165.725700 16.231240 165.593399 17.409512
167.465400 15.980230 167.319458 17.186968
169.275300 15.912810 169.118683 17.137184
171.157200 15.957740 170.968521 17.173687
173.098700 15.972680 172.905090 17.184624
175.120500 15.945180 174.903717 17.159441
177.167200 15.872150 176.946182 17.096092
179.305300 15.756280 179.068848 16.997200
181.477000 15.604010 181.226151 16.856613
183.703700 15.412020 183.437622 16.678776
185.980700 15.238130 185.700821 16.524052
188.280500 15.072990 188.005112 16.381046
190.577500 14.896800 190.311478 16.223866
192.894300 14.714610 192.645340 16.086765
195.244200 14.510220 194.994553 15.925516
197.633500 14.283820 197.376755 15.745110
200.090000 14.030130 199.827530 15.531765
202.592100 13.785300 202.304169 15.311905
205.104900 13.534110 204.820999 15.098381
207.640700 13.310070 207.345718 14.918610
210.148900 13.111090 209.846695 14.767016
212.697300 12.915740 212.411728 14.606966
215.224700 12.737830 214.937271 14.458220
217.808000 12.513180 217.524567 14.260126
220.389500 12.282700 220.102264 14.063366
223.037500 12.068550 222.751373 13.874633
225.699900 11.872960 225.408875 13.710020
228.380800 11.657570 228.093384 13.525293
231.063800 11.400770 230.776443 13.306242
233.768800 11.157120 233.495026 13.116354
236.452700 10.908570 236.187714 12.917025
239.115400 10.628320 238.859802 12.672350
241.756200 10.390980 241.517075 12.463146
244.376200 10.177670 244.179230 12.257357
246.942400 9.977031 246.780975 12.084156
249.503100 9.796410 249.383423 11.937443
251.962400 9.616742 251.869064 11.795968
254.329800 9.452561 254.229965 11.661613
256.557200 9.297183 256.444611 11.549558
258.681500 9.140396 258.574158 11.425177
260.487900 8.870715 260.593689 11.264820
262.171000 8.558198 262.496277 11.045137
263.852900 8.246051 264.293365 10.756611
265.533700 7.934305 265.915466 10.436665
267.212200 7.623220 267.356873 10.105202
268.719700 7.309828 268.607025 9.802200
269.768600 7.040605 269.661865 9.553596
270.654800 6.869143 270.534088 9.410339
271.433400 6.780906 271.327240 9.335289
272.188300 6.798910 272.079407 9.384076
272.939800 6.915555 272.823242 9.507475
273.674100 7.139266 273.496674 9.739540
274.435500 7.486302 274.239502 10.117668
275.206100 8.021776 274.975494 10.626060
275.841400 9.123003 275.645813 11.410004
276.399700 10.403880 276.292877 12.387741
276.938800 11.672800 276.801147 13.558464
277.461700 12.927990 277.200836 14.947197
277.969300 14.165350 277.617981 16.528831
278.402000 15.600760 277.949554 18.335461
278.675500 17.540870 278.167664 20.317802
278.887100 19.689590 278.327972 22.493855
279.050300 22.004090 278.441376 24.834648
279.153100 24.513040 278.524048 27.335115
279.310000 27.147550 278.647095 29.992409
279.492000 29.910160 278.800354 32.774323
279.682000 32.722430 278.975250 35.608467
279.891600 35.618700 279.182556 38.497803
280.117300 38.587970 279.390808 41.473404
280.340800 41.563150 279.598114 44.463440
280.553900 44.602790 279.788422 47.494186
280.757500 47.669170 279.970856 50.542965
280.966700 50.717990 280.151215 53.568336
281.189800 53.763250 280.340698 56.580791
281.387500 56.840290 280.536102 59.617790
281.609200 59.915920 280.732605 62.654640
281.892800 62.993940 280.988647 65.673203
282.168100 66.061440 281.236481 68.716530
282.386200 69.137860 281.427490 71.760872
282.581400 72.205720 281.603027 74.772224
282.741100 75.260420 281.766602 77.816322
282.945600 78.300480 281.949738 80.838043
283.185400 81.322840 282.148315 83.835579
283.441700 84.363870 282.367950 86.861290
283.683800 87.353300 282.577881 89.849609
283.940100 90.352150 282.807831 92.862259
284.231300 93.355260 283.082550 95.878990
284.541900 96.345100 283.375610 98.884415
284.938000 99.320580 283.751251 101.855850
285.395000 102.259500 284.183716 104.791321
285.844100 105.163200 284.604034 107.700958
286.321900 108.053700 285.033264 110.558304
286.793800 110.912200 285.495178 113.440475
287.216900 113.736500 285.882233 116.239517
287.630900 116.518500 286.262451 119.016693
288.058700 119.219300 286.655029 121.738708
288.448800 121.780900 286.995026 124.327713
288.846400 124.280600 287.356262 126.812698
289.285300 126.630100 287.755066 129.184250
289.743500 128.835400 288.184784 131.389328
290.213000 130.821100 288.630463 133.377747
290.683600 132.626000 289.072205 135.197800
291.166200 134.262000 289.518341 136.846085
291.580800 135.832500 289.922516 138.434464
291.961700 137.426400 290.269440 140.026855
292.194000 139.020100 290.491669 141.617905
292.237900 140.604400 290.508942 143.188568
291.762300 142.158200 290.286896 144.772522
290.662500 143.578100 289.808563 146.297089
289.562400 144.964600 289.026550 147.784592
288.468100 146.318100 287.942993 149.127640
287.386000 147.641500 286.573944 150.341629
286.399400 148.976200 284.965210 151.356857
284.571900 149.919400 283.156952 152.260666
282.598600 150.835500 281.186096 153.174026
280.553400 151.805400 279.135925 154.135620
278.418500 152.847000 276.990204 155.155365
276.187000 153.972900 274.750854 156.246750
273.848800 155.201700 272.415222 157.438202
271.423500 156.516000 269.969177 158.717346
268.909500 157.880900 267.439758 160.032532
266.393100 159.278800 264.898560 161.378281
263.831700 160.712200 262.357727 162.796753
261.343100 162.229400 259.866638 164.278122
258.927700 163.839100 257.426056 165.850739
256.567900 165.515700 255.049622 167.476868
254.220600 167.219800 252.689728 169.135239
251.812400 168.915300 250.262939 170.787704
249.342900 170.564800 247.757004 172.365631
246.829700 172.171100 245.219452 173.919968
244.268800 173.728400 242.633408 175.433746
241.687800 175.211100 240.036713 176.863571
239.066600 176.646400 237.414291 178.239273
236.435100 178.027700 234.740845 179.563385
233.828600 179.391700 232.113312 180.871887
231.251200 180.752600 229.510742 182.184692
228.707700 182.113100 226.963318 183.492538
226.214900 183.484500 224.454086 184.817551
223.769900 184.811700 221.978363 186.108887
221.367300 186.107100 219.564896 187.345520
219.059200 187.344000 217.234787 188.540558
216.843700 188.521200 215.008438 189.673264
214.730300 189.612200 212.886871 190.728043
212.761600 190.600600 210.910431 191.681015
210.934100 191.518800 209.060379 192.567154
209.293500 192.364900 207.402008 193.375031
207.831400 193.113300 205.915985 194.097565
206.576700 193.798300 204.645523 194.750275
205.539900 194.395600 203.580093 195.335770
204.729700 194.901600 202.755005 195.819031
204.122300 195.321500 202.136810 196.235229
203.546300 195.745200 201.549240 196.638306
203.042900 196.282400 200.981705 197.062469
202.515700 196.788100 200.414688 197.478088
201.945400 197.325500 199.819519 197.967941
201.195300 198.000000 199.045273 198.603424
200.227400 198.808500 198.042694 199.397888
199.076800 199.760000 196.873367 200.322052
197.730700 200.791700 195.516510 201.319794
196.253000 201.872000 194.036850 202.363281
194.623700 202.967100 192.396362 203.413116
192.619800 204.117900 190.617615 204.502228
190.615300 205.269000 188.692764 205.585815
188.611600 206.419500 186.676514 206.699463
186.608000 207.569800 184.586594 207.813187
184.604500 208.720100 182.410950 208.955536
182.452000 209.923800 180.161087 210.149185
180.162600 211.202300 177.857361 211.388611
177.855000 212.473600 175.511230 212.652985
175.554100 213.761200 173.194092 213.907745
173.260900 215.031900 170.890137 215.140900
171.006800 216.296100 168.606659 216.375427
168.770100 217.549300 166.347061 217.588440
166.635700 218.725900 164.188873 218.732010
164.640400 219.823800 162.167267 219.788986
162.800000 220.792300 160.308624 220.715027
161.109900 221.618400 158.606049 221.503525
159.510500 222.334400 156.997681 222.182205
157.845500 222.860900 155.319794 222.697708
156.181300 223.202900 153.695465 222.989578
154.511100 223.364000 152.038651 223.104721
152.786900 223.350100 150.314590 223.044968
150.969000 223.245000 148.486801 222.899704
149.048400 223.060600 146.556091 222.694427
146.999200 222.886700 144.480896 222.501556
144.811400 222.709100 142.290283 222.296356
142.452400 222.507300 139.905243 222.073792
139.985700 222.307100 137.424301 221.841995
137.342300 222.162600 134.759796 221.664200
134.568800 222.029900 131.996307 221.499023
131.695500 221.932100 129.112946 221.356705
128.711000 221.803000 126.127388 221.188828
125.647300 221.650100 123.039841 221.003357
122.615400 221.500000 120.014412 220.819611
119.543800 221.309500 116.935402 220.595215
116.511500 221.102100 113.891365 220.357529
113.516800 220.903600 110.883507 220.121338
110.545200 220.708000 107.901932 219.896729
107.636200 220.532300 104.987473 219.685516
104.717200 220.373700 102.062859 219.498550
101.840600 220.218600 99.182907 219.310211
98.994700 220.067300 96.330322 219.135498
96.181550 219.895100 93.529221 218.928604
93.438620 219.686500 90.790977 218.696289
90.855460 219.500600 88.170334 218.452682
88.388610 219.326300 85.689461 218.215164
86.123680 219.157800 83.405472 218.002899
84.049970 219.045300 81.308983 217.861450
82.152880 219.016300 79.386024 217.792648
80.388010 219.115100 77.622742 217.867889
78.664760 219.366200 75.872269 218.076584
77.016290 219.796000 74.162476 218.413635
75.461480 220.446100 72.675690 219.080170
74.069090 221.411200 71.214874 220.004730
72.862850 222.604000 70.006493 221.169128
71.841850 224.015300 68.975731 222.548126
71.023420 225.699900 68.136322 224.169373
70.421670 227.540000 67.489197 225.985352
70.034550 229.518400 67.092041 227.957031
69.813760 231.610700 66.845497 230.019791
69.670080 233.800300 66.697250 232.228394
69.603690 236.022800 66.612076 234.494766
69.545910 238.342600 66.502472 236.833969
69.499400 240.719700 66.395782 239.240540
69.469400 243.192800 66.313950 241.699722
69.384530 245.776400 66.180809 244.266052
69.232580 248.432800 65.984322 246.930786
69.094640 251.146000 65.809181 249.615189
68.950990 253.982700 65.616249 252.449738
68.811860 256.917100 65.424889 255.369095
68.650580 259.920100 65.260017 258.334076
68.462200 263.082100 65.067558 261.443573
68.288560 266.252800 64.863968 264.571289
68.096650 269.464100 64.635513 267.743988
67.903830 272.683000 64.417336 270.936646
67.721470 275.872400 64.194939 274.106934
67.525460 279.043300 63.956028 277.267670
67.317450 282.219100 63.709930 280.386902
67.111650 285.343500 63.467278 283.492035
66.901350 288.508400 63.243935 286.592957
66.688140 291.652400 63.011265 289.661896
66.478800 294.782200 62.774521 292.750580
66.289190 297.878200 62.581543 295.757324
66.078070 300.944500 62.342762 298.803070
65.826270 304.008500 62.079536 301.831787
65.573590 307.018200 61.813660 304.790588
65.274710 310.032300 61.503567 307.758057
64.924470 313.030600 61.142986 310.713501
64.540610 315.995300 60.725697 313.672028
64.089990 318.947600 60.253948 316.550690
63.671720 321.903700 59.818336 319.466034
63.304260 324.895900 59.433437 322.412354
62.967580 327.898100 59.078545 325.372742
62.699080 330.909200 58.789894 328.343811
62.553590 333.929000 58.566345 331.353577
62.402330 336.963400 58.330925 334.392639
62.266570 340.021300 58.128559 337.437286
62.116500 343.035800 57.930397 340.421478
61.993500 346.032900 57.762756 343.442108
61.866370 348.989100 57.595924 346.387360
61.760870 351.857800 57.438530 349.225830
61.679290 354.611700 57.298851 351.976654
61.586300 357.261400 57.159763 354.614868
61.550600 359.776900 57.083752 357.135498
61.577240 362.145700 57.069389 359.500793
61.603020 364.290800 57.060654 361.656128
61.628690 366.323100 57.057465 363.693848
61.649880 368.352400 57.048187 365.726746
61.624730 370.355800 56.976067 367.696686
61.511180 372.339500 56.831703 369.656525
61.271590 374.388200 56.542728 371.677124
60.966710 376.528400 56.186142 373.784393
60.637150 378.796200 55.817398 376.044983
60.324540 381.208000 55.460457 378.440704
60.065570 383.741300 55.160065 380.965973
59.884830 386.413700 54.938019 383.631195
59.789830 389.195600 54.805630 386.390442
59.765420 392.106700 54.711769 389.323395
59.766400 395.121300 54.636642 392.344452
59.728620 398.268800 54.523540 395.490814
59.673270 401.492900 54.403957 398.687500
59.575390 404.694600 54.238720 401.869446
59.425140 407.916600 54.036255 405.061829
59.267000 411.104300 53.817726 408.231445
59.084670 414.257800 53.582874 411.371490
58.913680 417.417100 53.373299 414.508148
58.748810 420.528100 53.162102 417.598450
58.574140 423.604200 52.956154 420.639893
58.437200 426.635400 52.761841 423.675720
58.286850 429.523300 52.570930 426.552551
58.117570 432.280500 52.362202 429.296967
57.924100 434.902000 52.124588 431.908875
57.663190 437.382700 51.826633 434.372131
57.368250 439.710400 51.514416 436.687012
57.036690 441.889000 51.152420 438.872559
56.656850 443.874800 50.746727 440.856567
56.323860 445.645400 50.398483 442.618011
56.148660 447.270100 50.205173 444.218689
56.616130 448.530800 50.272835 445.707825
57.333540 449.649800 50.593586 447.071869
58.025620 450.723300 51.186920 448.197754
58.683230 451.752100 52.022217 449.176086
59.300760 452.745900 53.028183 449.968262
60.051910 453.493100 54.122223 450.511230
61.232100 453.863600 55.344055 450.884949
62.575150 454.072200 56.663841 451.083984
64.075560 454.193600 58.149990 451.200928
65.729870 454.237800 59.795086 451.256866
67.536180 454.320400 61.581139 451.357269
69.481920 454.413600 63.513626 451.474396
71.568440 454.517900 65.577934 451.627380
73.783230 454.637300 67.783554 451.801849
76.158670 454.789800 70.132904 452.014160
78.646770 454.943100 72.604858 452.235565
81.225870 455.115600 75.168472 452.469238
83.916780 455.302300 77.840828 452.716553
86.702020 455.456700 80.618439 452.944702
89.526350 455.578300 83.427689 453.135468
92.412350 455.733700 86.275024 453.359436
95.328570 455.895400 89.164825 453.597687
98.249890 456.054300 92.077057 453.824097
101.184100 456.224200 95.001396 454.041931
104.093100 456.393100 97.918640 454.261505
106.998900 456.525600 100.799461 454.461517
109.897200 456.654500 103.675400 454.646667
112.749700 456.816600 106.511200 454.861603
115.610200 456.965500 109.364120 455.081635
118.400100 457.099300 112.139412 455.277069
121.145900 457.258900 114.885056 455.489349
123.876500 457.448100 117.599075 455.734985
126.583800 457.666500 120.309799 455.995422
129.241600 457.972700 122.924919 456.347443
131.877300 458.360200 125.539917 456.795074
134.472300 458.810900 128.112335 457.303192
137.047800 459.328100 130.666595 457.860779
139.578900 459.909300 133.176208 458.472290
142.082300 460.548100 135.661865 459.163086
144.536100 461.240400 138.118195 459.915955
146.935100 462.035700 140.497513 460.750580
149.323900 462.890800 142.865067 461.633850
151.645200 463.789700 145.168167 462.565247
153.953700 464.746000 147.444550 463.557251
156.216300 465.719100 149.688980 464.585358
158.442000 466.755000 151.886154 465.662354
160.610800 467.844100 154.032913 466.811798
162.721500 468.976400 156.106522 467.993286
164.765200 470.136200 158.124161 469.208435
166.772400 471.335900 160.081192 470.453674
168.632200 472.526000 161.905396 471.701233
170.346500 473.697400 163.584488 472.919403
171.909300 474.797000 165.117065 474.049316
173.302800 475.783300 166.497726 475.073578
174.556500 476.625400 167.765076 475.922607
175.656700 477.273900 168.879425 476.570923
176.667400 477.791400 169.909775 477.093658
177.693700 478.199200 170.935165 477.536682
178.769200 478.445200 172.024689 477.805847
179.820200 478.560500 173.064514 477.937531
180.911200 478.531600 174.179047 477.933044
182.068600 478.323700 175.336426 477.743256
183.262200 477.935100 176.560928 477.360992
184.488300 477.285200 177.815430 476.708771
185.759400 476.306800 179.137421 475.723450
187.077400 475.006900 180.485245 474.439758
188.478700 473.464500 181.901138 472.923065
189.953700 471.703500 183.416687 471.179321
191.518900 469.725200 185.008728 469.256531
193.208300 467.608400 186.731644 467.168274
195.017400 465.320900 188.565384 464.910583
196.863700 462.933100 190.433609 462.562164
198.729100 460.522700 192.337479 460.220245
200.614200 458.121400 194.249832 457.858337
202.510500 455.730200 196.173187 455.525421
204.411000 453.358300 198.115570 453.213654
206.321800 451.001000 200.050934 450.895447
208.222000 448.665100 201.984604 448.633820
210.114400 446.337900 203.902649 446.351318
211.976500 444.014500 205.795364 444.086243
213.836200 441.706600 207.679947 441.831512
215.683700 439.420500 209.571640 439.603516
217.555600 437.143300 211.469772 437.385254
219.471300 434.824100 213.427063 435.123016
221.450500 432.447100 215.459320 432.811646
223.466700 430.017100 217.531143 430.441467
225.486700 427.604100 219.596680 428.032135
227.506500 425.191500 221.677536 425.630859
229.526100 422.779100 223.731537 423.265381
231.545400 420.367100 225.776688 420.948273
233.564400 417.955300 227.818527 418.656860
235.559300 415.588300 229.830811 416.404297
237.436800 413.389000 231.747192 414.239136
238.780200 411.507400 233.515015 412.201447
239.937800 409.690800 235.088699 410.308105
241.095100 407.877000 236.424057 408.548676
242.251200 406.068000 237.475464 406.880707
243.408000 404.262500 238.210724 405.245605
244.011000 402.484000 238.607178 403.529694
244.001400 400.839200 238.640686 401.843719
243.616800 399.284000 238.287811 400.262634
242.890100 397.828700 237.590378 398.760895
241.873600 396.462000 236.620285 397.364288
240.631500 395.201500 235.392517 396.058777
239.221600 394.033800 234.001648 394.852325
237.618600 392.957600 232.400848 393.719818
235.793400 391.994800 230.569977 392.725586
233.764600 391.138800 228.535049 391.848999
231.526900 390.407500 226.288910 391.103271
229.101900 389.773400 223.843933 390.406067
226.502900 389.204300 221.218872 389.774597
223.725900 388.759000 218.427399 389.257935
220.797800 388.372500 215.491730 388.814575
217.710700 387.983400 212.384308 388.377869
214.530600 387.607200 209.187119 387.972443
211.281800 387.245500 205.948013 387.562378
207.989900 386.906600 202.661804 387.180054
204.658000 386.595500 199.320404 386.817657
201.286800 386.304300 195.949448 386.461243
197.918900 386.031200 192.580765 386.152710
194.555800 385.786300 189.208923 385.879028
191.207200 385.554600 185.873596 385.607971
187.886200 385.358400 182.547195 385.356354
184.599200 385.187900 179.272018 385.130005
181.348200 385.028900 176.007690 384.922028
178.125300 384.880300 172.781311 384.711853
174.940200 384.732200 169.603912 384.487274
171.787000 384.605200 166.468262 384.293701
168.667500 384.479200 163.377823 384.093536
165.610000 384.375800 160.342316 383.921600
162.651900 384.300900 157.404526 383.782379
159.841600 384.253100 154.607239 383.675079
157.212800 384.244100 151.992615 383.610168
154.757500 384.238100 149.549866 383.536682
152.465500 384.177300 147.261429 383.423981
150.349500 384.033300 145.175690 383.226501
148.462800 383.774700 143.335480 382.935181
146.861800 383.342900 141.764603 382.453247
145.493000 382.652100 140.476227 381.758423
144.342900 381.710300 139.343796 380.803955
143.476000 380.548800 138.510254 379.626404
142.885900 379.215000 137.964569 378.296326
142.512900 377.743300 137.612106 376.829529
142.317800 376.136600 137.453247 375.244873
142.188100 374.395800 137.362396 373.562866
142.147200 372.567400 137.346786 371.750885
142.122900 370.607400 137.350433 369.816132
142.117600 368.494900 137.374741 367.715820
142.130800 366.233800 137.427551 365.455200
142.204400 363.814600 137.544800 363.044800
142.299400 361.231000 137.680573 360.453491
142.415300 358.474700 137.851395 357.696564
142.582500 355.558100 138.092728 354.790619
142.739700 352.539000 138.330322 351.793671
142.891900 349.439100 138.515686 348.706116
143.064500 346.281300 138.760818 345.563324
143.227100 343.091000 138.978607 342.387665
143.425200 339.887400 139.237137 339.201782
143.616200 336.700500 139.486404 336.032715
143.795900 333.502200 139.714615 332.855743
144.005700 330.337500 139.970337 329.693665
144.230000 327.130600 140.208130 326.499756
144.419100 323.896200 140.412476 323.273804
144.587400 320.591100 140.620728 320.009460
144.754600 317.239000 140.830643 316.686279
144.941900 313.833000 141.049026 313.338745
145.157300 310.363000 141.297241 309.917755
145.368500 306.861100 141.532394 306.431976
145.569800 303.322100 141.763077 302.941284
145.779600 299.781500 141.997971 299.432251
145.995800 296.224300 142.237366 295.886963
146.232800 292.723700 142.513138 292.400513
146.466500 289.221500 142.780594 288.914032
146.685200 285.746000 143.063339 285.453094
146.893800 282.281200 143.322433 282.025269
147.103700 278.834100 143.599030 278.593719
147.309200 275.380000 143.846176 275.163116
147.469000 272.014900 144.057266 271.790192
147.644100 268.640500 144.271423 268.423981
147.828000 265.287400 144.517181 265.095734
148.018700 262.011300 144.753601 261.836273
148.191600 258.776500 144.953369 258.605896
148.362500 255.568000 145.152634 255.391235
148.542700 252.484800 145.367538 252.308960
148.699400 249.530100 145.553162 249.361359
148.855100 246.697000 145.739960 246.537598
149.012000 244.059600 145.940887 243.907974
149.177500 241.565300 146.159042 241.405701
149.354100 239.240800 146.372437 239.072540
149.518500 237.141100 146.577072 236.979691
149.688400 235.241100 146.775543 235.077774
149.831600 233.536700 146.937347 233.360031
149.906300 232.004900 147.053177 231.816116
149.838700 230.619900 147.015305 230.416977
149.635100 229.344100 146.838776 229.107925
149.241300 228.150200 146.460083 227.919800
148.716100 227.039600 145.951645 226.771194
148.000700 226.008200 145.250275 225.687317
147.075700 225.048900 144.352539 224.706970
145.937600 224.217300 143.245590 223.816147
144.564400 223.496400 141.909729 223.055573
143.010800 222.963900 140.381302 222.470184
141.316600 222.568700 138.699417 222.028488
139.454500 222.334500 136.857758 221.739365
137.425000 222.166300 134.818939 221.500275
135.205500 222.050100 132.692245 221.332275
132.804000 221.961500 130.320450 221.170395
130.267400 221.919300 127.784203 221.061096
127.508700 221.882500 125.000084 220.914581
124.622700 221.854300 122.123489 220.767609
121.664000 221.830100 119.185074 220.628845
118.657200 221.763300 116.157394 220.470810
115.641600 221.685500 113.159409 220.270615
112.627300 221.570300 110.159973 220.050430
109.673500 221.356100 107.195023 219.814713
106.754900 221.166500 104.277832 219.585388
103.815900 220.977200 101.337227 219.376556
100.933900 220.822800 98.471497 219.166916
98.075460 220.656000 95.601051 218.982452
95.253020 220.487500 92.794724 218.762405
92.486910 220.344500 90.043091 218.539764
89.875370 220.223200 87.450592 218.333633
87.458400 220.103100 85.037613 218.139877
85.308900 219.940400 82.864769 217.973099
83.404740 219.814900 80.952484 217.866623
81.811460 219.719400 79.334610 217.832230
80.386560 219.682400 77.881897 217.822601
79.003730 219.767200 76.493927 217.869019
77.660700 220.007600 75.160995 218.066284
76.371580 220.406400 73.874763 218.394119
75.155860 220.960300 72.679070 218.883316
74.011040 221.726500 71.511795 219.602173
72.923470 222.715600 70.402725 220.532471
71.978870 223.872400 69.427505 221.645111
71.184520 225.266700 68.639687 222.923248
70.559680 226.755300 68.014496 224.318298
70.106430 228.212400 67.546005 225.793121
69.780350 229.717400 67.216446 227.301865
69.611080 231.273600 67.043716 228.845108
69.507330 232.885000 66.934135 230.441284
69.413710 234.508900 66.819031 232.051910
69.343880 236.144900 66.738861 233.655655
69.165330 237.775100 66.550995 235.232925
68.850580 239.377200 66.234711 236.765686
68.411010 240.827300 65.730453 238.193329
67.727420 242.111200 65.002007 239.452484
66.803100 243.182900 64.049393 240.562744
65.701790 244.107800 62.919914 241.512573
64.448250 244.782200 61.678310 242.167114
63.080800 245.260000 60.285561 242.640427
61.580750 245.474700 58.790882 242.826630
60.021940 245.545100 57.252213 242.856216
58.373630 245.501300 55.628853 242.776016
56.557790 245.387700 53.841881 242.673065
54.575700 245.267600 51.888702 242.548141
52.422320 245.171900 49.757526 242.460175
50.087930 245.081900 47.419594 242.342422
47.581640 245.008900 44.914513 242.223511
44.918970 244.937600 42.258743 242.080811
42.122820 244.817200 39.435219 241.902008
39.164720 244.672400 36.469482 241.706070
36.057060 244.510700 33.351337 241.482803
32.840100 244.318200 30.134315 241.227066
29.595440 244.119000 26.873474 240.964462
26.356030 243.938500 23.636192 240.731323
23.136280 243.778100 20.403513 240.516037
19.923890 243.574600 17.176664 240.248215
16.771670 243.333700 14.016592 239.964005
13.661940 243.082500 10.923397 239.657104
10.666390 242.818300 7.955082 239.347168
7.814747 242.555200 5.127769 239.043900
5.139292 242.325200 2.467880 238.779694
2.679849 242.118700 0.023663 238.542740
0.450309 241.930700 -2.199944 238.330063
-1.528966 241.776000 -4.173360 238.150726
-3.228819 241.670700 -5.860375 238.022583
-4.618300 241.633500 -7.229734 237.968231
-5.727634 241.635600 -8.332459 237.958893
-6.594910 241.676300 -9.191003 237.991135
-7.316062 241.736500 -9.905025 238.045349
-7.999830 241.824600 -10.576590 238.135010
-8.668434 241.971800 -11.230343 238.283157
-9.310473 242.159800 -11.853130 238.458298
-10.040280 242.489600 -12.581856 238.769455
-10.900630 242.986700 -13.426323 239.226608
-11.788840 243.696900 -14.333733 239.903412
-12.605680 244.629900 -15.166931 240.811157
-13.325190 245.805400 -15.927422 241.979309
-13.876090 247.212100 -16.495392 243.432709
-14.262280 248.903900 -16.890446 245.152008
-14.456720 250.843200 -17.089954 247.086349
-14.534350 252.994100 -17.175982 249.249985
-14.597030 255.350200 -17.262093 251.619766
-14.667090 257.910700 -17.364651 254.170593
-14.735990 260.649600 -17.482470 256.906219
-14.849520 263.575900 -17.638586 259.830414
-14.957480 266.729800 -17.822699 262.963379
-15.059630 270.015600 -17.997158 266.237549
-15.182710 273.477200 -18.203756 269.674225
-15.303150 277.021400 -18.415594 273.190002
-15.440230 280.658500 -18.630070 276.803040
-15.590580 284.351600 -18.866127 280.457520
-15.764490 288.068200 -19.112579 284.112518
-15.946800 291.811700 -19.377054 287.839020
-16.099940 295.543400 -19.614107 291.566040
-16.260060 299.308400 -19.844788 295.304840
-16.425310 303.105800 -20.083782 299.080017
-16.590140 306.893300 -20.324078 302.856293
-16.756680 310.705900 -20.561726 306.634857
-16.910250 314.536100 -20.793587 310.433319
-17.062160 318.371600 -21.033085 314.246155
-17.211700 322.183300 -21.285393 318.066467
-17.359600 325.995800 -21.544079 321.867279
-17.503240 329.777900 -21.784748 325.652008
-17.652950 333.537700 -22.014441 329.417969
-17.803470 337.274400 -22.237101 333.128723
-17.965510 340.928300 -22.464916 336.755585
-18.139020 344.467400 -22.707621 340.284760
-18.309560 347.827300 -22.943682 343.627319
-18.498430 351.069300 -23.183043 346.838989
-18.657830 354.177800 -23.380581 349.955231
-18.779270 357.113600 -23.561176 352.884827
-18.870160 359.864000 -23.693029 355.634888
-18.946200 362.402300 -23.806509 358.155884
-18.990920 364.711200 -23.898825 360.458618
-19.050610 366.784400 -23.993664 362.488434
-19.150770 368.599600 -24.119165 364.272369
-19.288630 370.232600 -24.309132 365.864960
-19.600770 371.746300 -24.644341 367.311768
-20.181060 373.134000 -25.244438 368.626526
-21.046240 374.352900 -26.046570 369.736267
-22.127780 375.353800 -27.094727 370.677094
-23.457040 376.098400 -28.387650 371.374786
-24.934490 376.556700 -29.867989 371.778931
-26.555040 376.670400 -31.499138 371.831268
-28.276760 376.521700 -33.177376 371.606445
-30.056280 376.231600 -34.943466 371.251312
-31.975970 375.881500 -36.843616 370.882233
-34.041570 375.538800 -38.885506 370.511749
-36.312400 375.174700 -41.130699 370.108246
-38.740670 374.815500 -43.537445 369.700928
-41.349510 374.513500 -46.117634 369.345093
-44.097790 374.260800 -48.862751 369.073181
-47.011360 374.040700 -51.774925 368.830872
-50.040150 373.823900 -54.809906 368.562073
-53.185680 373.618900 -57.933250 368.317627
-56.406270 373.421900 -61.139656 368.069550
-59.653410 373.251300 -64.376900 367.839996
-62.943060 373.083600 -67.635735 367.605682
-66.219570 372.909300 -70.908203 367.364716
-69.486870 372.732000 -74.178741 367.108948
-72.726120 372.532900 -77.409439 366.841034
-75.949990 372.348800 -80.628296 366.587555
-79.132360 372.198800 -83.825310 366.367218
-82.276670 372.085900 -86.968941 366.178650
-85.318380 372.021300 -90.003326 366.029083
-88.202870 371.999200 -92.896690 365.937225
-90.927450 371.989600 -95.622116 365.856873
-93.555550 371.974900 -98.269562 365.786316
-96.169310 371.894100 -100.888870 365.640869
-98.735200 371.699400 -103.450684 365.379639
-101.335900 371.405700 -106.043228 365.036285
-104.006100 371.090100 -108.701241 364.660645
-106.771100 370.792200 -111.466080 364.301514
-109.682200 370.477800 -114.356186 363.933838
-112.739100 370.228500 -117.393768 363.626648
-115.931600 370.036400 -120.569275 363.358643
-119.286600 369.828600 -123.895126 363.095734
-122.729500 369.724600 -127.325333 362.915466
-126.288700 369.671200 -130.862610 362.783325
-129.839700 369.662300 -134.377182 362.686249
-133.385600 369.650900 -137.916138 362.597809
-136.894400 369.634000 -141.419830 362.510895
-140.398100 369.514400 -144.889313 362.327911
-143.862100 369.340500 -148.340332 362.079773
-147.327600 369.166400 -151.799561 361.851807
-150.737000 368.971100 -155.210648 361.589935
-154.158600 368.781900 -158.626755 361.340454
-157.533900 368.539100 -161.988831 361.032532
-160.863100 368.281900 -165.315231 360.701691
-164.185700 368.025000 -168.624603 360.387787
-167.432800 367.748600 -171.876038 360.060974
-170.642400 367.488400 -175.096130 359.745911
-173.841400 367.227100 -178.287796 359.427063
-177.023700 366.951400 -181.467590 359.096039
-180.244500 366.730400 -184.680222 358.811951
-183.473900 366.580900 -187.878601 358.595917
-186.744800 366.472000 -191.126236 358.429504
-190.033500 366.367300 -194.390762 358.251038
-193.355400 366.250500 -197.678543 358.057495
-196.716900 366.188600 -201.018555 357.922668
-200.121200 366.182600 -204.411133 357.856201
-203.540500 366.199800 -207.802475 357.790253
-206.952700 366.227500 -211.206329 357.755310
-210.347900 366.285500 -214.601257 357.731720
-213.706200 366.365900 -217.944534 357.731812
-217.009500 366.481900 -221.248428 357.779510
-220.179700 366.654500 -224.422195 357.877472
-223.191200 366.879000 -227.432281 358.038422
-226.097000 367.114900 -230.342194 358.217560
-228.814800 367.345400 -233.073318 358.395233
-231.386300 367.584000 -235.641632 358.578918
-233.712600 367.887700 -237.980759 358.835571
-235.782000 368.275800 -240.052460 359.177704
-237.675400 368.737900 -241.942017 359.606354
-239.369400 369.206200 -243.663269 360.039154
-240.923900 369.617600 -245.231903 360.423492
-242.343700 369.946600 -246.663818 360.726318
-243.617800 370.200700 -247.951263 360.954773
-244.859400 370.340600 -249.177002 361.062134
-246.077300 370.391700 -250.383713 361.092010
-247.267700 370.379800 -251.563614 361.053986
-248.493500 370.333700 -252.783875 360.983215
-249.783700 370.306600 -254.070129 360.938019
-251.078800 370.299200 -255.361786 360.916931
-252.358200 370.349900 -256.649384 360.936127
-253.632100 370.436500 -257.921783 360.998749
-254.850600 370.581800 -259.140747 361.118896
-255.940600 370.729900 -260.227448 361.239746
-256.915700 370.895600 -261.211060 361.407623
-257.880300 371.026600 -262.170166 361.522369
-258.825300 371.074700 -263.102722 361.559967
-259.790200 371.036700 -264.068817 361.527802
-260.853800 370.865000 -265.093842 361.316681
-261.981300 370.525600 -266.229492 360.978363
-263.149900 369.955400 -267.349182 360.368347
-264.334300 369.128800 -268.548248 359.546844
-265.453200 367.983800 -269.601868 358.396729
-266.451000 366.525200 -270.578308 356.906433
-267.251800 364.723800 -271.358063 355.142548
-267.949500 362.709300 -271.992218 353.155182
-268.506500 360.485200 -272.494659 350.945068
-268.941500 358.026800 -272.876648 348.490509
-269.220400 355.348600 -273.098572 345.819489
-269.448800 352.477300 -273.270111 342.950256
-269.718000 349.407100 -273.460510 339.902405
-269.985700 346.177700 -273.639435 336.666840
-270.257600 342.841000 -273.825256 333.316650
-270.518100 339.408900 -273.987976 329.890137
-270.754500 335.850800 -274.123962 326.328247
-270.955500 332.279200 -274.220428 322.754333
-271.100700 328.699800 -274.276062 319.195251
-271.205200 325.126400 -274.288635 315.627197
-271.267700 321.587300 -274.244476 312.098816
-271.275200 318.070500 -274.153778 308.592377
-271.222900 314.582000 -274.006470 305.099823
-271.120000 311.120600 -273.804443 301.665436
-270.978000 307.683800 -273.563416 298.244263
-270.782700 304.265600 -273.266876 294.845978
-270.528600 300.853100 -272.930786 291.473450
-270.242000 297.429400 -272.561981 288.065857
-269.919600 293.989900 -272.152863 284.653931
-269.545200 290.528500 -271.701874 281.221375
-269.141700 287.042100 -271.206512 277.775757
-268.688300 283.528200 -270.681915 274.305939
-268.188900 279.998100 -270.103699 270.803497
-267.644900 276.438400 -269.478668 267.288269
-267.060700 272.864800 -268.819122 263.741547
-266.415600 269.267600 -268.075836 260.207642
-265.703700 265.659900 -267.295532 256.671600
-264.933700 262.028500 -266.446411 253.103363
-264.083600 258.356100 -265.517853 249.521057
-263.198600 254.694500 -264.549957 245.932571
-262.249500 251.044300 -263.531616 242.369507
-261.237300 247.429800 -262.446289 238.811295
-260.189300 243.839800 -261.329041 235.315247
-259.094000 240.246100 -260.163086 231.787140
-257.955600 236.666200 -258.963287 228.300278
-256.772700 233.104800 -257.710022 224.834320
-255.531300 229.548500 -256.411194 221.337997
-254.248400 226.028100 -255.069199 217.900879
-252.919100 222.544000 -253.679596 214.464813
-251.574800 219.079600 -252.276001 211.092316
-250.208800 215.633800 -250.849747 207.718750
-248.823500 212.212300 -249.397400 204.365494
-247.396200 208.816100 -247.912903 201.033783
-245.924600 205.438400 -246.394348 197.698059
-244.407500 202.096000 -244.819412 194.414581
-242.864900 198.761700 -243.228760 191.161530
-241.279000 195.474400 -241.613190 187.969345
-239.649300 192.235800 -239.938995 184.806290
-237.983200 189.035400 -238.226089 181.691071
-236.298900 185.858800 -236.493881 178.575562
-234.588400 182.702700 -234.725647 175.486801
-232.835600 179.589900 -232.921936 172.437210
-231.009300 176.491000 -231.052872 169.388016
-229.111700 173.245900 -229.138611 166.343903
-227.176300 170.021800 -227.196960 163.297531
-225.177100 166.838100 -225.168671 160.243195
-223.121100 163.678300 -223.074799 157.195938
-221.021800 160.583500 -220.948425 154.204056
-218.906700 157.528200 -218.804443 151.229218
-216.758300 154.516100 -216.607635 148.290253
-214.598900 151.542200 -214.410248 145.378387
-212.419400 148.613400 -212.194016 142.525681
-210.228200 145.723000 -209.966827 139.708038
-207.984500 142.875200 -207.691650 136.940552
-205.709300 140.044600 -205.393311 134.180710
-203.367700 137.252600 -203.024185 131.456619
-200.986900 134.476000 -200.612411 128.738678
-198.545200 131.709700 -198.142303 126.013245
-196.059300 128.939500 -195.623795 123.306992
-193.510200 126.196800 -193.042603 120.626511
-190.897300 123.468900 -190.418869 117.999237
-188.227400 120.762000 -187.745468 115.359451
-185.497000 118.076800 -185.023285 112.740021
-182.724000 115.414700 -182.239929 110.122002
-179.874900 112.756200 -179.383850 107.532684
-176.963500 110.129700 -176.479813 104.978142
-174.022700 107.478800 -173.551224 102.421097
-171.062700 104.830200 -170.581314 99.864792
-168.072200 102.205400 -167.592010 97.320641
-165.063500 99.572080 -164.570953 94.767822
-162.094200 96.925240 -161.595047 92.209061
-159.158100 94.245620 -158.636703 89.585434
-156.222000 91.591220 -155.686401 87.009392
-153.302600 88.949020 -152.733429 84.431175
-150.415700 86.290970 -149.839188 81.870300
-147.525700 83.616700 -146.939270 79.278969
-144.616800 80.967880 -144.001129 76.691864
-141.680000 78.334030 -141.046890 74.138214
-138.744900 75.701910 -138.102615 71.566391
-135.803000 73.066790 -135.169632 69.005722
-132.863800 70.434610 -132.237595 66.456810
-129.933000 67.796650 -129.303802 63.880657
-127.009300 65.165490 -126.374008 61.340767
-124.094300 62.565200 -123.448715 58.792549
-121.185800 59.961850 -120.529030 56.258423
-118.275800 57.358150 -117.620850 53.715298
-115.383500 54.746480 -114.726868 51.176292
-112.487100 52.132910 -111.812584 48.634876
-109.563100 49.507800 -108.873810 46.085529
-106.649400 46.882310 -105.949478 43.536140
-103.717200 44.240620 -102.988686 40.979469
-100.776700 41.607720 -100.035454 38.432480
-97.815960 38.955960 -97.071976 35.870255
-94.863170 36.299440 -94.111031 33.299500
-91.884440 33.643060 -91.091553 30.704416
-88.909720 30.989760 -88.129425 28.127905
-85.917480 28.322680 -85.142746 25.556686
-82.929050 25.668410 -82.148834 22.991756
-79.941980 23.038030 -79.146141 20.423733
-76.962720 20.421650 -76.170319 17.880367
-74.007520 17.823510 -73.200806 15.352491
-71.092400 15.226900 -70.296074 12.817913
-68.209240 12.634500 -67.404472 10.284386
-65.354250 10.051970 -64.543327 7.779821
-62.542350 7.481356 -61.717186 5.279896
-59.754040 4.927046 -58.911865 2.776297
-57.009180 2.422195 -56.157921 0.345285
-54.340090 0.009828 -53.482864 -2.020309
-51.766990 -2.296378 -50.897987 -4.270380
-49.260900 -4.526641 -48.361309 -6.477360
-46.853800 -6.677798 -45.933388 -8.599340
-44.569730 -8.685225 -43.619984 -10.561134
-42.404320 -10.528340 -41.436226 -12.382194
-40.364200 -12.198710 -39.390762 -14.010363
-38.389800 -13.695430 -37.384739 -15.502672
-36.423220 -15.003710 -35.404995 -16.781788
-34.423200 -16.097900 -33.400246 -17.848280
-32.364650 -16.913830 -31.347771 -18.646317
-30.265120 -17.411740 -29.278299 -19.117470
-28.163420 -17.604910 -27.209585 -19.266943
-26.110560 -17.459960 -25.205441 -19.082792
-24.143360 -16.987220 -23.314770 -18.616684
-22.296980 -16.217800 -21.513153 -17.825581
-20.604650 -15.231400 -19.837717 -16.832546
-19.008910 -14.153640 -18.255018 -15.739318
-17.427180 -13.090130 -16.687960 -14.648472
-15.874640 -12.069320 -15.144170 -13.601456
-14.363580 -11.106930 -13.640143 -12.607351
-12.922670 -10.242620 -12.191820 -11.705864
-11.574780 -9.466819 -10.839054 -10.892680
-10.317910 -8.788752 -9.591991 -10.186146
-9.188230 -8.193104 -8.458360 -9.542162
-8.211014 -7.716742 -7.480329 -9.021460
-7.426664 -7.335419 -6.695418 -8.609890
-6.732949 -7.004384 -6.007708 -8.249063
-6.081177 -6.624412 -5.358704 -7.861339
-5.489078 -6.233971 -4.752784 -7.473253
-4.934984 -5.802268 -4.203507 -7.046803
-4.339961 -5.285216 -3.628823 -6.524196
-3.697865 -4.592905 -2.984328 -5.824138
-3.037676 -3.769289 -2.363576 -5.007754
-2.408137 -2.790908 -1.739355 -4.035408
-1.801721 -1.625169 -1.171311 -2.882989
-1.269630 -0.215074 -0.648007 -1.483650
-0.812186 1.417145 -0.211770 0.131866
-0.577413 3.304554 0.030121 1.943579
-0.470925 5.426109 0.143943 3.971191
-0.476637 7.694492 0.092845 6.129141
-0.570738 10.119870 -0.051886 8.500941
-0.648451 12.686750 -0.168089 11.019854
-0.748385 15.378500 -0.312148 13.693303
-0.860824 18.191740 -0.467314 16.499201
-0.998219 21.084400 -0.626830 19.404579
-1.176238 24.100490 -0.835976 22.413591
-1.395968 27.224660 -1.092359 25.526964
-1.640741 30.420880 -1.367163 28.708256
-1.879320 33.664680 -1.645531 31.937391
-2.150183 36.923590 -1.952123 35.174557
-2.397389 40.249040 -2.256559 38.448090
-2.638864 43.594280 -2.550028 41.740177
-2.848280 46.962570 -2.810695 45.090591
-3.041372 50.356970 -3.053169 48.466488
-3.212653 53.820380 -3.288905 51.891865
-3.380992 57.307360 -3.509863 55.341801
-3.567609 60.834770 -3.747130 58.848713
-3.786600 64.385720 -4.004939 62.370159
-3.981904 67.973540 -4.254368 65.921097
-4.173959 71.565920 -4.514107 69.491722
-4.396788 75.106490 -4.762300 73.005470
-4.593996 78.623730 -4.997489 76.539925
-4.800834 82.136440 -5.232492 80.053101
-5.016400 85.597270 -5.498030 83.512650
-5.214554 89.008160 -5.745541 86.881699
-5.369648 92.435540 -5.939385 90.279343
-5.524006 95.827610 -6.123634 93.651123
