0.000000 0.000000 0.000000 0.000000
-0.017534 0.283467 -0.026110 0.285417
-0.060000 0.627936 -0.084221 0.626074
-0.141534 1.081913 -0.176229 1.075265
-0.293459 1.604140 -0.428080 1.620624
-0.522492 2.173020 -0.665208 2.181337
-0.839493 2.758285 -0.903857 2.739447
-1.242764 3.333105 -1.272165 3.286884
-1.761568 3.880703 -1.749439 3.808989
-2.415527 4.382391 -2.381196 4.318057
-3.215512 4.824434 -3.157088 4.771840
-4.177130 5.153468 -4.104820 5.067341
-5.299329 5.360943 -5.176923 5.287388
-6.558994 5.427674 -6.400015 5.345638
-7.950411 5.389282 -7.754660 5.293219
-9.480377 5.263869 -9.278184 5.165524
-11.152740 5.088360 -10.935835 4.992160
-12.964270 4.901812 -12.755842 4.796008
-14.913410 4.697363 -14.700913 4.591202
-17.004780 4.494630 -16.810513 4.381270
-19.224270 4.290984 -19.014494 4.172751
-21.564480 4.100217 -21.344578 3.972474
-23.969500 3.908970 -23.744642 3.771627
-26.461360 3.716343 -26.199558 3.566291
-28.997620 3.492898 -28.739096 3.337757
-31.515860 3.271990 -31.222454 3.123917
-34.026260 3.051261 -33.724617 2.896447
-36.533450 2.843137 -36.216232 2.675151
-39.049180 2.638855 -38.720524 2.469928
-41.538400 2.436154 -41.173077 2.254028
-44.015190 2.223683 -43.623215 2.039002
-46.483350 2.028253 -46.085121 1.829820
-48.933140 1.820295 -48.509979 1.607893
-51.328710 1.575304 -50.885921 1.357898
-53.701960 1.337479 -53.254341 1.112782
-56.038080 1.110756 -55.584156 0.876191
-58.330390 0.883063 -57.877831 0.642998
-60.536580 0.662366 -60.078793 0.411927
-62.620220 0.461718 -62.165077 0.203444
-64.570470 0.320188 -64.106850 0.058455
-66.375630 0.255567 -65.928909 -0.009456
-67.990520 0.345560 -67.538025 0.071163
-69.403760 0.611089 -68.953331 0.313796
-70.681710 1.080744 -70.173927 0.734699
-71.814190 1.753829 -71.303474 1.391856
-72.810710 2.601772 -72.344841 2.208622
-73.659320 3.554385 -73.234108 3.190569
-74.401710 4.718510 -73.970329 4.351913
-75.018160 6.110247 -74.622269 5.783150
-75.539300 7.706095 -75.138840 7.384350
-75.980690 9.486418 -75.573860 9.187639
-76.379030 11.414990 -75.988754 11.136822
-76.702710 13.494070 -76.317398 13.229122
-76.964630 15.687850 -76.596107 15.425420
-77.198810 17.993590 -76.847908 17.751326
-77.402440 20.301510 -77.054527 20.062796
-77.573400 22.614340 -77.241806 22.372326
-77.734200 24.898110 -77.419777 24.637354
-77.908780 27.180670 -77.597504 26.926783
-78.064690 29.440670 -77.745514 29.189274
-78.198100 31.701300 -77.872726 31.450926
-78.346240 34.000930 -78.011223 33.764050
-78.507180 36.347540 -78.161125 36.131252
-78.700400 38.735230 -78.343163 38.489441
-78.895930 41.194680 -78.536263 40.945518
-79.100340 43.724740 -78.737289 43.469135
-79.318630 46.299200 -78.939117 46.041630
-79.508610 48.902070 -79.119339 48.647350
-79.697420 51.529450 -79.289742 51.277164
-79.900390 54.113500 -79.472954 53.869122
-80.092730 56.670630 -79.637276 56.432453
-80.280860 59.213100 -79.815315 58.993519
-80.474010 61.695670 -79.998428 61.475407
-80.696040 64.136290 -80.208832 63.923336
-80.945180 66.559290 -80.462830 66.332489
-81.219160 68.948800 -80.717773 68.731010
-81.542260 71.291910 -81.015762 71.061241
-81.910890 73.584740 -81.356667 73.343872
-82.326990 75.851980 -81.730499 75.635323
-82.765640 78.069230 -82.142242 77.867981
-83.284090 80.280970 -82.626732 80.064842
-83.856430 82.430700 -83.198570 82.206444
-84.492780 84.584160 -83.830124 84.370239
-85.212300 86.715560 -84.554649 86.493279
-85.996320 88.820790 -85.325317 88.595200
-86.860390 90.918090 -86.168213 90.705490
-87.802500 93.003510 -87.084991 92.806938
-88.749010 95.068170 -87.991302 94.885300
-89.747960 97.163510 -88.979652 96.983696
-90.774930 99.219550 -89.994057 99.064758
-91.840000 101.277400 -91.036064 101.136795
-92.914780 103.296100 -92.087730 103.166168
-94.015070 105.267400 -93.150284 105.160957
-95.123350 107.187800 -94.224747 107.094467
-96.223200 109.067700 -95.287361 108.979301
-97.263380 110.813500 -96.295914 110.742737
-98.241750 112.423300 -97.252983 112.361420
-99.124850 113.865700 -98.113899 113.818085
-99.918840 115.113700 -98.916283 115.080376
-100.633200 116.204600 -99.591202 116.174553
-101.305600 117.126600 -100.221428 117.102234
-101.873900 117.899200 -100.786568 117.878075
-102.405300 118.508600 -101.294930 118.509682
-102.901800 118.981600 -101.771622 118.985764
-103.418300 119.366800 -102.252167 119.389481
-103.954800 119.734800 -102.745934 119.730301
-104.533600 120.029100 -103.298538 120.042130
-105.136200 120.256600 -103.873291 120.281372
-105.801600 120.452000 -104.462936 120.443275
-106.640800 120.599400 -105.266731 120.627693
-107.630100 120.643400 -106.193382 120.677223
-108.711300 120.530800 -107.224457 120.605927
-109.893600 120.252600 -108.407707 120.298126
-111.159800 119.776100 -109.698784 119.832916
-112.496700 119.062200 -111.033058 119.150688
-113.898700 118.106700 -112.432236 118.223755
-115.384500 116.988900 -113.868843 117.184006
-116.978000 115.737300 -115.459518 115.956924
-118.659900 114.366200 -117.149590 114.614174
-120.438900 112.893300 -118.946129 113.161301
-122.328200 111.322200 -120.837433 111.624603
-124.284900 109.650200 -122.863258 109.970673
-126.332000 107.913600 -124.938637 108.281235
-128.461900 106.101400 -127.067894 106.510948
-130.662300 104.214900 -129.314621 104.637749
-132.923400 102.303500 -131.571609 102.765877
-135.189200 100.390400 -133.856384 100.871910
-137.468500 98.469440 -136.144043 98.963310
-139.748000 96.546090 -138.421265 97.085327
-142.020800 94.620440 -140.683365 95.186798
-144.286200 92.690670 -142.905716 93.302185
-146.547500 90.774040 -145.139771 91.410645
-148.833300 88.871460 -147.420212 89.539207
-151.113400 86.978090 -149.683533 87.674751
-153.379000 85.085390 -151.944534 85.807961
-155.629200 83.206150 -154.184769 83.962585
-157.861400 81.326710 -156.395432 82.115005
-160.058500 79.464550 -158.574783 80.299438
-162.221300 77.608580 -160.735641 78.495583
-164.376700 75.774280 -162.902679 76.688919
-166.524800 73.967130 -165.039291 74.910568
-168.668400 72.191080 -167.151245 73.188705
-170.783100 70.468000 -169.237869 71.475372
-172.829900 68.807490 -171.271362 69.801476
-174.785600 67.216050 -173.226883 68.203484
-176.663800 65.684200 -175.125580 66.655373
-178.444800 64.197390 -176.912415 65.195068
-180.100300 62.765190 -178.611053 63.804626
-181.648600 61.419590 -180.195160 62.493790
-183.088500 60.110320 -181.661819 61.209888
-184.404500 58.801210 -182.992371 59.920437
-185.549500 57.458340 -184.138992 58.611107
-186.455000 56.066080 -185.055756 57.252602
-187.120600 54.647590 -185.726349 55.890327
-187.525600 53.213090 -186.144623 54.532890
-187.748500 51.772320 -186.411087 53.128872
-187.716500 50.330420 -186.427917 51.681931
-187.519800 48.954720 -186.215546 50.353588
-187.091900 47.667580 -185.834290 49.057949
-186.478200 46.430560 -185.254303 47.818493
-185.743700 45.217520 -184.518311 46.609886
-184.898100 44.044150 -183.677322 45.440514
-183.968900 42.858990 -182.753418 44.257072
-182.972800 41.628580 -181.766968 43.024494
-181.887200 40.344680 -180.698547 41.722034
-180.726700 38.951790 -179.563858 40.332577
-179.492700 37.459110 -178.347961 38.845482
-178.162100 35.849180 -177.028214 37.202824
-176.710600 34.142700 -175.606537 35.450584
-175.171800 32.296660 -174.098953 33.594425
-173.559000 30.363270 -172.510040 31.643942
-171.867000 28.346750 -170.852646 29.583939
-170.123400 26.259270 -169.156754 27.461767
-168.337100 24.097840 -167.391205 25.281723
-166.581500 21.908660 -165.644577 23.089876
-164.835100 19.714670 -163.894165 20.899086
-163.104500 17.573870 -162.156662 18.728292
-161.377300 15.429150 -160.432373 16.572742
-159.682200 13.303470 -158.735443 14.439492
-158.088000 11.153610 -157.140854 12.269803
-156.652500 8.940913 -155.686905 10.038672
-155.433700 6.640524 -154.456039 7.699813
-154.451100 4.275819 -153.475052 5.304877
-153.690900 1.836084 -152.710342 2.840104
-153.116700 -0.684920 -152.138519 0.290193
-152.659200 -3.301845 -151.686920 -2.339076
-152.323800 -6.003442 -151.365906 -5.038881
-152.034900 -8.818435 -151.111572 -7.874009
-151.705400 -11.696490 -150.794098 -10.749972
-151.368100 -14.689410 -150.473724 -13.767144
-151.018300 -17.760610 -150.159866 -16.813463
-150.658400 -20.884570 -149.815842 -19.942299
-150.317300 -24.039630 -149.495316 -23.115047
-149.995500 -27.198720 -149.191742 -26.264315
-149.688200 -30.326210 -148.894943 -29.389364
-149.392500 -33.448800 -148.606506 -32.502083
-149.124700 -36.525700 -148.353119 -35.581055
-148.881400 -39.588890 -148.119537 -38.645103
-148.663600 -42.621440 -147.928192 -41.684895
-148.444100 -45.622170 -147.741684 -44.700546
-148.225800 -48.590750 -147.562073 -47.661476
-148.013500 -51.538440 -147.385880 -50.614986
-147.797700 -54.448530 -147.195145 -53.542839
-147.579700 -57.330200 -146.988678 -56.429893
-147.341500 -60.171640 -146.764465 -59.287296
-147.099100 -62.956470 -146.533936 -62.080750
-146.873600 -65.641890 -146.331192 -64.763161
-146.684200 -68.188960 -146.178604 -67.316902
-146.575000 -70.550950 -146.100784 -69.695656
-146.515200 -72.689370 -146.082245 -71.853989
-146.496000 -74.588600 -146.100586 -73.762115
-146.520100 -76.249210 -146.136093 -75.410126
-146.562400 -77.644470 -146.179733 -76.826225
-146.614700 -78.752900 -146.228943 -77.961220
-146.644400 -79.571930 -146.218475 -78.760521
-146.661300 -80.195760 -146.239471 -79.384720
-146.655800 -80.746170 -146.250259 -79.957878
-146.626400 -81.202170 -146.239883 -80.445206
-146.606400 -81.580050 -146.232346 -80.826454
-146.554400 -81.887990 -146.200485 -81.159920
-146.509800 -82.072680 -146.161835 -81.339500
-146.481300 -82.147900 -146.149414 -81.421745
-146.467500 -82.144490 -146.154343 -81.406387
-146.474300 -82.148460 -146.132675 -81.428154
-146.483700 -82.145920 -146.147858 -81.426376
-146.487400 -82.144780 -146.161606 -81.424454
-146.492900 -82.150980 -146.157654 -81.420776
-146.495200 -82.155360 -146.160538 -81.425697
-146.494300 -82.156570 -146.159378 -81.429230
-146.487800 -82.148430 -146.152771 -81.420868
-146.487300 -82.140910 -146.157089 -81.425644
-146.486500 -82.135050 -146.146332 -81.422272
-146.488100 -82.132520 -146.125473 -81.434387
-146.489000 -82.133460 -146.141724 -81.422935
-146.484700 -82.133480 -146.131393 -81.413940
-146.484900 -82.133510 -146.134354 -81.438972
-146.480100 -82.133670 -146.129425 -81.426628
-146.472100 -82.131890 -146.140335 -81.423531
-146.477500 -82.133220 -146.148392 -81.426079
-146.525000 -82.162010 -146.154266 -81.418266
-146.565900 -82.217300 -146.137054 -81.439575
-146.590600 -82.310130 -146.099411 -81.517639
-146.581800 -82.426170 -146.053818 -81.593948
-146.551800 -82.574220 -146.013443 -81.701492
-146.475900 -82.778480 -145.930130 -81.901352
-146.351300 -83.116710 -145.788589 -82.229111
-146.156300 -83.574440 -145.575180 -82.673889
-145.879500 -84.106160 -145.283478 -83.168304
-145.491300 -84.682600 -144.919861 -83.713150
-144.895700 -85.318510 -144.418884 -84.295761
-144.077500 -86.065360 -143.609726 -85.061920
-142.947400 -86.840620 -142.464859 -85.851410
-141.509200 -87.543350 -140.984772 -86.549919
-139.798500 -88.087580 -139.235748 -87.084297
-137.828100 -88.433330 -137.252640 -87.415298
-135.614800 -88.607530 -135.038727 -87.569038
-133.180100 -88.696560 -132.582031 -87.640900
-130.552000 -88.680490 -129.937347 -87.601288
-127.723900 -88.575690 -127.095306 -87.475250
-124.683500 -88.464330 -124.073830 -87.343750
-121.460200 -88.294280 -120.860161 -87.180656
-118.086600 -88.040550 -117.468735 -86.955109
-114.579400 -87.745070 -113.975845 -86.670471
-110.975100 -87.438680 -110.388672 -86.393234
-107.385700 -87.146760 -106.814766 -86.123047
-103.821100 -86.859660 -103.250137 -85.864937
-100.261700 -86.572000 -99.688049 -85.605141
-96.736140 -86.293870 -96.143173 -85.357811
-93.228880 -86.017520 -92.641075 -85.108002
-89.760830 -85.757500 -89.166389 -84.870041
-86.314280 -85.511300 -85.747345 -84.630592
-82.904810 -85.266650 -82.328346 -84.407150
-79.525840 -84.982830 -78.945267 -84.135811
-76.174850 -84.684980 -75.579292 -83.849640
-72.849640 -84.375480 -72.276352 -83.537682
-69.556400 -84.051650 -68.978554 -83.222298
-66.269780 -83.744240 -65.692039 -82.939827
-62.988460 -83.463860 -62.402851 -82.686378
-59.725320 -83.192290 -59.147015 -82.428146
-56.511930 -82.928720 -55.920471 -82.190926
-53.287950 -82.677770 -52.681225 -81.977974
-50.102380 -82.423820 -49.470570 -81.764114
-46.961330 -82.161740 -46.282082 -81.533676
-43.795000 -81.913070 -43.100792 -81.308578
-40.605850 -81.669580 -39.933498 -81.088310
-37.446990 -81.429200 -36.802971 -80.855927
-34.324130 -81.178460 -33.682224 -80.625801
-31.234230 -80.938930 -30.601500 -80.397980
-28.164850 -80.719500 -27.513430 -80.184601
-25.130870 -80.512870 -24.472519 -79.979492
-22.128140 -80.313820 -21.462812 -79.778145
-19.203440 -80.118030 -18.520283 -79.579819
-16.439970 -79.929640 -15.731480 -79.404488
-13.862420 -79.730950 -13.147272 -79.240776
-11.471000 -79.505250 -10.755716 -79.034081
-9.267307 -79.258710 -8.561237 -78.801392
-7.272311 -78.940490 -6.539672 -78.508522
-5.472914 -78.549550 -4.779470 -78.154625
-3.867830 -78.086270 -3.151282 -77.682838
-2.385605 -77.503960 -1.655279 -77.130379
-1.027851 -76.800120 -0.320616 -76.477684
0.166806 -75.911920 0.840598 -75.643097
1.182030 -74.883010 1.840394 -74.671333
1.977241 -73.709730 2.696252 -73.532356
2.625592 -72.432540 3.295043 -72.259949
3.046312 -71.053430 3.721707 -70.897202
3.332790 -69.610070 3.984731 -69.480881
3.505748 -68.096830 4.147119 -67.996162
3.623078 -66.505600 4.273091 -66.416367
3.673887 -64.790020 4.324890 -64.705971
3.664022 -62.925430 4.318432 -62.857086
3.591227 -60.915700 4.244971 -60.850544
3.485568 -58.760380 4.148539 -58.686169
3.375737 -56.493750 4.045971 -56.416416
3.243097 -54.203520 3.904213 -54.132912
3.069795 -51.907210 3.751084 -51.846397
2.871709 -49.612280 3.574269 -49.568386
2.690256 -47.318710 3.393948 -47.290619
2.514617 -45.039680 3.217220 -45.021549
2.336487 -42.787040 3.039868 -42.774120
2.176053 -40.574230 2.873922 -40.560127
2.023801 -38.441270 2.719525 -38.418652
1.895520 -36.414710 2.571899 -36.390049
1.766675 -34.458180 2.441520 -34.440403
1.645582 -32.544470 2.308085 -32.523979
1.524724 -30.674470 2.175717 -30.645256
1.412389 -28.840280 2.031505 -28.792698
1.305986 -27.028700 1.908587 -26.985851
1.191105 -25.239530 1.764561 -25.185307
1.067365 -23.476920 1.611294 -23.431320
0.934574 -21.765460 1.457901 -21.714123
0.802905 -20.140230 1.306799 -20.086334
0.699503 -18.615910 1.178341 -18.581146
0.601767 -17.196320 1.062564 -17.147408
0.507341 -15.885810 0.968739 -15.851559
0.417035 -14.726660 0.873985 -14.680400
0.351258 -13.760620 0.808698 -13.716320
0.299516 -12.930350 0.748632 -12.876966
0.263868 -12.153000 0.693751 -12.096273
0.238575 -11.391050 0.643247 -11.339697
0.198165 -10.644890 0.588950 -10.593822
0.151201 -9.907869 0.535185 -9.864017
0.091011 -9.183499 0.448564 -9.151716
0.016860 -8.476707 0.347854 -8.442723
-0.070862 -7.778389 0.255046 -7.758357
-0.158415 -7.094030 0.167379 -7.071825
-0.234301 -6.412690 0.096640 -6.398576
-0.307917 -5.742297 0.029881 -5.727430
-0.360353 -5.068979 -0.026706 -5.076848
-0.401589 -4.328040 -0.075340 -4.335083
-0.431289 -3.483170 -0.116325 -3.492939
-0.464543 -2.555900 -0.155125 -2.566471
-0.487938 -1.556277 -0.178251 -1.573622
-0.499710 -0.485171 -0.197665 -0.499473
-0.511556 0.679747 -0.244034 0.662875
-0.388368 1.890361 -0.027108 1.903984
-0.387786 3.050660 -0.103775 3.052103
-0.473375 4.175334 -0.233881 4.118925
-0.669462 5.262875 -0.488663 5.184063
-0.929674 6.291946 -0.765551 6.156120
-1.229340 7.289411 -1.092490 7.143537
-1.438607 8.249384 -1.322862 8.100245
-1.565470 8.946937 -1.464880 8.809883
-1.615795 9.324632 -1.520136 9.194751
-1.635852 9.404838 -1.535786 9.273668
-1.640332 9.376167 -1.540539 9.252769
-1.643540 9.371050 -1.539261 9.253997
