0.000000 -0.000000 0.000000 0.000000
0.020455 2.389887 -0.020844 2.275261
0.038167 4.630767 -0.033923 4.409027
0.062475 6.584575 -0.036851 6.391529
0.078062 8.294502 -0.022353 8.133913
0.036300 9.647129 -0.001385 9.629811
0.037691 10.755690 0.008651 10.867702
0.070396 11.572020 0.049286 11.810601
0.096690 12.008000 0.080446 12.502524
0.124405 12.280970 0.100535 13.026361
0.106056 12.366960 0.117813 13.470375
0.125276 12.480720 0.141796 13.858242
0.156946 12.590120 0.162381 14.231587
0.151509 12.702880 0.173231 14.608052
0.146149 12.836600 0.160465 14.974483
0.118103 12.986600 0.139228 15.385733
0.046011 13.251830 0.053475 15.895630
-0.102743 13.662450 -0.095687 16.539545
-0.377391 14.237180 -0.361780 17.289951
-0.803739 14.918100 -0.776108 18.115513
-1.393517 15.599510 -1.324238 18.927895
-2.183640 16.257910 -2.070828 19.729231
-3.168635 16.891620 -3.070323 20.554432
-4.410526 17.491970 -4.282108 21.231007
-5.887262 17.957870 -5.698497 21.773659
-7.603442 18.241840 -7.384979 22.107998
-9.593783 18.333530 -9.231599 22.233635
-11.737930 18.262400 -11.245563 22.188715
-14.123570 18.137210 -13.473438 22.084293
-16.660080 18.043560 -15.882808 22.016350
-19.380350 17.941480 -18.482733 21.956751
-22.232040 17.791200 -21.256651 21.849419
-25.294530 17.612590 -24.231936 21.717947
-28.420350 17.436630 -27.282242 21.588982
-31.735350 17.259230 -30.354023 21.423403
-35.061830 17.012340 -33.495304 21.189297
-38.405680 16.701380 -36.692024 20.891109
-41.726310 16.376210 -39.922745 20.566458
-45.021050 16.012440 -43.169083 20.237644
-48.346970 15.612790 -46.473660 19.906017
-51.676860 15.192430 -49.807198 19.597427
-55.031060 14.742560 -53.180290 19.303835
-58.401830 14.329930 -56.614784 19.086752
-61.829840 14.034770 -60.063148 18.925869
-65.245090 13.824430 -63.518658 18.820017
-68.803470 13.628730 -67.029037 18.751955
-72.396330 13.444870 -70.550346 18.698059
-76.040760 13.365020 -74.098404 18.660606
-79.629870 13.286290 -77.674156 18.614231
-83.178040 13.172320 -81.234962 18.578947
-86.806450 13.116270 -84.772209 18.549294
-90.407370 13.030230 -88.306770 18.507002
-93.932750 12.938240 -91.804878 18.487717
-97.425940 12.830290 -95.310272 18.453302
-100.921800 12.721040 -98.774422 18.425995
-104.418700 12.646790 -102.247604 18.405579
-107.950700 12.574710 -105.738297 18.381144
-111.506500 12.491980 -109.266914 18.341185
-115.125400 12.427530 -112.856087 18.319403
-118.791400 12.356860 -116.539688 18.294773
-122.506900 12.277580 -120.273849 18.242132
-126.283000 12.162340 -124.066750 18.148087
-130.058300 12.056810 -127.852631 18.083698
-133.838200 11.940140 -131.657394 18.019958
-137.647000 11.763370 -135.456192 17.958704
-141.424200 11.624670 -139.207138 17.907532
-145.185900 11.523690 -143.000122 17.856653
-148.919300 11.449460 -146.725403 17.820738
-152.638200 11.381770 -150.445786 17.801308
-156.350400 11.310530 -154.142715 17.762806
-160.047400 11.214060 -157.838501 17.731443
-163.709400 11.107560 -161.546173 17.671438
-167.360400 10.983380 -165.186951 17.662575
-170.967600 10.933720 -168.892532 17.656700
-174.571400 10.876820 -172.546051 17.643894
-178.137200 10.833080 -176.168671 17.653109
-181.490500 10.796130 -179.549057 17.659813
-184.602400 10.773720 -182.712357 17.676176
-187.458300 10.758840 -185.595306 17.706488
-190.232700 10.733900 -188.382278 17.706444
-192.986900 10.663320 -191.167068 17.668711
-195.706100 10.585910 -193.908615 17.632509
-198.416300 10.495740 -196.616470 17.567373
-201.152700 10.412030 -199.377090 17.523178
-203.946700 10.341460 -202.193695 17.505316
-206.802300 10.298350 -205.051712 17.461466
-209.757100 10.317680 -207.977188 17.445028
-212.804800 10.361070 -210.979462 17.448692
-215.930200 10.396430 -214.065536 17.453892
-219.012900 10.360590 -217.182465 17.507504
-222.155100 10.298380 -220.385376 17.559547
-225.365500 10.246810 -223.646881 17.632776
-228.707300 10.215510 -226.972870 17.687504
-232.112300 10.220950 -230.403564 17.756416
-235.564300 10.214940 -233.820679 17.802032
-239.104300 10.217730 -237.388550 17.855587
-242.702700 10.183390 -240.986237 17.866344
-246.347300 10.130220 -244.645996 17.863804
-250.052800 10.036800 -248.377838 17.818396
-253.773800 9.880518 -252.166977 17.745968
-257.535100 9.718989 -255.918961 17.663084
-261.300500 9.591512 -259.694977 17.597265
-265.059000 9.459547 -263.437775 17.523684
-268.826900 9.337703 -267.183044 17.460583
-272.549600 9.176257 -270.923340 17.385025
-276.263700 8.976101 -274.613037 17.298779
-279.947200 8.832825 -278.305420 17.248989
-283.650400 8.715404 -281.987244 17.189518
-287.322900 8.610515 -285.664429 17.141342
-290.988400 8.505150 -289.339050 17.085791
-294.654700 8.394904 -292.998535 17.034559
-298.320400 8.294475 -296.674042 16.974558
-302.013000 8.169718 -300.358459 16.905422
-305.746200 8.074212 -304.060577 16.864674
-309.494500 7.982975 -307.772186 16.814577
-313.220200 7.863686 -311.523560 16.749418
-316.989500 7.782544 -315.248596 16.689550
-320.754000 7.679468 -318.987305 16.654257
-324.529500 7.563218 -322.750732 16.606741
-328.344000 7.456111 -326.514679 16.576384
-332.109700 7.347334 -330.274445 16.545506
-335.860100 7.242255 -333.991760 16.523619
-339.608800 7.147781 -337.751190 16.490812
-343.309300 7.053936 -341.455353 16.490128
-346.907500 6.957315 -345.049225 16.464014
-350.384600 6.860419 -348.542450 16.451996
-353.708400 6.768393 -351.876312 16.429760
-356.877800 6.663296 -355.073181 16.412567
-360.001200 6.552425 -358.193756 16.360323
-363.041000 6.435692 -361.280853 16.312029
-365.855800 6.345080 -364.149872 16.285332
-368.437600 6.307072 -366.797058 16.309284
-370.781400 6.383962 -369.204102 16.427109
-372.865900 6.648568 -371.351654 16.738880
-374.725000 7.109350 -373.232666 17.235443
-376.363200 7.741893 -374.915314 17.932701
-377.862400 8.633829 -376.440979 18.856445
-379.196300 9.712570 -377.797546 20.013229
-380.348700 10.965970 -378.968475 21.349579
-381.385700 12.448140 -380.006104 22.897369
-382.260100 14.122720 -380.891357 24.652557
-383.010800 15.994530 -381.618500 26.604446
-383.610300 18.057930 -382.185913 28.721451
-384.100300 20.314520 -382.636108 31.046528
-384.497100 22.748260 -382.984406 33.534988
-384.776600 25.364410 -383.215271 36.172310
-384.988900 28.128190 -383.375061 38.976906
-385.212700 31.086220 -383.497955 41.895870
-385.449300 34.192050 -383.593628 44.928703
-385.780600 37.315730 -383.678650 47.977234
-386.061000 40.426600 -383.738495 51.036369
-386.229000 43.492690 -383.786255 54.085617
-386.309000 46.518630 -383.819366 57.094997
-386.383200 49.505740 -383.829529 60.070049
-386.435500 52.415800 -383.819580 62.960941
-386.493200 55.225360 -383.801331 65.746025
-386.554400 57.943820 -383.776154 68.452843
-386.610300 60.578530 -383.717255 71.075676
-386.585600 63.079020 -383.606873 73.581467
-386.370900 65.433820 -383.361725 75.946449
-385.914800 67.648300 -382.959076 78.171211
-385.249200 69.694860 -382.375244 80.238716
-384.335100 71.573620 -381.648163 82.136429
-383.335600 73.255020 -380.764771 83.887512
-382.295300 74.818880 -379.702850 85.413223
-381.091700 76.191700 -378.416931 86.722946
-379.774700 77.364460 -376.938141 87.840027
-378.271000 78.251970 -375.343323 88.705856
-376.573900 78.987050 -373.605133 89.408020
-374.728100 79.537850 -371.701263 89.918221
-372.739900 79.941840 -369.706604 90.279289
-370.607000 80.199980 -367.559479 90.515976
-368.370300 80.415580 -365.319244 90.674774
-366.032000 80.571350 -362.966705 90.769585
-363.598400 80.673300 -360.496979 90.799057
-361.071700 80.716320 -357.960571 90.774338
-358.469900 80.705850 -355.357941 90.684776
-355.832800 80.638300 -352.676758 90.554581
-353.161000 80.553900 -350.005920 90.413834
-350.450100 80.465550 -347.299744 90.266365
-347.763100 80.398460 -344.582855 90.149620
-345.086900 80.370740 -341.898071 90.059753
-342.417400 80.402970 -339.206482 90.043701
-339.774100 80.483360 -336.567688 90.068367
-337.139800 80.575110 -333.934540 90.093140
-334.528900 80.693480 -331.300079 90.132599
-331.932700 80.824510 -328.666687 90.170166
-329.325200 80.918500 -326.028107 90.176048
-326.739100 80.990700 -323.390259 90.159935
-324.144100 81.038770 -320.788300 90.129608
-321.562300 81.091140 -318.172424 90.092278
-319.011600 81.190070 -315.568451 90.083748
-316.450900 81.308090 -313.003571 90.122536
-313.909200 81.444650 -310.408569 90.159485
-311.391900 81.580060 -307.861603 90.201759
-308.876400 81.706970 -305.328247 90.235832
-306.378900 81.849250 -302.795746 90.287994
-303.888700 81.994400 -300.279907 90.334831
-301.376300 82.158190 -297.753296 90.412918
-298.832900 82.325730 -295.165894 90.514725
-296.237900 82.504140 -292.571655 90.630104
-293.590400 82.683410 -289.900787 90.759468
-290.876600 82.853340 -287.185974 90.859177
-288.120000 82.987710 -284.415680 90.917091
-285.314700 83.062010 -281.567688 90.919762
-282.460400 83.089330 -278.695984 90.876030
-279.611400 83.105040 -275.825745 90.824745
-276.801100 83.107970 -273.013123 90.738121
-274.051500 83.099890 -270.270294 90.655487
-271.353100 83.054870 -267.567566 90.536407
-268.676800 82.970950 -264.910065 90.376114
-266.029200 82.903900 -262.223938 90.237381
-263.418800 82.873250 -259.606842 90.141655
-260.804200 82.903330 -256.977875 90.080956
-258.168800 82.990410 -254.359314 90.090675
-255.510500 83.145560 -251.740921 90.185982
-252.844700 83.373830 -249.076080 90.336418
-250.152200 83.637690 -246.393295 90.517166
-247.440300 83.910960 -243.669479 90.723015
-244.714300 84.178610 -240.948837 90.905922
-242.002000 84.383000 -238.267197 91.021812
-239.314700 84.514710 -235.572021 91.081566
-236.657500 84.567850 -232.912338 91.061729
-234.029000 84.526210 -230.263474 90.949234
-231.443300 84.405890 -227.653992 90.756493
-228.920700 84.255810 -225.128845 90.537460
-226.536800 84.105460 -222.727859 90.321411
-224.322600 83.973260 -220.540573 90.137711
-222.317800 83.852920 -218.554993 89.976608
-220.525500 83.748690 -216.797653 89.838486
-218.913500 83.654780 -215.213440 89.718468
-217.491400 83.614870 -213.812744 89.661232
-216.200400 83.663530 -212.544937 89.721107
-214.975300 83.890580 -211.370895 89.908417
-213.812900 84.303130 -210.229080 90.256493
-212.768400 84.851980 -209.284271 90.683792
-211.819400 85.505150 -208.307220 91.265129
-210.944500 86.249430 -207.407364 91.973778
-210.114900 87.190980 -206.512634 92.873589
-209.375900 88.379450 -205.735931 94.001427
-208.685500 89.786110 -205.017563 95.371193
-208.120100 91.447000 -204.398926 96.997711
-207.636800 93.318040 -203.885834 98.811768
-207.343700 95.377570 -203.582626 100.834633
-207.198500 97.677330 -203.409515 103.072723
-207.176800 100.117600 -203.340317 105.527710
-207.235900 102.732400 -203.379364 108.169334
-207.357900 105.495500 -203.463745 110.979546
-207.446900 108.321400 -203.507111 113.841362
-207.501200 111.206800 -203.510284 116.761871
-207.496800 114.153500 -203.440430 119.731857
-207.467000 117.040300 -203.376373 122.637138
-207.357100 119.818100 -203.289154 125.545372
-207.231600 122.580500 -203.195328 128.431274
-207.169600 125.360700 -203.116104 131.274734
-207.151600 128.086900 -203.094833 134.048218
-207.158900 130.676600 -203.073257 136.666733
-207.192200 133.099300 -203.077271 139.124130
-207.257200 135.311800 -203.123016 141.348587
-207.357800 137.293400 -203.197098 143.353699
-207.516000 139.039300 -203.339401 145.111160
-207.792700 140.624300 -203.600815 146.704086
-208.199400 142.155800 -203.985931 148.191635
-208.796100 143.591400 -204.547592 149.572327
-209.578000 144.906500 -205.250870 150.849640
-210.509400 146.123000 -206.108429 152.054764
-211.640600 147.221600 -207.184677 153.255173
-212.986500 148.243400 -208.496155 154.346466
-214.560800 149.101800 -210.045013 155.176559
-216.375500 149.752000 -211.860214 155.838623
-218.364200 150.183000 -213.861038 156.306122
-220.495700 150.431900 -215.950638 156.562119
-222.758400 150.560900 -218.226654 156.709122
-225.125500 150.643600 -220.605682 156.832550
-227.596900 150.727300 -223.091568 156.961594
-230.175200 150.835400 -225.682541 157.103409
-232.870900 150.954400 -228.388229 157.265610
-235.686400 151.084500 -231.211548 157.430817
-238.634600 151.219200 -234.135193 157.591309
-241.714000 151.324200 -237.196732 157.724869
-244.893500 151.370200 -240.363419 157.809860
-248.152800 151.340800 -243.629456 157.819504
-251.386800 151.245500 -246.843048 157.744492
-254.628800 151.083900 -250.079758 157.628815
-257.855100 150.860900 -253.294342 157.432281
-260.989500 150.595900 -256.427368 157.194489
-263.979600 150.335600 -259.434692 156.981247
-266.766600 150.087700 -262.217377 156.766663
-269.368500 149.866200 -264.815338 156.576675
-271.910000 149.696000 -267.353210 156.435272
-274.432000 149.547300 -269.872650 156.312119
-276.917800 149.419800 -272.362000 156.216568
-279.393400 149.337600 -274.868011 156.152924
-281.842600 149.284100 -277.304199 156.133133
-284.327000 149.245300 -279.798981 156.119125
-286.851400 149.215900 -282.321106 156.118378
-289.374600 149.175400 -284.843140 156.118271
-291.872700 149.113700 -287.350861 156.087570
-294.367000 149.035300 -289.855225 156.040359
-296.900400 148.946800 -292.403290 155.975479
-299.496800 148.857900 -295.019379 155.924225
-302.152700 148.763000 -297.691803 155.860001
-304.894400 148.662700 -300.479309 155.807724
-307.698800 148.565200 -303.311920 155.742523
-310.542800 148.472300 -306.193420 155.690445
-313.401900 148.388500 -309.057007 155.631790
-316.253600 148.309200 -311.920166 155.582016
-319.087100 148.246300 -314.749298 155.542557
-321.874200 148.159600 -317.561951 155.518723
-324.643500 148.080700 -320.325531 155.485886
-327.380000 148.017900 -323.072510 155.464157
-330.084600 147.943700 -325.774719 155.440979
-332.768800 147.879400 -328.425079 155.415924
-335.339000 147.849200 -330.995483 155.401779
-337.917500 147.821400 -333.553772 155.399429
-340.461700 147.771400 -336.097198 155.383606
-342.975500 147.703700 -338.588623 155.350998
-345.507800 147.596800 -341.111755 155.281448
-348.088400 147.502000 -343.675995 155.196701
-350.695500 147.387300 -346.296143 155.106567
-353.357500 147.254200 -348.925415 155.004303
-356.035100 147.123000 -351.571777 154.910294
-358.706400 146.987600 -354.260040 154.784561
-361.365400 146.869000 -356.912689 154.680954
-363.998800 146.747300 -359.551514 154.572723
-366.592400 146.651500 -362.139069 154.485840
-369.103200 146.586000 -364.638641 154.449570
-371.498800 146.552500 -367.035614 154.451096
-373.734100 146.569400 -369.271820 154.484482
-375.766000 146.687900 -371.309174 154.626297
-377.587800 146.923500 -373.129791 154.880920
-379.228200 147.254000 -374.770752 155.233109
-380.680100 147.681500 -376.212158 155.675354
-381.983900 148.240600 -377.519073 156.263474
-383.189300 148.967100 -378.756561 156.979095
-384.260600 149.832600 -379.794067 157.873093
-385.261700 150.822900 -380.792419 158.871307
-386.189600 152.026900 -381.731873 160.131073
-387.088300 153.508400 -382.599365 161.623749
-387.803500 155.255200 -383.316254 163.396729
-388.328200 157.227600 -383.822876 165.403778
-388.690100 159.390500 -384.146637 167.587265
-388.914300 161.727400 -384.326233 169.940826
-389.033800 164.223600 -384.395721 172.462433
-389.107700 166.899500 -384.425934 175.157516
-389.177200 169.703100 -384.434387 177.963989
-389.249200 172.602600 -384.455078 180.864990
-389.294800 175.566200 -384.467529 183.836777
-389.340400 178.518800 -384.486359 186.804840
-389.408400 181.466200 -384.510132 189.755020
-389.477100 184.395100 -384.521851 192.680756
-389.534000 187.303900 -384.529114 195.584137
-389.596100 190.151400 -384.544861 198.423157
-389.650400 192.868100 -384.551117 201.143311
-389.688600 195.381200 -384.555481 203.673355
-389.706500 197.729300 -384.537537 206.037369
-389.637200 199.881000 -384.438629 208.212875
-389.406500 201.894300 -384.176056 210.251495
-388.964400 203.824800 -383.686890 212.201935
-388.237500 205.641900 -382.906433 214.021149
-387.225600 207.247400 -381.878754 215.661728
-385.985200 208.725400 -380.623016 217.151123
-384.487500 210.025200 -379.096649 218.478088
-382.766900 211.133700 -377.367432 219.555222
-380.848000 212.024300 -375.430054 220.446457
-378.741200 212.710800 -373.335999 221.108612
-376.473400 213.257300 -371.080078 221.623489
-374.038800 213.683400 -368.638245 222.014343
-371.458500 214.025200 -366.077515 222.316010
-368.731200 214.304000 -363.361237 222.562988
-365.907000 214.548400 -360.531128 222.776810
-362.986400 214.774600 -357.631683 222.959885
-360.000500 214.982500 -354.642792 223.132278
-356.946700 215.144300 -351.608246 223.260132
-353.844800 215.269100 -348.530121 223.353897
-350.728200 215.343800 -345.444611 223.396194
-347.621800 215.396600 -342.328613 223.418228
-344.503600 215.436100 -339.266754 223.408524
-341.404500 215.431500 -336.189087 223.374298
-338.307200 215.374700 -333.115814 223.273926
-335.222900 215.258300 -330.042053 223.103653
-332.176900 215.090700 -327.009033 222.873688
-329.113900 214.919400 -323.956207 222.644562
-326.083300 214.755000 -320.917542 222.401321
-323.035500 214.645100 -317.869110 222.221191
-319.997700 214.594500 -314.831512 222.109711
-316.949800 214.613400 -311.784454 222.077164
-313.894600 214.701700 -308.751068 222.105774
-310.834000 214.851800 -305.698090 222.192627
-307.768800 215.021500 -302.637848 222.325714
-304.682000 215.209600 -299.540436 222.467880
-301.619300 215.403400 -296.476532 222.611496
-298.564100 215.602100 -293.403748 222.766632
-295.523500 215.774500 -290.387299 222.877792
-292.524500 215.925700 -287.392761 222.986847
-289.569200 216.080100 -284.443420 223.097534
-286.686000 216.208000 -281.564331 223.181732
-283.844300 216.320800 -278.733978 223.250488
-281.075400 216.414900 -276.023346 223.312347
-278.384800 216.482400 -273.346710 223.334930
-275.749900 216.524700 -270.731293 223.339020
-273.211000 216.563500 -268.207825 223.335709
-270.786900 216.596800 -265.791534 223.326065
-268.452200 216.627400 -263.455170 223.310135
-266.210100 216.670200 -261.210938 223.304718
-264.057900 216.715000 -259.078308 223.305008
-261.977600 216.758700 -257.001038 223.305145
-260.009300 216.805500 -255.035248 223.311462
-258.118000 216.846900 -253.159454 223.322784
-256.324100 216.892100 -251.376282 223.331039
-254.591600 216.937100 -249.645340 223.345383
-252.914000 216.968800 -247.974655 223.357208
-251.261500 217.002300 -246.320801 223.372833
-249.623300 217.030600 -244.688263 223.381363
-248.000000 217.075100 -243.069214 223.404633
-246.394700 217.123600 -241.453247 223.419022
-244.798500 217.177700 -239.868179 223.436310
-243.238500 217.242300 -238.297974 223.478668
-241.697700 217.301200 -236.756088 223.517426
-240.159500 217.379600 -235.224945 223.566849
-238.623700 217.447500 -233.687744 223.602356
-237.098100 217.517700 -232.163040 223.642944
-235.568700 217.578300 -230.630295 223.669800
-234.013600 217.632400 -229.070496 223.686295
-232.429300 217.675500 -227.491013 223.696381
-230.825000 217.709000 -225.882446 223.707169
-229.213500 217.727400 -224.277527 223.702469
-227.620200 217.743200 -222.675949 223.694611
-226.038600 217.749200 -221.106720 223.680542
-224.474500 217.720600 -219.526703 223.620117
-222.943700 217.646400 -217.995026 223.520767
-221.517500 217.497700 -216.568359 223.338593
-220.196400 217.264300 -215.274033 223.073730
-219.015400 216.979300 -214.075928 222.748550
-218.000600 216.671300 -213.062408 222.424774
-217.074300 216.316400 -212.118530 222.043427
-216.224900 215.882000 -211.315430 221.625320
-215.453800 215.357600 -210.549210 221.131104
-214.757400 214.782900 -209.829987 220.530029
-214.077200 214.065600 -209.141022 219.798096
-213.459700 213.182900 -208.528046 218.876480
-212.907500 212.086400 -208.013397 217.791077
-212.452200 210.870600 -207.551376 216.535095
-212.114300 209.456600 -207.244965 215.085983
-211.858500 207.837000 -207.011017 213.441055
-211.742000 206.028400 -206.941223 211.599319
-211.736300 204.033600 -206.983459 209.581833
-211.766900 201.873300 -207.066360 207.375183
-211.796200 199.533500 -207.157745 205.013794
-211.786800 197.027400 -207.217987 202.477524
-211.759900 194.373900 -207.248001 199.833084
-211.697900 191.633600 -207.263107 197.063599
-211.626700 188.816000 -207.275909 194.209412
-211.537000 185.992200 -207.273392 191.347504
-211.444400 183.173400 -207.258224 188.523331
-211.362800 180.374100 -207.254288 185.732956
-211.264700 177.600300 -207.236603 182.920273
-211.172000 174.834700 -207.215225 180.134689
-211.067900 172.132300 -207.179932 177.403610
-210.942500 169.548500 -207.114471 174.799118
-210.807500 167.115600 -207.031586 172.350235
-210.677900 164.891300 -206.928284 170.121368
-210.523800 162.831600 -206.810150 168.025024
-210.369300 160.883900 -206.691238 166.066528
-210.243400 159.140700 -206.582047 164.285461
-210.180400 157.654800 -206.525940 162.790817
-210.119700 156.263000 -206.482010 161.380798
-210.059800 154.892900 -206.430634 159.993790
-209.978700 153.571000 -206.358765 158.658264
-209.891700 152.272500 -206.285858 157.353271
-209.766700 150.900300 -206.169617 155.966843
-209.618400 149.453900 -206.050110 154.509399
-209.402000 147.911800 -205.875656 152.973846
-209.174500 146.248000 -205.705093 151.286926
-208.939400 144.453000 -205.511047 149.464020
-208.714900 142.497200 -205.340912 147.500641
-208.503800 140.403200 -205.183914 145.378128
-208.393000 138.150900 -205.116364 143.066666
-208.389600 135.751000 -205.174530 140.657349
-208.458300 133.190500 -205.294388 138.086655
-208.554900 130.503800 -205.462769 135.392731
-208.679600 127.708900 -205.642471 132.577972
-208.807700 124.788300 -205.823273 129.660599
-208.927800 121.786000 -205.993103 126.665863
-208.986400 118.770600 -206.150208 123.653999
-209.010800 115.753900 -206.278885 120.666397
-208.944000 112.761900 -206.317947 117.690567
-208.836500 109.809100 -206.296646 114.746063
-208.710600 106.913800 -206.229675 111.860527
-208.612900 104.164800 -206.163391 109.118103
-208.524100 101.612900 -206.114243 106.553452
-208.411800 99.291950 -206.043549 104.225891
-208.304000 97.231400 -205.984985 102.166039
-208.239900 95.441440 -205.952377 100.368408
-208.186600 93.928990 -205.897766 98.835823
-208.169400 92.620100 -205.906799 97.507729
-208.111400 91.359060 -205.860077 96.235573
-208.103700 90.108060 -205.854980 94.967888
-208.057300 88.899050 -205.814224 93.774696
-207.989700 87.686220 -205.777496 92.542969
-207.887500 86.424840 -205.685425 91.280960
-207.749700 85.106480 -205.575699 89.954216
-207.573400 83.679430 -205.416092 88.531395
-207.363800 82.128210 -205.247528 86.967857
-207.117800 80.466750 -205.036682 85.303833
-206.886600 78.657990 -204.836517 83.479240
-206.653200 76.721140 -204.628891 81.530945
-206.474300 74.687190 -204.484039 79.475517
-206.388100 72.537240 -204.442902 77.317108
-206.432200 70.298230 -204.524185 75.040237
-206.610100 68.000610 -204.741501 72.760643
-206.892700 65.622610 -205.069962 70.382072
-207.176400 63.145090 -205.378952 67.910301
-207.411300 60.582530 -205.651337 65.337585
-207.566400 57.936780 -205.850906 62.687260
-207.647700 55.184560 -205.988968 59.923862
-207.661500 52.385390 -206.045181 57.107723
-207.621300 49.546410 -206.093430 54.321205
-207.570900 46.730400 -206.133972 51.527565
-207.528900 43.951520 -206.153442 48.767368
-207.484900 41.207900 -206.202789 46.018425
-207.419300 38.483860 -206.230774 43.293308
-207.398300 35.859080 -206.295258 40.652645
-207.389600 33.323530 -206.367020 38.101547
-207.383600 30.928860 -206.433441 35.710167
-207.365700 28.737950 -206.471359 33.533161
-207.338200 26.780150 -206.498459 31.567463
-207.272200 25.076160 -206.494812 29.845291
-207.184900 23.637860 -206.463608 28.388144
-207.080700 22.407050 -206.395584 27.146515
-206.954300 21.322570 -206.312454 26.062675
-206.781600 20.334400 -206.178284 25.076843
-206.551700 19.436710 -206.020660 24.190359
-206.294700 18.614920 -205.818405 23.370140
-205.959400 17.852300 -205.526901 22.607834
-205.601700 17.147840 -205.208725 21.914658
-205.183200 16.499570 -204.813629 21.259636
-204.640200 15.834340 -204.307068 20.587723
-203.962000 15.126390 -203.672974 19.876877
-203.105900 14.402300 -202.894073 19.161385
-202.093300 13.723770 -201.894577 18.461876
-200.890700 13.072850 -200.701538 17.784668
-199.454900 12.451120 -199.262253 17.122253
-197.803000 11.847900 -197.615372 16.457863
-195.985800 11.251230 -195.812225 15.823006
-194.078300 10.799800 -193.927094 15.334475
-192.241500 10.550030 -192.114578 15.046128
-190.511600 10.492510 -190.339478 14.915880
-188.774500 10.514750 -188.559906 14.872648
-187.053000 10.530790 -186.789993 14.855762
-185.316100 10.589790 -185.020111 14.899094
-183.477200 10.672540 -183.156921 14.960695
-181.518300 10.768400 -181.175156 15.037963
-179.433500 10.895520 -179.072403 15.144106
-177.234800 11.053010 -176.840759 15.273065
-174.912900 11.228010 -174.466431 15.422215
-172.453800 11.406500 -171.985092 15.580605
-169.877600 11.633180 -169.383942 15.758034
-167.172600 11.903480 -166.657852 15.989463
-164.356100 12.241910 -163.807388 16.273148
-161.414200 12.605270 -160.848114 16.588406
-158.375100 12.957560 -157.779678 16.893490
-155.289000 13.266400 -154.656860 17.159094
-152.153500 13.477190 -151.522202 17.313564
-148.978900 13.534370 -148.326904 17.348991
-145.756200 13.449460 -145.125092 17.255560
-142.513300 13.323960 -141.869049 17.102909
-139.219200 13.264090 -138.605042 16.972830
-135.871600 13.235180 -135.238647 16.857620
-132.469300 13.237950 -131.810608 16.780701
-128.998700 13.250220 -128.323486 16.714952
-125.452300 13.247970 -124.809776 16.674154
-121.821900 13.224230 -121.211319 16.633234
-118.142800 13.197060 -117.562263 16.563686
-114.366200 13.195450 -113.857307 16.517387
-110.549500 13.202980 -110.131088 16.466759
-106.721100 13.234960 -106.331154 16.441608
-102.856200 13.237720 -102.521500 16.421051
-99.051970 13.344340 -98.704956 16.400303
-95.237560 13.444760 -94.910080 16.401731
-91.419640 13.530140 -91.097015 16.388000
-87.619070 13.674300 -87.313187 16.412420
-83.825400 13.812150 -83.544693 16.454165
-80.045030 13.941190 -79.797043 16.509127
-76.262920 14.064210 -76.057632 16.572664
-72.527230 14.169690 -72.386841 16.604477
-68.760100 14.314940 -68.700287 16.660147
-65.041990 14.448290 -65.038887 16.716373
-61.409550 14.597510 -61.410954 16.770313
-57.812780 14.752930 -57.809944 16.837448
-54.272080 14.916680 -54.285572 16.905191
-50.863180 15.111690 -50.771835 16.993731
-47.456920 15.288970 -47.308517 17.078238
-44.095940 15.453870 -43.897060 17.163071
-40.863370 15.611510 -40.592438 17.255724
-37.779270 15.768930 -37.461605 17.352760
-34.878460 16.001620 -34.521488 17.429884
-32.108550 16.224310 -31.710070 17.525930
-29.417700 16.336670 -29.026037 17.588228
-26.864830 16.377370 -26.484953 17.609306
-24.569330 16.453910 -24.117693 17.607826
-22.495940 16.503070 -21.979992 17.579428
-20.581990 16.519710 -20.018278 17.536402
-18.846180 16.508190 -18.244547 17.488661
-17.328990 16.482300 -16.676510 17.452412
-16.037550 16.475470 -15.303071 17.422636
-14.956120 16.515220 -14.112848 17.455372
-14.017770 16.603920 -13.114837 17.514030
-13.125570 16.745940 -12.212675 17.640631
-12.277220 17.018620 -11.449400 17.880844
-11.518690 17.387820 -10.692249 18.206125
-10.793900 17.853110 -9.962297 18.612301
-10.023690 18.451760 -9.194954 19.167551
-9.266871 19.249950 -8.403879 19.945766
-8.499983 20.230260 -7.651524 20.909023
-7.714471 21.448790 -6.908043 22.098846
-6.943853 22.899830 -6.086284 23.626894
-6.209422 24.630930 -5.391837 25.407200
-5.580618 26.636760 -4.799642 27.464544
-5.100718 28.938480 -4.314468 29.781456
-4.832290 31.540330 -4.006360 32.360886
-4.752808 34.327710 -3.922855 35.157223
-4.799016 37.335070 -3.954369 38.187931
-4.911943 40.499490 -4.071354 41.368271
-5.090383 43.700800 -4.214914 44.583580
-5.276585 46.904120 -4.341781 47.761139
-5.464336 50.126700 -4.466407 50.966225
-5.701735 53.348430 -4.584594 54.143776
-5.926283 56.566760 -4.689538 57.322594
-6.149722 59.747560 -4.790962 60.448139
-6.326192 62.853260 -4.861232 63.534771
-6.450595 65.815280 -4.944764 66.496277
-6.558018 68.633220 -5.020159 69.304924
-6.625230 71.279560 -5.075903 71.970200
-6.655510 73.749780 -5.133051 74.433342
-6.684464 75.995110 -5.177258 76.670212
-6.652349 77.987890 -5.194855 78.680550
-6.508811 79.715010 -5.081121 80.425873
-6.213677 81.157890 -4.816128 81.897789
-5.729615 82.390460 -4.389299 83.124924
-5.161236 83.435200 -3.903467 84.100716
-4.542652 84.252870 -3.294876 84.947639
-3.866113 84.884560 -2.702736 85.580948
-3.262439 85.311720 -2.126801 86.014671
-2.779876 85.608160 -1.675869 86.341537
-2.292931 85.855430 -1.221581 86.606216
-1.737887 86.025210 -0.721970 86.815033
-1.127115 86.147390 -0.213737 86.961792
-0.518659 86.251250 0.313206 87.106300
0.098283 86.354450 0.846460 87.227127
0.701588 86.427350 1.386375 87.285545
1.306431 86.494190 1.940172 87.345261
1.881704 86.544440 2.501711 87.396667
2.482048 86.571200 3.079952 87.418762
3.081643 86.601540 3.670404 87.439384
3.761151 86.625380 4.326722 87.462288
4.619787 86.696990 5.150147 87.519676
5.591334 86.770900 6.088061 87.572266
6.608439 86.844400 7.094908 87.630836
7.634023 86.901350 8.164415 87.683701
8.711110 86.958450 9.290525 87.708862
9.832777 87.009730 10.439291 87.730400
11.007620 87.011520 11.618515 87.723999
12.275390 86.965120 12.821123 87.657394
13.626340 86.918150 14.133653 87.610092
15.069990 86.825170 15.523140 87.513786
16.615310 86.785220 17.029285 87.482368
18.281790 86.877740 18.634109 87.569344
20.047850 87.081990 20.352871 87.754936
21.900640 87.285740 22.196344 87.927734
23.863160 87.475150 24.217499 88.048622
25.902040 87.591950 26.265268 88.114052
28.010580 87.643840 28.406487 88.147217
30.161670 87.666240 30.586266 88.167496
32.320100 87.664230 32.779331 88.170692
34.457590 87.659770 34.954716 88.153389
36.605810 87.671870 37.145458 88.164314
38.730770 87.693440 39.282841 88.180939
40.845470 87.730240 41.414341 88.193436
42.917780 87.780190 43.516315 88.229851
44.982820 87.855000 45.618996 88.290848
47.029150 87.934110 47.696815 88.340034
49.088540 87.988070 49.778240 88.364845
51.131190 88.046720 51.827419 88.397629
53.178890 88.088740 53.890846 88.416794
55.228720 88.131890 55.941856 88.452980
57.257270 88.189930 57.976112 88.491852
59.284240 88.231390 60.042732 88.515663
61.307870 88.268110 62.084297 88.549492
63.333450 88.313230 64.131783 88.562866
65.383590 88.353950 66.149368 88.592438
67.446480 88.391970 68.184975 88.618439
69.483090 88.432190 70.192398 88.647720
71.551190 88.436950 72.227928 88.682724
73.590280 88.449790 74.253502 88.681190
75.642440 88.447490 76.298790 88.693901
77.675640 88.454840 78.321381 88.697670
79.705830 88.461020 80.344955 88.698166
81.744040 88.480290 82.384804 88.715073
83.774580 88.511400 84.415421 88.722031
85.799340 88.557110 86.465294 88.742134
87.804420 88.601160 88.486496 88.762543
89.806920 88.643630 90.489174 88.771431
91.803370 88.704770 92.480835 88.808083
93.754020 88.738080 94.453476 88.818382
95.670500 88.790390 96.422165 88.845360
97.538390 88.822000 98.333717 88.855522
99.322990 88.859730 100.150215 88.881157
100.954900 88.856800 101.820221 88.858353
102.409400 88.885030 103.313919 88.872017
103.660500 88.873010 104.620956 88.867134
104.773500 88.863290 105.772690 88.873009
105.718200 88.844540 106.765533 88.846443
106.475800 88.845300 107.558525 88.853668
107.080900 88.835950 108.166908 88.862358
107.600100 88.863550 108.649277 88.905373
108.075700 88.966910 109.128433 89.008621
108.506900 89.161700 109.564651 89.196785
108.887900 89.429650 109.932022 89.438950
109.267500 89.752890 110.319481 89.731216
109.650400 90.181660 110.675316 90.121750
110.007800 90.683680 111.075233 90.611855
110.331900 91.262390 111.433716 91.205360
110.663200 91.958220 111.776138 91.867691
110.947400 92.750780 112.089134 92.632721
111.190500 93.649870 112.378624 93.514526
111.329400 94.676260 112.557037 94.521950
111.382200 95.834440 112.637009 95.629532
111.376200 97.156700 112.675407 96.934052
111.321400 98.712080 112.726135 98.421272
111.179000 100.499200 112.716820 100.115311
111.052600 102.454500 112.735130 102.000244
110.953400 104.573600 112.756630 104.069824
110.848100 106.867600 112.748840 106.341545
110.729000 109.311900 112.735756 108.750877
110.604600 111.877700 112.691063 111.318970
110.451100 114.520800 112.613663 113.954964
110.254000 117.240000 112.499306 116.661049
110.055600 119.971100 112.358986 119.411835
109.855900 122.687400 112.228439 122.133072
109.666000 125.388400 112.089821 124.813614
109.501800 128.077800 111.985657 127.501030
109.371200 130.752800 111.915947 130.161438
109.256400 133.406800 111.874962 132.801743
109.149100 136.006600 111.820457 135.376968
109.039300 138.439400 111.763664 137.803055
108.946900 140.687200 111.717781 140.009354
108.848000 142.713600 111.664314 142.028778
108.759900 144.486400 111.612495 143.805389
108.690000 146.045200 111.570084 145.385818
108.715900 147.402400 111.529259 146.781067
108.827800 148.539800 111.501572 147.961746
108.921200 149.485400 111.520576 148.918137
109.006800 150.284400 111.540695 149.738480
109.049700 151.026600 111.573143 150.489151
109.110000 151.749000 111.605545 151.231888
109.240400 152.403100 111.641441 151.946060
109.344100 153.097600 111.663422 152.696594
109.452600 153.933600 111.700691 153.574997
109.521400 154.936000 111.708992 154.611542
109.584300 156.072700 111.744316 155.750137
109.645200 157.328900 111.767014 157.011429
109.667500 158.738000 111.752151 158.442093
109.715500 160.311600 111.774117 160.016953
109.696400 162.088600 111.768845 161.767410
109.648800 164.031700 111.769295 163.689453
109.639100 166.108700 111.753738 165.785950
109.633200 168.339900 111.734871 168.016556
109.612700 170.710700 111.703339 170.382523
109.583300 173.210300 111.664864 172.890900
109.553500 175.810400 111.627563 175.480927
109.534300 178.500200 111.600563 178.183563
109.535800 181.237100 111.608643 180.908142
109.577200 183.940500 111.598869 183.640945
109.589000 186.635900 111.590752 186.358170
109.627500 189.311100 111.583122 189.025894
109.659000 191.927100 111.547050 191.621765
109.629600 194.430300 111.461533 194.131271
109.574900 196.783200 111.353065 196.489914
109.514500 198.966200 111.260582 198.692932
109.471200 200.971300 111.187073 200.703674
109.448700 202.821200 111.132935 202.558121
109.448800 204.602200 111.107170 204.351898
109.487500 206.354100 111.115402 206.112854
109.546200 208.062400 111.135918 207.829819
109.610500 209.709200 111.166756 209.506470
109.671900 211.262700 111.188660 211.070892
109.705900 212.701800 111.179428 212.503799
109.734000 214.083700 111.161858 213.894730
109.731100 215.443500 111.109886 215.268295
109.707300 216.763900 111.062630 216.571442
109.699800 218.051000 111.011162 217.867096
109.686600 219.346900 110.957001 219.160553
109.662800 220.744800 110.934326 220.517853
109.624300 222.181900 110.890221 221.940506
109.632900 223.689900 110.886887 223.426376
109.598100 225.285500 110.822853 225.015198
109.569800 226.964200 110.771362 226.692841
109.440500 228.723900 110.640602 228.453339
109.201500 230.569600 110.423286 230.298569
108.840200 232.500400 110.099815 232.230713
108.453300 234.508400 109.753021 234.236786
108.103400 236.603300 109.422623 236.334595
107.820000 238.782500 109.155449 238.525787
107.625300 241.068300 108.967728 240.818832
107.500700 243.440400 108.863815 243.192963
107.404300 245.878200 108.791733 245.671860
107.332600 248.416100 108.735069 248.225876
107.256600 251.021300 108.675346 250.855331
107.176600 253.624800 108.607956 253.468155
107.085700 256.216800 108.526703 256.079071
106.990300 258.788300 108.441505 258.656830
106.888800 261.345700 108.352890 261.222351
106.803900 263.853500 108.262428 263.752014
106.756800 266.256500 108.192444 266.165009
106.736800 268.495900 108.135193 268.455963
106.721100 270.543000 108.093819 270.544434
106.664600 272.451300 108.044273 272.477539
106.602400 274.231700 108.007736 274.266388
106.541100 275.936000 107.971909 275.975342
106.490100 277.548900 107.957130 277.590118
106.431000 279.024300 107.960014 279.056702
106.436000 280.325900 108.004570 280.374542
106.525700 281.483400 108.119049 281.518829
106.690800 282.500200 108.299942 282.526550
106.934200 283.393700 108.558670 283.406067
107.264500 284.174800 108.833237 284.185669
107.615000 284.885400 109.141487 284.896881
108.052900 285.553000 109.545044 285.587189
108.564200 286.162300 110.004173 286.231323
109.134400 286.814700 110.532402 286.915039
109.716100 287.520500 111.117126 287.624969
110.122000 288.203000 111.598297 288.263245
110.422100 288.820000 111.948799 288.846313
110.586500 289.418300 112.172379 289.453339
110.618300 290.064100 112.264000 290.036621
110.518800 290.708100 112.228157 290.616364
110.370600 291.314300 112.154266 291.186920
110.141900 291.925400 111.976700 291.714966
109.836600 292.549000 111.694427 292.304047
109.496500 293.150200 111.373192 292.857849
109.127000 293.786300 111.019363 293.480682
108.698100 294.485100 110.611694 294.150696
108.256700 295.314100 110.206650 294.942413
107.818100 296.219200 109.760040 295.894501
107.428300 297.304000 109.366257 296.982269
107.065000 298.537100 109.026657 298.184174
106.761100 299.883000 108.745499 299.544128
106.504600 301.404000 108.500031 301.054077
106.275100 303.166000 108.286690 302.790039
106.085800 305.101300 108.100975 304.716217
105.832300 307.215400 107.879929 306.804993
105.631300 309.512000 107.700127 309.077850
105.511000 311.924600 107.564537 311.509857
105.445300 314.490700 107.507500 314.068634
105.421000 317.132600 107.482300 316.729065
105.442800 319.873700 107.478683 319.491180
105.446400 322.691700 107.479774 322.333099
105.418000 325.550100 107.449699 325.230743
105.395200 328.463500 107.411682 328.185211
105.363900 331.394800 107.395714 331.136078
105.291400 334.291700 107.344208 334.046356
105.220100 337.191700 107.299263 336.957062
105.144300 340.052300 107.239769 339.823975
105.074500 342.867900 107.155922 342.663696
105.008900 345.615600 107.035355 345.454498
104.963300 348.183800 106.925262 348.086487
104.902500 350.569000 106.836288 350.520294
104.816700 352.734300 106.754219 352.723114
104.677500 354.661300 106.687737 354.689972
104.615300 356.352300 106.676216 356.419922
104.604300 357.799100 106.666702 357.921783
104.701100 359.026400 106.804123 359.195709
104.890600 360.123900 107.016556 360.288208
105.192900 361.139800 107.304962 361.343628
105.583500 362.033500 107.716843 362.295197
106.094900 362.891300 108.216042 363.165192
106.699400 363.652300 108.822151 363.931824
107.414200 364.337700 109.479256 364.608673
108.207300 364.984000 110.329819 365.367645
109.274200 365.625100 111.419891 366.047363
110.518200 366.322000 112.610977 366.659790
111.969200 367.023500 114.071716 367.352234
113.629200 367.645200 115.755722 367.981140
115.502500 368.145800 117.627625 368.467773
117.562800 368.470200 119.723030 368.809387
119.826500 368.663600 121.995804 368.991455
122.238200 368.733400 124.432625 369.039307
124.812600 368.744200 127.018799 369.037567
127.509600 368.750200 129.749908 369.037720
130.334100 368.742700 132.596603 369.015686
133.295700 368.738200 135.603287 369.017853
136.383900 368.770400 138.745377 369.017578
139.555000 368.815800 141.925888 369.025940
142.817300 368.903900 145.197464 369.081116
146.129200 369.028000 148.507126 369.166382
149.483900 369.137700 151.853134 369.237305
152.891500 369.309800 155.236099 369.303284
156.306000 369.518300 158.631653 369.377747
159.737200 369.684200 162.066818 369.426331
163.198500 369.811800 165.543060 369.461639
166.695400 369.930000 169.024475 369.501770
170.207000 370.046100 172.547012 369.546570
173.771600 370.157300 176.118439 369.607208
177.360900 370.266500 179.682159 369.678986
180.975000 370.366900 183.297791 369.747650
184.518100 370.493400 186.903503 369.808167
188.057900 370.608200 190.487976 369.879944
191.649500 370.691100 194.069595 369.948456
195.256300 370.767500 197.632172 370.006714
198.849500 370.860000 201.160172 370.082611
202.381300 370.945800 204.691406 370.131134
205.845900 371.042000 208.149963 370.185516
209.282900 371.140100 211.571564 370.224426
212.668000 371.264500 214.954865 370.285309
216.064400 371.405600 218.313309 370.348114
219.481600 371.542500 221.679733 370.408142
222.884100 371.677600 225.057068 370.478149
226.298100 371.814800 228.417114 370.559174
229.735800 371.946300 231.794861 370.654297
233.194100 372.081100 235.216400 370.733215
236.650500 372.201800 238.623917 370.800842
240.111200 372.286400 242.055511 370.845337
243.564300 372.361500 245.493607 370.849182
247.015400 372.438700 248.958572 370.886292
250.457000 372.513500 252.397522 370.922760
253.891600 372.590900 255.817352 370.968445
257.290300 372.695800 259.230286 371.005859
260.690700 372.783400 262.611908 371.062469
264.069500 372.879600 265.976532 371.111176
267.431600 372.988700 269.327148 371.198212
270.776800 373.106400 272.688660 371.281494
274.109000 373.236700 276.057739 371.367310
277.432900 373.381900 279.415894 371.477966
280.759300 373.509600 282.739441 371.557678
284.056000 373.639500 286.042786 371.637634
287.359000 373.744400 289.358490 371.712891
290.659600 373.828200 292.669800 371.758240
293.947900 373.890800 295.967773 371.798187
297.237800 373.937600 299.233826 371.833435
300.521400 373.988900 302.508362 371.879120
303.768300 374.045300 305.756073 371.912903
306.957900 374.123300 309.009399 371.932709
310.146500 374.187500 312.225494 371.954163
313.322400 374.161000 315.404846 371.966919
316.483700 374.147700 318.561523 371.979980
319.614100 374.138000 321.680786 371.979279
322.710900 374.134900 324.760620 372.005920
325.754600 374.160500 327.788574 372.050110
328.760000 374.252700 330.779724 372.134705
331.723400 374.480400 333.725525 372.359039
334.629700 374.897700 336.616699 372.771149
337.443500 375.575200 339.386932 373.385773
340.190600 376.425800 342.112915 374.208252
342.858100 377.501000 344.772827 375.227295
345.468300 378.757900 347.329498 376.422852
348.031800 380.138800 349.869720 377.767273
350.528000 381.659100 352.368347 379.198975
353.018700 383.175200 354.874298 380.663666
355.491300 384.652000 357.374451 382.104614
357.947400 386.052400 359.888123 383.450104
360.450400 387.298300 362.438293 384.637085
362.989400 388.343200 365.034912 385.647644
365.629600 389.180000 367.712921 386.449158
368.276800 389.785200 370.421783 387.060364
371.000200 390.203900 373.190552 387.453156
373.810900 390.409900 376.005798 387.655914
376.669700 390.515800 378.857025 387.678406
379.565900 390.475800 381.751129 387.573486
382.519300 390.334600 384.704956 387.381256
385.568500 390.096400 387.755402 387.103455
388.667700 389.806400 390.839600 386.777802
391.801000 389.495500 393.955322 386.424316
394.948500 389.200900 397.078979 386.097992
398.070600 388.865200 400.186798 385.725769
401.148300 388.481900 403.254242 385.312531
404.065800 388.058900 406.170044 384.858215
406.691700 387.530400 408.814056 384.302917
409.000000 386.806300 411.125793 383.562225
410.962900 385.896000 413.057434 382.654449
412.562500 384.785500 414.688110 381.585571
413.996700 383.545300 416.054657 380.319946
415.180900 382.105900 417.229218 378.859039
416.123400 380.517100 418.149902 377.204651
416.780300 378.715300 418.822479 375.425964
417.257500 376.862000 419.292053 373.512512
417.474300 374.922400 419.505676 371.493744
417.570600 372.940800 419.571503 369.453552
417.595000 370.957200 419.574799 367.414795
417.608000 368.989000 419.560486 365.426300
417.583600 367.038100 419.508759 363.449310
417.563900 365.089500 419.472565 361.489868
417.541600 363.162600 419.416565 359.540192
417.537500 361.254500 419.378784 357.618896
417.528500 359.368700 419.336243 355.726776
417.528100 357.497400 419.301453 353.815552
417.533000 355.636800 419.268829 351.951660
417.535200 353.779400 419.234833 350.073517
417.571900 351.871300 419.227600 348.170135
417.625100 349.951000 419.230316 346.247406
417.694000 348.023900 419.275818 344.304260
417.785900 346.081700 419.342804 342.352264
417.908800 344.103500 419.446167 340.355194
418.015700 342.077300 419.518799 338.305939
418.081000 339.964700 419.553925 336.174438
418.090200 337.760700 419.527802 333.949585
418.050600 335.423900 419.445129 331.600433
417.958300 332.974100 419.320801 329.117523
417.860400 330.443200 419.144318 326.556732
417.712700 327.891600 418.896057 323.989777
417.482600 325.340400 418.583313 321.419922
417.033400 322.795700 418.151764 318.901550
416.342400 320.296000 417.513824 316.416077
415.500300 317.846800 416.688232 313.981689
414.502200 315.485600 415.696472 311.621765
413.318100 313.201700 414.506042 309.329315
412.032900 310.983400 413.235718 307.089691
410.705100 308.826400 411.896057 304.919128
409.332700 306.723300 410.522278 302.829834
407.938700 304.690300 409.117645 300.771667
406.473300 302.693100 407.645569 298.768341
404.955000 300.719700 406.109253 296.778687
403.421700 298.744000 404.574158 294.785828
401.884500 296.708900 403.037048 292.740326
400.391900 294.639900 401.550812 290.678192
398.848100 292.568900 400.141479 288.607147
397.412100 290.463600 398.777985 286.503601
396.057400 288.363000 397.471924 284.390442
394.718200 286.280300 396.169434 282.295258
393.408400 284.209500 394.880066 280.213989
392.117400 282.093800 393.606201 278.124939
390.835100 279.982500 392.324890 276.016754
389.579700 277.837900 391.075836 273.887482
388.345300 275.665600 389.842255 271.713013
387.120100 273.483200 388.626465 269.520721
385.875700 271.265000 387.378662 267.292419
384.628200 269.049200 386.121094 265.073212
383.381900 266.843000 384.866791 262.876740
382.125900 264.656300 383.607056 260.696960
380.854500 262.504300 382.327759 258.541290
379.661500 260.394600 381.036804 256.434692
378.446600 258.284100 379.728027 254.393524
377.135400 256.231900 378.401154 252.371063
375.830100 254.203900 377.109344 250.389221
374.666100 252.142300 375.801880 248.384888
373.467400 250.089900 374.492645 246.368958
372.260300 248.016900 373.145905 244.344788
371.007200 245.900200 371.765320 242.268921
369.693400 243.722700 370.340363 240.142578
368.315100 241.489500 368.858337 237.957336
366.888500 239.203500 367.338806 235.717834
365.460800 236.868900 365.795776 233.433441
364.012600 234.509600 364.270874 231.102844
362.529900 232.103900 362.760193 228.753510
361.127000 229.646700 361.237976 226.339386
359.661000 227.165200 359.716858 223.924500
358.172600 224.664800 358.164520 221.472595
356.667000 222.124500 356.543274 218.987915
355.093500 219.562900 354.857086 216.476593
353.424100 216.994400 353.116760 213.946808
351.712100 214.400800 351.314941 211.386383
349.975600 211.757600 349.514923 208.797546
348.217300 209.053900 347.685486 206.132797
346.440100 206.295800 345.828186 203.436600
344.718700 203.491400 343.993347 200.723419
343.048900 200.668300 342.165375 197.990768
341.324500 197.881200 340.338348 195.255264
339.568500 195.094400 338.547974 192.541336
337.852500 192.286600 336.733459 189.753937
336.194600 189.467000 334.942780 187.002258
334.505100 186.643600 333.162415 184.207611
332.810200 183.813400 331.375427 181.393951
331.136400 180.975200 329.602417 178.574707
329.490700 178.148700 327.845825 175.783798
327.932900 175.420200 326.170166 173.099548
326.471500 172.833200 324.600037 170.565643
325.095300 170.445000 323.137207 168.213287
323.762200 168.206100 321.750458 165.997589
322.412400 165.996900 320.332031 163.805206
321.011100 163.835400 318.889343 161.649902
319.641800 161.678600 317.496582 159.505585
318.295500 159.472400 316.111816 157.315338
316.951800 157.229300 314.720398 155.105377
315.588800 154.961100 313.313049 152.884155
314.135600 152.692800 311.848969 150.645767
312.631900 150.387300 310.351746 148.353607
311.148500 148.012100 308.824341 145.997803
309.612900 145.580200 307.272552 143.599762
308.016700 143.109100 305.664093 141.130066
306.331100 140.598200 304.003235 138.627289
304.564400 138.076000 302.291321 136.109924
302.797400 135.508900 300.529785 133.543182
300.997000 132.893600 298.750488 130.934540
299.222800 130.218600 296.950500 128.284485
297.437100 127.496300 295.128937 125.583809
295.655500 124.725500 293.298218 122.851822
293.887000 121.904900 291.448273 120.025360
292.106700 119.014900 289.579285 117.177101
290.285600 116.096800 287.697754 114.299606
288.486200 113.134700 285.809326 111.391785
286.686000 110.204800 283.897583 108.481400
284.893700 107.269000 281.993103 105.598602
283.126100 104.350100 280.102173 102.732986
281.355100 101.454500 278.222107 99.881096
279.594100 98.593690 276.370789 97.069672
277.853700 95.782330 274.569885 94.299248
276.123300 93.015090 272.764893 91.572464
274.407100 90.294590 270.990265 88.882187
272.692900 87.620630 269.224426 86.237114
270.986100 84.990760 267.445160 83.620049
269.325100 82.370640 265.713470 81.046005
267.721500 79.761360 263.984436 78.495163
266.125000 77.187760 262.304138 76.002136
264.542700 74.650060 260.615936 73.479889
262.985600 72.146080 258.969910 71.020409
261.442300 69.672120 257.361786 68.572144
259.914000 67.228910 255.755981 66.157471
258.304500 64.884450 254.187653 63.782082
256.745600 62.566170 252.656693 61.429054
255.295000 60.234750 251.210907 59.088921
253.997800 57.859320 249.901276 56.712013
252.910900 55.413560 248.800507 54.252312
252.070800 52.918370 247.908905 51.741051
251.456200 50.379500 247.286926 49.219273
251.101500 47.849010 246.896454 46.671940
250.932300 45.362320 246.687531 44.144619
250.858900 42.970440 246.567520 41.721340
250.880600 40.703100 246.498489 39.393227
250.860200 38.529600 246.387527 37.154106
250.643100 36.422190 246.128677 35.004845
250.219900 34.431510 245.637650 33.036854
249.550300 32.522370 244.966736 31.097885
248.682400 30.805930 244.088394 29.347786
247.595100 29.296170 242.893738 27.829422
246.325600 27.986790 241.572784 26.446831
244.806500 26.870520 240.039932 25.368454
243.208500 26.046220 238.427399 24.560669
241.618500 25.511990 236.856049 24.068367
240.183400 25.244680 235.417252 23.838606
238.935000 25.182690 234.176361 23.820023
237.834400 25.306400 233.069305 23.943884
236.751000 25.547440 232.064896 24.203922
235.819600 26.015040 231.154861 24.679886
235.018800 26.634010 230.365295 25.279083
234.322500 27.380390 229.665558 25.988716
233.665300 28.270030 229.097000 26.890152
233.152200 29.370220 228.611038 27.994736
232.717700 30.623840 228.246796 29.228329
232.381300 32.026050 227.968826 30.628082
232.146500 33.563930 227.834702 32.154392
231.970000 35.230950 227.728165 33.811378
231.824100 37.057360 227.682404 35.631580
231.711700 38.971820 227.660706 37.553356
231.613800 41.054710 227.658249 39.620373
231.500400 43.265380 227.650070 41.814232
231.399200 45.576380 227.669510 44.102516
231.319600 47.958050 227.698654 46.471764
231.245500 50.455120 227.747192 48.942619
231.179600 53.045730 227.818985 51.547409
231.112600 55.734600 227.885178 54.230183
231.018200 58.532000 227.956467 57.006264
230.923100 61.468330 228.049866 59.895088
230.781800 64.386420 228.112640 62.783981
230.554400 67.301250 228.080078 65.708168
230.382900 70.279420 228.082626 68.697922
230.251900 73.265810 228.127060 71.674294
230.117200 76.279160 228.166916 74.679398
229.963600 79.299000 228.182419 77.715126
229.812600 82.350860 228.192047 80.786331
229.639600 85.361680 228.232635 83.829300
229.508400 88.372400 228.266632 86.879951
229.396200 91.404150 228.320938 89.898689
229.226100 94.390420 228.324402 92.864853
229.043400 97.383610 228.310165 95.834137
228.915600 100.420900 228.354233 98.885353
228.777400 103.429600 228.376785 101.908127
228.620500 106.515300 228.401016 104.982773
228.492800 109.617700 228.440475 108.080063
228.345100 112.766000 228.464996 111.223740
228.262200 115.953800 228.506378 114.398865
228.174500 119.123600 228.533447 117.544632
228.062700 122.300500 228.539627 120.712486
227.923700 125.438600 228.537735 123.850754
227.800300 128.526100 228.550262 126.932686
227.652200 131.598300 228.543488 129.972641
227.534700 134.639400 228.553528 133.010086
227.419600 137.638100 228.569092 136.009171
227.314300 140.648200 228.580780 139.020065
227.209000 143.551900 228.592712 141.942017
227.066800 146.491000 228.571548 144.882935
226.958600 149.420900 228.590546 147.755859
226.876000 152.285800 228.619797 150.601852
226.800700 155.135000 228.660217 153.426331
226.731900 157.928600 228.699493 156.216171
226.671000 160.677000 228.727249 158.966446
226.582000 163.433500 228.732178 161.687500
226.485000 166.141300 228.729401 164.374817
226.397200 168.834800 228.732681 167.077484
226.291800 171.503000 228.714676 169.747391
226.193800 174.156400 228.703873 172.385300
226.097700 176.845900 228.698181 175.058228
226.004100 179.602700 228.700974 177.808121
225.899400 182.370000 228.718872 180.551895
225.790500 185.147000 228.721420 183.298370
225.666400 187.881700 228.708588 186.001190
225.559700 190.596700 228.716400 188.698074
225.450800 193.273500 228.721649 191.381592
225.344100 195.959200 228.736221 194.056870
225.255300 198.650900 228.768448 196.723053
225.193200 201.334900 228.806976 199.387131
225.127200 204.006800 228.851562 202.023666
225.065500 206.635300 228.887939 204.641342
225.010800 209.237100 228.924393 207.227280
224.942500 211.826000 228.952652 209.785843
224.891100 214.400400 229.001312 212.330109
224.851300 216.935700 229.066147 214.833939
224.574700 219.362300 229.120651 217.277908
224.296500 221.836900 229.165390 219.769547
224.077500 224.335800 229.228516 222.282776
223.912600 226.902200 229.304199 224.815567
223.741800 229.521600 229.350571 227.434128
223.606900 232.177000 229.390366 230.085480
223.385500 235.003000 229.384430 232.859985
223.159800 237.809300 229.355377 235.627686
222.960600 240.674800 229.338501 238.458771
222.792300 243.535000 229.331543 241.261292
222.588700 246.352100 229.332779 244.049118
222.380700 249.170100 229.312347 246.826935
222.221500 251.920200 229.323288 249.550507
222.080000 254.672900 229.361069 252.271561
221.956900 257.368500 229.374756 254.990448
221.829100 260.046700 229.411224 257.650604
221.692500 262.646800 229.401001 260.306702
221.568600 265.262200 229.418884 262.941803
221.459700 267.839700 229.453888 265.528046
221.336200 270.381800 229.468781 268.090332
221.189700 272.766200 229.458344 270.465393
221.088000 275.002000 229.477066 272.691467
221.026400 277.045600 229.533920 274.729309
221.049000 278.872300 229.655106 276.555603
221.129600 280.543300 229.815002 278.226318
221.219900 282.100200 229.982574 279.783966
221.344400 283.572300 230.201874 281.252686
221.383300 284.982800 230.316406 282.661804
221.427300 286.297500 230.457153 283.956360
221.355400 287.505400 230.471741 285.153564
221.243100 288.625800 230.435730 286.210388
221.036600 289.678700 230.312424 287.255310
220.706100 290.652000 230.046570 288.213928
220.342100 291.553100 229.747375 289.122375
219.853800 292.364600 229.320770 289.987885
219.269900 293.212700 228.791260 290.887177
218.538100 294.065300 228.134995 291.680939
217.686800 294.889800 227.327942 292.542175
216.657700 295.681400 226.344452 293.382446
215.444500 296.400100 225.177399 294.114868
214.042800 296.980800 223.793381 294.759583
212.392600 297.367200 222.202164 295.178345
210.496800 297.522800 220.392197 295.442596
208.422600 297.550500 218.357803 295.544708
206.131200 297.483400 216.107285 295.555939
203.651200 297.386400 213.632263 295.566528
200.976300 297.310600 210.946335 295.604736
198.089000 297.234800 208.043884 295.661926
194.997600 297.169600 204.958054 295.729340
191.702200 297.088100 201.654419 295.788391
188.259400 296.972900 198.208023 295.826324
184.687600 296.836900 194.627731 295.850525
180.991300 296.697500 190.928864 295.875977
177.262000 296.545800 187.182571 295.870789
173.558400 296.374900 183.464462 295.856873
169.919200 296.277600 179.776749 295.849457
166.317100 296.215600 176.081985 295.842682
162.711100 296.177000 172.424759 295.814575
159.134700 296.119900 168.792038 295.794830
155.571100 296.037800 165.143921 295.780426
152.007700 295.960500 161.539978 295.763733
148.468000 295.873200 157.974747 295.751984
144.946600 295.784900 154.408722 295.753876
141.444100 295.697900 150.868362 295.755310
137.975600 295.609100 147.339615 295.746338
134.474600 295.536100 143.870697 295.733948
131.021500 295.387200 140.404221 295.695709
127.584800 295.185200 136.988953 295.600586
124.194200 294.919100 133.615417 295.418549
120.833000 294.568800 130.271637 295.173859
117.524100 294.148300 126.942169 294.841431
114.277200 293.717200 123.685059 294.497314
111.044200 293.263000 120.428818 294.135956
107.875300 292.820400 117.215576 293.785156
104.688800 292.432800 114.042664 293.486511
101.526200 292.112800 110.841827 293.247772
98.320670 291.867700 107.612885 293.086945
95.075730 291.698100 104.337402 292.996155
91.781610 291.600800 101.022621 292.988434
88.461730 291.510300 97.659149 293.022034
85.094010 291.416400 94.239960 293.038635
81.672540 291.325000 90.778099 293.066040
78.223590 291.216800 87.307472 293.066162
74.766450 291.106600 83.835007 293.049835
71.344240 290.985400 80.412292 293.045471
67.941880 290.873200 77.017029 293.029663
64.574620 290.765700 73.645287 293.024506
61.246410 290.655900 70.303406 293.021179
57.944380 290.555500 67.006393 293.014099
54.688490 290.463900 63.752583 292.999176
51.465180 290.374800 60.534569 292.999390
48.250390 290.298700 57.324253 293.008392
45.050130 290.226400 54.119961 293.009064
41.875270 290.157700 50.949932 293.012177
38.711490 290.079000 47.799046 293.013458
35.578690 289.999000 44.677994 293.023285
32.468040 289.919000 41.587662 293.033051
29.399030 289.855900 38.521805 293.060730
26.374440 289.806000 35.512577 293.090393
23.466190 289.753800 32.609501 293.120728
20.703250 289.695700 29.854023 293.133087
18.065590 289.632000 27.231300 293.139496
15.545090 289.573700 24.722126 293.144592
13.147890 289.520300 22.346802 293.161255
10.888030 289.488100 20.105524 293.193451
8.793075 289.520100 18.008038 293.293243
6.883822 289.607400 16.094345 293.446014
5.082836 289.770600 14.290754 293.660370
3.360773 289.989300 12.574390 293.935120
1.693438 290.246300 10.908916 294.246857
0.081762 290.523900 9.303635 294.573242
-1.454040 290.824700 7.772953 294.913483
-2.912142 291.153900 6.335983 295.268372
-4.263831 291.496500 4.997787 295.649017
-5.469629 291.865200 3.812294 296.035431
-6.561797 292.250200 2.742432 296.453125
-7.567325 292.720400 1.758484 296.909973
-8.250854 293.150700 1.093529 297.351654
-8.615564 293.414600 0.738586 297.603302
-8.701378 293.497800 0.656219 297.676514
-8.677816 293.476200 0.670547 297.651154
-8.670689 293.481400 0.668640 297.657104
-8.660467 293.476600 0.669449 297.657532
-8.651698 293.468700 0.667130 297.659607
-8.643833 293.460000 0.670547 297.648438
-8.651930 293.468400 0.659271 297.670044
-8.687854 293.502400 0.603302 297.710968
-8.762112 293.570000 0.525360 297.794250
-8.920494 293.730700 0.369003 297.952026
-9.169684 294.008200 0.120850 298.254395
-9.506103 294.394700 -0.208679 298.661133
-9.958653 294.935000 -0.649551 299.237854
-10.520470 295.675700 -1.190109 300.010010
-11.117550 296.668100 -1.779343 301.031799
-11.708500 297.866400 -2.319511 302.295898
-12.237630 299.339200 -2.829674 303.821838
-12.683330 301.018400 -3.229790 305.525330
-13.070580 302.864600 -3.574677 307.406067
-13.368680 304.910200 -3.817560 309.480042
-13.565630 307.103100 -3.956579 311.715790
-13.722500 309.483700 -4.045970 314.123688
