0 0.000139 0.038740 100.000000 12.195122
0 0.000070 0.021355 200.000000 15.384615
0 0.000041 0.018715 300.000000 17.543859
0 0.000033 0.018101 400.000000 19.138756
0 0.000026 0.016565 500.000000 20.325203
0 0.000020 0.016587 600.000000 21.126760
0 0.000021 0.016691 700.000000 21.806854
0 0.000019 0.016667 800.000000 22.284122
10 0.000117 0.037024 100.000000 12.987013
10 0.000060 0.019757 200.000000 16.129032
10 0.000030 0.017434 300.000000 18.181818
10 0.000023 0.016821 400.000000 19.704433
10 0.000019 0.015168 500.000000 20.833334
10 0.000016 0.015370 600.000000 21.582733
10 0.000018 0.015399 700.000000 22.222221
10 0.000018 0.015350 800.000000 22.662889
20 0.000091 0.031980 100.000000 13.888889
20 0.000044 0.016008 200.000000 16.949152
20 0.000018 0.014739 300.000000 18.867924
20 0.000017 0.014452 400.000000 20.304569
20 0.000014 0.013078 500.000000 21.367521
20 0.000013 0.013427 600.000000 22.140221
20 0.000014 0.013472 700.000000 22.653721
20 0.000016 0.013402 800.000000 23.121387
30 0.000061 0.025724 100.000000 14.925373
30 0.000022 0.012177 200.000000 17.857143
30 0.000013 0.012400 300.000000 19.607843
30 0.000018 0.012490 400.000000 21.052631
30 0.000010 0.011466 500.000000 22.026432
30 0.000011 0.012046 600.000000 22.641510
30 0.000011 0.012077 700.000000 23.178808
30 0.000016 0.011960 800.000000 23.529411
40 0.000024 0.018127 100.000000 16.129032
40 0.000021 0.007841 200.000000 18.867924
40 0.000029 0.010533 300.000000 20.408163
40 0.000031 0.011087 400.000000 21.739130
40 0.000019 0.010431 500.000000 22.624434
40 0.000017 0.011163 600.000000 23.166023
40 0.000013 0.011062 700.000000 23.648649
40 0.000021 0.010997 800.000000 23.952095
50 0.000033 0.009862 100.000000 17.241379
50 0.000033 0.008807 200.000000 19.801981
50 0.000040 0.011957 300.000000 21.276596
50 0.000033 0.012403 400.000000 22.471910
50 0.000024 0.011768 500.000000 23.148148
50 0.000020 0.012215 600.000000 23.715416
50 0.000015 0.011980 700.000000 24.054983
50 0.000023 0.011869 800.000000 24.316109
60 0.000025 0.005690 100.000000 18.518518
60 0.000042 0.012078 200.000000 20.618557
60 0.000041 0.014733 300.000000 21.897810
60 0.000028 0.013704 400.000000 22.988506
60 0.000024 0.013150 500.000000 23.696682
60 0.000021 0.013210 600.000000 24.096386
60 0.000014 0.012855 700.000000 24.475525
60 0.000025 0.012585 800.000000 24.691359
70 0.000020 0.009414 100.000000 19.230770
70 0.000042 0.015750 200.000000 21.276596
70 0.000038 0.016737 300.000000 22.556391
70 0.000031 0.014818 400.000000 23.529411
70 0.000023 0.013835 500.000000 24.154589
70 0.000023 0.013906 600.000000 24.489796
70 0.000018 0.013292 700.000000 24.822695
70 0.000028 0.012964 800.000000 25.000000
80 0.000027 0.015363 100.000000 20.408163
80 0.000039 0.018304 200.000000 21.978022
80 0.000035 0.018557 300.000000 23.255814
80 0.000026 0.015687 400.000000 24.096386
80 0.000022 0.014793 500.000000 24.509804
80 0.000022 0.014480 600.000000 24.896265
80 0.000019 0.013759 700.000000 25.089605
80 0.000028 0.013343 800.000000 25.316456
90 0.000020 0.018675 100.000000 21.276596
90 0.000039 0.019714 200.000000 22.471910
90 0.000039 0.018795 300.000000 23.809525
90 0.000023 0.015935 400.000000 24.539877
90 0.000025 0.015437 500.000000 24.875622
90 0.000021 0.014804 600.000000 25.210085
90 0.000023 0.014034 700.000000 25.362318
90 0.000029 0.013632 800.000000 25.477707
100 0.000041 0.021398 100.000000 21.739130
100 0.000048 0.020589 200.000000 23.255814
100 0.000045 0.018751 300.000000 24.390244
100 0.000028 0.016174 400.000000 24.844721
100 0.000025 0.015743 500.000000 25.252525
100 0.000018 0.014975 600.000000 25.423729
100 0.000027 0.014285 700.000000 25.547445
100 0.000030 0.013743 800.000000 25.723473
110 0.000071 0.022553 100.000000 22.222221
110 0.000058 0.020999 200.000000 23.809525
110 0.000038 0.018165 300.000000 24.793388
110 0.000030 0.016117 400.000000 25.157232
110 0.000026 0.015692 500.000000 25.510204
110 0.000020 0.014831 600.000000 25.641026
110 0.000030 0.014236 700.000000 25.830257
110 0.000031 0.013655 800.000000 25.889967
120 0.000066 0.023466 100.000000 22.727272
120 0.000049 0.021127 200.000000 24.096386
120 0.000037 0.016766 300.000000 25.210085
120 0.000025 0.015169 400.000000 25.477707
120 0.000025 0.014885 500.000000 25.773195
120 0.000019 0.014100 600.000000 25.862068
120 0.000030 0.013591 700.000000 25.925926
120 0.000030 0.012974 800.000000 25.974026
130 0.000060 0.021439 100.000000 23.255814
130 0.000044 0.020159 200.000000 24.691359
130 0.000028 0.015770 300.000000 25.423729
130 0.000025 0.014801 400.000000 25.641026
130 0.000024 0.014485 500.000000 25.906736
130 0.000023 0.013627 600.000000 25.974026
130 0.000030 0.013156 700.000000 26.119404
130 0.000029 0.012594 800.000000 26.143791
140 0.000066 0.019592 100.000000 23.809525
140 0.000055 0.018062 200.000000 25.000000
140 0.000031 0.014645 300.000000 25.641026
140 0.000027 0.014355 400.000000 25.974026
140 0.000022 0.013987 500.000000 26.041666
140 0.000029 0.013182 600.000000 26.086956
140 0.000034 0.012719 700.000000 26.217228
140 0.000032 0.012307 800.000000 26.229507
150 0.000065 0.020394 100.000000 23.809525
150 0.000040 0.016712 200.000000 25.641026
150 0.000024 0.014077 300.000000 25.862068
150 0.000023 0.014296 400.000000 26.143791
150 0.000018 0.013595 500.000000 26.178011
150 0.000026 0.013324 600.000000 26.200872
150 0.000030 0.012397 700.000000 26.315790
150 0.000029 0.011775 800.000000 26.315790
160 0.000037 0.019762 100.000000 25.000000
160 0.000021 0.014591 200.000000 25.974026
160 0.000017 0.013729 300.000000 26.086956
160 0.000020 0.014107 400.000000 26.315790
160 0.000016 0.013864 500.000000 26.315790
160 0.000026 0.013570 600.000000 26.315790
160 0.000026 0.012557 700.000000 26.415094
160 0.000026 0.011581 800.000000 26.402639
170 0.000028 0.019753 100.000000 25.641026
170 0.000015 0.013681 200.000000 26.315790
170 0.000015 0.013691 300.000000 26.315790
170 0.000019 0.014189 400.000000 26.315790
170 0.000018 0.013811 500.000000 26.455027
170 0.000026 0.013397 600.000000 26.431719
170 0.000026 0.012526 700.000000 26.415094
170 0.000027 0.011300 800.000000 26.490067
180 0.000049 0.017013 100.000000 25.641026
180 0.000029 0.012688 200.000000 26.315790
180 0.000023 0.013597 300.000000 26.548672
180 0.000021 0.013740 400.000000 26.490067
180 0.000027 0.013521 500.000000 26.455027
180 0.000031 0.012792 600.000000 26.548672
180 0.000029 0.011971 700.000000 26.515152
180 0.000029 0.010822 800.000000 26.490067
190 0.000028 0.014774 100.000000 26.315790
190 0.000016 0.013321 200.000000 26.315790
190 0.000021 0.014869 300.000000 26.548672
190 0.000021 0.014642 400.000000 26.490067
190 0.000024 0.014837 500.000000 26.455027
190 0.000027 0.013596 600.000000 26.548672
190 0.000026 0.012637 700.000000 26.515152
190 0.000027 0.011570 800.000000 26.490067
200 0.000032 0.011673 100.000000 26.315790
200 0.000019 0.013233 200.000000 26.315790
200 0.000024 0.014609 300.000000 26.548672
200 0.000023 0.014825 400.000000 26.490067
200 0.000027 0.014552 500.000000 26.455027
200 0.000029 0.013466 600.000000 26.431719
200 0.000026 0.012261 700.000000 26.515152
200 0.000024 0.011527 800.000000 26.402639
210 0.000029 0.010742 100.000000 25.641026
210 0.000015 0.013335 200.000000 26.315790
210 0.000021 0.014641 300.000000 26.315790
210 0.000022 0.014650 400.000000 26.490067
210 0.000027 0.014126 500.000000 26.455027
210 0.000026 0.012987 600.000000 26.431719
210 0.000026 0.011630 700.000000 26.415094
210 0.000022 0.010979 800.000000 26.402639
220 0.000032 0.012856 100.000000 25.641026
220 0.000018 0.015853 200.000000 26.315790
220 0.000022 0.015960 300.000000 26.315790
220 0.000021 0.016276 400.000000 26.315790
220 0.000025 0.015033 500.000000 26.455027
220 0.000024 0.013840 600.000000 26.431719
220 0.000027 0.012419 700.000000 26.415094
220 0.000021 0.012072 800.000000 26.315790
230 0.000012 0.013736 100.000000 25.641026
230 0.000019 0.015687 200.000000 26.315790
230 0.000025 0.015338 300.000000 26.315790
230 0.000029 0.015374 400.000000 26.315790
230 0.000029 0.013680 500.000000 26.455027
230 0.000028 0.012429 600.000000 26.431719
230 0.000029 0.011069 700.000000 26.415094
230 0.000023 0.011163 800.000000 26.315790
240 0.000014 0.015759 100.000000 25.641026
240 0.000021 0.016695 200.000000 25.974026
240 0.000023 0.016267 300.000000 26.315790
240 0.000032 0.015564 400.000000 26.315790
240 0.000031 0.014009 500.000000 26.315790
240 0.000027 0.012205 600.000000 26.431719
240 0.000024 0.011354 700.000000 26.315790
240 0.000022 0.011658 800.000000 26.229507
250 0.000027 0.016848 100.000000 25.641026
250 0.000024 0.016324 200.000000 25.974026
250 0.000027 0.015555 300.000000 26.315790
250 0.000037 0.014440 400.000000 26.315790
250 0.000032 0.012976 500.000000 26.315790
250 0.000033 0.011337 600.000000 26.315790
250 0.000028 0.010801 700.000000 26.315790
250 0.000023 0.011533 800.000000 26.229507
260 0.000022 0.018360 100.000000 25.641026
260 0.000025 0.016369 200.000000 25.974026
260 0.000030 0.016081 300.000000 26.315790
260 0.000034 0.014275 400.000000 26.315790
260 0.000030 0.012943 500.000000 26.315790
260 0.000034 0.011188 600.000000 26.315790
260 0.000026 0.011106 700.000000 26.315790
260 0.000018 0.011681 800.000000 26.143791
270 0.000023 0.017653 100.000000 25.641026
270 0.000031 0.016715 200.000000 25.974026
270 0.000033 0.016076 300.000000 26.315790
270 0.000034 0.013927 400.000000 26.315790
270 0.000031 0.012293 500.000000 26.315790
270 0.000030 0.010836 600.000000 26.315790
270 0.000025 0.011112 700.000000 26.217228
270 0.000014 0.011512 800.000000 26.143791
280 0.000026 0.018009 100.000000 25.641026
280 0.000025 0.016899 200.000000 25.974026
280 0.000041 0.015989 300.000000 26.315790
280 0.000034 0.013917 400.000000 26.315790
280 0.000032 0.011894 500.000000 26.315790
280 0.000026 0.010996 600.000000 26.315790
280 0.000024 0.011519 700.000000 26.217228
280 0.000012 0.011859 800.000000 26.058632
290 0.000042 0.016833 100.000000 25.641026
290 0.000033 0.016694 200.000000 25.974026
290 0.000039 0.014843 300.000000 26.315790
290 0.000033 0.013016 400.000000 26.315790
290 0.000034 0.011110 500.000000 26.315790
290 0.000027 0.010716 600.000000 26.200872
290 0.000021 0.011199 700.000000 26.119404
290 0.000014 0.011767 800.000000 26.058632
300 0.000038 0.015071 100.000000 25.641026
300 0.000039 0.015940 200.000000 25.974026
300 0.000040 0.013198 300.000000 26.315790
300 0.000036 0.011753 400.000000 26.315790
300 0.000038 0.010076 500.000000 26.315790
300 0.000028 0.010322 600.000000 26.200872
300 0.000017 0.011058 700.000000 26.119404
300 0.000015 0.011279 800.000000 26.058632
310 0.000044 0.016843 100.000000 25.641026
310 0.000044 0.016182 200.000000 25.974026
310 0.000039 0.013497 300.000000 26.086956
310 0.000035 0.011627 400.000000 26.315790
310 0.000031 0.010235 500.000000 26.178011
310 0.000027 0.010752 600.000000 26.200872
310 0.000015 0.011397 700.000000 26.022305
310 0.000014 0.011675 800.000000 26.058632
320 0.000021 0.017039 100.000000 25.641026
320 0.000046 0.015392 200.000000 25.974026
320 0.000038 0.013097 300.000000 26.086956
320 0.000037 0.010877 400.000000 26.315790
320 0.000029 0.010211 500.000000 26.178011
320 0.000026 0.011172 600.000000 26.086956
320 0.000013 0.011543 700.000000 26.022305
320 0.000012 0.011857 800.000000 26.058632
330 0.000067 0.015247 100.000000 25.641026
330 0.000065 0.012443 200.000000 25.974026
330 0.000052 0.010825 300.000000 26.086956
330 0.000048 0.009176 400.000000 26.143791
330 0.000035 0.009566 500.000000 26.178011
330 0.000028 0.010644 600.000000 26.086956
330 0.000019 0.011062 700.000000 26.022305
330 0.000015 0.011555 800.000000 26.058632
340 0.000086 0.015198 100.000000 25.641026
340 0.000071 0.011154 200.000000 25.974026
340 0.000054 0.009878 300.000000 26.086956
340 0.000052 0.008702 400.000000 26.143791
340 0.000037 0.009649 500.000000 26.178011
340 0.000022 0.010991 600.000000 25.974026
340 0.000020 0.011234 700.000000 26.022305
340 0.000018 0.011750 800.000000 26.058632
350 0.000099 0.013610 100.000000 25.641026
350 0.000071 0.010927 200.000000 25.974026
350 0.000054 0.009169 300.000000 26.086956
350 0.000042 0.008974 400.000000 26.143791
350 0.000034 0.010245 500.000000 26.041666
350 0.000022 0.011248 600.000000 25.974026
350 0.000019 0.011572 700.000000 25.925926
350 0.000017 0.011803 800.000000 26.143791
360 0.000090 0.013986 100.000000 25.641026
360 0.000050 0.011481 200.000000 25.974026
360 0.000046 0.009395 300.000000 26.086956
360 0.000034 0.009120 400.000000 26.143791
360 0.000030 0.010861 500.000000 26.041666
360 0.000017 0.011451 600.000000 25.862068
360 0.000013 0.011978 700.000000 26.022305
360 0.000015 0.011963 800.000000 26.143791
370 0.000064 0.013200 100.000000 25.641026
370 0.000043 0.011786 200.000000 25.974026
370 0.000046 0.009985 300.000000 26.086956
370 0.000029 0.010520 400.000000 25.974026
370 0.000020 0.011782 500.000000 25.906736
370 0.000014 0.012230 600.000000 25.862068
370 0.000010 0.012785 700.000000 26.022305
370 0.000012 0.012725 800.000000 26.143791
380 0.000046 0.012379 100.000000 25.641026
380 0.000034 0.011647 200.000000 25.974026
380 0.000037 0.010233 300.000000 26.086956
380 0.000024 0.011265 400.000000 25.974026
380 0.000014 0.012418 500.000000 25.906736
380 0.000012 0.012994 600.000000 25.862068
380 0.000010 0.013742 700.000000 26.022305
380 0.000012 0.013396 800.000000 26.143791
390 0.000032 0.015095 100.000000 25.641026
390 0.000021 0.013161 200.000000 25.974026
390 0.000017 0.012663 300.000000 26.086956
390 0.000016 0.013873 400.000000 25.974026
390 0.000010 0.014807 500.000000 25.773195
390 0.000009 0.015246 600.000000 25.862068
390 0.000008 0.015756 700.000000 26.022305
390 0.000010 0.015455 800.000000 26.143791
400 0.000022 0.014814 100.000000 25.641026
400 0.000028 0.013189 200.000000 25.974026
400 0.000020 0.012941 300.000000 25.862068
400 0.000016 0.014388 400.000000 25.806452
400 0.000010 0.015151 500.000000 25.773195
400 0.000012 0.015894 600.000000 25.862068
400 0.000010 0.015984 700.000000 26.119404
400 0.000011 0.015844 800.000000 26.229507
410 0.000023 0.014751 100.000000 25.641026
410 0.000036 0.012705 200.000000 25.974026
410 0.000020 0.013472 300.000000 25.862068
410 0.000012 0.014700 400.000000 25.806452
410 0.000011 0.015353 500.000000 25.773195
410 0.000010 0.016192 600.000000 25.974026
410 0.000009 0.016126 700.000000 26.119404
410 0.000010 0.016008 800.000000 26.229507
420 0.000031 0.013581 100.000000 25.641026
420 0.000028 0.012276 200.000000 25.641026
420 0.000020 0.013596 300.000000 25.862068
420 0.000015 0.014981 400.000000 25.641026
420 0.000011 0.015727 500.000000 25.773195
420 0.000010 0.016615 600.000000 25.974026
420 0.000010 0.016112 700.000000 26.119404
420 0.000012 0.016321 800.000000 26.143791
430 0.000024 0.013906 100.000000 25.641026
430 0.000014 0.014187 200.000000 25.641026
430 0.000015 0.016078 300.000000 25.641026
430 0.000017 0.017117 400.000000 25.641026
430 0.000015 0.017769 500.000000 25.773195
430 0.000011 0.018245 600.000000 25.974026
430 0.000009 0.018009 700.000000 26.119404
430 0.000010 0.017916 800.000000 26.143791
440 0.000040 0.013339 100.000000 25.641026
440 0.000019 0.013970 200.000000 25.641026
440 0.000014 0.016213 300.000000 25.641026
440 0.000013 0.017123 400.000000 25.641026
440 0.000014 0.018020 500.000000 25.773195
440 0.000010 0.018076 600.000000 26.086956
440 0.000011 0.017935 700.000000 26.119404
440 0.000012 0.017682 800.000000 26.143791
450 0.000053 0.012544 100.000000 25.000000
450 0.000024 0.014459 200.000000 25.641026
450 0.000015 0.016201 300.000000 25.641026
450 0.000014 0.017012 400.000000 25.641026
450 0.000014 0.018187 500.000000 25.773195
450 0.000010 0.017806 600.000000 26.086956
450 0.000010 0.017815 700.000000 26.119404
450 0.000012 0.017402 800.000000 26.058632
460 0.000022 0.013865 100.000000 25.000000
460 0.000018 0.016955 200.000000 25.316456
460 0.000017 0.018234 300.000000 25.423729
460 0.000014 0.018913 400.000000 25.641026
460 0.000011 0.019701 500.000000 25.906736
460 0.000009 0.019094 600.000000 26.086956
460 0.000011 0.019131 700.000000 26.119404
460 0.000011 0.018536 800.000000 25.974026
470 0.000015 0.016806 100.000000 25.000000
470 0.000016 0.019838 200.000000 25.316456
470 0.000024 0.020383 300.000000 25.423729
470 0.000020 0.020883 400.000000 25.641026
470 0.000013 0.021152 500.000000 25.906736
470 0.000009 0.020699 600.000000 26.086956
470 0.000010 0.020373 700.000000 26.119404
470 0.000011 0.019799 800.000000 25.889967
480 0.000025 0.019030 100.000000 25.000000
480 0.000020 0.020760 200.000000 25.316456
480 0.000024 0.021488 300.000000 25.423729
480 0.000021 0.022164 400.000000 25.641026
480 0.000014 0.021924 500.000000 26.041666
480 0.000008 0.021578 600.000000 26.086956
480 0.000010 0.020993 700.000000 26.119404
480 0.000013 0.020170 800.000000 25.806452
490 0.000025 0.021793 100.000000 25.000000
490 0.000040 0.022680 200.000000 25.316456
490 0.000027 0.023053 300.000000 25.423729
490 0.000022 0.023733 400.000000 25.806452
490 0.000013 0.023008 500.000000 26.041666
490 0.000008 0.022667 600.000000 26.200872
490 0.000010 0.022011 700.000000 26.022305
490 0.000010 0.020868 800.000000 25.723473
500 0.000014 0.022242 100.000000 25.000000
500 0.000032 0.022790 200.000000 25.000000
500 0.000020 0.022584 300.000000 25.423729
500 0.000014 0.022899 400.000000 25.806452
500 0.000009 0.021775 500.000000 26.041666
500 0.000009 0.021455 600.000000 26.200872
500 0.000011 0.020666 700.000000 25.925926
500 0.000010 0.019453 800.000000 25.559105
510 0.000020 0.023868 100.000000 25.000000
510 0.000030 0.022961 200.000000 25.000000
510 0.000025 0.022909 300.000000 25.423729
510 0.000013 0.022501 400.000000 25.974026
510 0.000010 0.021673 500.000000 26.178011
510 0.000011 0.021318 600.000000 26.086956
510 0.000013 0.020471 700.000000 25.830257
510 0.000010 0.018951 800.000000 25.396826
520 0.000032 0.023188 100.000000 24.390244
520 0.000029 0.022615 200.000000 25.000000
520 0.000023 0.022925 300.000000 25.641026
520 0.000013 0.022500 400.000000 25.974026
520 0.000009 0.021812 500.000000 26.178011
520 0.000012 0.021114 600.000000 26.086956
520 0.000013 0.020041 700.000000 25.735294
520 0.000010 0.018629 800.000000 25.236593
530 0.000063 0.023382 100.000000 24.390244
530 0.000028 0.022792 200.000000 25.000000
530 0.000020 0.023394 300.000000 25.641026
530 0.000010 0.022232 400.000000 25.974026
530 0.000010 0.021804 500.000000 26.178011
530 0.000012 0.020866 600.000000 26.086956
530 0.000013 0.019582 700.000000 25.641026
530 0.000008 0.018337 800.000000 25.078369
540 0.000067 0.024202 100.000000 24.390244
540 0.000032 0.023408 200.000000 25.316456
540 0.000021 0.023771 300.000000 25.862068
540 0.000014 0.022371 400.000000 26.143791
540 0.000012 0.022008 500.000000 26.178011
540 0.000013 0.020979 600.000000 25.974026
540 0.000012 0.019719 700.000000 25.454546
540 0.000009 0.018414 800.000000 24.844721
550 0.000057 0.022971 100.000000 24.390244
550 0.000039 0.023473 200.000000 25.316456
550 0.000017 0.022947 300.000000 26.086956
550 0.000013 0.022043 400.000000 26.315790
550 0.000015 0.021592 500.000000 26.178011
550 0.000017 0.020611 600.000000 25.862068
550 0.000013 0.018936 700.000000 25.362318
550 0.000009 0.017825 800.000000 24.464832
560 0.000034 0.022174 100.000000 24.390244
560 0.000028 0.022476 200.000000 25.641026
560 0.000016 0.021674 300.000000 26.086956
560 0.000017 0.020883 400.000000 26.315790
560 0.000018 0.020055 500.000000 26.178011
560 0.000019 0.018816 600.000000 25.751074
560 0.000015 0.017390 700.000000 25.179855
560 0.000010 0.016156 800.000000 24.024025
570 0.000014 0.018538 100.000000 25.000000
570 0.000013 0.019681 200.000000 25.974026
570 0.000021 0.017983 300.000000 26.315790
570 0.000024 0.017847 400.000000 26.315790
570 0.000025 0.016791 500.000000 26.178011
570 0.000022 0.015616 600.000000 25.641026
570 0.000014 0.014436 700.000000 25.000000
570 0.000013 0.013043 800.000000 23.598820
580 0.000017 0.019388 100.000000 25.000000
580 0.000020 0.019656 200.000000 25.974026
580 0.000026 0.017711 300.000000 26.315790
580 0.000028 0.017465 400.000000 26.490067
580 0.000026 0.016577 500.000000 26.041666
580 0.000022 0.015394 600.000000 25.531916
580 0.000013 0.014164 700.000000 24.734982
580 0.000017 0.012411 800.000000 23.054754
590 0.000025 0.020182 100.000000 25.641026
590 0.000022 0.018986 200.000000 26.315790
590 0.000024 0.017726 300.000000 26.548672
590 0.000028 0.017415 400.000000 26.315790
590 0.000028 0.016487 500.000000 26.041666
590 0.000019 0.014852 600.000000 25.316456
590 0.000011 0.013769 700.000000 24.305555
590 0.000019 0.011591 800.000000 22.662889
600 0.000020 0.021395 100.000000 25.641026
600 0.000020 0.019419 200.000000 26.315790
600 0.000027 0.018483 300.000000 26.548672
600 0.000029 0.017638 400.000000 26.315790
600 0.000026 0.016409 500.000000 25.773195
600 0.000019 0.014932 600.000000 25.104603
600 0.000011 0.013634 700.000000 23.809525
600 0.000020 0.011144 800.000000 22.222221
610 0.000015 0.022435 100.000000 25.641026
610 0.000026 0.018472 200.000000 26.666666
610 0.000027 0.018469 300.000000 26.548672
610 0.000028 0.017194 400.000000 26.143791
610 0.000020 0.015815 500.000000 25.641026
610 0.000013 0.014632 600.000000 24.793388
610 0.000015 0.012936 700.000000 23.178808
610 0.000021 0.010590 800.000000 21.798365
620 0.000030 0.019871 100.000000 26.315790
620 0.000037 0.016881 200.000000 26.666666
620 0.000036 0.016833 300.000000 26.548672
620 0.000032 0.015988 400.000000 25.974026
620 0.000024 0.014690 500.000000 25.380711
620 0.000013 0.013509 600.000000 24.390244
620 0.000019 0.011466 700.000000 22.653721
620 0.000022 0.009805 800.000000 21.505377
630 0.000062 0.016771 100.000000 26.315790
630 0.000048 0.015636 200.000000 26.666666
630 0.000044 0.015746 300.000000 26.315790
630 0.000041 0.014949 400.000000 25.806452
630 0.000027 0.013357 500.000000 25.000000
630 0.000013 0.012334 600.000000 23.904383
630 0.000023 0.010104 700.000000 22.082020
630 0.000023 0.009193 800.000000 21.164021
640 0.000047 0.015829 100.000000 26.315790
640 0.000040 0.015691 200.000000 26.666666
640 0.000041 0.015638 300.000000 26.086956
640 0.000032 0.014568 400.000000 25.477707
640 0.000023 0.013222 500.000000 24.752476
640 0.000012 0.011890 600.000000 23.166023
640 0.000023 0.009655 700.000000 21.538462
640 0.000024 0.008886 800.000000 20.725389
650 0.000039 0.014547 100.000000 26.315790
650 0.000040 0.016823 200.000000 26.315790
650 0.000034 0.015877 300.000000 25.862068
650 0.000027 0.014686 400.000000 25.157232
650 0.000013 0.013616 500.000000 24.271845
650 0.000017 0.011851 600.000000 22.471910
650 0.000025 0.009400 700.000000 21.084337
650 0.000023 0.008547 800.000000 20.304569
660 0.000043 0.015882 100.000000 26.315790
660 0.000041 0.016812 200.000000 25.974026
660 0.000035 0.016036 300.000000 25.641026
660 0.000021 0.014486 400.000000 24.844721
660 0.000009 0.013319 500.000000 23.809525
660 0.000020 0.010961 600.000000 21.818182
660 0.000024 0.009243 700.000000 20.771513
660 0.000019 0.009127 800.000000 19.851116
670 0.000060 0.017592 100.000000 25.641026
670 0.000045 0.017265 200.000000 25.974026
670 0.000040 0.016162 300.000000 25.210085
670 0.000021 0.014325 400.000000 24.390244
670 0.000008 0.013211 500.000000 23.041475
670 0.000026 0.010314 600.000000 21.201414
670 0.000026 0.008685 700.000000 20.348837
670 0.000017 0.009190 800.000000 19.417477
680 0.000043 0.019210 100.000000 25.641026
680 0.000036 0.017851 200.000000 25.641026
680 0.000027 0.016111 300.000000 24.793388
680 0.000012 0.014427 400.000000 23.952095
680 0.000009 0.012814 500.000000 22.222221
680 0.000027 0.009697 600.000000 20.689655
680 0.000026 0.008228 700.000000 19.886364
680 0.000016 0.009250 800.000000 19.093079
690 0.000040 0.020878 100.000000 25.641026
690 0.000027 0.018535 200.000000 25.316456
690 0.000020 0.016589 300.000000 24.390244
690 0.000006 0.015092 400.000000 23.529411
690 0.000019 0.012725 500.000000 21.459227
690 0.000029 0.009400 600.000000 20.202021
690 0.000027 0.008161 700.000000 19.444445
700 0.000036 0.020932 100.000000 25.000000
700 0.000029 0.018996 200.000000 24.691359
700 0.000015 0.016101 300.000000 24.000000
700 0.000008 0.014861 400.000000 22.857143
700 0.000027 0.011813 500.000000 20.833334
700 0.000031 0.008478 600.000000 19.867550
700 0.000023 0.008304 700.000000 18.970190
710 0.000029 0.019571 100.000000 25.000000
710 0.000028 0.017699 200.000000 24.390244
710 0.000013 0.015409 300.000000 23.622047
710 0.000017 0.014142 400.000000 21.978022
710 0.000032 0.010131 500.000000 20.161291
710 0.000030 0.006878 600.000000 19.417477
710 0.000022 0.008148 700.000000 18.567638
720 0.000029 0.017413 100.000000 24.390244
720 0.000019 0.015613 200.000000 23.809525
720 0.000007 0.014153 300.000000 23.076923
720 0.000014 0.012516 400.000000 21.164021
720 0.000032 0.008193 500.000000 19.607843
720 0.000031 0.006269 600.000000 18.987341
730 0.000024 0.018579 100.000000 23.809525
730 0.000018 0.016524 200.000000 23.529411
730 0.000015 0.015032 300.000000 22.556391
730 0.000030 0.012716 400.000000 20.304569
730 0.000038 0.007626 500.000000 19.230770
730 0.000032 0.006153 600.000000 18.518518
740 0.000028 0.018167 100.000000 23.809525
740 0.000014 0.014975 200.000000 22.988506
740 0.000021 0.014122 300.000000 21.739130
740 0.000036 0.010828 400.000000 19.704433
740 0.000037 0.006133 500.000000 18.867924
740 0.000028 0.006347 600.000000 18.072289
750 0.000021 0.016545 100.000000 23.255814
750 0.000009 0.014613 200.000000 22.471910
750 0.000027 0.013524 300.000000 20.833334
750 0.000042 0.009111 400.000000 19.047619
750 0.000037 0.004858 500.000000 18.518518
750 0.000029 0.006457 600.000000 17.751480
760 0.000018 0.015273 100.000000 22.727272
760 0.000020 0.014112 200.000000 21.978022
760 0.000025 0.012627 300.000000 20.000000
760 0.000044 0.007073 400.000000 18.604650
760 0.000037 0.004298 500.000000 18.050541
770 0.000010 0.014700 100.000000 22.222221
770 0.000023 0.013203 200.000000 21.505377
770 0.000034 0.010924 300.000000 19.230770
770 0.000046 0.005757 400.000000 18.181818
770 0.000041 0.004869 500.000000 17.605635
780 0.000037 0.012811 100.000000 21.739130
780 0.000038 0.013145 200.000000 20.833334
780 0.000050 0.010328 300.000000 18.518518
780 0.000048 0.004348 400.000000 17.857143
780 0.000038 0.004445 500.000000 17.241379
790 0.000047 0.013670 100.000000 21.276596
790 0.000055 0.013529 200.000000 19.801981
790 0.000058 0.009461 300.000000 17.964071
790 0.000047 0.003368 400.000000 17.543859
790 0.000041 0.004466 500.000000 16.891891
800 0.000042 0.012707 100.000000 20.833334
800 0.000036 0.012065 200.000000 18.867924
800 0.000059 0.006092 300.000000 17.441860
800 0.000047 0.003463 400.000000 17.167381
800 0.000040 0.005159 500.000000 16.666666
810 0.000048 0.012235 100.000000 20.408163
810 0.000039 0.010103 200.000000 18.018019
810 0.000058 0.004627 300.000000 17.142857
810 0.000049 0.004263 400.000000 16.806723
820 0.000044 0.011042 100.000000 19.607843
820 0.000051 0.008367 200.000000 17.241379
820 0.000058 0.004331 300.000000 16.853933
820 0.000047 0.004858 400.000000 16.393442
830 0.000063 0.010831 100.000000 18.518518
830 0.000065 0.007509 200.000000 16.666666
830 0.000058 0.004401 300.000000 16.574585
830 0.000046 0.004792 400.000000 16.129032
840 0.000063 0.010917 100.000000 17.241379
840 0.000079 0.006101 200.000000 16.129032
840 0.000060 0.004840 300.000000 16.304348
840 0.000044 0.004380 400.000000 15.873015
850 0.000045 0.009150 100.000000 16.393442
850 0.000081 0.004651 200.000000 15.873015
850 0.000065 0.005730 300.000000 15.957447
860 0.000084 0.008616 100.000000 15.625000
860 0.000085 0.005248 200.000000 15.625000
860 0.000064 0.006143 300.000000 15.625000
870 0.000113 0.007613 100.000000 14.925373
870 0.000090 0.006355 200.000000 15.503876
870 0.000060 0.006589 300.000000 15.384615
880 0.000132 0.006919 100.000000 14.705882
880 0.000086 0.007568 200.000000 15.503876
880 0.000050 0.006606 300.000000 15.306123
890 0.000131 0.006546 100.000000 14.705882
890 0.000088 0.008585 200.000000 15.625000
890 0.000047 0.006560 300.000000 15.306123
900 0.000141 0.008609 100.000000 14.925373
900 0.000091 0.010194 200.000000 15.625000
900 0.000052 0.006653 300.000000 15.306123
910 0.000135 0.012410 100.000000 14.925373
910 0.000092 0.010855 200.000000 15.503876
920 0.000116 0.014650 100.000000 15.384615
920 0.000090 0.011280 200.000000 15.503876
930 0.000090 0.016862 100.000000 15.625000
930 0.000086 0.011901 200.000000 15.503876
940 0.000088 0.017336 100.000000 15.873015
940 0.000093 0.011517 200.000000 15.384615
950 0.000079 0.016749 100.000000 16.129032
950 0.000091 0.011308 200.000000 15.384615
960 0.000085 0.015882 100.000000 16.129032
960 0.000084 0.011527 200.000000 15.384615
970 0.000104 0.013279 100.000000 15.873015
970 0.000074 0.011903 200.000000 15.384615
980 0.000104 0.012931 100.000000 15.625000
990 0.000126 0.012556 100.000000 15.151515
1000 0.000157 0.014159 100.000000 14.705882
1010 0.000158 0.016079 100.000000 14.492754
1020 0.000163 0.019331 100.000000 14.492754
1030 0.000159 0.022833 100.000000 14.705882
