0 0.000069 0.010609 100.000000 6.289308
0 0.000057 0.005175 200.000000 6.666667
0 0.000025 0.004572 300.000000 7.194244
0 0.000024 0.004605 400.000000 7.312614
0 0.000014 0.005028 500.000000 7.587254
10 0.000053 0.009915 100.000000 6.211180
10 0.000049 0.004708 200.000000 6.666667
10 0.000022 0.004861 300.000000 7.194244
10 0.000022 0.004574 400.000000 7.299270
10 0.000015 0.005279 500.000000 7.575758
20 0.000040 0.010032 100.000000 6.134969
20 0.000047 0.004353 200.000000 6.666667
20 0.000022 0.004892 300.000000 7.194244
20 0.000019 0.004758 400.000000 7.299270
20 0.000018 0.005528 500.000000 7.552870
30 0.000058 0.010983 100.000000 5.952381
30 0.000042 0.004772 200.000000 6.688963
30 0.000027 0.005437 300.000000 7.211538
30 0.000020 0.005329 400.000000 7.312614
30 0.000018 0.005773 500.000000 7.541478
40 0.000064 0.011511 100.000000 5.847953
40 0.000044 0.004634 200.000000 6.734007
40 0.000027 0.005286 300.000000 7.246377
40 0.000021 0.005235 400.000000 7.326007
40 0.000019 0.005674 500.000000 7.518797
50 0.000042 0.010268 100.000000 5.847953
50 0.000041 0.004460 200.000000 6.779661
50 0.000026 0.005006 300.000000 7.281553
50 0.000019 0.004959 400.000000 7.366483
50 0.000016 0.005390 500.000000 7.485030
60 0.000064 0.009108 100.000000 5.988024
60 0.000047 0.003804 200.000000 6.896552
60 0.000026 0.004654 300.000000 7.352941
60 0.000019 0.004619 400.000000 7.434944
60 0.000017 0.005230 500.000000 7.429420
70 0.000068 0.008221 100.000000 6.211180
70 0.000047 0.002971 200.000000 7.042253
70 0.000029 0.004130 300.000000 7.481297
70 0.000019 0.004142 400.000000 7.518797
70 0.000017 0.004868 500.000000 7.418397
80 0.000085 0.007734 100.000000 6.451613
80 0.000053 0.002600 200.000000 7.220217
80 0.000035 0.004365 300.000000 7.614213
80 0.000021 0.004179 400.000000 7.619048
80 0.000017 0.004751 500.000000 7.440476
90 0.000090 0.007809 100.000000 6.711410
90 0.000055 0.002933 200.000000 7.380074
90 0.000033 0.004622 300.000000 7.751938
90 0.000021 0.004450 400.000000 7.722008
90 0.000021 0.005167 500.000000 7.440476
100 0.000067 0.007892 100.000000 6.896552
100 0.000037 0.002516 200.000000 7.518797
100 0.000024 0.004022 300.000000 7.832898
100 0.000015 0.004357 400.000000 7.797271
100 0.000013 0.005161 500.000000 7.342144
110 0.000049 0.007818 100.000000 6.896552
110 0.000015 0.003692 200.000000 7.547170
110 0.000020 0.004580 300.000000 7.894737
110 0.000014 0.005298 400.000000 7.858546
120 0.000064 0.006217 100.000000 6.849315
120 0.000012 0.003886 200.000000 7.575758
120 0.000019 0.004553 300.000000 7.894737
120 0.000014 0.005501 400.000000 7.905138
130 0.000087 0.005427 100.000000 6.849315
130 0.000019 0.004233 200.000000 7.575758
130 0.000023 0.004849 300.000000 7.812500
130 0.000019 0.005559 400.000000 7.920792
140 0.000082 0.006066 100.000000 6.896552
140 0.000015 0.005101 200.000000 7.633588
140 0.000025 0.005561 300.000000 7.751938
140 0.000020 0.006284 400.000000 7.936508
150 0.000087 0.004608 100.000000 6.993007
150 0.000015 0.004250 200.000000 7.662835
150 0.000024 0.004687 300.000000 7.712082
150 0.000019 0.005557 400.000000 7.968128
160 0.000071 0.004234 100.000000 7.042253
160 0.000026 0.004743 200.000000 7.722008
160 0.000028 0.005171 300.000000 7.712082
160 0.000023 0.006236 400.000000 7.984032
170 0.000074 0.004272 100.000000 7.142857
170 0.000029 0.004628 200.000000 7.782101
170 0.000033 0.005009 300.000000 7.731959
170 0.000026 0.006402 400.000000 8.000000
180 0.000077 0.003344 100.000000 7.246377
180 0.000022 0.003846 200.000000 7.843137
180 0.000020 0.004444 300.000000 7.772021
180 0.000021 0.006125 400.000000 8.000000
190 0.000092 0.003173 100.000000 7.407407
190 0.000022 0.002507 200.000000 7.936508
190 0.000020 0.003409 300.000000 7.832898
190 0.000017 0.005141 400.000000 8.032128
200 0.000073 0.005032 100.000000 7.575758
200 0.000025 0.002976 200.000000 8.064516
200 0.000020 0.003899 300.000000 7.915567
200 0.000017 0.005593 400.000000 8.064516
210 0.000052 0.007655 100.000000 7.812500
210 0.000023 0.004701 200.000000 8.163265
210 0.000019 0.005212 300.000000 7.978724
210 0.000021 0.007050 400.000000 8.080808
220 0.000041 0.007485 100.000000 8.000000
220 0.000026 0.004485 200.000000 8.264462
220 0.000023 0.005081 300.000000 8.021390
220 0.000020 0.006604 400.000000 8.016032
230 0.000029 0.009423 100.000000 8.064516
230 0.000033 0.006107 200.000000 8.298756
230 0.000025 0.007202 300.000000 8.064516
230 0.000022 0.008212 400.000000 7.782101
240 0.000026 0.010252 100.000000 8.130081
240 0.000030 0.006921 200.000000 8.368201
240 0.000027 0.007981 300.000000 8.108109
240 0.000026 0.008787 400.000000 7.575758
250 0.000028 0.011094 100.000000 8.196721
250 0.000033 0.007851 200.000000 8.438819
250 0.000029 0.008975 300.000000 8.174387
260 0.000053 0.010676 100.000000 8.333333
260 0.000038 0.008039 200.000000 8.510638
260 0.000033 0.009259 300.000000 8.264462
270 0.000073 0.010346 100.000000 8.333333
270 0.000047 0.008622 200.000000 8.438819
270 0.000037 0.009753 300.000000 8.310249
280 0.000068 0.010216 100.000000 8.403361
280 0.000038 0.009273 200.000000 8.230453
280 0.000039 0.010238 300.000000 8.333333
290 0.000085 0.010974 100.000000 8.403361
290 0.000047 0.010008 200.000000 8.130081
290 0.000042 0.010980 300.000000 8.333333
300 0.000083 0.012931 100.000000 8.403361
300 0.000051 0.011754 200.000000 8.064516
300 0.000045 0.012911 300.000000 8.310249
310 0.000075 0.012827 100.000000 8.403361
310 0.000045 0.011835 200.000000 8.000000
310 0.000046 0.013280 300.000000 8.287292
320 0.000064 0.012571 100.000000 8.474576
320 0.000037 0.011968 200.000000 8.000000
320 0.000042 0.013576 300.000000 8.241758
330 0.000056 0.010408 100.000000 8.474576
330 0.000046 0.010041 200.000000 8.032128
330 0.000037 0.011651 300.000000 8.196721
340 0.000067 0.009892 100.000000 8.474576
340 0.000043 0.010054 200.000000 8.000000
340 0.000037 0.011451 300.000000 8.064516
350 0.000074 0.010598 100.000000 8.403361
350 0.000048 0.011373 200.000000 8.000000
350 0.000038 0.012318 300.000000 7.751938
360 0.000047 0.010304 100.000000 8.474576
360 0.000039 0.011048 200.000000 8.032128
360 0.000031 0.011521 300.000000 7.425743
370 0.000045 0.008934 100.000000 8.547009
370 0.000035 0.009606 200.000000 8.130081
380 0.000048 0.007924 100.000000 8.547009
380 0.000034 0.008926 200.000000 8.196721
390 0.000037 0.007675 100.000000 8.333333
390 0.000032 0.008693 200.000000 8.230453
400 0.000035 0.008243 100.000000 7.936508
400 0.000033 0.008853 200.000000 8.230453
410 0.000047 0.008718 100.000000 7.692307
410 0.000035 0.009150 200.000000 8.230453
420 0.000032 0.007882 100.000000 7.575758
420 0.000030 0.009177 200.000000 8.196721
430 0.000027 0.007638 100.000000 7.518797
430 0.000037 0.009664 200.000000 8.163265
440 0.000031 0.007943 100.000000 7.518797
440 0.000031 0.010336 200.000000 8.064516
450 0.000032 0.008431 100.000000 7.518797
450 0.000030 0.010607 200.000000 7.968128
460 0.000029 0.008140 100.000000 7.518797
460 0.000026 0.009972 200.000000 7.751938
470 0.000029 0.008522 100.000000 7.575758
470 0.000017 0.009382 200.000000 7.272727
480 0.000036 0.008972 100.000000 7.575758
480 0.000015 0.009374 200.000000 6.756757
490 0.000044 0.009777 100.000000 7.692307
500 0.000041 0.009722 100.000000 7.874016
510 0.000052 0.010184 100.000000 8.064516
520 0.000058 0.010105 100.000000 8.333333
530 0.000061 0.010240 100.000000 8.547009
540 0.000057 0.010440 100.000000 8.771930
550 0.000062 0.011410 100.000000 8.849558
560 0.000060 0.012325 100.000000 8.771930
570 0.000043 0.012041 100.000000 8.620689
580 0.000027 0.010685 100.000000 8.403361
590 0.000020 0.010122 100.000000 8.000000
600 0.000012 0.009017 100.000000 6.993007
610 0.000028 0.007431 100.000000 6.060606
