0 0.000047 0.005087 100.000000 5.780347
0 0.000053 0.003994 200.000000 6.369427
0 0.000033 0.004269 300.000000 6.726458
0 0.000016 0.002501 400.000000 6.908463
0 0.000015 0.001914 500.000000 6.297229
0 0.000021 0.001421 600.000000 6.741573
10 0.000054 0.004688 100.000000 6.097561
10 0.000043 0.004471 200.000000 6.451613
10 0.000031 0.004613 300.000000 6.849315
10 0.000018 0.002742 400.000000 7.017544
10 0.000016 0.002003 500.000000 6.369427
10 0.000021 0.001346 600.000000 6.802721
20 0.000059 0.003682 100.000000 6.369427
20 0.000029 0.004399 200.000000 6.493506
20 0.000029 0.004732 300.000000 6.960557
20 0.000019 0.002983 400.000000 7.117438
20 0.000018 0.002052 500.000000 6.435007
20 0.000022 0.001432 600.000000 6.857143
30 0.000112 0.001191 100.000000 6.622517
30 0.000043 0.006446 200.000000 6.535948
30 0.000041 0.006853 300.000000 7.042253
30 0.000025 0.004490 400.000000 7.207207
30 0.000026 0.002823 500.000000 6.501951
30 0.000024 0.000871 600.000000 6.888634
40 0.000133 0.000706 100.000000 6.849315
40 0.000057 0.005682 200.000000 6.578948
40 0.000038 0.006698 300.000000 7.075472
40 0.000026 0.004572 400.000000 7.299270
40 0.000027 0.002887 500.000000 6.561680
40 0.000022 0.000712 600.000000 6.912442
50 0.000149 0.002190 100.000000 7.042253
50 0.000070 0.005200 200.000000 6.600660
50 0.000041 0.005440 300.000000 7.058824
50 0.000022 0.004366 400.000000 7.366483
50 0.000028 0.002843 500.000000 6.605020
50 0.000022 0.001003 600.000000 6.896552
60 0.000155 0.002242 100.000000 7.092198
60 0.000073 0.004737 200.000000 6.622517
60 0.000047 0.005632 300.000000 6.993007
60 0.000021 0.004400 400.000000 7.407407
60 0.000029 0.002741 500.000000 6.640106
60 0.000019 0.000992 600.000000 6.880734
70 0.000163 0.001423 100.000000 7.142857
70 0.000085 0.004627 200.000000 6.644518
70 0.000046 0.005962 300.000000 6.944445
70 0.000023 0.004500 400.000000 7.421150
70 0.000029 0.002607 500.000000 6.666667
70 0.000018 0.000872 600.000000 6.872852
80 0.000172 0.001763 100.000000 7.142857
80 0.000083 0.004387 200.000000 6.688963
80 0.000052 0.005667 300.000000 6.928406
80 0.000023 0.004641 400.000000 7.434944
80 0.000030 0.002549 500.000000 6.684492
80 0.000019 0.000864 600.000000 6.864988
90 0.000172 0.001753 100.000000 7.142857
90 0.000081 0.005003 200.000000 6.711410
90 0.000052 0.005857 300.000000 6.944445
90 0.000023 0.004841 400.000000 7.434944
90 0.000031 0.002315 500.000000 6.711410
90 0.000017 0.000802 600.000000 6.857143
100 0.000157 0.001677 100.000000 7.092198
100 0.000072 0.005277 200.000000 6.756757
100 0.000043 0.005672 300.000000 6.960557
100 0.000019 0.004502 400.000000 7.299270
100 0.000031 0.002076 500.000000 6.729475
100 0.000016 0.000778 600.000000 6.833713
110 0.000175 0.002921 100.000000 7.092198
110 0.000071 0.005922 200.000000 6.802721
110 0.000045 0.005650 300.000000 6.993007
110 0.000026 0.004270 400.000000 6.220840
110 0.000030 0.001903 500.000000 6.756757
110 0.000018 0.000658 600.000000 6.810442
120 0.000162 0.003666 100.000000 7.142857
120 0.000066 0.005498 200.000000 6.872852
120 0.000037 0.005298 300.000000 7.025761
120 0.000028 0.004109 400.000000 6.211180
120 0.000030 0.001961 500.000000 6.793478
120 0.000015 0.000871 600.000000 6.779661
130 0.000138 0.005631 100.000000 7.352941
130 0.000040 0.004071 200.000000 6.993007
130 0.000029 0.004576 300.000000 7.092198
130 0.000033 0.003652 400.000000 6.250000
130 0.000028 0.002635 500.000000 6.839945
130 0.000011 0.001528 600.000000 6.726458
140 0.000064 0.008832 100.000000 7.575758
140 0.000009 0.003111 200.000000 7.142857
140 0.000036 0.003418 300.000000 7.177033
140 0.000033 0.003704 400.000000 6.299212
140 0.000030 0.003708 500.000000 6.896552
140 0.000011 0.002085 600.000000 6.666667
150 0.000062 0.005033 100.000000 7.751938
150 0.000028 0.004281 200.000000 7.246377
150 0.000029 0.003542 300.000000 7.263923
150 0.000027 0.003510 400.000000 6.339144
150 0.000028 0.003134 500.000000 6.934813
150 0.000006 0.001585 600.000000 6.593407
160 0.000092 0.002064 100.000000 7.692307
160 0.000046 0.005441 200.000000 7.299270
160 0.000024 0.003764 300.000000 7.317073
160 0.000020 0.003462 400.000000 6.379585
160 0.000026 0.002702 500.000000 6.963789
160 0.000005 0.001139 600.000000 6.535948
170 0.000083 0.004106 100.000000 7.142857
170 0.000049 0.006457 200.000000 7.272727
170 0.000029 0.003908 300.000000 7.352941
170 0.000023 0.003421 400.000000 6.420546
170 0.000027 0.002487 500.000000 6.963789
180 0.000039 0.005430 100.000000 6.369427
180 0.000032 0.006043 200.000000 7.220217
180 0.000029 0.003922 300.000000 7.407407
180 0.000022 0.003427 400.000000 6.451613
180 0.000021 0.002617 500.000000 6.925208
190 0.000070 0.005999 100.000000 6.172840
190 0.000032 0.005808 200.000000 7.067138
190 0.000034 0.003815 300.000000 7.444169
190 0.000021 0.003726 400.000000 6.493506
190 0.000014 0.002741 500.000000 6.868132
200 0.000076 0.005983 100.000000 6.134969
200 0.000029 0.005813 200.000000 6.872852
200 0.000034 0.003869 300.000000 7.481297
200 0.000021 0.003944 400.000000 6.514658
200 0.000009 0.002739 500.000000 6.821282
210 0.000096 0.005209 100.000000 6.172840
210 0.000028 0.005408 200.000000 6.802721
210 0.000034 0.003933 300.000000 7.500000
210 0.000024 0.004140 400.000000 6.546645
210 0.000010 0.002817 500.000000 6.802721
220 0.000099 0.005278 100.000000 6.211180
220 0.000037 0.005084 200.000000 6.802721
220 0.000040 0.004680 300.000000 7.518797
220 0.000029 0.004838 400.000000 6.568144
220 0.000013 0.003148 500.000000 6.793478
230 0.000093 0.006311 100.000000 6.289308
230 0.000036 0.005143 200.000000 6.825939
230 0.000042 0.004441 300.000000 7.518797
230 0.000030 0.004785 400.000000 6.600660
230 0.000012 0.002929 500.000000 6.784261
240 0.000080 0.006969 100.000000 6.410256
240 0.000040 0.005183 200.000000 6.872852
240 0.000045 0.004489 300.000000 7.334963
240 0.000032 0.004825 400.000000 6.633499
240 0.000013 0.002822 500.000000 6.765900
250 0.000083 0.008480 100.000000 6.493506
250 0.000048 0.006026 200.000000 6.920415
250 0.000047 0.006886 300.000000 5.964215
250 0.000034 0.005818 400.000000 6.666667
250 0.000015 0.003114 500.000000 6.747638
260 0.000071 0.008706 100.000000 6.578948
260 0.000051 0.006726 200.000000 6.944445
260 0.000046 0.007352 300.000000 5.928854
260 0.000033 0.005976 400.000000 6.700168
260 0.000017 0.003116 500.000000 6.693440
270 0.000074 0.009602 100.000000 6.666667
270 0.000059 0.007199 200.000000 6.968641
270 0.000045 0.007930 300.000000 5.940594
270 0.000039 0.006378 400.000000 6.722689
270 0.000017 0.002920 500.000000 6.510417
280 0.000077 0.010832 100.000000 6.756757
280 0.000064 0.007966 200.000000 7.017544
280 0.000047 0.008411 300.000000 5.976096
280 0.000040 0.006977 400.000000 6.756757
280 0.000019 0.003036 500.000000 6.377551
290 0.000074 0.011806 100.000000 6.849315
290 0.000068 0.008262 200.000000 7.117438
290 0.000048 0.008702 300.000000 6.024096
290 0.000044 0.007552 400.000000 6.791172
290 0.000019 0.002644 500.000000 6.321113
300 0.000072 0.011502 100.000000 7.092198
300 0.000069 0.008202 200.000000 7.246377
300 0.000047 0.008572 300.000000 6.109980
300 0.000044 0.007424 400.000000 6.837607
310 0.000083 0.009647 100.000000 7.407407
310 0.000064 0.006570 200.000000 7.462687
310 0.000046 0.007347 300.000000 6.198347
310 0.000043 0.006349 400.000000 6.908463
320 0.000068 0.008641 100.000000 7.751938
320 0.000056 0.004836 200.000000 7.692307
320 0.000038 0.005246 300.000000 6.315790
320 0.000038 0.004342 400.000000 6.993007
330 0.000066 0.009396 100.000000 8.130081
330 0.000042 0.004342 200.000000 7.905138
330 0.000031 0.003262 300.000000 6.410256
330 0.000033 0.001944 400.000000 7.054674
340 0.000047 0.009537 100.000000 8.264462
340 0.000048 0.004381 200.000000 8.097166
340 0.000037 0.003785 300.000000 6.507592
340 0.000030 0.003057 400.000000 7.079646
350 0.000072 0.008260 100.000000 8.130081
350 0.000037 0.006447 200.000000 8.230453
350 0.000030 0.005639 300.000000 6.578948
350 0.000030 0.004606 400.000000 7.042253
360 0.000070 0.008615 100.000000 7.751938
360 0.000039 0.006671 200.000000 8.333333
360 0.000029 0.006264 300.000000 6.622517
360 0.000020 0.004744 400.000000 6.993007
370 0.000088 0.010895 100.000000 7.518797
370 0.000050 0.009684 200.000000 8.368201
370 0.000039 0.008826 300.000000 6.651885
370 0.000024 0.006476 400.000000 6.968641
380 0.000095 0.009784 100.000000 7.407407
380 0.000046 0.009209 200.000000 8.333333
380 0.000041 0.008438 300.000000 6.666667
380 0.000022 0.005843 400.000000 6.932409
390 0.000107 0.008597 100.000000 7.352941
390 0.000046 0.007591 200.000000 8.196721
390 0.000042 0.007638 300.000000 6.681514
390 0.000024 0.004907 400.000000 6.884682
400 0.000109 0.007395 100.000000 7.299270
400 0.000049 0.007147 200.000000 5.747127
400 0.000043 0.006912 300.000000 6.696429
400 0.000021 0.004028 400.000000 6.814310
410 0.000091 0.007446 100.000000 7.246377
410 0.000075 0.007822 200.000000 5.617978
410 0.000045 0.006969 300.000000 6.711410
410 0.000021 0.003862 400.000000 6.700168
420 0.000101 0.006799 100.000000 7.194244
420 0.000065 0.007458 200.000000 5.617978
420 0.000048 0.006704 300.000000 6.726458
420 0.000018 0.003344 400.000000 6.400000
430 0.000105 0.006308 100.000000 7.246377
430 0.000065 0.007706 200.000000 5.633803
430 0.000049 0.007289 300.000000 6.726458
430 0.000023 0.003753 400.000000 6.230530
440 0.000097 0.006225 100.000000 7.352941
440 0.000060 0.007673 200.000000 5.698006
440 0.000049 0.007301 300.000000 6.741573
450 0.000070 0.004811 100.000000 7.575758
450 0.000047 0.005589 200.000000 5.763689
450 0.000041 0.005109 300.000000 6.741573
460 0.000055 0.002928 100.000000 7.874016
460 0.000036 0.002768 200.000000 5.865103
460 0.000026 0.002063 300.000000 6.726458
470 0.000044 0.004724 100.000000 8.196721
470 0.000017 0.002194 200.000000 5.952381
470 0.000025 0.002156 300.000000 6.726458
480 0.000071 0.004299 100.000000 8.620689
480 0.000015 0.002226 200.000000 6.060606
480 0.000014 0.002965 300.000000 6.741573
490 0.000056 0.003840 100.000000 8.928572
490 0.000017 0.003233 200.000000 6.172840
490 0.000016 0.002468 300.000000 6.756757
500 0.000057 0.003562 100.000000 9.259259
500 0.000019 0.003145 200.000000 6.250000
500 0.000016 0.002040 300.000000 6.787330
510 0.000065 0.003504 100.000000 9.433962
510 0.000026 0.003940 200.000000 6.309148
510 0.000017 0.002331 300.000000 6.787330
520 0.000075 0.003820 100.000000 9.345795
520 0.000022 0.004155 200.000000 6.349206
520 0.000025 0.002628 300.000000 6.741573
530 0.000108 0.003055 100.000000 8.196721
530 0.000025 0.001999 200.000000 6.369427
530 0.000015 0.001752 300.000000 6.681514
540 0.000061 0.003183 100.000000 4.608295
540 0.000023 0.002250 200.000000 6.410256
540 0.000018 0.001751 300.000000 6.593407
550 0.000060 0.003318 100.000000 4.566210
550 0.000025 0.002026 200.000000 6.451613
550 0.000019 0.001638 300.000000 6.410256
560 0.000037 0.004094 100.000000 4.566210
560 0.000032 0.001526 200.000000 6.472492
560 0.000021 0.002100 300.000000 6.072875
570 0.000038 0.004080 100.000000 4.587156
570 0.000038 0.002107 200.000000 6.472492
570 0.000018 0.003003 300.000000 5.870842
580 0.000045 0.003710 100.000000 4.629630
580 0.000039 0.002042 200.000000 6.349206
590 0.000053 0.003579 100.000000 4.651163
590 0.000053 0.001506 200.000000 6.153846
600 0.000061 0.003980 100.000000 4.672897
600 0.000033 0.001900 200.000000 5.988024
610 0.000071 0.005399 100.000000 4.694836
610 0.000029 0.002886 200.000000 5.934718
620 0.000076 0.006441 100.000000 4.739336
620 0.000032 0.003641 200.000000 5.899705
630 0.000079 0.007359 100.000000 4.807693
630 0.000035 0.003849 200.000000 5.899705
640 0.000098 0.009883 100.000000 4.950495
640 0.000049 0.006062 200.000000 5.952381
650 0.000121 0.011303 100.000000 5.154639
650 0.000044 0.007142 200.000000 6.079027
660 0.000089 0.008783 100.000000 5.405406
660 0.000037 0.004556 200.000000 6.230530
670 0.000093 0.009627 100.000000 5.714286
670 0.000039 0.005043 200.000000 6.430868
680 0.000093 0.008954 100.000000 6.060606
680 0.000038 0.004628 200.000000 6.644518
690 0.000091 0.008988 100.000000 6.451613
690 0.000039 0.004553 200.000000 6.872852
700 0.000092 0.008805 100.000000 6.896552
700 0.000038 0.004422 200.000000 7.117438
710 0.000091 0.008716 100.000000 7.407407
710 0.000038 0.004277 200.000000 7.380074
720 0.000091 0.006980 100.000000 8.000000
720 0.000037 0.003507 200.000000 7.633588
730 0.000082 0.004683 100.000000 8.695652
730 0.000034 0.002340 200.000000 7.936508
740 0.000071 0.004661 100.000000 9.345795
740 0.000031 0.002539 200.000000 8.163265
750 0.000075 0.005062 100.000000 10.101010
750 0.000028 0.003802 200.000000 8.333333
760 0.000088 0.007690 100.000000 10.526316
760 0.000041 0.005993 200.000000 8.333333
770 0.000078 0.006891 100.000000 10.869565
770 0.000036 0.005141 200.000000 7.843137
780 0.000090 0.006663 100.000000 10.869565
780 0.000036 0.005217 200.000000 7.092198
790 0.000055 0.005023 100.000000 10.526316
800 0.000022 0.005998 100.000000 9.433962
810 0.000071 0.005194 100.000000 8.403361
820 0.000087 0.003870 100.000000 8.000000
830 0.000089 0.003822 100.000000 7.692307
840 0.000092 0.003950 100.000000 7.352941
850 0.000094 0.005623 100.000000 6.993007
860 0.000106 0.007866 100.000000 6.134969
870 0.000104 0.010548 100.000000 5.208333
880 0.000122 0.014469 100.000000 4.830918
