0.000000 -0.000000 10.006623 -3.915704
0.003267 4.566315 9.909369 0.638578
-0.031716 9.099118 9.790163 5.135039
-0.081952 13.587370 9.657302 9.603295
-0.172757 18.042800 9.510434 14.040212
-0.267875 22.451640 9.354828 18.445566
-0.358400 26.802010 9.208585 22.794029
-0.442803 31.082040 9.043953 27.056244
-0.523018 35.271990 8.900046 31.254799
-0.611006 39.330190 8.759175 35.288250
-0.673187 43.239550 8.644318 39.199154
-0.695957 46.977480 8.563020 42.930435
-0.690361 50.605530 8.533621 46.591011
-0.609462 54.132960 8.590547 50.101631
-0.411112 57.531050 8.748614 53.509094
-0.030280 60.807340 9.095510 56.791855
0.568852 63.940690 9.654911 59.933868
1.400581 66.903860 10.436348 62.936256
2.445156 69.702430 11.418206 65.743172
3.697183 72.300100 12.628422 68.374374
5.171922 74.740420 14.072855 70.869835
6.852965 76.941870 15.733332 73.131920
8.750799 78.905900 17.609165 75.158890
10.823450 80.634320 19.671415 76.958664
13.066210 82.178440 21.929613 78.529953
15.504950 83.526400 24.401810 79.897972
18.101340 84.588810 27.020540 80.982399
20.853170 85.339470 29.817141 81.790146
23.704110 85.757740 32.710247 82.243240
26.596700 85.903500 35.675591 82.450783
29.539120 85.860020 38.718697 82.444221
32.495530 85.669740 41.731392 82.301949
35.473920 85.419290 44.742546 82.090378
38.479390 85.150930 47.772045 81.863716
41.523140 84.840110 50.840050 81.627319
44.591610 84.512730 53.930092 81.355103
47.698590 84.159740 57.035561 81.084167
50.851300 83.780360 60.199005 80.774879
54.021280 83.370120 63.371384 80.449516
57.236480 82.963200 66.559731 80.121742
60.484150 82.564450 69.800362 79.799850
63.801630 82.126570 73.101135 79.441566
67.115350 81.671290 76.411819 79.068344
70.485000 81.248710 79.785683 78.721024
73.889090 80.831410 83.193710 78.386398
77.339480 80.402860 86.621880 78.033737
80.814430 79.981940 90.095184 77.705688
84.311560 79.560560 93.661339 77.354355
87.843140 79.132970 97.231400 77.021400
91.452740 78.712050 100.854408 76.661392
95.109110 78.302620 104.519119 76.344475
98.802080 77.939830 108.223274 76.043686
102.537600 77.577720 111.956047 75.733429
106.283100 77.182590 115.727814 75.405823
110.001900 76.763780 119.500206 75.045937
113.690700 76.253080 123.208405 74.596901
117.341000 75.581300 126.875153 74.017387
120.903700 74.751300 130.428452 73.286003
124.437500 73.785660 133.969986 72.413124
127.882800 72.651860 137.425049 71.362579
131.253600 71.361680 140.826538 70.149559
134.528800 69.931300 144.133957 68.803917
137.742000 68.328450 147.382507 67.276291
140.926800 66.546730 150.605118 65.573715
144.031200 64.574810 153.764313 63.667015
147.051200 62.406270 156.839783 61.551689
149.969500 60.049300 159.834549 59.246487
152.781800 57.504160 162.713837 56.772751
155.436800 54.746640 165.456741 54.056068
157.947400 51.752940 167.974274 51.122757
160.279800 48.634580 170.292984 48.011597
162.349000 45.353340 172.365829 44.723385
164.179800 41.946720 174.225739 41.363907
165.830900 38.447790 175.922028 37.886177
167.335400 34.861970 177.483780 34.306492
168.691200 31.242820 178.902786 30.721539
169.969500 27.582240 180.318329 27.078522
171.127300 23.900190 181.673660 23.453114
172.263200 20.221330 182.976028 19.807064
173.377000 16.599090 184.293549 16.228317
174.627000 13.004350 185.650726 12.697952
175.942500 9.442182 187.058929 9.194225
177.356800 5.917093 188.563263 5.766647
178.928800 2.434985 190.209213 2.320549
180.675800 -0.971876 192.008850 -0.990349
182.554400 -4.252484 193.905960 -4.156006
184.560700 -7.384682 195.955994 -7.179779
186.750900 -10.368790 198.170044 -10.047699
189.116500 -13.135630 200.567154 -12.733795
191.665700 -15.656880 203.135345 -15.203766
194.385900 -17.931220 205.874695 -17.397934
197.226100 -19.980800 208.782959 -19.362694
200.271800 -21.743030 211.878769 -21.076881
203.448300 -23.203180 215.131271 -22.509865
206.758900 -24.325190 218.491135 -23.562016
210.184300 -25.068170 221.946060 -24.244032
213.630700 -25.424490 225.423508 -24.554367
217.117000 -25.407460 228.879456 -24.470039
220.571900 -25.039820 232.355225 -24.069817
224.021200 -24.363710 235.762589 -23.337624
227.429900 -23.372920 239.129623 -22.283974
230.747500 -22.058700 242.381729 -20.916077
233.928400 -20.443850 245.503540 -19.243629
237.019600 -18.526770 248.491989 -17.268425
239.961000 -16.355940 251.331558 -15.047218
242.779800 -13.984550 254.047974 -12.616379
245.458500 -11.414060 256.626465 -9.996231
247.997000 -8.674394 259.058167 -7.201935
250.390600 -5.759310 261.339874 -4.223694
252.655600 -2.686673 263.511902 -1.094139
254.806500 0.534019 265.566193 2.169693
256.864000 3.862410 267.544434 5.556496
258.884400 7.263272 269.472382 9.013359
260.877600 10.718320 271.375000 12.519592
262.828700 14.222610 273.241425 16.086899
264.741600 17.745920 275.062439 19.649788
266.637600 21.266150 276.861328 23.208702
268.527700 24.786100 278.644012 26.750320
270.375000 28.334210 280.449463 30.308800
272.219500 31.917810 282.265381 33.906204
274.124700 35.502240 284.108521 37.548996
276.050500 39.060050 285.940094 41.203690
277.989700 42.665330 287.794067 44.872643
279.912600 46.301830 289.653564 48.567459
281.775800 49.949900 291.481384 52.236687
283.563100 53.532720 293.275146 55.879791
285.356500 57.056770 294.990021 59.475189
287.075600 60.536460 296.654541 63.010117
288.712000 63.954910 298.253723 66.503693
290.293900 67.289100 299.804657 69.905205
291.871100 70.559820 301.353455 73.252785
293.538100 73.753600 303.000519 76.508209
295.351100 76.864560 304.756256 79.693352
297.261700 79.892800 306.653107 82.793289
299.367900 82.771990 308.747803 85.733574
301.654700 85.444430 311.005615 88.457825
304.129900 87.873730 313.459106 90.969048
306.795800 90.009740 316.109802 93.177635
309.610300 91.815310 318.925507 95.076675
312.540600 93.287990 321.887329 96.647476
315.589700 94.424870 324.953064 97.864708
318.731100 95.231100 328.142761 98.753395
321.947000 95.719040 331.387543 99.334389
325.202000 95.875140 334.630585 99.526260
328.404100 95.672520 337.870270 99.380867
331.635400 95.086030 341.052063 98.878616
334.756200 94.171900 344.156158 98.018677
337.636900 92.963350 347.147308 96.829163
340.363200 91.461070 350.021057 95.297684
342.964100 89.692180 352.779053 93.423965
345.403300 87.579170 355.317993 91.220551
347.592200 85.092570 357.629303 88.704659
349.463400 82.321490 359.597961 85.937149
351.002500 79.397790 361.243408 82.995216
352.204000 76.402830 362.538147 79.938576
353.107800 73.306490 363.529083 76.793427
353.811200 70.096650 364.329651 73.616913
354.464700 66.889050 365.047302 70.417778
355.047400 63.664610 365.676239 67.204269
355.500500 60.449100 366.229248 63.976311
355.866900 57.296080 366.703064 60.814346
356.198500 54.208160 367.139862 57.707329
356.525800 51.221050 367.588287 54.705482
356.961300 48.369400 368.117371 51.859474
357.538900 45.752540 368.755890 49.274338
358.275300 43.388830 369.532898 46.931114
359.266800 41.238890 370.568024 44.828285
360.571800 39.373830 371.892914 43.031311
362.156300 37.835540 373.446381 41.564728
363.974400 36.638300 375.273926 40.409348
366.080400 35.761110 377.359955 39.583435
368.547300 35.234490 379.743073 39.115936
371.148400 35.045060 382.282745 39.003567
373.899500 35.175270 384.957703 39.203899
376.698100 35.611110 387.708069 39.687725
379.470900 36.322790 390.507904 40.461143
382.212100 37.294470 393.237976 41.491135
384.867700 38.517990 395.852539 42.779755
387.364100 39.991850 398.294800 44.313629
389.701500 41.780710 400.597168 46.165878
391.802700 43.839190 402.656891 48.266754
393.689400 46.099010 404.502136 50.571594
395.383900 48.474340 406.175903 52.989105
396.942200 50.928340 407.697205 55.487411
398.325500 53.450140 409.052124 58.053726
399.544900 56.052550 410.220093 60.680527
400.579700 58.728940 411.218964 63.382401
401.390700 61.486590 412.011169 66.174980
401.978000 64.333130 412.549866 69.031570
402.335300 67.250270 412.865173 71.972473
402.474600 70.259740 412.932495 75.006790
402.447300 73.356030 412.819794 78.120590
402.341800 76.540880 412.610382 81.301476
402.228800 79.805450 412.369202 84.548111
402.075400 83.156280 412.076782 87.898727
401.927800 86.597120 411.746185 91.344933
401.721900 90.113350 411.380981 94.832031
401.455800 93.737450 410.984406 98.412437
401.169200 97.438860 410.568329 102.094116
400.835400 101.196700 410.108002 105.834549
400.479100 104.981000 409.635406 109.587723
400.086700 108.745200 409.123993 113.347824
399.638200 112.493800 408.561096 117.060852
399.138700 116.226700 407.968475 120.772949
398.603300 119.924700 407.316559 124.441910
398.025400 123.612000 406.641724 128.082077
397.409200 127.314800 405.941925 131.769409
396.829000 131.013100 405.297974 135.398682
396.222300 134.687900 404.606384 139.022156
395.601900 138.281700 403.927612 142.663147
395.033400 141.881600 403.299438 146.317688
394.483600 145.487500 402.669556 149.914932
393.961300 149.091800 402.073364 153.543030
393.456700 152.724500 401.478516 157.165833
392.964400 156.362200 400.895477 160.821182
392.473900 160.012200 400.293121 164.488327
391.988000 163.681600 399.702881 168.170517
391.511200 167.360500 399.109131 171.865814
391.037700 171.040400 398.528503 175.557739
390.574400 174.743200 397.952332 179.243439
390.110100 178.440800 397.366547 182.985809
389.662900 182.147700 396.807892 186.693909
389.244100 185.891700 396.307617 190.447357
388.894800 189.677500 395.879944 194.221390
388.606000 193.461200 395.508545 197.994156
388.392800 197.250000 395.203491 201.752289
388.242200 201.058600 394.938934 205.541306
388.167200 204.843700 394.761322 209.315338
388.164900 208.656700 394.650391 213.112289
388.225800 212.467100 394.604431 216.935471
388.337900 216.277100 394.589203 220.749069
388.518500 220.100100 394.654327 224.606720
388.781300 223.924000 394.787170 228.469955
389.110400 227.762200 394.995453 232.333740
389.519500 231.600300 395.287109 236.205688
390.000700 235.455300 395.642212 240.098999
390.533100 239.323100 396.053711 243.986115
391.126500 243.191800 396.543671 247.906403
391.817200 247.082900 397.125305 251.833191
392.446500 250.991000 397.773712 255.752289
393.192700 254.933200 398.530640 259.703125
394.129800 258.841200 399.406525 263.626831
395.212400 262.725700 400.382690 267.566345
396.381300 266.559900 401.411346 271.451508
397.591700 270.309200 402.505035 275.270142
398.915600 273.988100 403.663696 279.026093
400.261600 277.620100 404.862701 282.718872
401.674900 281.230100 406.117493 286.390320
403.099300 284.836200 407.398682 290.062531
404.552600 288.368900 408.692261 293.654755
405.981400 291.858600 409.969208 297.211975
407.396700 295.286300 411.254578 300.715424
408.787500 298.654400 412.516907 304.156555
410.160300 301.970700 413.753540 307.535980
411.532700 305.248600 415.016937 310.883423
412.910200 308.514300 416.273712 314.164215
414.286500 311.815200 417.533905 317.561523
415.632400 315.158100 418.790588 320.931519
416.955300 318.554600 420.101654 324.366547
418.356500 321.950200 421.523010 327.781830
419.919100 325.360500 423.068420 331.243408
421.619500 328.772700 424.700256 334.695190
423.465300 332.205100 426.478516 338.212250
425.389400 335.648500 428.330872 341.727997
427.393700 339.062100 430.255615 345.213379
429.441400 342.427400 432.220734 348.668060
431.502800 345.736000 434.201355 352.057892
433.555500 349.037600 436.183167 355.445099
435.647400 352.345100 438.181488 358.840881
437.737700 355.673900 440.176544 362.226807
439.858900 359.019800 442.208832 365.635986
441.938400 362.354800 444.206390 369.047913
444.011500 365.707600 446.191864 372.440857
446.074200 369.043000 448.175629 375.858582
448.108100 372.393000 450.138336 379.242371
450.106200 375.748500 452.084839 382.633331
452.077600 379.076100 454.068115 386.024780
454.072700 382.382200 456.069275 389.411865
456.149900 385.671800 458.089294 392.784180
458.224600 388.968400 460.115723 396.136963
460.351800 392.205600 462.169739 399.438751
462.503100 395.388100 464.237915 402.694855
464.568500 398.419600 466.256165 405.794861
466.632000 401.347200 468.253296 408.774384
468.654400 404.221700 470.182587 411.708405
470.657600 407.038900 472.129364 414.585754
472.677800 409.783700 474.048157 417.422760
474.657200 412.487100 475.968079 420.210693
476.592600 415.139500 477.813477 422.923157
478.496300 417.710700 479.622498 425.537598
480.372100 420.213300 481.408630 428.069489
482.195400 422.602900 483.156128 430.519104
483.955500 424.843700 484.829163 432.801422
485.628500 426.923600 486.447571 434.937653
487.190800 428.865800 487.943298 436.935760
488.699400 430.731200 489.404236 438.843262
490.108000 432.491800 490.756165 440.643829
491.375400 434.138900 491.963196 442.310120
492.521700 435.661300 493.058411 443.858490
493.585300 437.088500 494.086731 445.306946
494.601900 438.498800 495.054810 446.727234
495.493900 439.942600 495.887573 448.160645
496.198400 441.455900 496.554962 449.653900
496.643000 443.038900 496.960510 451.201294
496.894900 444.688300 497.202942 452.802612
496.838300 446.434300 497.169128 454.565247
496.587000 448.236400 496.888458 456.360168
496.020500 450.035800 496.288879 458.185181
495.316800 451.880800 495.508423 459.966888
494.382600 453.714700 494.501831 461.746887
493.357500 455.591800 493.410767 463.582397
492.259600 457.525200 492.263214 465.476624
491.138900 459.531700 491.056427 467.446930
489.968800 461.583000 489.807922 469.494446
488.778600 463.722100 488.516998 471.589722
487.527700 465.987400 487.164948 473.815002
486.241900 468.332900 485.788086 476.107727
484.929200 470.750300 484.361847 478.435120
483.595100 473.196800 482.885468 480.820740
482.240900 475.680400 481.407379 483.255310
480.881200 478.179700 479.924377 485.707825
479.506700 480.715200 478.428619 488.194031
478.139700 483.249600 476.924438 490.646332
476.741800 485.776600 475.394684 493.129364
475.327000 488.358200 473.863953 495.648071
473.905700 490.923000 472.329346 498.139679
472.463600 493.499100 470.776215 500.648926
471.030900 496.048700 469.234497 503.135132
469.654400 498.493900 467.760010 505.504639
468.311000 500.883700 466.317688 507.839722
467.003300 503.201000 464.915558 510.068817
465.767600 505.385700 463.593567 512.216064
464.618000 507.421200 462.363586 514.196716
463.563200 509.303500 461.231354 516.014893
462.581700 511.077100 460.172729 517.750000
461.620900 512.827500 459.137665 519.456482
460.698800 514.516100 458.140381 521.098633
459.825600 516.111800 457.197388 522.658447
459.035800 517.582500 456.337402 524.090210
458.312900 518.912300 455.553711 525.383789
457.589200 520.176600 454.763794 526.617310
456.756600 521.359000 453.887787 527.744995
455.798000 522.446500 452.892456 528.769409
454.695200 523.354600 451.820465 529.599365
453.456700 523.963300 450.634796 530.229675
452.010000 524.448000 449.182404 530.699219
450.370300 524.664900 447.615601 530.915527
448.645800 524.629300 445.832855 530.828247
446.853700 524.242200 444.056030 530.364258
445.001300 523.578900 442.235474 529.642517
443.053700 522.715000 440.378174 528.684631
441.070200 521.621600 438.476837 527.509277
439.068600 520.385000 436.535980 526.181580
437.067600 519.079900 434.621857 524.801819
435.131900 517.711100 432.718781 523.332581
433.248700 516.276400 430.934174 521.828857
431.409100 514.772600 429.157471 520.238770
429.653800 513.188400 427.479187 518.595398
427.979000 511.552500 425.846191 516.890259
426.376200 509.872800 424.289642 515.148865
424.896200 508.159600 422.835236 513.365601
423.477300 506.386900 421.467499 511.535095
422.151700 504.603800 420.167419 509.690582
420.895300 502.757100 418.950439 507.772675
419.698800 500.847600 417.780090 505.802704
418.553100 498.879100 416.669922 503.775635
417.436100 496.852200 415.597107 501.706848
416.341100 494.769800 414.549255 499.546814
415.299400 492.613200 413.553650 497.347626
414.283100 490.400400 412.566284 495.089325
413.291100 488.174100 411.640015 492.813080
412.307400 485.928500 410.689850 490.511047
411.321100 483.659600 409.781433 488.210999
410.385800 481.369500 408.892090 485.875977
409.484300 479.070200 408.047394 483.538940
408.605900 476.771200 407.245056 481.191650
407.747600 474.482200 406.480286 478.853394
406.916200 472.194500 405.722839 476.516785
406.106200 469.923800 404.989349 474.210205
405.321800 467.714100 404.281677 471.972107
404.581200 465.613200 403.635864 469.853088
403.881000 463.647100 403.001099 467.858887
403.196100 461.842900 402.403229 466.008453
402.563700 460.074300 401.800690 464.212830
401.946900 458.305600 401.217987 462.425262
401.296600 456.548600 400.606995 460.639923
400.651300 454.770400 399.993469 458.834930
399.996700 452.984700 399.367676 457.019409
399.329600 451.125900 398.733093 455.130096
398.618400 449.218000 398.075195 453.201050
397.822000 447.249700 397.350769 451.201324
396.969800 445.208000 396.570129 449.139069
396.116100 443.116600 395.774506 447.033691
395.211200 440.967800 394.917999 444.879272
394.287700 438.749400 394.061035 442.684723
393.341900 436.497700 393.168976 440.440308
392.358600 434.221800 392.275391 438.153503
391.343800 431.907700 391.345551 435.835480
390.285600 429.531900 390.373291 433.450592
389.177900 427.104300 389.352478 431.016632
388.002000 424.633000 388.255859 428.539978
386.786000 422.153600 387.127472 426.056335
385.529200 419.645500 385.975952 423.552002
384.252800 417.122900 384.777710 421.007690
382.927300 414.575600 383.539917 418.442932
381.591500 412.030100 382.288086 415.896484
380.224100 409.463100 380.985535 413.306030
378.830100 406.889400 379.669312 410.689575
377.404400 404.303400 378.348419 408.079041
375.940700 401.722300 376.966064 405.461212
374.431300 399.137000 375.549622 402.835327
372.878200 396.550200 374.072876 400.205688
371.286300 393.960100 372.560913 397.566437
369.662600 391.367800 371.027832 394.930969
368.012000 388.798400 369.444641 392.298615
366.357200 386.258300 367.829224 389.661896
364.686300 383.683500 366.203735 387.008881
362.990500 381.103100 364.558624 384.346863
361.274100 378.545400 362.896606 381.721832
359.479500 376.079600 361.255371 379.195221
357.743100 373.713700 359.630127 376.770264
356.046500 371.424400 358.018158 374.426727
354.349500 369.168400 356.381409 372.091309
352.662900 366.944000 354.781677 369.793579
351.018900 364.780500 353.181580 367.548523
349.445300 362.679200 351.672424 365.373047
347.970100 360.669800 350.244019 363.304840
346.587900 358.760700 348.894806 361.341522
345.269200 357.004900 347.612457 359.536163
343.987600 355.420000 346.366364 357.885651
342.722300 353.942300 345.134766 356.380768
341.428400 352.599100 343.879150 355.003235
340.132200 351.423100 342.599823 353.807037
338.769300 350.441200 341.259918 352.788574
337.341700 349.681300 339.844177 351.982727
335.777200 349.128400 338.304016 351.432587
334.132400 348.908200 336.673004 351.133270
332.452400 349.031300 334.978699 351.179474
330.797800 349.428100 333.308014 351.502319
329.211100 350.167300 331.708435 352.176392
327.641800 351.098300 330.137970 353.054230
326.094800 352.236000 328.564362 354.160065
324.512700 353.489700 326.952728 355.356567
322.875800 354.863500 325.253906 356.689362
321.135500 356.302000 323.457794 358.053589
319.250000 357.710100 321.522766 359.368164
317.242300 359.002400 319.476044 360.570831
315.093800 360.160000 317.278961 361.647583
312.852600 361.167400 315.024780 362.546783
310.509200 362.008200 312.668976 363.259460
308.069100 362.662200 310.261932 363.800476
305.560600 363.146700 307.741730 364.191040
302.953900 363.438100 305.164795 364.382965
300.313300 363.558500 302.512634 364.401123
297.631800 363.522600 299.838776 364.285828
294.885100 363.381000 297.106873 364.050507
292.104200 363.172300 294.306183 363.763824
289.300900 362.939000 291.510101 363.426575
286.491000 362.678500 288.702881 363.051239
283.693500 362.370200 285.903564 362.630615
280.920600 362.098000 283.156433 362.246887
278.169000 361.857400 280.381073 361.886749
275.446800 361.657400 277.684845 361.568024
272.737000 361.519800 274.965759 361.331604
270.035600 361.455000 272.254547 361.164642
267.327700 361.497700 269.533081 361.100281
264.630400 361.676000 266.809021 361.171906
261.940300 361.979900 264.119324 361.362091
259.250900 362.413000 261.418030 361.677856
256.573600 362.959900 258.714813 362.124298
253.917300 363.655300 256.034973 362.698517
251.288400 364.497000 253.376312 363.422424
248.680300 365.504900 250.708160 364.315704
246.094700 366.666900 248.084396 365.386871
243.562600 367.994000 245.494232 366.634399
241.083300 369.508300 242.979507 368.049072
238.697300 371.174900 240.546295 369.623688
236.432200 372.983900 238.239426 371.354065
234.282400 374.915600 236.040131 373.206970
232.221400 376.965100 233.931091 375.176941
230.283900 379.136000 231.949127 377.267822
228.445400 381.408600 230.078461 379.462952
226.762700 383.789500 228.348358 381.768433
225.240300 386.284200 226.761078 384.205597
223.870500 388.875300 225.321289 386.742981
222.651800 391.576800 224.028015 389.388245
221.610300 394.407600 222.884430 392.190125
220.731600 397.346700 221.905548 395.089966
220.036100 400.374900 221.098785 398.104614
219.492700 403.546000 220.465073 401.260895
219.131100 406.829700 219.992844 404.554108
218.954900 410.176200 219.728394 407.868439
218.961000 413.566100 219.645721 411.268646
219.145900 416.967900 219.739944 414.660187
219.451900 420.389700 219.957382 418.080597
219.829800 423.806600 220.233078 421.496429
220.310500 427.237200 220.606674 424.944855
220.868900 430.684800 221.046478 428.393677
221.441400 434.161900 221.481232 431.881378
222.038500 437.663400 221.960342 435.372131
222.674200 441.192400 222.452576 438.908234
223.324700 444.766400 222.940643 442.497070
223.976800 448.390400 223.439743 446.099701
224.645100 452.052600 223.947449 449.750916
225.326300 455.738000 224.471008 453.416687
226.013500 459.438200 225.006851 457.110260
226.742700 463.131400 225.584900 460.781372
227.489100 466.830800 226.178223 464.486176
228.247700 470.527000 226.793198 468.186188
229.012100 474.215100 227.410309 471.895905
229.762000 477.897100 228.027023 475.568939
230.499300 481.567900 228.617126 479.233063
231.252900 485.238400 229.217407 482.912964
232.010300 488.886300 229.823853 486.578186
232.763300 492.531800 230.430908 490.221863
233.545900 496.169700 231.052124 493.862183
234.328200 499.811600 231.672485 497.504730
235.108100 503.420000 232.299133 501.116638
235.907500 507.019800 232.941284 504.725830
236.703700 510.603300 233.589111 508.327240
237.481000 514.162500 234.213470 511.893219
238.249000 517.704200 234.826904 515.433350
239.014400 521.230500 235.437805 518.929932
239.746800 524.741600 236.015106 522.445068
240.436600 528.231300 236.569427 525.940552
241.102000 531.689500 237.102753 529.413208
241.740900 535.133300 237.627319 532.851074
242.359400 538.550300 238.133636 536.251160
242.993900 541.935900 238.643677 539.617737
243.655500 545.295800 239.172638 542.989502
244.307800 548.630700 239.750824 546.344788
244.986700 551.924500 240.332016 549.645447
245.686600 555.189800 240.933380 552.889160
246.402300 558.403000 241.557312 556.140686
247.160300 561.604000 242.211838 559.365723
247.954300 564.747800 242.914215 562.541260
248.799800 567.843200 243.676636 565.648071
249.719700 570.881500 244.497223 568.708618
250.691800 573.875500 245.387756 571.734741
251.722500 576.816900 246.314178 574.695129
252.792400 579.719200 247.280777 577.635681
253.899200 582.619100 248.267838 580.567017
254.999400 585.538800 249.258453 583.501709
256.084000 588.464600 250.219482 586.459229
257.132200 591.413100 251.141205 589.431641
258.142200 594.337700 252.028229 592.356506
259.143500 597.295100 252.901978 595.336975
260.132300 600.227900 253.768890 598.294495
261.124300 603.146400 254.647049 601.240234
262.175000 606.016800 255.594177 604.113586
263.321800 608.844200 256.626221 606.964966
264.592700 611.600700 257.807831 609.754456
266.012800 614.279900 259.132629 612.464722
267.588100 616.881700 260.616821 615.106934
269.323800 619.428300 262.268799 617.703796
271.210100 621.881800 264.059967 620.224243
273.238300 624.254900 265.987946 622.654663
275.373300 626.509900 268.039551 624.997498
277.623300 628.637000 270.195801 627.213989
279.976600 630.608900 272.479126 629.298767
282.453700 632.438800 274.874329 631.236694
285.065600 634.108700 277.438049 633.011414
287.781800 635.684200 280.085144 634.705078
290.614800 637.170400 282.851074 636.294128
293.572000 638.551300 285.741699 637.798096
296.640000 639.897800 288.745544 639.272888
299.815900 641.203200 291.851440 640.716187
303.076400 642.494500 295.029358 642.150696
306.357100 643.765800 298.210388 643.554443
309.674900 645.021300 301.446899 644.944763
312.999700 646.243800 304.683319 646.294312
316.341000 647.457400 307.930267 647.650879
319.656500 648.689200 311.146912 649.011169
322.948500 649.961000 314.339172 650.420105
326.166800 651.311700 317.485046 651.900635
329.336100 652.739100 320.582794 653.471436
332.444200 654.205600 323.613678 655.058105
335.400500 655.659200 326.523193 656.638062
338.177900 657.091100 329.284912 658.174316
340.853600 658.520100 331.950623 659.693848
343.392000 659.901300 334.486450 661.170288
345.797500 661.222900 336.861328 662.578125
348.061700 662.470200 339.109253 663.888428
350.227800 663.663600 341.274139 665.157227
352.269800 664.764500 343.327942 666.330688
354.171500 665.743600 345.210754 667.383545
355.867200 666.596600 346.884003 668.305176
357.385800 667.323400 348.364746 669.111572
358.688300 667.945100 349.648804 669.824219
359.785500 668.454700 350.739990 670.370850
360.684700 668.879300 351.621033 670.835083
361.448900 669.240500 352.368958 671.245239
362.202200 669.609800 353.057983 671.699829
362.884200 670.041700 353.705048 672.160889
363.544500 670.582800 354.355225 672.698730
364.209800 671.330500 354.986725 673.496033
364.845000 672.309500 355.539062 674.493774
365.349200 673.552400 356.016296 675.737000
365.693100 675.079000 356.200623 677.206787
365.765200 676.782400 356.151764 678.842041
365.523700 678.539500 355.824341 680.652405
365.089100 680.489300 355.241974 682.577332
364.466100 682.514600 354.476166 684.486572
363.616300 684.610800 353.518127 686.482056
362.501500 686.760700 352.356689 688.571777
361.240200 688.988000 351.021362 690.734863
359.916600 691.336700 349.594116 693.018921
358.517400 693.800300 348.084198 695.415283
357.035700 696.407500 346.472534 697.929382
355.508800 699.115600 344.806030 700.548218
353.904300 701.929300 343.067139 703.285889
352.257400 704.823800 341.270569 706.083008
350.567500 707.796400 339.427246 708.951538
348.841400 710.853200 337.543762 711.909851
347.061700 713.947900 335.569824 714.922974
345.240600 717.126500 333.581238 717.998779
343.396200 720.384700 331.547089 721.156738
341.517100 723.688800 329.502472 724.361206
339.619000 727.060600 327.428162 727.612305
337.697800 730.488300 325.335571 730.895142
335.746300 733.965100 323.162903 734.315308
333.767200 737.500800 320.972595 737.749268
331.787300 741.093200 318.805969 741.215637
329.802100 744.697600 316.636139 744.705322
327.822700 748.252900 314.480652 748.104126
325.882900 751.750500 312.352112 751.471680
323.953700 755.221900 310.237122 754.809937
322.019400 758.698600 308.122009 758.157349
320.037700 762.177600 305.954559 761.514404
318.097700 765.622300 303.819885 764.856140
316.183200 769.057500 301.710388 768.170654
314.250000 772.494900 299.578491 771.489746
312.275800 775.931500 297.396912 774.823853
310.254000 779.359500 295.162048 778.132935
308.122800 782.782800 292.828796 781.430298
305.862800 786.166800 290.395203 784.691284
303.500700 789.503100 287.852295 787.912659
300.970800 792.776600 285.171875 791.029907
298.346100 795.948700 282.396606 794.040771
295.632400 799.046800 279.526947 796.965332
292.854400 802.131000 276.595642 799.869263
290.021900 805.167500 273.592957 802.738281
287.126600 808.146600 270.550903 805.516479
284.119000 811.063300 267.391510 808.242859
281.041800 813.860300 264.174438 810.824768
277.869300 816.545900 260.885406 813.332275
274.646800 819.105600 257.556763 815.704407
271.386100 821.531200 254.172623 817.961609
268.116800 823.813700 250.780991 820.076172
264.867100 825.970500 247.426285 822.043091
261.611600 828.060300 244.062378 823.956177
258.412200 830.064600 240.741684 825.781921
255.270800 831.964500 237.458466 827.524780
252.165400 833.785500 234.257187 829.165955
249.035500 835.465400 231.130310 830.714478
245.676600 836.941500 228.083511 832.170288
242.526400 838.395100 225.153427 833.546509
239.649200 839.782300 222.370667 834.833862
236.954200 841.095200 219.713165 836.072815
234.477400 842.339200 217.227310 837.241089
232.193600 843.528700 214.925797 838.348755
230.093400 844.639300 212.803375 839.371460
228.164600 845.633300 210.856918 840.276855
226.339700 846.487500 209.015884 841.035950
224.559800 847.148600 207.235886 841.586914
222.862900 847.611100 205.540512 841.952698
221.160000 847.853200 203.856689 842.067017
219.343600 847.650900 202.182892 841.920837
217.613700 847.228800 200.498444 841.437012
215.983200 846.459000 198.891541 840.639038
214.496600 845.376700 197.436493 839.528137
213.166300 844.015600 196.161224 838.114014
211.989600 842.443000 195.018921 836.496643
210.942500 840.673500 194.075195 834.681641
210.015200 838.668700 193.255981 832.694153
209.177100 836.492300 192.566315 830.492676
208.420100 834.203400 191.941925 828.164490
207.685300 831.756600 191.349350 825.672913
206.966400 829.169500 190.777466 823.047546
206.234900 826.499600 190.229202 820.361877
205.491300 823.727800 189.633789 817.531250
204.726900 820.872900 189.025955 814.630981
203.960100 817.947300 188.405853 811.662354
203.188700 814.944500 187.763565 808.573364
202.387700 811.853000 187.110092 805.437317
201.557100 808.685000 186.446121 802.215149
200.707000 805.446700 185.777573 798.936096
199.837600 802.169300 185.075714 795.588501
198.959100 798.853000 184.371078 792.200562
198.078300 795.512000 183.667648 788.789001
197.208100 792.134200 182.955109 785.336243
196.331500 788.727300 182.242828 781.873718
195.393800 785.296400 181.491867 778.383789
194.407000 781.832200 180.686920 774.865295
193.372100 778.361600 179.846268 771.324097
192.268500 774.862700 178.934448 767.763062
191.104500 771.351900 177.962753 764.183289
189.900200 767.803200 176.955200 760.544861
188.697400 764.215300 175.930313 756.873779
187.525500 760.573100 174.959961 753.148926
186.417200 756.874800 174.055420 749.385620
185.391100 753.140200 173.215973 745.577209
184.425300 749.376100 172.454727 741.749207
183.505800 745.586000 171.742310 737.879700
182.630800 741.760500 171.082428 733.991882
181.799600 737.920600 170.459503 730.096863
180.995700 734.046000 169.870331 726.206299
180.235100 730.165100 169.299042 722.297974
179.509000 726.267300 168.738220 718.347534
178.782600 722.358000 168.194000 714.385437
178.060700 718.433400 167.672653 710.456970
177.362100 714.485400 167.199493 706.485779
176.683600 710.485300 166.721283 702.459351
176.012100 706.523900 166.271805 698.439087
175.366700 702.573200 165.826782 694.416260
174.771600 698.664000 165.437622 690.472900
174.208700 694.786000 165.076645 686.526123
173.664500 690.971400 164.725159 682.659363
173.120400 687.194400 164.371368 678.826843
172.609800 683.452500 164.024124 675.049133
172.111300 679.757200 163.690353 671.309265
171.620100 676.075400 163.371582 667.612793
171.116500 672.425100 163.040314 663.937622
170.597300 668.791300 162.705185 660.276306
170.061700 665.158300 162.361023 656.615845
169.508500 661.515700 162.010559 652.922302
168.924400 657.855800 161.652924 649.226196
168.353600 654.164700 161.282593 645.492859
167.787000 650.469600 160.944229 641.778381
167.241700 646.760000 160.635620 638.072571
166.711700 643.033600 160.317947 634.296509
166.161900 639.298500 159.980103 630.566528
165.603300 635.547200 159.657959 626.815125
165.019900 631.781100 159.292419 623.007202
164.407900 627.989800 158.913132 619.201294
163.795100 624.165700 158.531769 615.352356
163.188600 620.333500 158.140778 611.502625
162.585900 616.485800 157.754089 607.605591
162.003800 612.637200 157.362732 603.712402
161.404000 608.796100 156.989868 599.828552
160.758000 604.972100 156.618622 595.944580
160.133600 601.135300 156.247131 592.028625
159.495800 597.273400 155.864700 588.130310
158.840300 593.366000 155.491409 584.166992
158.208600 589.447000 155.115692 580.179871
157.580800 585.515400 154.750061 576.193604
156.942900 581.558400 154.372223 572.209839
156.315100 577.584700 153.999359 568.230042
155.693100 573.602200 153.631653 564.224304
155.097900 569.612100 153.271515 560.226562
154.494600 565.631700 152.898117 556.197021
153.882900 561.635800 152.513016 552.185242
153.275400 557.661700 152.112549 548.166260
152.657100 553.699500 151.738647 544.178223
152.007000 549.736100 151.356873 540.163208
151.335500 545.780700 150.958832 536.160522
150.702300 541.830000 150.561432 532.128296
150.111100 537.863200 150.195618 528.150452
149.565800 533.878000 149.813843 524.120117
149.070700 529.886400 149.455688 520.099792
148.583300 525.892200 149.122009 516.107300
148.098100 521.899600 148.788254 512.110718
147.615200 517.906000 148.453033 508.103912
147.078600 513.924800 148.100372 504.101257
146.557400 509.928000 147.732758 500.074951
145.990800 505.947400 147.365723 496.100372
145.414200 501.983900 147.007034 492.108826
144.839400 498.023200 146.621399 488.115723
144.237000 494.066600 146.206070 484.135956
143.642200 490.086700 145.793716 480.145142
143.093600 486.100600 145.396240 476.168213
142.520000 482.109500 144.992126 472.150665
141.953600 478.120000 144.620270 468.159332
141.409200 474.120700 144.255814 464.161896
140.866200 470.116800 143.904617 460.148376
140.329900 466.129000 143.540833 456.161346
139.802900 462.170200 143.196472 452.220245
139.285200 458.259400 142.862473 448.326599
138.767400 454.380800 142.535065 444.452606
138.265200 450.537100 142.219116 440.631653
137.781900 446.703500 141.915588 436.800873
137.326700 442.890000 141.640518 432.985229
136.905100 439.064700 141.393600 429.132721
136.518100 435.237300 141.173752 425.296051
136.143200 431.414200 140.980469 421.473755
135.825400 427.592200 140.811783 417.659088
135.543200 423.737300 140.714874 413.807007
135.270100 419.908100 140.650269 409.977112
135.035900 416.031200 140.632385 406.101440
134.860400 412.167200 140.660065 402.251282
134.729600 408.319200 140.727997 398.394562
134.657500 404.515600 140.847412 394.599152
134.622800 400.768700 141.005737 390.861084
134.596400 397.079600 141.161758 387.179626
134.623000 393.460300 141.368393 383.546417
134.664700 389.903700 141.597870 379.991669
134.742900 386.395400 141.847656 376.488403
134.849100 382.945500 142.113754 373.054077
134.972000 379.565400 142.385498 369.688904
135.131800 376.244700 142.688568 366.367737
135.333900 373.018200 143.029129 363.165100
135.556500 369.861200 143.403961 360.033691
135.838900 366.777100 143.827972 356.983917
136.225700 363.791900 144.347656 354.036316
136.738700 360.891300 144.980499 351.171021
137.359000 358.081000 145.736160 348.391907
138.112400 355.303200 146.624237 345.642700
138.966200 352.534800 147.616211 342.921783
139.893600 349.805900 148.659012 340.238159
140.896000 347.157200 149.772827 337.636475
141.971400 344.579000 150.936310 335.124634
143.130500 342.084500 152.204071 332.706970
144.392300 339.674500 153.566650 330.374603
145.777400 337.332100 155.026627 328.104919
147.331500 335.073900 156.648178 325.930603
149.057400 332.893100 158.443573 323.850525
150.967000 330.772000 160.411819 321.884857
153.050000 328.762800 162.553268 320.023438
155.286900 326.913400 164.863220 318.273834
157.696000 325.210700 167.297241 316.723602
160.258100 323.696400 169.871506 315.370819
162.973100 322.395300 172.589111 314.223297
165.832800 321.314600 175.432281 313.327423
168.823000 320.455500 178.415421 312.630493
171.915000 319.751800 181.496552 312.097351
175.093600 319.154400 184.676300 311.665344
178.356600 318.621500 187.933594 311.301086
181.670600 318.107800 191.288071 310.973511
184.954100 317.552100 194.715958 310.671539
188.360600 317.014600 198.249283 310.363586
191.810500 316.498600 201.786224 310.037781
195.303300 315.956300 205.380402 309.661346
198.810200 315.370500 208.952744 309.246307
202.319700 314.727700 212.535904 308.757660
205.854900 314.018600 216.111618 308.219696
209.382100 313.210000 219.698441 307.576111
212.873900 312.313500 223.252106 306.844604
216.282400 311.315800 226.721268 306.009613
219.602300 310.211800 230.092041 305.066711
222.828600 308.969500 233.339874 303.993286
225.892800 307.618500 236.468964 302.796295
228.857400 306.132600 239.484253 301.458618
231.705300 304.510000 242.428024 299.959290
234.404500 302.795000 245.206512 298.385132
236.964200 301.022400 247.835876 296.762054
239.357400 299.191600 250.314896 295.036926
241.573300 297.348000 252.600235 293.315674
243.583200 295.531300 254.711243 291.581970
245.364000 293.745300 256.582458 289.876251
246.928300 292.003400 258.223785 288.197235
248.255900 290.313300 259.623505 286.570618
249.318200 288.712300 260.761261 285.006592
250.170400 287.137600 261.709290 283.448792
250.789300 285.600000 262.374176 281.940277
251.165900 284.019700 262.843994 280.340332
251.314100 282.347000 263.101868 278.706055
251.208600 280.685900 263.084747 277.068420
250.772400 279.031200 262.748352 275.308807
249.999900 277.363100 262.061066 273.583801
248.862600 275.742500 260.994202 271.923645
247.391400 274.199800 259.580292 270.320801
245.604100 272.717600 257.857269 268.753784
243.606700 271.249000 255.956573 267.196106
241.483200 269.657000 253.902313 265.493744
239.255900 267.931300 251.768646 263.678406
236.942400 266.062700 249.544922 261.703827
234.573400 264.060900 247.265457 259.588409
232.194200 261.911300 245.018921 257.342194
229.828600 259.643500 242.749634 254.966400
227.459400 257.285700 240.476379 252.502411
225.117700 254.818300 238.275406 249.957642
222.794900 252.268100 236.033493 247.308350
220.539900 249.684100 233.896805 244.630585
218.379000 247.150200 231.859634 242.007812
216.331900 244.688600 229.930908 239.451050
214.447100 242.296600 228.153549 236.976227
212.738900 239.986300 226.528992 234.588348
211.155100 237.800000 225.023407 232.336563
209.645500 235.806000 223.579529 230.253754
208.153800 234.063200 222.136551 228.429428
206.642600 232.599300 220.680542 226.892166
205.050700 231.388700 219.152130 225.622513
203.386000 230.453900 217.486343 224.597961
201.568800 229.804200 215.680511 223.844284
199.652600 229.469400 213.722397 223.421600
197.649300 229.448700 211.677536 223.354614
195.695200 229.808500 209.634155 223.635452
193.757500 230.545900 207.653992 224.291412
191.873400 231.575500 205.668335 225.247406
190.008500 232.786900 203.681061 226.372330
188.027800 234.075600 201.572754 227.592926
185.893500 235.390300 199.333679 228.800156
183.609800 236.705800 196.914780 230.051926
181.165200 238.005100 194.357178 231.234360
178.517300 239.254000 191.639526 232.350632
175.726900 240.407000 188.801834 233.342911
172.707400 241.421200 185.774445 234.236542
169.603600 242.357600 182.690323 235.056732
166.445500 243.209000 179.546661 235.780289
163.269700 243.975200 176.327362 236.380829
160.018600 244.710100 173.066681 236.991821
156.736700 245.397400 169.819412 237.550247
153.408400 246.036100 166.507706 238.062469
150.090200 246.634600 163.195465 238.520172
146.806300 247.228400 159.881836 238.965118
143.505000 247.801600 156.571686 239.384155
140.209300 248.367500 153.303070 239.805893
136.935100 248.926700 150.030396 240.205521
133.701200 249.482000 146.795380 240.634537
130.512300 250.041400 143.608734 241.071777
127.368600 250.623000 140.431442 241.558716
124.279500 251.271600 137.323578 242.115341
121.226800 251.988400 134.248596 242.730194
118.235900 252.796200 131.213715 243.440094
115.296000 253.710500 128.216461 244.245667
112.410900 254.793600 125.262207 245.194397
109.550100 256.073600 122.334885 246.336090
106.765300 257.559400 119.495781 247.664185
104.058300 259.195200 116.721649 249.159561
101.451300 260.983800 114.033394 250.798080
98.958900 262.930000 111.450409 252.603622
96.560750 265.038400 108.954605 254.576447
94.233290 267.302400 106.543098 256.687805
91.992660 269.682500 104.213409 258.965759
89.872160 272.215300 101.988724 261.411194
87.867480 274.902800 99.877205 263.996826
85.990600 277.735000 97.867363 266.727783
84.244040 280.710100 95.982933 269.614899
82.619100 283.777000 94.231735 272.578278
81.079690 286.968600 92.549805 275.706940
79.784310 290.233300 91.118355 278.879456
78.568560 293.653400 89.736557 282.201233
77.471470 297.091000 88.474304 285.531281
76.507590 300.590600 87.344994 288.945312
75.684350 304.118500 86.352295 292.409668
74.993740 307.691900 85.488052 295.932587
74.448540 311.297700 84.779228 299.507385
74.042020 314.935900 84.207520 303.122833
73.771590 318.594800 83.775627 306.734406
73.715910 322.261900 83.421753 310.375061
73.769420 325.907700 83.146240 314.014191
73.817040 329.552100 82.927261 317.652283
74.000290 333.173500 82.746529 321.276794
74.172500 336.809200 82.614555 324.863708
74.344680 340.442200 82.516151 328.494751
74.514430 344.091300 82.462013 332.103790
74.662940 347.746700 82.391823 335.714539
74.736070 351.400000 82.238434 339.296173
74.769320 355.000700 82.093727 342.873505
74.814470 358.586500 81.946915 346.424957
74.746920 362.178000 81.769676 349.980530
74.686830 365.745600 81.581985 353.553070
74.555740 369.317000 81.348969 357.102661
74.360040 372.935200 81.055473 360.652924
74.109450 376.533900 80.692261 364.182739
73.828330 380.133100 80.279022 367.725128
73.476450 383.716600 79.790085 371.225067
73.062260 387.295400 79.259140 374.748047
72.635640 390.839200 78.691833 378.247162
72.123690 394.365700 78.016991 381.721161
71.585570 397.910500 77.325775 385.207092
70.976400 401.435000 76.554039 388.678558
70.311850 404.959700 75.714104 392.180176
69.602670 408.449900 74.855286 395.645203
68.879140 411.948200 73.987091 399.131958
68.139490 415.452800 73.097809 402.604126
67.432580 418.981100 72.216431 406.040253
66.735590 422.501800 71.338005 409.483978
66.031790 425.991100 70.495316 412.952271
65.337700 429.457600 69.644341 416.420532
64.678150 432.971500 68.817154 419.925171
64.092350 436.564700 68.079498 423.488251
63.538820 440.165700 67.374283 427.034424
63.089490 443.780200 66.762871 430.610779
62.687700 447.405600 66.217804 434.183228
62.395430 451.016900 65.769058 437.751892
62.179910 454.600300 65.399376 441.331299
62.016060 458.184800 65.072906 444.902924
61.878910 461.762700 64.769882 448.449524
61.782260 465.339800 64.499557 452.003571
61.711200 468.924000 64.248405 455.566986
61.669710 472.506000 64.025253 459.125244
61.695530 476.094800 63.861996 462.677704
61.729390 479.666900 63.715134 466.242188
61.822870 483.270300 63.623718 469.829590
61.924810 486.878100 63.536884 473.421906
62.056550 490.478600 63.478203 477.018768
62.176020 494.117900 63.405617 480.662354
62.266690 497.773900 63.317856 484.273285
62.330910 501.484400 63.209412 487.912933
62.383600 505.245100 63.132832 491.579315
62.456820 509.016300 63.098351 495.303711
62.639660 512.800600 63.163826 499.047760
62.868350 516.638100 63.265030 502.831696
63.106400 520.456700 63.358124 506.577606
63.367240 524.259400 63.494949 510.331543
63.593570 528.081800 63.571285 514.074646
63.801530 531.888200 63.624557 517.845581
64.024540 535.667900 63.689819 521.597473
64.206830 539.467500 63.697525 525.329407
64.344710 543.234900 63.678719 529.028320
64.496310 546.996900 63.657352 532.740662
64.631930 550.743000 63.618610 536.445801
64.749170 554.462700 63.567963 540.143799
64.914610 558.167300 63.562279 543.834351
65.103700 561.867200 63.577591 547.537964
65.335960 565.517200 63.631050 551.160950
65.569200 569.190200 63.687218 554.783752
65.794250 572.863800 63.744469 558.414368
65.979210 576.521900 63.762032 562.026794
66.180050 580.172300 63.820675 565.612427
66.362280 583.853000 63.848301 569.270630
66.538350 587.515200 63.869469 572.897522
66.682270 591.168900 63.850140 576.513672
66.777600 594.811400 63.793098 580.112671
66.890400 598.420300 63.736099 583.704041
67.026690 602.042900 63.707726 587.312927
67.177460 605.622900 63.701500 590.871887
67.323020 609.198300 63.689507 594.425476
67.450500 612.758000 63.662952 597.994019
67.653570 616.289300 63.725456 601.520020
67.878290 619.813700 63.806084 605.065918
68.154010 623.308500 63.936581 608.564453
68.437020 626.799600 64.074097 612.072144
68.771410 630.257700 64.267715 615.553894
69.202550 633.695200 64.554054 619.027588
69.600670 637.103300 64.815918 622.442627
70.036830 640.488700 65.125061 625.833740
70.506270 643.807100 65.463097 629.162354
70.892770 647.161500 65.705215 632.500305
71.232770 650.443300 65.923782 635.791077
71.580170 653.720500 66.124168 639.055725
71.988160 656.939000 66.329399 642.318237
72.305150 660.204100 66.471375 645.557800
72.604120 663.408400 66.571564 648.789185
72.917010 666.635000 66.665802 652.012878
73.242550 669.852400 66.761703 655.266296
73.637330 673.050100 66.888992 658.501465
74.027710 676.284300 67.061325 661.762573
74.459600 679.526800 67.310394 665.004395
74.950660 682.820100 67.624062 668.281006
75.485380 686.101000 67.935501 671.585205
75.997000 689.438300 68.277443 674.914185
76.620780 692.817900 68.670418 678.300110
77.255750 696.266300 69.100403 681.737793
77.860920 699.720200 69.537888 685.183228
78.456960 703.252300 69.949394 688.743530
79.046650 706.838300 70.358543 692.351379
79.748960 710.431700 70.771294 695.977478
80.377820 714.087800 71.166275 699.677612
80.984990 717.795000 71.590179 703.391235
81.568530 721.524100 72.050240 707.099426
82.226950 725.230100 72.523582 710.825867
82.971570 728.932500 73.035782 714.555115
83.716810 732.637800 73.602722 718.259521
84.461420 736.340000 74.194199 721.978882
85.205890 740.041500 74.848282 725.691650
85.988280 743.734800 75.525757 729.392334
86.881120 747.371500 76.238350 733.048340
87.770200 751.019300 76.956200 736.741089
88.659140 754.657900 77.697571 740.383545
89.568830 758.256300 78.453995 744.019531
90.529500 761.919200 79.269089 747.719177
91.504420 765.495400 80.097404 751.357422
92.518360 769.126400 80.941132 754.992432
93.541990 772.703400 81.797989 758.613281
94.615270 776.302000 82.725365 762.248474
95.687250 779.833200 83.646645 765.819519
96.764590 783.369100 84.593582 769.384705
97.857970 786.887700 85.563042 772.936890
98.977700 790.363900 86.536423 776.435730
100.102700 793.842400 87.536346 779.943542
101.281700 797.278800 88.572205 783.414734
102.480100 800.701200 89.628601 786.882996
103.706800 804.080200 90.688507 790.288025
104.948300 807.449200 91.797165 793.743042
106.192400 810.798000 92.873260 797.123596
107.467000 814.117100 94.001953 800.511169
108.775000 817.411500 95.138718 803.865784
110.077600 820.689800 96.279663 807.199219
111.337000 823.916800 97.390396 810.503052
112.595900 827.082700 98.504868 813.736938
113.862500 830.153000 99.644287 816.850342
115.118400 833.166500 100.756821 819.923584
116.423500 836.128900 101.925629 822.948547
117.895400 839.037200 103.230682 825.946411
119.447600 841.885100 104.638153 828.884216
121.088600 844.701900 106.157074 831.812866
122.872100 847.290700 107.714752 834.627991
124.724400 849.810800 109.423370 837.442322
126.575500 852.329600 111.166168 840.120911
128.426600 854.848600 112.968994 842.749939
130.276800 857.367000 114.763519 845.256775
132.127400 859.883600 116.548462 847.641602
133.992200 862.014800 118.336487 849.899841
135.814600 864.035300 120.054230 852.053223
137.604800 865.988300 121.743713 854.113159
139.298200 867.835900 123.367493 856.070312
140.919200 869.609300 124.919647 857.922729
142.486000 871.338400 126.401093 859.747742
143.940800 872.954000 127.773865 861.461243
145.300100 874.412900 129.068573 862.996582
146.559000 875.661600 130.260559 864.314941
147.650800 876.418400 131.355927 865.377441
148.685500 877.020600 132.318268 866.207581
149.713200 877.623900 133.238983 866.941772
150.732500 878.227900 134.255493 867.502319
151.742600 878.831700 135.298218 867.988342
152.808100 879.342000 136.451523 868.327393
154.068700 879.516900 137.699020 868.539734
155.413300 879.479400 139.089844 868.626953
156.888700 879.272300 140.596603 868.500122
158.478100 878.881900 142.195496 868.156250
160.134900 878.287500 143.910187 867.661682
161.860100 877.489100 145.690964 866.935303
163.672500 876.562600 147.553604 866.086609
165.594100 875.530000 149.522736 865.143738
167.624000 874.437100 151.599472 864.153015
169.770000 873.289900 153.786179 863.094299
172.035600 872.094100 156.093872 862.004517
174.385300 870.862300 158.489532 860.880432
176.854600 869.589200 161.012497 859.713745
179.401000 868.288100 163.574936 858.530457
181.975500 866.969700 166.187134 857.317200
184.536700 865.639500 168.785080 856.098450
187.062400 864.284700 171.366135 854.839355
189.538900 862.924800 173.885284 853.588562
191.918900 861.611300 176.319244 852.385803
194.206900 860.315700 178.648254 851.203369
196.343300 858.956400 180.858032 850.091675
198.368400 857.888200 183.013275 849.061951
200.275000 856.919100 185.067657 848.181824
202.193600 856.085800 187.040314 847.447998
204.073500 855.496400 188.937851 846.979126
205.960400 855.183900 190.704208 846.754333
207.864300 855.202100 192.519135 846.827209
209.713700 855.529100 194.312073 847.194458
211.499200 856.220700 196.051880 847.940552
213.188100 857.107700 197.639069 849.044434
214.784400 858.522000 199.131287 850.471741
216.227100 860.190500 200.435120 852.189392
217.589200 862.100400 201.688599 854.150879
218.870200 864.194100 202.813705 856.300110
220.036500 866.491500 203.856232 858.640686
221.092500 868.955100 204.787994 861.167419
222.159200 871.551200 205.714417 863.818909
223.261300 874.233400 206.698425 866.582703
224.402100 877.003500 207.695969 869.432800
225.538100 879.835200 208.658661 872.335876
226.647400 882.714200 209.615692 875.282898
227.713000 885.605500 210.541901 878.241882
228.729800 888.498800 211.416321 881.204041
229.740400 891.364700 212.280212 884.119568
230.756400 894.190300 213.160248 887.011292
231.798000 896.975600 214.056366 889.875671
232.862200 899.689300 214.987732 892.663269
234.006400 902.314400 216.008591 895.362793
235.284000 904.779800 217.192368 897.943970
236.717300 907.106500 218.513947 900.362854
238.297800 909.282700 219.992737 902.624878
240.026200 911.279800 221.603241 904.688599
241.899800 913.107900 223.387329 906.623657
243.969200 914.753500 225.315247 908.378357
246.167200 916.200700 227.366364 909.932983
248.519300 917.425900 229.565582 911.271912
250.970500 918.372900 231.949615 912.395996
253.540200 919.159700 234.478195 913.333496
256.240400 919.688000 237.167770 914.011108
259.064500 919.965800 240.010284 914.464539
262.004800 920.092700 242.970215 914.765686
265.032800 920.081200 246.030304 914.914978
268.210100 920.078400 249.183563 914.914368
271.495300 919.927300 252.436005 914.838440
274.820000 919.698100 255.737091 914.717529
278.229300 919.336300 259.068298 914.513733
281.674700 918.885400 262.449341 914.229797
285.133600 918.345800 265.895447 913.867065
288.622600 917.728600 269.396942 913.438660
292.132800 917.013700 272.956055 912.930725
295.617300 916.238200 276.482758 912.333313
299.090900 915.358200 280.010376 911.669250
302.533100 914.353500 283.506775 910.921082
305.943200 913.309900 286.970642 910.110291
309.311700 912.191400 290.359467 909.222961
312.679900 911.045400 293.741913 908.276733
316.061700 909.902400 297.149719 907.318970
319.450400 908.753400 300.591064 906.363220
322.840000 907.560400 304.010406 905.366821
326.249400 906.356000 307.453094 904.348755
329.691100 905.139800 310.925751 903.329651
333.195400 903.900600 314.484955 902.278870
336.754600 902.625300 318.085632 901.192444
340.384100 901.328400 321.777100 900.073669
344.064600 899.969000 325.493378 898.911499
347.769700 898.590900 329.250732 897.723267
351.401700 897.220500 332.921173 896.539978
354.975200 895.841100 336.569427 895.347473
358.485000 894.463600 340.151581 894.146118
361.949500 893.084300 343.665985 892.961304
365.336200 891.732700 347.107086 891.783020
368.619200 890.389400 350.460449 890.614563
371.749500 889.112100 353.665283 889.502197
374.681800 887.918900 356.668213 888.466919
377.389200 886.824500 359.458191 887.505737
379.874900 885.837000 361.983154 886.632263
382.177900 884.931600 364.319611 885.830750
384.328100 884.100300 366.485565 885.090271
386.400700 883.311200 368.569733 884.380737
388.376900 882.536800 370.596069 883.703918
390.309000 881.774800 372.573120 883.035889
392.306100 880.993700 374.621979 882.362244
394.377700 880.162100 376.752869 881.633789
396.550200 879.262200 378.975067 880.846497
398.842300 878.314900 381.338867 880.052185
401.259600 877.339000 383.812744 879.217590
403.789800 876.325100 386.415497 878.338989
406.435900 875.291100 389.142212 877.458984
409.217000 874.214500 391.953064 876.526306
412.118100 873.111300 394.844727 875.571777
415.118700 871.959800 397.842590 874.574524
418.218100 870.771000 400.957611 873.555969
421.393100 869.520300 404.129700 872.482178
424.627300 868.193200 407.378479 871.320740
427.914800 866.771900 410.743988 870.082581
431.247800 865.254500 414.164490 868.747192
434.552400 863.690400 417.551636 867.363525
437.807500 862.081600 420.892303 865.945129
440.966600 860.444200 424.141602 864.482056
444.049200 858.816700 427.307770 863.010071
447.069000 857.193700 430.419769 861.542358
450.037100 855.607100 433.456177 860.124084
452.944600 854.081100 436.404297 858.758484
455.777600 852.654400 439.275391 857.506287
458.467600 851.383400 441.977722 856.379578
460.990700 850.198200 444.526611 855.337036
463.426800 849.070300 446.982513 854.353516
465.787600 847.990900 449.362213 853.401733
468.094900 846.950600 451.708954 852.499573
470.366800 845.937300 454.014923 851.613098
472.708100 844.897600 456.390961 850.699829
475.121700 843.800400 458.840729 849.737610
477.587500 842.683800 461.348236 848.770081
480.152400 841.532300 463.977783 847.746765
482.766300 840.339500 466.653961 846.687134
485.445100 839.143200 469.352844 845.623047
488.188300 837.891400 472.118774 844.535461
490.987500 836.623000 474.909943 843.432434
493.803100 835.351100 477.749512 842.318359
496.624700 834.094400 480.634277 841.193848
499.474300 832.809600 483.545471 840.065369
502.358500 831.502600 486.493896 838.903992
505.286800 830.236700 489.474487 837.739746
508.248000 828.948300 492.496582 836.574646
511.244100 827.658100 495.534485 835.408325
514.267100 826.347100 498.587219 834.233582
517.327800 825.031500 501.662994 833.075684
520.388500 823.719100 504.741577 831.918091
523.389100 822.420300 507.755585 830.783325
526.283400 821.190400 510.674438 829.702271
529.057000 820.023600 513.472412 828.677185
531.704800 818.934000 516.159912 827.711365
534.226500 817.916400 518.719604 826.827820
536.656700 816.946600 521.192383 825.977234
539.023500 815.952900 523.592224 825.096924
541.317300 814.866300 525.951050 824.138367
543.532000 813.688600 528.237854 823.066406
545.686900 812.396800 530.449402 821.863770
547.734700 810.971800 532.577148 820.538269
549.629400 809.339400 534.548218 818.990234
551.297600 807.502100 536.326355 817.212341
552.779900 805.465100 537.931885 815.201050
554.025400 803.122900 539.339417 812.939270
555.053800 800.603800 540.497742 810.428101
555.833800 797.890700 541.408813 807.736450
556.486200 795.031700 542.222473 804.890381
557.103100 792.043700 542.980225 801.948425
557.706900 788.950900 543.738647 798.896362
558.314100 785.757400 544.499695 795.757751
558.963000 782.480200 545.309570 792.528015
559.664300 779.132300 546.160767 789.235657
560.383500 775.702500 547.025330 785.844910
561.143700 772.190100 547.948120 782.441650
561.955700 768.606200 548.894653 778.936035
562.794300 764.921400 549.859985 775.349731
563.665600 761.194600 550.862305 771.699158
564.512000 757.439400 551.864502 768.018555
565.360500 753.691900 552.870361 764.349731
566.202300 749.955700 553.859558 760.678528
567.038700 746.210000 554.866211 757.007507
567.914000 742.455400 555.888794 753.309082
568.809800 738.700200 556.943665 749.621582
569.651600 734.948800 557.947021 745.896240
570.504400 731.165000 558.967041 742.168579
571.381700 727.390900 560.012939 738.435242
572.231200 723.645800 561.022095 734.718750
573.054100 719.904800 562.014404 731.027466
573.889700 716.163100 563.005371 727.348999
574.718600 712.404800 564.009399 723.645264
575.527100 708.639600 564.979614 719.935974
576.261300 704.869800 565.885681 716.152466
576.930700 701.064300 566.718628 712.392456
577.575900 697.234700 567.513733 708.593628
578.192400 693.375300 568.274780 704.798462
578.778500 689.496000 569.021790 700.946533
579.345900 685.591800 569.733337 697.062317
579.857300 681.665400 570.413147 693.185120
580.310600 677.720500 571.060120 689.235046
580.758800 673.746400 571.692200 685.283020
581.155000 669.796200 572.270325 681.359375
581.510700 665.865700 572.799927 677.461304
581.822900 661.969700 573.282349 673.580444
582.077900 658.112900 573.713074 669.746826
582.273900 654.274900 574.080994 665.915161
582.437900 650.427100 574.417419 662.054810
582.599800 646.577200 574.754028 658.155151
582.753900 642.693800 575.070190 654.294312
582.851400 638.813400 575.305115 650.408813
582.898800 634.890000 575.533386 646.490845
582.982400 630.949500 575.782166 642.549255
583.073100 627.003400 576.051270 638.602600
583.192100 623.061600 576.333252 634.615784
583.328900 619.143000 576.647827 630.684387
583.475300 615.223700 576.963623 626.764526
583.625900 611.282200 577.283203 622.837097
583.720700 607.341100 577.627808 618.907288
583.834500 603.396300 577.967773 614.926453
583.934300 599.462000 578.296570 610.994507
584.036500 595.562800 578.632690 607.099060
584.162200 591.689200 578.973999 603.231323
584.227300 587.867900 579.302368 599.372009
584.317600 584.024500 579.634399 595.520386
584.499000 580.192700 580.042236 591.714844
584.808000 576.397200 580.557312 587.959167
585.238500 572.636300 581.172913 584.231934
585.796800 568.901300 581.906372 580.534546
586.480500 565.193700 582.768127 576.838867
587.248500 561.507600 583.703918 573.141296
588.029900 557.836500 584.620422 569.494446
588.838600 554.171600 585.578064 565.894531
589.673700 550.509400 586.535217 562.271423
590.516100 546.866500 587.511902 558.673462
591.343500 543.261900 588.457031 555.142456
592.132200 539.698600 589.377502 551.610962
592.828000 536.162600 590.208618 548.113770
593.460000 532.659000 590.976868 544.657532
594.031700 529.277200 591.683838 541.318665
594.554500 526.081000 592.329956 538.142334
595.075800 523.072600 592.978577 535.202087
595.617300 520.255100 593.626526 532.423462
596.166400 517.626800 594.278076 529.836182
596.704800 515.143200 594.907776 527.379761
597.194900 512.833500 595.493469 525.099731
597.576200 510.694300 595.957275 522.983276
597.786600 508.667900 596.262146 520.935669
597.747500 506.649500 596.347900 518.916687
597.514600 504.697700 596.204224 516.915771
597.070500 502.800000 595.848877 515.021667
596.402400 500.998300 595.261536 513.152161
595.438900 499.228700 594.356934 511.296936
594.162500 497.526700 593.145935 509.520782
592.513700 495.900800 591.637085 507.894897
590.635600 494.532500 589.824890 506.459137
588.500500 493.343000 587.741516 505.173065
586.178900 492.278900 585.446838 504.013855
583.738500 491.279000 583.033813 502.917969
581.166800 490.215600 580.486755 501.741150
578.490800 489.083700 577.823364 500.496643
575.723500 487.861500 575.078369 499.160217
572.904600 486.554700 572.296936 497.738342
570.042200 485.190900 569.465698 496.255798
567.169200 483.760200 566.631592 494.710327
564.280500 482.280300 563.794373 493.121521
561.350400 480.769600 560.937012 491.494385
558.405800 479.261600 558.016907 489.875366
555.376800 477.743300 555.052490 488.203918
552.348800 476.229900 552.096558 486.551758
549.309400 474.657200 549.127563 484.856873
546.268100 473.067100 546.182312 483.147949
543.205700 471.460400 543.192993 481.413635
540.123400 469.844900 540.181580 479.675415
537.055800 468.227900 537.180908 477.939484
534.039300 466.620500 534.210815 476.214142
531.070100 465.041900 531.294495 474.509399
528.189800 463.496400 528.453674 472.844543
525.392500 461.985300 525.709961 471.213074
522.696400 460.482700 523.056335 469.591736
520.138600 459.018200 520.553345 468.005981
517.756100 457.609300 518.213501 466.509460
515.544600 456.272300 516.011475 465.074402
513.468500 454.993400 513.948425 463.699890
511.515000 453.792000 511.986786 462.406738
509.647000 452.752700 510.150635 461.279999
507.816400 451.952700 508.322754 460.374512
506.024700 451.375100 506.540527 459.718597
504.164400 451.057300 504.654358 459.303406
502.213400 450.955500 502.739624 459.161896
500.360000 451.174600 500.855042 459.316254
498.532400 451.717400 498.985840 459.762817
496.762400 452.594900 497.139801 460.551056
495.085200 453.803100 495.397614 461.690979
493.512800 455.370800 493.783752 463.173553
492.140200 457.192000 492.294769 464.998688
490.899800 459.329000 490.905609 467.140289
489.697100 461.689000 489.528381 469.508209
488.436200 464.216900 488.078308 472.062042
487.065300 466.910000 486.535126 474.732239
485.589500 469.753000 484.896484 477.512451
484.009700 472.740300 483.154236 480.452576
482.314200 475.837000 481.309601 483.485931
480.567300 479.018100 479.431152 486.627106
478.766800 482.282500 477.492920 489.825439
476.977200 485.484200 475.494812 493.024048
475.149800 488.770200 473.474243 496.262573
473.326600 492.020400 471.470032 499.459839
471.475600 495.302800 469.422760 502.747864
469.568200 498.617300 467.360352 506.035339
467.651300 501.958900 465.280090 509.307251
465.708000 505.334400 463.170929 512.644958
463.769100 508.731500 461.078827 515.969543
461.845200 512.161900 458.993774 519.323486
459.919600 515.621400 456.907440 522.713318
457.939000 519.112900 454.819641 526.115295
455.953400 522.620500 452.739777 529.500183
453.935100 526.117100 450.599487 532.887512
451.928900 529.614300 448.522766 536.288269
449.964500 533.134600 446.406219 539.722412
448.010500 536.687300 444.306946 543.167175
446.054100 540.236000 442.216553 546.629211
444.056100 543.807900 440.122803 550.094360
442.049300 547.417800 438.013428 553.595825
440.037800 551.028500 435.897827 557.099854
438.025200 554.634600 433.768005 560.574463
435.977800 558.237500 431.617004 564.065186
433.919500 561.855000 429.423615 567.571960
431.843000 565.470100 427.238586 571.110168
429.767800 569.108300 425.029755 574.647217
427.667800 572.747600 422.807007 578.163757
425.537800 576.435200 420.602448 581.722290
423.436400 580.100900 418.405701 585.215210
421.318500 583.767700 416.176483 588.747498
419.219900 587.449100 413.946289 592.319458
417.120400 591.134600 411.717010 595.884644
415.005200 594.832500 409.514618 599.460693
412.888500 598.541400 407.285095 603.020142
410.755500 602.261600 405.043701 606.581238
408.648800 605.999000 402.809998 610.176270
406.499300 609.720300 400.543121 613.770691
404.349900 613.457900 398.259521 617.396912
402.219500 617.158900 395.996460 620.992920
400.144400 620.804100 393.781006 624.528870
398.088300 624.376000 391.582367 627.999146
396.094000 627.872100 389.464600 631.431274
394.096100 631.363900 387.331665 634.826538
392.096200 634.841100 385.194427 638.237915
390.122200 638.266000 383.080444 641.570801
388.138200 641.719200 380.971985 644.911072
386.190000 645.182000 378.871002 648.210938
384.289400 648.626900 376.799133 651.541504
382.388400 652.005600 374.736328 654.812927
380.473700 655.356700 372.669250 658.046692
378.503900 658.701400 370.570801 661.267944
376.494800 662.062000 368.468781 664.494751
374.499000 665.373200 366.361328 667.764526
372.495100 668.759000 364.213959 671.055664
370.503500 672.182700 362.090515 674.371460
368.470500 675.625200 359.916321 677.711548
366.423200 679.124800 357.714478 681.118408
364.370700 682.649600 355.510315 684.538025
362.295100 686.175900 353.300598 687.952271
360.227100 689.735900 351.111328 691.390381
358.182300 693.297500 348.927551 694.839111
356.109700 696.850900 346.714905 698.294434
354.085800 700.357400 344.555359 701.668335
352.038300 703.859700 342.377045 705.040710
350.008800 707.353700 340.217865 708.397461
347.982700 710.855500 338.049713 711.769287
345.942000 714.320900 335.864990 715.119751
343.906200 717.779200 333.681732 718.462402
341.889600 721.226700 331.518005 721.806152
339.882000 724.654800 329.382751 725.096008
337.868700 728.103400 327.233307 728.444214
335.866200 731.571800 325.087921 731.799683
333.967500 735.105200 322.930664 735.197693
332.130600 738.707000 320.749939 738.636719
330.109000 742.325700 318.545044 742.200928
328.052600 745.993300 316.313934 745.784912
325.960300 749.694700 314.082489 749.320312
323.882400 753.400900 311.824371 752.933594
321.810400 757.046400 309.585327 756.462036
319.688500 760.664000 307.360352 759.946899
317.595700 764.288500 305.065521 763.441589
315.554700 767.892700 302.773865 766.894653
313.514600 771.526200 300.479095 770.359070
311.450700 775.119600 298.164490 773.779846
309.357300 778.629400 295.817017 777.171875
307.194900 782.050500 293.448395 780.449097
304.937400 785.448200 290.995148 783.694092
302.592400 788.799400 288.461334 786.907959
300.153800 792.111000 285.856079 790.057800
297.624000 795.374800 283.145142 793.184814
294.927000 798.539300 280.391693 796.204041
292.185800 801.678500 277.490265 799.191650
289.192200 804.695700 274.487305 802.112366
286.151300 807.624000 271.378876 804.943359
283.065000 810.476300 268.239258 807.676758
280.007100 813.213700 265.051697 810.280640
276.942200 815.904300 261.859558 812.742188
273.811500 818.493600 258.585144 815.130859
270.605600 820.960500 255.255569 817.405029
267.321200 823.303700 251.857330 819.545715
264.005200 825.567800 248.389282 821.655029
260.657900 827.735000 244.927765 823.622437
257.273000 829.813900 241.408752 825.509888
253.861800 831.809200 237.876389 827.316467
250.446800 833.761300 234.374008 829.059875
247.052800 835.652800 230.830551 830.805542
243.677200 837.476800 227.369370 832.461243
240.295500 839.294300 223.893402 834.109009
236.906500 841.089700 220.419128 835.733643
233.510200 842.896300 216.899017 837.372620
230.131200 844.723000 213.406708 839.036499
226.769300 846.514500 209.944046 840.653992
223.408300 848.268000 206.490967 842.232788
220.026300 849.991200 203.085297 843.773560
216.652600 851.728000 199.632065 845.324219
213.269900 853.442300 196.184631 846.844482
209.880600 855.139200 192.742371 848.341187
206.468800 856.885000 189.228989 849.897705
203.010300 858.620500 185.682571 851.465698
199.502700 860.363300 182.074081 853.043823
196.002500 862.107300 178.483536 854.626160
192.526600 863.893400 174.908646 856.255371
189.070200 865.686900 171.396942 857.849609
185.622800 867.526100 167.843292 859.530151
182.188500 869.362900 164.269424 861.209717
178.750800 871.210600 160.749710 862.867493
175.314500 873.051400 157.234573 864.516785
171.878500 874.938000 153.707352 866.244751
168.464000 876.882000 150.193497 868.033752
165.093500 878.898700 146.721832 869.903137
161.793700 881.039600 143.313538 871.873535
158.553600 883.315600 139.961792 873.984863
155.369300 885.727000 136.692444 876.220947
152.279000 888.277000 133.505066 878.605042
149.259200 890.897300 130.420044 881.037964
146.298100 893.633000 127.365479 883.597473
143.341500 896.377900 124.286255 886.201782
140.419600 899.149000 121.245056 888.841431
137.428800 901.883400 118.159271 891.439880
134.430600 904.585400 115.068298 894.010620
131.430500 907.268900 111.944153 896.590820
128.400000 909.942700 108.803528 899.144409
125.387100 912.605700 105.673859 901.682251
122.446000 915.311700 102.609650 904.267456
