-0.000000 0.000000 0.000000 0.000000
-0.031067 2.888054 -0.010154 2.850363
-0.064585 5.738958 -0.007314 5.663692
-0.101303 8.535486 -0.028218 8.425214
-0.142195 11.339520 -0.051026 11.202338
-0.184906 14.041360 -0.085594 13.921822
-0.236713 16.743090 -0.123842 16.631611
-0.293743 19.414190 -0.174412 19.304724
-0.351775 22.037930 -0.234350 21.942896
-0.412104 24.615430 -0.299144 24.503656
-0.469077 27.080370 -0.379615 26.994116
-0.537729 29.454710 -0.464150 29.366053
-0.609883 31.753310 -0.553445 31.689058
-0.707028 33.962280 -0.647956 33.909317
-0.822501 36.085730 -0.748174 36.050964
-0.935694 38.111240 -0.868073 38.088329
-1.022967 40.037480 -0.961888 40.017365
-1.107347 41.890890 -1.039819 41.896503
-1.156523 43.592390 -1.086224 43.606678
-1.165281 45.110470 -1.092091 45.145393
-1.139704 46.435620 -1.069637 46.494728
-1.077742 47.567320 -1.009675 47.642876
-1.006263 48.450880 -0.934189 48.552792
-0.897746 49.232390 -0.817298 49.352486
-0.757712 49.986150 -0.672854 50.124817
-0.562625 50.707270 -0.469588 50.857460
-0.317219 51.420200 -0.216029 51.580780
0.000274 52.129820 0.110533 52.293152
0.427978 52.800310 0.552279 52.970219
0.965237 53.472800 1.100328 53.649784
1.658262 54.153430 1.796074 54.343849
2.612681 54.789880 2.703354 54.997406
3.766145 55.335410 3.867155 55.590363
5.103719 55.721430 5.217611 56.049355
6.612372 55.902800 6.748986 56.280952
8.209580 55.971350 8.349365 56.361488
9.933246 55.981820 10.064482 56.368828
11.755010 55.963040 11.909019 56.338387
13.673080 55.883300 13.847990 56.270233
15.697980 55.779010 15.909496 56.201473
17.784720 55.672100 18.039618 56.123322
19.978240 55.590270 20.233667 56.066280
22.167140 55.510110 22.456249 56.017288
24.373310 55.484540 24.706213 56.014343
26.568060 55.472620 26.940681 56.020954
28.777650 55.510270 29.193972 56.040043
30.985590 55.548590 31.443195 56.095638
33.207400 55.613480 33.706928 56.172573
35.442520 55.709300 35.980461 56.267582
37.704740 55.826600 38.271507 56.400845
40.002200 55.976310 40.595474 56.559452
42.339510 56.141300 42.922916 56.730640
44.713720 56.343910 45.314709 56.930115
47.122240 56.605330 47.697109 57.190182
49.540680 56.921620 50.152676 57.505302
51.989070 57.297260 52.587353 57.887646
54.343180 57.698510 54.955406 58.283413
56.645460 58.120330 57.265816 58.718163
58.876010 58.567270 59.515778 59.175140
61.013190 59.021080 61.680649 59.637329
63.055930 59.468430 63.742760 60.086838
65.032810 59.902180 65.738472 60.524467
66.922080 60.298360 67.664856 60.954075
68.724720 60.677920 69.469315 61.329838
70.449950 61.033000 71.225243 61.683243
72.086540 61.346730 72.887184 61.983192
73.701140 61.657010 74.524529 62.299171
75.335240 61.944750 76.182617 62.597904
76.992600 62.291350 77.854477 62.943954
78.692590 62.691950 79.569351 63.360180
80.453400 63.179850 81.342621 63.852886
82.265790 63.740490 83.154846 64.417969
84.194030 64.399810 85.075089 65.073349
86.224450 65.153770 87.081314 65.819191
88.357870 65.993410 89.186218 66.634651
90.502450 66.907090 91.304565 67.540062
92.609040 67.903710 93.413933 68.500763
94.633120 68.920130 95.452766 69.480995
96.583420 69.912990 97.427208 70.454391
98.435050 70.883890 99.294418 71.408882
100.212200 71.816210 101.094353 72.334389
101.905500 72.735820 102.815552 73.230766
103.511500 73.620900 104.463142 74.125267
105.060100 74.482340 106.005623 74.939316
106.565000 75.343110 107.506294 75.802452
108.028900 76.228830 108.960609 76.681038
109.484600 77.160920 110.403671 77.598473
111.012500 78.171090 111.897346 78.615044
112.582900 79.246780 113.435928 79.704544
114.228600 80.425890 115.034584 80.882500
115.947600 81.729260 116.714760 82.174774
117.700100 83.151090 118.435455 83.592842
119.523000 84.685210 120.252464 85.133072
121.433400 86.292660 122.139038 86.744392
123.377700 87.978210 124.085075 88.436302
125.311100 89.753620 126.004333 90.220650
127.275600 91.596860 127.960815 92.061165
129.224500 93.463900 129.918961 93.917191
131.149100 95.403230 131.843781 95.828674
133.059000 97.419260 133.764404 97.864746
134.953900 99.488560 135.670959 99.898468
136.852800 101.578900 137.574249 101.960503
138.768400 103.700800 139.465530 104.090309
140.668600 105.771500 141.379135 106.207756
142.593300 107.805600 143.317963 108.277710
144.499400 109.783900 145.207504 110.253441
146.448400 111.754000 147.146225 112.210159
148.396300 113.639400 149.095200 114.097221
150.376300 115.438400 151.061539 115.946854
152.404100 117.222400 153.071640 117.789017
154.478600 118.989300 155.108154 119.594009
156.645400 120.724500 157.240509 121.382797
158.905800 122.432200 159.435089 123.102272
161.194700 124.063600 161.700104 124.773041
163.498700 125.601900 164.002792 126.383240
165.800800 127.092000 166.278336 127.882164
168.046900 128.527100 168.494629 129.309174
170.193100 129.881700 170.669037 130.680191
172.320500 131.175000 172.815125 131.962326
174.354500 132.418200 174.873520 133.215942
176.353200 133.630800 176.893127 134.405472
178.293700 134.777800 178.828934 135.543976
180.174800 135.863800 180.747604 136.636627
181.990300 136.890800 182.606110 137.664932
183.746700 137.844100 184.407593 138.629578
185.502900 138.752600 186.193161 139.540192
187.316700 139.650000 188.036682 140.437012
189.197800 140.526600 189.948120 141.318283
191.166700 141.381000 191.914963 142.168472
193.245000 142.204500 194.020508 143.005066
195.460000 143.026300 196.246048 143.819382
197.772100 143.833600 198.547348 144.619354
200.145100 144.607400 200.923706 145.387115
202.692400 145.397600 203.435974 146.160675
205.249500 146.171900 205.987366 146.952545
207.860900 146.926000 208.601593 147.709351
210.549200 147.643600 211.321182 148.445862
213.300400 148.348200 214.080765 149.149750
216.084100 149.048900 216.886932 149.848511
218.860300 149.726200 219.689178 150.538605
221.644800 150.382100 222.505005 151.198730
224.412100 151.021800 225.282104 151.844971
227.167600 151.643200 228.091705 152.469910
229.918900 152.230300 230.885147 153.074646
232.689500 152.785800 233.672653 153.621964
235.449300 153.313200 236.437592 154.135559
238.199800 153.803200 239.225601 154.648605
240.934200 154.256400 241.967407 155.114243
243.668800 154.668400 244.719757 155.539001
246.368400 155.041200 247.442047 155.928818
249.069800 155.358200 250.164871 156.253616
251.725900 155.632800 252.806610 156.545990
254.402400 155.881300 255.497177 156.815521
257.042800 156.089700 258.155121 157.029144
259.660100 156.224000 260.789948 157.180939
262.271700 156.315800 263.424713 157.278366
264.865700 156.356900 266.015564 157.323929
267.459400 156.359600 268.626007 157.330261
270.039500 156.343700 271.228912 157.329437
272.588200 156.330000 273.778015 157.311050
275.056200 156.330100 276.263519 157.308899
277.448400 156.359600 278.663239 157.340714
279.738200 156.429500 280.983948 157.414322
281.938200 156.520200 283.190674 157.501404
284.012100 156.634000 285.303558 157.605392
285.967000 156.761600 287.256134 157.733063
287.810800 156.898300 289.081573 157.862991
289.549300 157.041600 290.829834 158.010773
291.199000 157.180400 292.485992 158.162231
292.759600 157.324200 294.047424 158.318802
294.237400 157.467800 295.490265 158.482513
295.702000 157.617000 296.957306 158.629654
297.209000 157.765400 298.480927 158.789673
298.767900 157.889400 300.029053 158.913223
300.432800 158.016900 301.706573 159.050369
302.189300 158.141600 303.458771 159.181824
304.038500 158.267800 305.331116 159.299622
305.995200 158.405700 307.289185 159.441803
308.048700 158.531900 309.342743 159.573700
310.174500 158.661100 311.474365 159.698288
312.381400 158.771100 313.669342 159.807205
314.676200 158.867600 315.967957 159.899063
317.037300 158.975500 318.329407 159.998383
319.477900 159.096700 320.761536 160.119232
321.983300 159.231700 323.264526 160.254333
324.556700 159.385400 325.852753 160.405594
327.199000 159.561700 328.490173 160.586182
329.888000 159.763100 331.188293 160.796066
332.606500 159.992500 333.938660 161.039978
335.346200 160.242300 336.716858 161.285645
338.087800 160.502200 339.494629 161.545029
340.808300 160.751300 342.258423 161.815308
343.520500 160.989100 344.982605 162.079910
346.223500 161.227200 347.686523 162.345352
348.906500 161.474100 350.398834 162.609055
351.590100 161.717700 353.082733 162.862213
354.273100 161.969400 355.759827 163.139389
356.966000 162.239900 358.447479 163.454590
359.666600 162.550200 361.117096 163.825317
362.375700 162.896300 363.766693 164.240753
365.062800 163.323000 366.418579 164.730103
367.727000 163.850800 369.056549 165.288483
370.348600 164.475400 371.684845 165.916214
372.964400 165.138700 374.316864 166.591187
375.599800 165.826700 376.924316 167.307556
378.229900 166.566100 379.559448 168.065521
380.801800 167.357500 382.152130 168.850266
383.318400 168.171800 384.701324 169.667847
385.808200 169.013900 387.218384 170.505005
388.246500 169.856400 389.680511 171.345001
390.650800 170.695000 392.126862 172.184891
393.014800 171.503500 394.510315 172.978958
395.404400 172.284100 396.890015 173.765976
397.780400 173.063700 399.293182 174.554291
400.205400 173.874000 401.717377 175.362762
402.725900 174.699400 404.204407 176.188416
405.238700 175.529800 406.795410 177.038208
407.810400 176.369600 409.390594 177.885559
410.380800 177.246300 412.003357 178.750519
412.944100 178.091800 414.599579 179.636719
415.502100 178.907300 417.161926 180.490784
417.987000 179.722000 419.654724 181.333862
420.400700 180.499000 422.050781 182.154846
422.723500 181.229600 424.356354 182.917816
424.970600 181.953100 426.595306 183.663910
427.191300 182.654700 428.795837 184.387695
429.364900 183.330700 430.980957 185.095062
431.542400 184.015100 433.171539 185.786682
433.709700 184.706100 435.341614 186.494232
435.894400 185.396800 437.531769 187.205200
437.987000 186.094800 439.634705 187.910721
439.976500 186.775400 441.644775 188.604309
441.889500 187.423200 443.569916 189.280487
443.709700 188.041300 445.408173 189.908493
445.449300 188.641500 447.123718 190.531067
447.056300 189.201200 448.778809 191.111877
448.590500 189.739900 450.328186 191.670624
450.015000 190.249300 451.777802 192.193527
451.352700 190.721500 453.136017 192.681244
452.596100 191.161200 454.351837 193.143433
453.710200 191.550200 455.500366 193.544449
454.731200 191.911400 456.554688 193.899368
455.653200 192.246800 457.495575 194.239716
456.505300 192.533700 458.366852 194.535889
457.319300 192.826200 459.197266 194.820831
458.109900 193.111500 459.995026 195.109833
458.896600 193.410900 460.791473 195.398148
459.697700 193.760100 461.615448 195.729004
460.531700 194.165900 462.455597 196.131531
461.370300 194.631800 463.281586 196.577682
462.158600 195.139900 464.068634 197.094391
462.899600 195.612800 464.799927 197.571503
463.586200 195.962000 465.509155 197.946960
464.354300 196.273600 466.221558 198.252426
465.139400 196.550800 466.995941 198.537369
465.948600 196.799800 467.775055 198.739288
466.714000 197.006300 468.552948 198.969315
467.409700 197.209000 469.231567 199.174179
468.004600 197.427000 469.844574 199.422241
468.491000 197.643300 470.323669 199.634109
468.884200 197.788300 470.729309 199.840042
469.204000 197.984300 471.036713 200.071854
469.473000 198.134800 471.307983 200.264557
469.708700 198.262200 471.536499 200.437408
469.857800 198.400100 471.676392 200.596405
469.984600 198.505100 471.791473 200.696732
470.093200 198.600100 471.906128 200.795105
