-0.000000 0.000000 0.000000 0.000000
0.002038 3.941730 -0.015132 3.932140
0.007571 7.908775 -0.029941 7.901508
0.006781 11.904260 -0.055475 11.925364
-0.005852 15.930660 -0.094983 15.963201
0.005006 19.986700 -0.122093 20.014059
-0.007369 24.072100 -0.140654 24.123047
0.001962 28.194720 -0.131704 28.312870
0.006827 32.335310 -0.155133 32.445038
0.012119 36.507890 -0.178497 36.613007
0.019429 40.704370 -0.206719 40.800877
0.026224 44.928210 -0.223215 45.015160
0.033592 49.179630 -0.229579 49.253017
0.025370 53.457160 -0.273091 53.489265
0.013229 57.745500 -0.309564 57.784306
0.002764 62.027950 -0.353243 62.051033
-0.005954 66.289400 -0.371883 66.254631
-0.027023 70.530000 -0.430412 70.444328
-0.046776 74.742450 -0.474146 74.581078
-0.052873 78.934960 -0.491873 78.755783
-0.048388 83.097210 -0.505018 82.889801
-0.075180 87.250150 -0.520525 86.984558
-0.111047 91.375240 -0.550348 91.098892
-0.169705 95.460760 -0.591482 95.178955
-0.234406 99.515130 -0.647865 99.210510
-0.286760 103.545900 -0.673466 103.264847
-0.334309 107.565300 -0.710911 107.246681
-0.394315 111.576600 -0.742728 111.266510
-0.429590 115.560100 -0.769611 115.229050
-0.430614 119.561300 -0.771064 119.243073
-0.456074 123.624200 -0.762601 123.256310
-0.470849 127.692500 -0.745567 127.292526
-0.470125 131.755700 -0.710438 131.363312
-0.466120 135.814600 -0.686782 135.393951
-0.464181 139.862600 -0.638322 139.447479
-0.474702 143.909900 -0.620480 143.459595
-0.484415 147.953800 -0.604441 147.507050
-0.497985 151.991700 -0.575343 151.559601
-0.518837 156.032900 -0.585184 155.570938
-0.490889 160.078600 -0.565781 159.613983
-0.476780 164.129500 -0.572204 163.656189
-0.449484 168.200000 -0.559520 167.718033
-0.411154 172.284100 -0.566818 171.780273
-0.358878 176.408600 -0.578623 175.868896
-0.313655 180.542000 -0.570841 180.040131
-0.318656 184.703900 -0.582236 184.256363
-0.308933 188.900300 -0.611120 188.433502
-0.300756 193.121300 -0.607558 192.746918
-0.295505 197.380900 -0.595591 197.061447
-0.332199 201.657300 -0.630672 201.351944
-0.348136 205.970400 -0.640262 205.637817
-0.342964 210.323200 -0.618247 210.044922
-0.357581 214.714200 -0.622008 214.438049
-0.360488 219.141900 -0.627015 218.862640
-0.375507 223.589400 -0.637545 223.302597
-0.378527 228.060200 -0.654716 227.778046
-0.374570 232.542100 -0.661530 232.295807
-0.378408 237.044600 -0.673186 236.827225
-0.382092 241.571200 -0.683410 241.360687
-0.377078 246.123100 -0.662525 245.906509
-0.365894 250.696400 -0.645848 250.522202
-0.356528 255.288500 -0.647153 255.153152
-0.340799 259.900300 -0.634253 259.747162
-0.325374 264.511300 -0.620522 264.380798
-0.317394 269.137700 -0.581982 269.082489
-0.314040 273.764900 -0.566826 273.698395
-0.306203 278.395200 -0.527048 278.337524
-0.276490 283.049800 -0.457025 283.044891
-0.230158 287.699900 -0.392643 287.799042
-0.192693 292.369200 -0.341038 292.484558
-0.168171 297.072300 -0.290612 297.210541
-0.143657 301.821100 -0.271096 301.945557
-0.111308 306.608600 -0.239428 306.702026
-0.093249 311.433100 -0.208257 311.505127
-0.107981 316.295300 -0.186048 316.388336
-0.103970 321.182300 -0.176327 321.245026
-0.096484 326.068200 -0.169659 326.100372
-0.074427 330.950800 -0.151112 330.959564
-0.054350 335.802400 -0.121025 335.840393
-0.042570 340.628700 -0.108507 340.656158
-0.035147 345.452500 -0.107849 345.468597
-0.041563 350.253200 -0.128828 350.243103
-0.075066 355.037900 -0.157952 355.015381
-0.109101 359.812500 -0.192062 359.802551
-0.141995 364.586700 -0.220996 364.619476
-0.185891 369.386600 -0.270504 369.416016
-0.237813 374.225300 -0.296682 374.235840
-0.270401 378.992900 -0.328182 379.048096
-0.296087 383.840800 -0.389899 383.917175
-0.316454 388.685700 -0.409153 388.760742
-0.323790 393.557900 -0.424921 393.651611
