0.000000 0.000000 0.009599 -1.814820
-0.007832 1.689225 -0.001097 -0.129981
-0.029694 3.390281 -0.027135 1.537693
-0.070081 5.150463 -0.060124 3.292528
-0.123858 6.989627 -0.112491 5.144594
-0.184475 8.978383 -0.159588 7.108601
-0.253794 11.064230 -0.223340 9.175478
-0.296212 13.335200 -0.291836 11.428064
-0.345120 15.748820 -0.360991 13.842300
-0.368644 18.288060 -0.427123 16.406397
-0.406558 20.990620 -0.492989 19.125153
-0.450732 23.849210 -0.583056 21.963446
-0.505576 26.794890 -0.673087 24.892025
-0.567916 29.817300 -0.753133 27.934422
-0.634186 32.902500 -0.860306 31.015661
-0.704629 36.067260 -0.966207 34.178139
-0.763742 39.276990 -1.058672 37.443504
-0.840559 42.506460 -1.168205 40.705135
-0.944805 45.707290 -1.289838 43.975422
-1.050114 48.934630 -1.413469 47.245613
-1.142897 52.159540 -1.517716 50.531067
-1.248790 55.372460 -1.630296 53.811375
-1.352181 58.600620 -1.727374 57.091255
-1.444555 61.847430 -1.817212 60.381901
-1.528092 65.085270 -1.932477 63.650261
-1.623511 68.349680 -2.052460 66.973236
-1.697570 71.605970 -2.145907 70.274529
-1.784427 74.842930 -2.243025 73.566994
-1.892754 78.044640 -2.347211 76.822655
-2.009246 81.241000 -2.473306 80.066391
-2.118145 84.381460 -2.596973 83.277542
-2.224921 87.410700 -2.699054 86.342400
-2.344772 90.265560 -2.830515 89.217789
-2.486719 92.915770 -2.961282 91.920425
-2.649588 95.352060 -3.130543 94.374863
-2.827593 97.533080 -3.284539 96.561783
-2.992555 99.437370 -3.452706 98.517540
-3.132396 101.119600 -3.601716 100.193649
-3.196722 102.604300 -3.651369 101.693367
-3.182672 103.907400 -3.634207 103.013321
-3.061832 105.116200 -3.483180 104.241692
-2.813888 106.240500 -3.228088 105.393806
-2.431748 107.285400 -2.862609 106.417145
-1.921488 108.234600 -2.371929 107.364494
-1.282825 109.049600 -1.751419 108.170639
-0.530716 109.791000 -0.991837 108.939064
0.374458 110.404000 -0.053859 109.562836
1.408134 110.856700 1.011422 110.014244
2.533142 111.185100 2.157494 110.372932
3.783818 111.364400 3.430495 110.528664
5.173439 111.489500 4.858268 110.644066
6.728517 111.518300 6.395625 110.673660
8.447661 111.482200 8.159875 110.650589
10.365340 111.411600 10.071269 110.582932
12.440570 111.376600 12.144653 110.562752
14.658270 111.336300 14.366524 110.530632
16.980990 111.294300 16.694242 110.497086
19.371510 111.225100 19.099894 110.439606
21.827520 111.168600 21.584026 110.381477
24.338230 111.128000 24.107950 110.330826
26.865460 111.086600 26.648659 110.272949
29.340250 111.018500 29.146744 110.205681
31.824380 110.949500 31.641623 110.136078
34.255590 110.895700 34.074028 110.084129
36.655720 110.832300 36.516087 110.027184
39.023530 110.760300 38.863388 109.944580
41.348270 110.661800 41.196075 109.853714
43.625630 110.563400 43.479702 109.758499
45.778700 110.472200 45.634438 109.659485
47.871130 110.381700 47.728184 109.571037
49.939530 110.289100 49.782581 109.475113
51.971720 110.194600 51.835045 109.382088
53.966400 110.084400 53.838345 109.272522
55.968740 109.922700 55.869762 109.110916
58.012520 109.724900 57.939037 108.926369
60.142410 109.502900 60.069736 108.711182
62.329410 109.265100 62.256237 108.481499
64.563430 109.013700 64.478737 108.233971
66.805840 108.790700 66.733292 107.983452
69.024790 108.566800 68.946457 107.735100
71.274060 108.316000 71.181328 107.469673
73.551630 108.056300 73.464943 107.196831
75.878910 107.783000 75.813873 106.916817
78.249380 107.482800 78.179794 106.601891
80.656160 107.159100 80.603271 106.263939
83.128450 106.823200 83.088753 105.916260
85.650170 106.498800 85.618073 105.583237
88.195570 106.179900 88.186295 105.252533
90.756270 105.878900 90.743683 104.944244
93.347120 105.574100 93.340828 104.642593
95.936460 105.267700 95.926712 104.327042
98.498850 104.969700 98.512329 104.040443
101.043100 104.696300 101.086578 103.762138
103.535900 104.414000 103.588081 103.467247
105.990700 104.117400 106.063843 103.164047
108.401400 103.830100 108.488335 102.876778
110.756600 103.530500 110.868065 102.575249
113.078300 103.210700 113.203712 102.246536
115.356600 102.887000 115.501953 101.904655
117.639100 102.533100 117.787079 101.548798
119.873200 102.178000 120.038818 101.194839
122.079200 101.811900 122.245514 100.806870
124.272600 101.407700 124.464058 100.408035
126.424700 100.975200 126.586922 99.974983
128.537100 100.456100 128.709671 99.452904
130.617700 99.856810 130.782928 98.844666
132.667800 99.216070 132.850159 98.187401
134.687400 98.553530 134.869644 97.517036
136.660100 97.926510 136.864624 96.899788
138.607400 97.314350 138.792725 96.296715
140.503400 96.738880 140.688065 95.728409
142.369000 96.204360 142.557709 95.203316
144.202100 95.695640 144.399857 94.706383
145.980300 95.244100 146.156235 94.268974
147.725300 94.841610 147.902176 93.880287
149.451200 94.497860 149.634354 93.552254
151.160400 94.251030 151.340454 93.319733
152.853900 94.142140 153.031387 93.237762
154.532700 94.132680 154.695267 93.245850
156.196500 94.120650 156.350204 93.211678
157.821400 94.007330 157.979248 93.087914
159.401200 93.838200 159.558350 92.912544
160.938600 93.578160 161.094711 92.648415
162.417600 93.276270 162.596161 92.332474
163.854200 92.938740 164.043289 91.985649
165.277700 92.622550 165.462448 91.641495
166.674900 92.299640 166.889206 91.304184
168.125300 91.946090 168.340149 90.929871
169.638900 91.526300 169.868164 90.497505
171.214100 91.062420 171.446930 90.022240
172.836600 90.569120 173.079468 89.505798
174.480800 90.035230 174.747253 88.969620
176.115700 89.513510 176.400589 88.443939
177.736600 89.009020 178.050995 87.934113
179.315600 88.539550 179.658340 87.424629
180.808000 88.123170 181.178604 86.999130
182.185700 87.753480 182.569061 86.600548
183.432400 87.482040 183.803635 86.337006
184.623100 87.293670 184.995239 86.133476
185.803900 87.231550 186.182602 86.045219
186.952000 87.297830 187.263519 86.140594
188.068600 87.451920 188.396362 86.291229
189.154900 87.728640 189.478073 86.549477
190.233600 88.157250 190.586609 86.976700
191.320100 88.781620 191.618729 87.578232
192.410500 89.600550 192.702835 88.382713
193.454200 90.684490 193.764297 89.470680
194.437900 91.988930 194.749939 90.734474
195.378100 93.548950 195.695892 92.274254
196.271500 95.327110 196.578278 94.032837
197.137400 97.277400 197.478119 95.991653
197.949900 99.411050 198.306595 98.122032
198.716100 101.702700 199.087021 100.428452
199.516800 104.092500 199.910889 102.827957
200.371000 106.590800 200.761597 105.325142
201.252400 109.169500 201.652145 107.915260
202.151000 111.754400 202.556839 110.516594
203.059200 114.350500 203.472733 113.115913
203.983900 117.000400 204.390106 115.750221
204.857600 119.562000 205.292358 118.370674
205.735000 122.179100 206.174759 121.000977
206.598600 124.790300 207.048935 123.618050
207.440900 127.377400 207.910172 126.213478
208.242800 129.908400 208.725128 128.763214
208.997300 132.350000 209.494064 131.224884
209.687300 134.653600 210.193283 133.537842
210.315800 136.812600 210.847076 135.721268
210.853400 138.781000 211.387299 137.687927
211.314900 140.528100 211.867111 139.463760
211.724000 142.072000 212.274536 141.000565
212.087800 143.489600 212.638687 142.411865
212.418900 144.848700 212.980072 143.779922
212.644500 146.170800 213.208237 145.106934
212.735200 147.467000 213.298462 146.395294
212.655400 148.727700 213.219025 147.582489
212.394800 149.931200 212.976822 148.732346
211.967700 151.060900 212.571960 149.818466
211.327800 152.041400 211.974640 150.828873
210.570500 152.900300 211.250015 151.697876
209.690200 153.609600 210.345764 152.342194
208.709700 154.127900 209.395828 152.842316
207.628600 154.446600 208.351944 153.192123
206.514300 154.663600 207.264740 153.411041
205.342600 154.839800 206.144547 153.583862
204.054700 154.916400 204.871582 153.681885
202.653200 155.003000 203.506256 153.804077
201.071000 155.004800 201.905685 153.832565
199.317900 154.934200 200.127182 153.774017
197.401000 154.857200 198.171387 153.705704
195.316900 154.772000 196.065567 153.632874
193.070500 154.750200 193.782623 153.623169
190.668800 154.808600 191.347931 153.697205
188.123400 154.966400 188.767319 153.856567
185.505500 155.209900 186.122650 154.107681
182.877200 155.502600 183.488571 154.387863
180.229400 155.806300 180.817474 154.711670
177.558300 156.111000 178.127167 155.033981
174.880600 156.428400 175.415894 155.380066
172.210900 156.745600 172.734390 155.705322
169.531800 157.057600 170.047424 156.021851
166.857300 157.367500 167.373825 156.340942
164.166400 157.687700 164.692169 156.655991
161.543900 158.015100 162.034088 156.990921
158.917500 158.348300 159.389221 157.325211
156.307000 158.685700 156.767029 157.673401
153.701700 159.029500 154.132278 158.017654
151.074500 159.379400 151.488953 158.367813
148.417600 159.744000 148.803268 158.735718
145.726100 160.131500 146.099197 159.124512
143.006700 160.516800 143.363770 159.505646
140.244900 160.894500 140.588242 159.894714
137.441200 161.249200 137.791428 160.234070
134.595200 161.560200 134.919830 160.544128
131.711200 161.840600 132.067566 160.819855
128.789000 162.129400 129.125000 161.117371
125.847000 162.402500 126.158615 161.404221
122.922800 162.662800 123.210960 161.679214
120.011500 162.917000 120.271767 161.941101
117.096200 163.164900 117.329033 162.209564
114.183400 163.417600 114.407707 162.475662
111.271300 163.676400 111.476738 162.743164
108.360000 163.930000 108.551773 163.011765
105.444700 164.185400 105.604736 163.273849
102.540700 164.434900 102.703499 163.536255
99.644400 164.672400 99.803421 163.791794
96.744730 164.928100 96.870331 164.059235
93.849290 165.223100 93.974495 164.358871
90.952140 165.530200 91.051056 164.679169
88.065380 165.851200 88.162659 165.000488
85.150470 166.191600 85.230835 165.352127
82.242610 166.531500 82.293823 165.685455
79.311830 166.862600 79.326752 166.030685
76.393260 167.201900 76.388184 166.356323
73.438700 167.538900 73.413620 166.699677
70.485150 167.863400 70.436340 167.031982
67.519840 168.167700 67.440117 167.340469
64.540850 168.441900 64.449158 167.612137
61.540400 168.697200 61.425121 167.878433
58.537190 168.941400 58.383373 168.136932
55.533930 169.185000 55.359470 168.387222
52.543330 169.420200 52.360985 168.629181
49.571870 169.640200 49.394501 168.848862
46.635500 169.839600 46.444012 169.041885
43.710130 170.017100 43.517349 169.234039
40.823360 170.176600 40.600292 169.398270
37.953040 170.328300 37.725128 169.556702
35.132860 170.473500 34.903976 169.711380
32.385260 170.602800 32.136669 169.854996
29.704360 170.713400 29.441940 169.961029
27.093420 170.807100 26.836433 170.076202
24.583170 170.877300 24.314816 170.167755
22.209330 170.937800 21.942211 170.252090
19.944280 171.027800 19.664391 170.354996
17.748010 171.142200 17.439228 170.479050
15.606760 171.273100 15.277670 170.617203
13.545460 171.403600 13.206928 170.748260
11.568070 171.540200 11.199470 170.886581
9.709170 171.687300 9.327470 171.035675
7.998637 171.853700 7.608785 171.195190
6.432635 172.024100 6.039123 171.356720
4.995356 172.227700 4.582490 171.542679
3.674361 172.460800 3.238638 171.782150
2.475555 172.738700 2.027296 172.054718
1.394096 173.060700 0.937343 172.376465
0.435287 173.448800 -0.025830 172.755920
-0.481995 173.905100 -0.949456 173.195435
-1.324858 174.456900 -1.768651 173.704956
-2.065394 175.091700 -2.547539 174.308365
-2.762100 175.808500 -3.239205 175.015594
-3.408457 176.720100 -3.901596 175.909134
-3.994755 177.763900 -4.476841 176.951752
-4.506015 178.951500 -4.977575 178.133667
-4.930925 180.367000 -5.404523 179.539368
-5.212692 181.952900 -5.680226 181.140381
-5.351521 183.714600 -5.813007 182.932617
-5.392321 185.625500 -5.837419 184.868683
-5.387940 187.682900 -5.819526 186.938889
-5.372151 189.871900 -5.791672 189.169266
-5.386586 192.193400 -5.805405 191.493088
-5.406023 194.585200 -5.813840 193.918213
-5.440439 197.017600 -5.843451 196.393845
-5.475977 199.456500 -5.903552 198.843536
-5.514842 201.934200 -5.950701 201.324966
-5.560062 204.406700 -6.002529 203.832001
-5.616804 206.863600 -6.078187 206.304504
-5.692115 209.294100 -6.158359 208.740555
-5.775682 211.678200 -6.251242 211.131088
-5.860771 213.990100 -6.346278 213.442810
-5.940900 216.159300 -6.426261 215.616013
-6.023283 218.169400 -6.513755 217.631119
-6.114588 220.000600 -6.607973 219.466141
-6.209081 221.641100 -6.710846 221.119873
-6.290085 223.094700 -6.791385 222.588196
-6.323739 224.427000 -6.833196 223.933014
-6.274326 225.732300 -6.782979 225.276047
-6.132258 226.985000 -6.630810 226.518967
-5.842543 228.167200 -6.316617 227.729279
-5.392446 229.278300 -5.896507 228.771606
-4.842747 230.275700 -5.355736 229.801132
-4.162700 231.192700 -4.698064 230.740494
-3.339169 232.032200 -3.853177 231.554947
-2.397566 232.795000 -2.884457 232.343430
-1.278517 233.345000 -1.768109 232.896332
0.002398 233.849400 -0.455854 233.417908
1.451824 234.167300 0.995004 233.703552
3.063341 234.394700 2.702104 233.985840
4.818404 234.521700 4.501252 234.140320
6.718857 234.529500 6.417934 234.131607
8.771869 234.476900 8.458939 234.071350
10.950050 234.353500 10.685855 233.972534
13.283690 234.242600 12.990645 233.854355
15.698180 234.114100 15.395446 233.733002
18.109840 234.011200 17.802727 233.629059
20.538930 233.937000 20.225912 233.559357
23.000350 233.896100 22.676125 233.507584
25.454510 233.895700 25.136436 233.477921
27.927720 233.889300 27.618052 233.445282
30.407900 233.872000 30.119240 233.415878
32.882140 233.853600 32.599586 233.371338
35.338500 233.829000 35.079418 233.333282
37.779520 233.790500 37.545521 233.274414
40.179400 233.727500 39.969093 233.202744
42.552300 233.662400 42.341827 233.125595
44.907840 233.595600 44.697140 233.057327
47.226940 233.520600 47.035721 232.971451
49.522840 233.434600 49.347168 232.890793
51.803140 233.370200 51.628250 232.803055
54.049950 233.306500 53.878819 232.721786
56.280590 233.226500 56.119251 232.645309
58.445580 233.147900 58.299053 232.552277
60.619970 233.086700 60.469402 232.482971
62.750480 233.037500 62.616123 232.430969
64.846290 232.998000 64.736443 232.392807
66.907940 232.934300 66.784691 232.312881
68.927460 232.866900 68.800880 232.234879
70.887740 232.814900 70.756943 232.172455
72.825750 232.758300 72.678757 232.103439
74.737930 232.699000 74.588821 232.050507
76.618370 232.622200 76.492996 231.980103
78.487810 232.513200 78.377930 231.881363
80.415420 232.376500 80.331635 231.752975
82.423060 232.187700 82.348175 231.561920
84.524370 231.969700 84.459145 231.347214
86.709120 231.699600 86.674309 231.071945
89.024130 231.380400 89.019417 230.758514
91.467840 231.021200 91.463600 230.397949
94.024580 230.649200 94.045464 230.033554
96.704300 230.258000 96.720665 229.623123
99.500260 229.890100 99.513771 229.264221
102.390800 229.569300 102.398750 228.948868
105.358500 229.285100 105.368073 228.659103
108.344900 229.013100 108.371330 228.389755
111.363200 228.734900 111.378990 228.108307
114.373200 228.477600 114.366798 227.860916
117.360000 228.229400 117.351746 227.609680
120.339400 228.001300 120.359283 227.393036
123.309400 227.796900 123.331200 227.198044
126.241200 227.623100 126.275032 227.029739
129.151600 227.477500 129.210693 226.863647
132.012600 227.318900 132.055893 226.698486
134.854400 227.154700 134.913757 226.530090
137.658300 226.984100 137.739471 226.363281
140.441600 226.780700 140.534164 226.153824
143.209300 226.535400 143.313690 225.905365
145.977400 226.238300 146.101929 225.604492
148.746000 225.862600 148.883514 225.221405
151.518600 225.402500 151.678589 224.765930
154.265800 224.858900 154.459824 224.213623
157.017900 224.208100 157.203568 223.564362
159.770300 223.494500 159.982117 222.856857
162.519400 222.782200 162.749588 222.132812
165.292700 222.111000 165.540756 221.464951
168.051700 221.507000 168.293457 220.861420
170.813300 220.973200 171.063538 220.326569
173.565300 220.491000 173.806107 219.845474
176.245800 220.043100 176.502075 219.412537
178.818800 219.633700 179.079376 218.985718
181.257200 219.251600 181.509979 218.589478
183.679400 218.884000 183.969376 218.190353
186.086900 218.497600 186.423950 217.779984
188.454700 218.100200 188.802200 217.362198
190.804000 217.716300 191.150314 216.981094
193.140800 217.373500 193.483139 216.637405
195.432100 217.054600 195.767593 216.314896
197.727600 216.759200 198.066422 216.015610
199.972100 216.485600 200.305786 215.736755
202.098700 216.237900 202.437408 215.481003
204.042400 215.996300 204.408554 215.236557
205.749800 215.775100 206.145630 215.019791
207.241200 215.583400 207.646057 214.836929
208.613300 215.379500 209.014206 214.661560
209.946100 215.165400 210.332642 214.463623
211.132200 214.943200 211.535355 214.263016
212.136600 214.744800 212.542923 214.081024
213.062500 214.534600 213.480972 213.895126
213.959300 214.314400 214.384491 213.699707
214.824000 214.088800 215.259796 213.503006
215.687900 213.834700 216.143036 213.255020
216.575000 213.526600 217.057037 212.955124
217.490900 213.157600 218.020203 212.599533
218.457300 212.700900 218.991409 212.137680
219.480700 212.125200 220.045547 211.557434
220.511700 211.370900 221.120010 210.796860
221.550800 210.459100 222.206192 209.858673
222.555600 209.363300 223.185638 208.744492
223.474400 208.082600 224.123093 207.436691
224.312800 206.641100 224.977524 205.962341
225.044800 205.038200 225.736465 204.296600
225.610700 203.260200 226.302917 202.454208
225.969900 201.350200 226.712418 200.502930
226.110100 199.367200 226.851334 198.469894
226.043000 197.305000 226.776672 196.382050
225.807700 195.159800 226.533218 194.203644
225.430000 192.956900 226.167572 192.000198
224.916600 190.707600 225.653854 189.728760
224.270500 188.432400 224.996109 187.422699
223.514900 186.121900 224.246017 185.113480
222.660400 183.771100 223.383026 182.719910
221.783100 181.391000 222.523315 180.324692
220.891900 178.998600 221.624481 177.913681
220.021400 176.587400 220.769333 175.503555
219.223500 174.200300 219.985504 173.111465
218.482200 171.834800 219.255005 170.737854
217.818500 169.568700 218.592133 168.467026
217.216600 167.458800 217.994354 166.343796
216.650700 165.491600 217.432281 164.385925
216.110800 163.682800 216.903259 162.561295
215.577800 162.017400 216.374420 160.873749
214.999400 160.430000 215.792450 159.268219
214.344800 158.975700 215.121582 157.781357
213.573800 157.662600 214.348114 156.455627
212.660500 156.532700 213.443863 155.330154
211.582500 155.560200 212.382965 154.339401
210.426600 154.805400 211.230988 153.592712
209.163000 154.246200 209.947617 153.010727
207.764200 153.857100 208.553528 152.635803
206.280800 153.652300 207.074799 152.429977
204.678000 153.573200 205.455032 152.356476
202.976300 153.576200 203.773254 152.341888
201.140400 153.649700 201.933807 152.428604
199.175800 153.795100 199.931778 152.573242
197.094000 154.001100 197.843063 152.790726
194.884400 154.205500 195.618835 153.007843
192.560300 154.427500 193.276199 153.227341
190.124200 154.677200 190.801910 153.476746
187.577500 154.946500 188.233368 153.756683
184.929000 155.250800 185.566742 154.071152
182.198300 155.594600 182.840073 154.407578
179.402300 155.944800 180.010071 154.774887
176.570000 156.287200 177.137497 155.138794
173.734500 156.623600 174.281128 155.485275
170.901000 156.954000 171.418991 155.841919
168.081500 157.295300 168.598221 156.202393
165.284900 157.640900 165.783707 156.555725
162.507400 157.987500 162.992020 156.914780
159.747400 158.333400 160.217346 157.264816
156.984600 158.680600 157.442612 157.617798
154.216200 159.032100 154.658081 157.975082
151.439500 159.399800 151.852600 158.360321
148.640500 159.792600 149.024689 158.761505
145.813800 160.206400 146.189224 159.178162
142.963600 160.610300 143.328003 159.585770
140.057000 160.997100 140.426331 159.977371
137.092200 161.347900 137.479050 160.322189
134.059200 161.649400 134.465973 160.615021
130.993600 161.935400 131.374512 160.901627
127.858900 162.233700 128.224426 161.203125
124.683800 162.520100 125.003960 161.499084
121.492100 162.798700 121.795036 161.781677
118.297400 163.082000 118.566559 162.078552
115.103400 163.377800 115.356850 162.369812
111.913100 163.672600 112.128593 162.668442
108.723500 163.966800 108.907539 162.969681
105.531500 164.253700 105.697624 163.257736
102.343500 164.537500 102.505028 163.542206
99.161640 164.825900 99.313446 163.841949
95.959550 165.164700 96.091125 164.184952
92.746890 165.547500 92.861008 164.572495
89.526460 165.956000 89.637955 164.979309
86.297890 166.381500 86.398140 165.415604
83.033610 166.817100 83.098183 165.859604
79.736970 167.238800 79.774963 166.290756
76.427180 167.629500 76.452316 166.689880
73.050320 167.986400 73.054504 167.056778
69.640860 168.315400 69.624725 167.398544
66.194370 168.637100 66.143417 167.733322
62.710330 168.931500 62.624733 168.040604
59.214430 169.199600 59.102238 168.310944
55.734640 169.446800 55.596943 168.567078
52.271980 169.681900 52.132294 168.807037
48.833520 169.903400 48.681774 169.034103
45.431860 170.116400 45.255325 169.243759
42.051610 170.315300 41.852985 169.450409
38.742450 170.482700 38.530376 169.606842
35.535340 170.629700 35.313351 169.761169
32.460880 170.758300 32.222149 169.903427
29.526980 170.862700 29.287451 170.013458
26.736320 170.955000 26.478067 170.108749
24.096640 171.032400 23.827589 170.192703
21.599520 171.132300 21.316715 170.283707
19.316590 171.344600 18.911520 170.434525
17.201760 171.658400 16.601425 170.678558
15.089840 171.971500 14.405523 170.983734
12.980420 172.284000 12.294986 171.346848
10.872410 172.596000 10.301272 171.721710
8.838192 172.907600 8.430410 172.049637
7.132350 173.177000 6.710490 172.308609
5.611287 173.387400 5.181045 172.525314
4.309371 173.544500 3.888866 172.683487
3.237420 173.651900 2.807518 172.799225
2.375838 173.729600 1.941732 172.873398
1.679549 173.799100 1.225317 172.950653
1.056923 173.859600 0.601838 173.010117
0.465217 173.909300 -0.003225 173.054749
-0.128030 173.962400 -0.602190 173.102234
-0.720230 174.003300 -1.188175 173.143463
-1.330594 174.023800 -1.809459 173.166000
-2.080426 174.055200 -2.550171 173.189636
-2.997577 174.094600 -3.462450 173.219833
-4.098643 174.120700 -4.570279 173.251099
-5.416520 174.168000 -5.898040 173.295624
-6.936037 174.228300 -7.430593 173.366760
-8.609358 174.340400 -9.114221 173.486252
-10.463980 174.413000 -10.963804 173.575531
-12.494230 174.495000 -12.990071 173.656509
-14.662590 174.544200 -15.149315 173.708725
-17.028510 174.612700 -17.516439 173.773560
-19.515490 174.656900 -20.018263 173.823532
-22.153150 174.694500 -22.665079 173.880188
-24.891700 174.736800 -25.424540 173.933517
-27.728470 174.787700 -28.269915 173.998657
-30.668830 174.869400 -31.223116 174.079132
-33.671140 174.970100 -34.247398 174.184860
-36.734690 175.074800 -37.330456 174.290268
-39.843610 175.165700 -40.466267 174.381821
-43.001160 175.252500 -43.615715 174.468719
-46.184910 175.351700 -46.797741 174.557114
-49.374400 175.443100 -49.985043 174.644089
-52.557440 175.526000 -53.177849 174.714584
-55.757590 175.616000 -56.394524 174.804062
-58.925860 175.702900 -59.575653 174.886932
-62.130070 175.804700 -62.786907 174.983749
-65.328080 175.907300 -65.981361 175.077957
-68.537660 176.003100 -69.205093 175.166702
-71.749230 176.080900 -72.410767 175.231766
-74.976500 176.145900 -75.639442 175.299072
-78.208790 176.218000 -78.880486 175.356033
-81.447070 176.257900 -82.122871 175.390411
-84.692180 176.290600 -85.350616 175.425125
-87.936790 176.288700 -88.593018 175.417389
-91.211290 176.258400 -91.863129 175.388489
-94.484440 176.204800 -95.143242 175.337250
-97.757000 176.121600 -98.430298 175.283157
-101.045200 176.004400 -101.730804 175.165497
-104.339000 175.862100 -105.045906 175.041611
-107.640300 175.694600 -108.350098 174.896027
-110.948600 175.520500 -111.633270 174.736084
-114.267700 175.326000 -114.992828 174.560242
-117.598500 175.123100 -118.311768 174.360001
-120.942600 174.923200 -121.660927 174.168167
-124.293900 174.718800 -125.031967 173.966919
-127.663000 174.505900 -128.384628 173.750854
-131.048900 174.295300 -131.785797 173.537369
-134.443100 174.072500 -135.195999 173.327698
-137.847200 173.848200 -138.585266 173.095428
-141.262000 173.635000 -142.010300 172.877747
-144.675300 173.415500 -145.445999 172.668289
-148.093400 173.189000 -148.843369 172.439758
-151.506600 172.967300 -152.269791 172.224518
-154.901800 172.728300 -155.657394 171.992584
-158.292900 172.494700 -159.047180 171.769852
-161.632200 172.250400 -162.369949 171.540039
-164.974900 172.022600 -165.722870 171.328445
-168.236000 171.803200 -168.994537 171.122116
-171.502400 171.597000 -172.281509 170.934952
-174.668300 171.359900 -175.446594 170.686798
-177.746400 171.132500 -178.559464 170.476303
-180.803200 170.903300 -181.618500 170.251266
-183.778700 170.687800 -184.611923 170.053085
-186.701500 170.475800 -187.531342 169.844986
-189.566000 170.268000 -190.409744 169.640411
-192.391300 170.070600 -193.221451 169.452774
-195.149900 169.858100 -195.990372 169.246063
-197.876000 169.626400 -198.727539 169.017120
-200.552400 169.372500 -201.417694 168.763245
-203.199000 169.063700 -204.073563 168.456772
-205.787000 168.703000 -206.699692 168.093185
-208.326100 168.290400 -209.265778 167.676514
-210.824000 167.881700 -211.820206 167.279465
-213.258300 167.488200 -214.262894 166.908005
-215.584000 167.155500 -216.645493 166.584900
-217.825600 166.951000 -218.915909 166.388168
-219.976700 166.840100 -221.083771 166.283386
-222.030600 166.826400 -223.172424 166.261703
-223.989000 166.912900 -225.164078 166.357559
-225.824600 167.087900 -227.027542 166.528656
-227.550100 167.325800 -228.781128 166.763382
-229.178200 167.608800 -230.406296 167.037842
-230.692700 167.920100 -231.915314 167.329880
-232.121600 168.192100 -233.341904 167.600067
-233.453600 168.409000 -234.681625 167.825714
-234.669500 168.528300 -235.873474 167.928436
-235.786800 168.548000 -236.985168 167.963928
-236.809500 168.431800 -237.994339 167.838638
-237.749100 168.202200 -238.954834 167.619217
-238.622500 167.871000 -239.611389 167.241302
-239.423500 167.439100 -240.392090 166.826141
-240.167900 166.948100 -241.113373 166.378708
-240.836500 166.406300 -241.826508 165.865631
-241.484000 165.802100 -242.497360 165.288818
-242.133500 165.204600 -243.081573 164.717606
-242.760700 164.564800 -243.731354 164.083069
-243.373200 163.846400 -244.371933 163.384674
-243.956600 163.041100 -244.998718 162.569855
-244.490700 162.132200 -245.496216 161.712112
-244.987900 161.116800 -246.020569 160.692169
-245.418700 159.925400 -246.464249 159.505173
-245.815100 158.551700 -246.876999 158.142029
-246.200000 156.991700 -247.274414 156.580215
-246.613900 155.230000 -247.696762 154.819778
-246.967700 153.214300 -248.064667 152.795258
-247.267000 150.943600 -248.367371 150.534302
-247.521500 148.451900 -248.642654 148.004578
-247.763400 145.749400 -248.916336 145.291168
-248.018000 142.841100 -249.179626 142.380493
-248.277200 139.720500 -249.454102 139.268082
-248.523100 136.389500 -249.714890 135.942352
-248.773200 132.870500 -249.981171 132.415894
-249.015800 129.335700 -250.244186 128.870056
-249.218400 125.814900 -250.471191 125.333679
-249.397800 122.286300 -250.669449 121.811806
-249.565200 118.755000 -250.849228 118.270081
-249.697400 115.238200 -250.999344 114.743111
-249.820200 111.741900 -251.145874 111.242523
-249.943300 108.268400 -251.285812 107.762451
-250.044800 104.815000 -251.409164 104.321754
-250.125300 101.386800 -251.511353 100.895470
-250.189300 97.986010 -251.580826 97.524109
-250.244000 94.598780 -251.642090 94.130325
-250.305600 91.259170 -251.722946 90.777603
-250.400100 87.936680 -251.839539 87.431465
-250.549700 84.645240 -252.002472 84.117767
-250.690200 81.356670 -252.151917 80.812874
-250.847000 78.103800 -252.328903 77.545273
-251.020300 74.824490 -252.524216 74.256523
-251.181200 71.549630 -252.697678 70.954292
-251.353200 68.299410 -252.890579 67.685883
-251.504400 65.068130 -253.044846 64.474525
-251.635100 61.852520 -253.195969 61.221199
-251.747700 58.661860 -253.327881 58.012440
-251.845300 55.489840 -253.433136 54.837864
-251.935900 52.343660 -253.538864 51.686825
-252.030900 49.220080 -253.653931 48.547081
-252.144000 46.116710 -253.786377 45.443935
-252.285100 43.039160 -253.954376 42.361835
-252.447800 39.988030 -254.126602 39.304298
-252.625400 36.956390 -254.314163 36.299423
-252.810700 33.954820 -254.516800 33.300755
-252.984400 30.978070 -254.703979 30.330524
-253.097600 28.028950 -254.819458 27.382786
-253.116300 25.101150 -254.852982 24.460093
-253.041100 22.203360 -254.791611 21.578468
-252.848100 19.324220 -254.619720 18.705389
-252.488000 16.480910 -254.279755 15.871164
-251.943700 13.650460 -253.764053 13.053696
-251.206200 10.846250 -253.056412 10.221231
-250.269300 8.064427 -252.137589 7.427264
-249.119400 5.314832 -251.026367 4.670777
-247.746000 2.616861 -249.680939 1.981788
-246.166100 -0.017969 -248.125992 -0.646427
-244.406300 -2.619939 -246.400055 -3.245263
-242.507000 -5.201607 -244.510101 -5.860586
-240.543700 -7.805212 -242.550751 -8.488692
-238.527600 -10.441420 -240.551804 -11.147122
-236.482900 -13.102670 -238.520096 -13.842159
-234.463000 -15.778320 -236.490051 -16.543947
-232.508700 -18.481870 -234.527023 -19.283010
-230.631700 -21.211600 -232.630997 -22.073341
-228.850200 -23.973140 -230.837082 -24.879768
-227.120500 -26.731510 -229.091873 -27.679697
-225.420200 -29.466820 -227.389374 -30.445084
-223.756600 -32.175260 -225.730972 -33.189014
-222.113500 -34.852880 -224.097900 -35.878017
-220.503000 -37.487790 -222.483063 -38.566158
-218.945600 -40.020000 -220.917465 -41.125576
-217.473700 -42.350380 -219.467331 -43.449417
-216.081800 -44.449900 -218.080505 -45.572239
-214.778200 -46.310220 -216.779999 -47.437050
-213.569900 -47.963370 -215.588943 -49.076546
-212.469800 -49.406600 -214.486679 -50.548454
-211.402700 -50.703570 -213.430359 -51.862347
-210.350300 -51.866650 -212.375137 -53.036186
-209.329000 -52.882180 -211.376556 -54.051281
-208.342100 -53.712810 -210.404465 -54.895664
-207.433900 -54.314810 -209.507172 -55.496037
-206.639200 -54.750770 -208.713928 -55.950504
-205.846700 -55.112410 -207.939468 -56.330582
-205.046500 -55.376850 -207.150589 -56.595421
-204.238300 -55.572130 -206.336487 -56.797478
-203.340400 -55.720010 -205.475403 -56.961349
-202.343700 -55.812630 -204.475662 -57.064503
-201.230000 -55.831900 -203.386246 -57.089668
-199.966900 -55.727910 -202.110687 -56.990612
-198.511800 -55.515700 -200.690063 -56.806610
-196.896300 -55.177990 -199.063080 -56.497242
-195.101200 -54.675310 -197.262131 -56.007664
-193.144500 -53.980020 -195.296661 -55.335289
-191.089500 -53.059560 -193.246994 -54.431026
-188.959500 -51.870660 -191.090500 -53.255051
-186.748300 -50.457590 -188.849548 -51.853600
-184.446800 -48.882240 -186.513840 -50.288559
-181.997000 -47.211720 -184.054062 -48.651630
-179.497700 -45.532110 -181.476791 -46.952980
-176.845100 -43.764640 -178.780960 -45.187092
-174.079200 -41.951340 -175.983429 -43.381386
-171.182700 -40.094050 -173.063522 -41.537277
-168.181500 -38.252180 -170.017212 -39.708328
-165.080700 -36.437440 -166.860580 -37.907997
-161.936900 -34.664440 -163.650543 -36.116749
-158.730900 -32.961050 -160.405380 -34.430225
-155.498500 -31.326070 -157.126480 -32.809349
-152.284900 -29.754520 -153.882416 -31.245768
-149.069300 -28.182760 -150.639908 -29.688160
-145.857700 -26.612150 -147.383667 -28.144926
-142.641000 -25.057000 -144.156128 -26.620623
-139.402500 -23.486330 -140.848648 -25.069433
-136.173000 -21.934650 -137.605133 -23.527803
-132.945300 -20.377060 -134.345230 -22.000385
-129.754900 -18.849320 -131.112610 -20.475174
-126.594800 -17.311780 -127.935501 -18.951815
-123.481600 -15.777190 -124.789543 -17.416647
-120.382000 -14.275260 -121.652954 -15.910092
-117.290900 -12.878730 -118.540405 -14.512748
-114.140500 -11.587510 -115.333527 -13.249620
-110.985900 -10.399830 -112.143387 -12.066802
-107.823700 -9.243398 -108.954582 -10.923079
-104.639900 -8.124757 -105.723961 -9.791936
-101.445300 -7.020636 -102.501472 -8.690773
-98.266820 -5.927679 -99.298645 -7.612452
-95.057020 -4.924307 -96.033348 -6.614749
-91.816180 -3.988153 -92.771851 -5.701231
-88.560330 -3.139167 -89.481491 -4.872972
-85.275670 -2.357662 -86.166039 -4.120729
-81.984180 -1.642797 -82.795609 -3.375081
-78.695610 -0.956720 -79.484535 -2.733878
-75.422800 -0.300680 -76.190308 -2.093961
-72.166360 0.319994 -72.878555 -1.470490
-68.928530 0.923302 -69.603600 -0.893312
-65.700550 1.500442 -66.359871 -0.329967
-62.489590 2.047975 -63.114494 0.206769
-59.295260 2.577472 -59.896328 0.717862
-56.128970 3.091711 -56.699028 1.224026
-52.988540 3.575444 -53.539894 1.707364
-49.868360 4.040344 -50.400032 2.159666
-46.776300 4.464286 -47.292549 2.581553
-43.712180 4.856902 -44.236076 2.975535
-40.666360 5.223322 -41.172379 3.339756
-37.689290 5.564962 -38.184605 3.681546
-34.786240 5.888495 -35.235584 4.018548
-31.996720 6.190015 -32.418293 4.304786
-29.296910 6.465571 -29.686186 4.578469
-26.720990 6.720779 -27.083401 4.819161
-24.320240 6.954131 -24.640335 5.050126
-22.089310 7.159574 -22.373653 5.249217
-20.016680 7.362635 -20.274664 5.452595
-18.106820 7.551445 -18.354219 5.639630
-16.337750 7.702083 -16.559439 5.795958
-14.726050 7.819683 -14.916249 5.915575
-13.313500 7.930153 -13.483698 6.025368
-12.128270 8.022018 -12.288616 6.113814
-11.139240 8.100664 -11.270563 6.191307
-10.287410 8.195045 -10.417563 6.281304
-9.518219 8.309922 -9.644131 6.411978
-8.789252 8.478175 -8.927190 6.585011
-8.149181 8.669320 -8.278350 6.767103
-7.829442 8.769976 -7.956840 6.859170
-7.799252 8.787461 -7.927033 6.868075
-7.813018 8.786625 -7.942258 6.864991
-7.809395 8.788143 -7.939335 6.874209
-7.809451 8.779000 -7.937561 6.872293
-7.809131 8.771007 -7.942166 6.870413
-7.804822 8.762953 -7.940798 6.870977
-7.800766 8.755551 -7.939403 6.870564
-7.795082 8.750163 -7.942905 6.869025
-7.789514 8.745234 -7.943839 6.875363
-7.784930 8.740517 -7.948462 6.872768
-7.780166 8.734843 -7.950549 6.872334
-7.775784 8.730871 -7.948575 6.872328
-7.771600 8.726560 -7.946022 6.871354
-7.768634 8.723581 -7.944791 6.870298
-7.766879 8.721761 -7.948586 6.871227
-7.765762 8.717584 -7.948303 6.871770
-7.763983 8.714586 -7.947450 6.871863
-7.763294 8.713489 -7.947108 6.869800
-7.762963 8.712553 -7.947733 6.871617
-7.763086 8.713488 -7.947112 6.871616
-7.762455 8.714167 -7.947567 6.871166
-7.753295 8.722145 -7.943907 6.873309
-7.717107 8.742340 -7.898466 6.889938
-7.658875 8.770779 -7.832670 6.906840
-7.513039 8.836058 -7.686421 6.964506
-7.175297 8.982757 -7.347199 7.098022
-6.640897 9.236569 -6.849863 7.319294
-5.930743 9.644152 -6.141559 7.702612
-5.120740 10.257790 -5.353011 8.270997
-4.260731 11.080700 -4.485502 9.067035
-3.414512 12.135620 -3.649030 10.083593
-2.599066 13.467900 -2.837790 11.391213
-1.884998 15.083310 -2.073405 13.035059
-1.260100 16.974890 -1.451821 14.893156
-0.766019 19.117060 -0.928828 17.104233
-0.469374 21.489410 -0.616212 19.531359
-0.353107 24.066230 -0.503326 22.131256
-0.356192 26.850340 -0.544062 25.131115
-0.405744 29.836580 -0.513319 28.133814
-0.459357 33.017600 -0.579729 31.318636
-0.512628 36.392400 -0.634255 34.735035
-0.584304 39.835620 -0.708653 38.228275
-0.669138 43.283040 -0.797430 41.734158
-0.775721 46.706780 -0.905808 45.217201
-0.884520 50.132480 -1.024005 48.691975
-0.993630 53.521590 -1.153187 52.137878
-1.089707 56.883700 -1.270688 55.544209
-1.185006 60.248880 -1.382064 58.953842
-1.270319 63.565850 -1.498185 62.309437
-1.374798 66.868940 -1.629988 65.657059
-1.472152 70.155470 -1.744797 68.979065
-1.562229 73.416080 -1.858167 72.272346
-1.660434 76.636610 -1.965286 75.526085
-1.775229 79.852040 -2.091284 78.770149
-1.895797 83.032260 -2.217647 81.990921
-2.017852 86.185380 -2.339277 85.174896
-2.146481 89.329260 -2.474718 88.343506
-2.263400 92.442530 -2.600824 91.496109
-2.372203 95.538220 -2.718200 94.622238
-2.465941 98.605540 -2.807464 97.725853
-2.540211 101.651500 -2.904713 100.790329
-2.582148 104.696700 -2.934818 103.859909
-2.595436 107.674300 -2.958342 106.855347
-2.621977 110.691900 -3.002843 109.871246
-2.648827 113.786700 -3.038405 112.980843
-2.681214 116.967200 -3.072590 116.147926
-2.721440 120.204500 -3.119430 119.367844
-2.774777 123.506700 -3.181548 122.681007
-2.842109 126.902400 -3.250115 126.087013
-2.924595 130.351000 -3.353141 129.559311
-3.024507 133.819600 -3.455241 133.006073
-3.138966 137.262500 -3.585140 136.420319
-3.265946 140.693500 -3.699444 139.834763
-3.389718 144.095500 -3.829688 143.207672
-3.526115 147.467500 -3.962020 146.596100
-3.671472 150.775300 -4.116155 149.895752
-3.794318 154.003900 -4.234407 153.137268
-3.904131 157.172200 -4.341143 156.301132
-3.996788 160.276500 -4.442445 159.417862
-4.071651 163.334000 -4.517228 162.509659
-4.122556 166.368900 -4.597787 165.543350
-4.194278 169.380900 -4.702196 168.556320
-4.264263 172.440400 -4.751338 171.639816
-4.319751 175.547300 -4.830971 174.729477
-4.393173 178.705600 -4.907710 177.890747
-4.501446 181.892900 -5.022936 181.089340
-4.607667 185.156000 -5.137908 184.398483
-4.701222 188.477800 -5.238540 187.777664
-4.806531 191.849500 -5.355803 191.196640
-4.887285 195.207400 -5.440464 194.605515
-4.976513 198.565600 -5.535350 197.988388
-5.057617 201.890800 -5.625477 201.341919
-5.132018 205.179500 -5.719636 204.653992
-5.210165 208.394000 -5.797307 207.894104
-5.281372 211.451500 -5.870187 210.952362
-5.354878 214.365600 -5.929552 213.853470
-5.416052 217.205700 -5.976121 216.686996
-5.469074 220.014000 -6.025373 219.494354
-5.505322 222.798100 -6.043024 222.303329
-5.545023 225.571400 -6.070473 225.088425
-5.563610 228.337300 -6.057410 227.874725
-5.598680 231.130300 -6.096156 230.653839
-5.715519 233.992700 -6.217181 233.521240
-5.886862 236.912900 -6.386743 236.436768
-6.076718 239.911700 -6.582081 239.439545
-6.214931 243.011500 -6.707841 242.546860
-6.364206 246.210000 -6.851691 245.769272
-6.521044 249.542600 -6.987645 249.103577
-6.657659 252.972000 -7.119874 252.550522
-6.794881 256.491900 -7.259336 256.074951
-6.924264 260.026600 -7.391183 259.628876
-7.052122 263.522600 -7.522785 263.132080
-7.164917 266.998200 -7.645730 266.569611
-7.284815 270.457200 -7.765382 270.003479
-7.417194 273.852800 -7.903080 273.359680
-7.523524 277.174400 -8.011593 276.679291
-7.651625 280.358300 -8.134619 279.882751
-7.782923 283.414900 -8.266026 282.968781
-7.918403 286.315200 -8.413485 285.890442
-8.055697 289.119300 -8.551741 288.734985
-8.185460 291.911300 -8.683861 291.549835
-8.314789 294.668400 -8.812103 294.337433
-8.425515 297.433700 -8.926644 297.126129
-8.486769 300.239900 -8.997285 299.932404
-8.528132 303.087600 -9.046002 302.789490
-8.538802 306.012500 -9.067019 305.720367
-8.512542 309.030900 -9.046422 308.740662
-8.446156 312.111900 -8.976439 311.809692
-8.351900 315.297900 -8.902298 315.014435
-8.211642 318.520500 -8.758520 318.251740
-8.031870 321.816300 -8.584071 321.554108
-7.798255 325.179400 -8.346248 324.940948
-7.513710 328.583000 -8.076506 328.362518
-7.227060 332.070400 -7.801180 331.865417
-6.930360 335.644600 -7.522591 335.436310
-6.634241 339.252200 -7.251829 339.042297
-6.353320 342.849100 -6.976322 342.615723
-6.099343 346.409700 -6.735335 346.154053
-5.858059 349.945000 -6.497867 349.682770
-5.647279 353.444000 -6.284230 353.178894
-5.439992 356.885000 -6.086632 356.607056
-5.251048 360.315600 -5.907856 360.042267
-5.098453 363.671600 -5.763934 363.416321
-4.951017 366.989800 -5.607961 366.736938
-4.804541 370.256900 -5.454175 370.028625
