0.000000 0.000000 0.000016 -0.000001
-0.041803 3.575628 -0.036452 3.612530
-0.083626 7.152769 -0.018127 7.228202
-0.125431 10.728320 -0.006577 10.831104
-0.167141 14.303480 -0.011087 14.431144
-0.208176 17.881040 -0.013993 18.009386
-0.253156 21.464680 -0.042771 21.626659
-0.307115 25.046840 -0.077037 25.205158
-0.367798 28.637120 -0.105593 28.787485
-0.435716 32.231930 -0.143794 32.369740
-0.509819 35.812560 -0.189403 35.967796
-0.590462 39.405490 -0.244383 39.555470
-0.675668 42.995920 -0.288080 43.127949
-0.761728 46.596120 -0.349467 46.724789
-0.822002 50.203480 -0.383566 50.340595
-0.875378 53.811250 -0.408346 53.932549
-0.933231 57.427770 -0.428106 57.560726
-1.006715 61.042090 -0.457193 61.167084
-1.078473 64.647550 -0.495792 64.763725
-1.157680 68.241070 -0.547945 68.365891
-1.243226 71.816000 -0.596799 71.948189
-1.310252 75.365540 -0.628599 75.509247
-1.337950 78.894600 -0.627095 79.044594
-1.335651 82.399130 -0.601010 82.556267
-1.292993 85.876960 -0.531194 86.041969
-1.216671 89.333360 -0.431013 89.507195
-1.101750 92.791290 -0.299676 92.988007
-0.953966 96.255380 -0.131172 96.460411
-0.782045 99.739680 0.063055 99.950386
-0.607718 103.278800 0.258785 103.506935
-0.448327 106.867200 0.430275 107.101479
-0.329075 110.491600 0.573866 110.728806
-0.253779 114.142500 0.669282 114.359886
-0.232571 117.811600 0.710462 118.039818
-0.256232 121.501300 0.702281 121.749580
-0.297015 125.224100 0.685207 125.480721
-0.353204 128.969900 0.659238 129.233704
-0.397623 132.733500 0.636532 133.012772
-0.443887 136.522600 0.618751 136.814529
-0.490815 140.330600 0.601152 140.641388
-0.550146 144.153000 0.582674 144.471161
-0.601569 147.961100 0.561618 148.308105
-0.649286 151.756200 0.545446 152.124619
-0.703475 155.553300 0.529837 155.916748
-0.758140 159.342200 0.516314 159.726013
-0.821014 163.126200 0.483117 163.533295
-0.891591 166.914300 0.451815 167.338455
-0.968255 170.704700 0.407806 171.148285
-1.053647 174.498300 0.356074 174.952011
-1.140940 178.289100 0.285892 178.740967
-1.220912 182.072200 0.238182 182.544846
-1.311919 185.843100 0.178305 186.315948
-1.400872 189.585600 0.116301 190.069534
-1.482347 193.303500 0.062406 193.805664
-1.543340 196.981600 0.026582 197.489914
-1.593225 200.619200 0.001482 201.168579
-1.629855 204.203300 -0.004857 204.775330
-1.655974 207.709400 -0.016120 208.302231
-1.680916 211.093700 -0.025881 211.695282
-1.717659 214.345300 -0.029883 214.949646
-1.758097 217.485400 -0.039287 218.113480
-1.820190 220.495000 -0.070347 221.150696
-1.900504 223.322800 -0.150723 223.987427
-1.999321 225.946200 -0.225834 226.626099
-2.113952 228.382000 -0.314731 229.077850
-2.215172 230.657700 -0.400058 231.367081
-2.309140 232.838300 -0.476105 233.564880
-2.389577 234.991500 -0.537001 235.719330
-2.458270 237.111600 -0.587984 237.866028
-2.501543 239.199900 -0.611948 239.961945
-2.528203 241.263900 -0.622552 242.038406
-2.543393 243.355900 -0.611954 244.137360
-2.546619 245.471500 -0.597992 246.255554
-2.542056 247.635900 -0.556775 248.423126
-2.540944 249.857300 -0.527454 250.640518
-2.529475 252.145000 -0.487438 252.934937
-2.522827 254.510700 -0.451494 255.304901
-2.495854 256.929600 -0.388462 257.733643
-2.426274 259.429500 -0.283957 260.248260
-2.347909 261.939800 -0.177346 262.771240
-2.249292 264.463100 -0.041893 265.321320
-2.120601 266.988600 0.124875 267.884796
-1.972336 269.529300 0.300017 270.446655
-1.829452 272.089100 0.470566 273.020325
-1.700845 274.651100 0.637215 275.606384
-1.585579 277.203700 0.785724 278.183441
-1.489305 279.735400 0.909833 280.724792
-1.431895 282.203100 0.995391 283.198975
-1.411252 284.555300 1.042190 285.559509
-1.423417 286.744000 1.059102 287.745270
-1.477649 288.751100 1.022380 289.751068
-1.597157 290.628100 0.927278 291.625580
-1.834488 292.379000 0.713371 293.375702
-2.209538 293.998100 0.365402 294.985260
-2.739392 295.466700 -0.146380 296.441833
-3.425572 296.782800 -0.785187 297.733459
-4.268559 297.943900 -1.612491 298.884857
-5.270323 298.869400 -2.572991 299.813019
-6.404391 299.609200 -3.690653 300.497406
-7.620091 300.061900 -4.844479 300.951141
-8.849753 300.287300 -6.024377 301.222290
-10.136050 300.271200 -7.274079 301.221436
-11.487940 299.994100 -8.612872 300.974365
-12.859800 299.433800 -9.921322 300.444275
-14.212510 298.521900 -11.240002 299.582062
-15.569170 297.360100 -12.597769 298.421600
-16.903920 295.876600 -13.875319 296.975586
-18.123430 294.046700 -15.098139 295.171570
-19.213810 291.862500 -16.211884 292.989044
-20.129220 289.390500 -17.101034 290.548096
-20.811550 286.620800 -17.749317 287.841034
-21.226910 283.593100 -18.173094 284.830780
-21.383580 280.311200 -18.347090 281.575867
-21.289760 276.829500 -18.261753 278.073181
-21.001900 273.207500 -18.001028 274.385010
-20.665910 269.427900 -17.675188 270.558136
-20.345860 265.509700 -17.365742 266.584106
-20.070850 261.517300 -17.105803 262.557709
-19.855300 257.511300 -16.908092 258.528076
-19.703440 253.474600 -16.784237 254.481812
-19.613680 249.416200 -16.713692 250.405548
-19.551340 245.338200 -16.676928 246.333527
-19.513830 241.222400 -16.668331 242.189941
-19.480990 237.073200 -16.653542 238.048172
-19.430400 232.892800 -16.622440 233.833023
-19.355550 228.687700 -16.559948 229.620483
-19.288210 224.454100 -16.510029 225.372726
-19.214900 220.186300 -16.454626 221.089066
-19.140510 215.891500 -16.409456 216.783524
-19.053200 211.570300 -16.367260 212.456467
-18.960210 207.218600 -16.320438 208.087646
-18.864760 202.831800 -16.254797 203.677628
-18.780810 198.440400 -16.210794 199.263306
-18.697180 194.055600 -16.167280 194.852875
-18.628490 189.691500 -16.147123 190.463669
-18.576860 185.352500 -16.130877 186.104034
-18.533400 181.031600 -16.124632 181.792618
-18.510720 176.750700 -16.136724 177.487167
-18.518290 172.537500 -16.177744 173.249023
-18.551690 168.447100 -16.231663 169.099701
-18.605030 164.539000 -16.323072 165.170151
-18.662110 160.837100 -16.400696 161.470215
-18.717150 157.359800 -16.473869 157.944397
-18.762310 154.117300 -16.535225 154.703293
-18.804370 151.111100 -16.603207 151.692764
-18.837660 148.339300 -16.656960 148.914139
-18.862790 145.753800 -16.692827 146.334946
-18.886270 143.302400 -16.738991 143.870178
-18.908720 140.992900 -16.784130 141.540451
-18.926770 138.765400 -16.821793 139.291306
-18.954640 136.621400 -16.862993 137.116714
-18.979110 134.516900 -16.906565 134.985565
-19.003890 132.428600 -16.947712 132.874374
-19.011690 130.377400 -16.971735 130.793488
-19.029680 128.286700 -16.993748 128.676285
-19.040930 126.090400 -17.034351 126.473854
-19.033980 123.792800 -17.038406 124.154854
-19.007880 121.337200 -17.031357 121.679153
-18.962360 118.740400 -17.010197 119.075180
-18.881640 115.984300 -16.956165 116.323517
-18.762610 113.072100 -16.846605 113.394028
-18.592730 110.010400 -16.700989 110.325089
-18.389740 106.796500 -16.516787 107.108086
-18.187250 103.411100 -16.333302 103.718857
-17.972000 99.881710 -16.153378 100.174652
-17.753740 96.208550 -15.964201 96.485909
-17.543660 92.393230 -15.790355 92.668365
-17.350650 88.454130 -15.620062 88.715637
-17.188340 84.351710 -15.500086 84.581520
-17.048280 80.126460 -15.382434 80.338112
-16.938900 75.757520 -15.308127 75.977051
-16.844870 71.334520 -15.251290 71.552971
-16.779170 66.924620 -15.218604 67.152954
-16.723740 62.522540 -15.188668 62.715668
-16.677280 58.118530 -15.170630 58.310753
-16.622860 53.735190 -15.157374 53.930546
-16.554460 49.366830 -15.117163 49.558784
-16.478250 45.013820 -15.082695 45.177864
-16.401830 40.697890 -15.041997 40.846649
-16.332450 36.396840 -15.009588 36.541870
-16.264000 32.124710 -14.984661 32.267941
-16.212760 27.867600 -14.969929 28.017599
-16.153630 23.646100 -14.938929 23.782942
-16.100440 19.472550 -14.914080 19.578114
-16.057300 15.332990 -14.902701 15.429250
-15.999870 11.221520 -14.877585 11.314910
-15.957640 7.122797 -14.867410 7.186897
-15.925900 3.038918 -14.873596 3.079224
-15.871210 -1.063172 -14.851244 -1.028394
-15.823200 -5.192326 -14.842902 -5.176531
-15.773900 -9.357139 -14.819442 -9.356182
-15.722330 -13.547460 -14.807876 -13.547272
-15.675190 -17.764350 -14.800977 -17.757111
-15.629860 -22.003930 -14.803412 -21.990778
-15.590270 -26.267830 -14.795640 -26.269241
-15.536760 -30.547830 -14.782473 -30.554485
-15.493260 -34.819990 -14.771992 -34.840683
-15.444100 -39.082170 -14.756438 -39.112972
-15.392450 -43.322590 -14.749769 -43.354992
-15.337830 -47.537950 -14.724236 -47.561069
-15.276960 -51.748500 -14.695235 -51.779369
-15.217710 -55.949500 -14.665411 -55.976467
-15.170080 -60.150690 -14.658018 -60.180389
-15.128010 -64.350760 -14.653269 -64.383270
-15.091410 -68.538780 -14.655358 -68.582260
-15.064380 -72.708390 -14.663506 -72.730873
-15.030840 -76.856420 -14.663805 -76.891151
-14.979300 -80.953600 -14.657176 -80.978935
-14.924670 -85.034950 -14.630975 -85.026848
-14.873980 -89.070400 -14.607938 -89.095192
-14.824260 -93.076720 -14.597108 -93.098862
-14.787030 -97.045510 -14.608994 -97.068451
-14.758540 -100.983800 -14.618690 -101.027969
-14.739600 -104.892000 -14.648861 -104.940742
-14.728240 -108.762900 -14.670925 -108.823853
-14.724790 -112.605400 -14.708989 -112.661751
-14.717800 -116.411100 -14.747021 -116.463470
-14.709830 -120.173400 -14.765038 -120.241219
-14.700540 -123.867100 -14.790132 -123.953629
-14.698520 -127.485200 -14.820056 -127.578125
-14.712330 -131.008900 -14.865841 -131.127914
-14.733340 -134.417400 -14.920923 -134.548569
-14.752330 -137.654200 -14.956789 -137.811386
-14.773570 -140.676300 -15.006262 -140.862595
-14.808450 -143.452200 -15.065054 -143.713196
-14.818770 -145.963300 -15.102993 -146.250793
-14.688160 -148.224500 -14.990271 -148.501221
-14.364200 -150.225000 -14.695594 -150.472641
-13.833420 -151.950400 -14.200420 -152.152649
-13.082430 -153.424000 -13.481175 -153.564407
-12.093300 -154.666400 -12.549238 -154.753265
-10.901070 -155.630100 -11.433767 -155.675262
-9.567123 -156.277800 -10.209902 -156.303406
-8.174402 -156.635100 -8.827049 -156.633652
-6.734167 -156.651000 -7.477613 -156.671906
-5.261917 -156.393600 -6.054886 -156.494476
-3.838336 -155.807800 -4.524305 -155.919632
-2.480572 -154.890600 -3.158769 -155.044281
-1.268487 -153.640100 -1.984537 -153.868362
-0.226137 -152.060600 -1.336095 -152.425873
0.552355 -150.216600 -0.520574 -150.614395
1.048250 -148.112500 -0.001348 -148.565186
1.348496 -145.760400 0.308589 -146.293274
1.463451 -143.197700 0.438653 -143.742935
1.471319 -140.450900 0.463200 -140.996338
1.499366 -137.518100 0.502345 -138.055817
1.504501 -134.421900 0.528284 -134.941879
1.498560 -131.160300 0.534846 -131.677673
1.470024 -127.744100 0.538809 -128.215942
1.436723 -124.185000 0.526779 -124.637100
1.413177 -120.491700 0.535044 -120.917137
1.405768 -116.657200 0.557893 -117.060539
1.385028 -112.695000 0.568308 -113.050468
1.330549 -108.592800 0.557974 -108.918465
1.259616 -104.367900 0.535639 -104.682236
1.170075 -100.007600 0.473439 -100.281578
1.089274 -95.515710 0.443261 -95.753952
1.009148 -90.982260 0.398626 -91.176559
0.939998 -86.466900 0.371358 -86.637764
0.883448 -81.949500 0.345604 -82.113792
0.838174 -77.439600 0.332954 -77.579277
0.800315 -72.936360 0.323053 -73.073868
0.745043 -68.462600 0.294816 -68.586739
0.694630 -64.005150 0.283871 -64.128204
0.637038 -59.575570 0.251347 -59.675030
0.557118 -55.160600 0.210638 -55.246178
0.456132 -50.778540 0.141509 -50.854378
0.362164 -46.417970 0.078288 -46.481274
0.280628 -42.079120 0.026531 -42.118229
0.202969 -37.762520 -0.014419 -37.809601
0.132669 -33.463810 -0.048564 -33.480328
0.084829 -29.193990 -0.073579 -29.174974
0.052569 -24.947680 -0.080793 -24.893812
0.032329 -20.738440 -0.075663 -20.662344
0.025161 -16.550260 -0.067728 -16.464922
0.021588 -12.403820 -0.042111 -12.301700
-0.000537 -8.285137 -0.032594 -8.184039
-0.031141 -4.183286 -0.032364 -4.090513
-0.072897 -0.090700 -0.040651 -0.019095
-0.117565 3.988036 -0.058350 4.060016
-0.160177 8.059835 -0.066684 8.197128
-0.208154 12.123170 -0.092081 12.274692
-0.248220 16.180930 -0.094797 16.361767
-0.283357 20.233300 -0.098816 20.419622
-0.323376 24.273080 -0.114986 24.467638
-0.367457 28.293060 -0.133081 28.466162
-0.413998 32.282480 -0.143634 32.450867
-0.451537 36.243360 -0.149278 36.418419
-0.483912 40.173770 -0.157907 40.353287
-0.534623 44.076020 -0.157018 44.214138
-0.599992 47.961110 -0.195096 48.114014
-0.674006 51.810410 -0.235226 51.953197
-0.762477 55.629480 -0.289162 55.786690
-0.859787 59.434080 -0.340676 59.568760
-0.962179 63.207400 -0.396619 63.331989
-1.068654 66.953700 -0.476780 67.078590
-1.188155 70.668750 -0.559334 70.793724
-1.293464 74.341090 -0.637855 74.492470
-1.359396 77.886940 -0.669097 78.040909
-1.402951 81.267680 -0.685538 81.420364
-1.402636 84.557510 -0.662929 84.718239
-1.391329 87.836530 -0.627976 88.008362
-1.372397 91.075680 -0.588621 91.253906
-1.348852 94.282140 -0.540289 94.469063
-1.346362 97.452060 -0.523785 97.656700
-1.397412 100.636400 -0.547633 100.847610
-1.507808 103.868200 -0.613478 104.126877
-1.686244 107.147500 -0.772146 107.387955
-1.855701 110.482100 -0.912540 110.735146
-1.949092 113.881100 -0.985659 114.120781
-1.940135 117.341400 -0.941163 117.607727
-1.833080 120.865900 -0.818550 121.142166
-1.665951 124.465900 -0.620890 124.764580
-1.454190 128.142800 -0.383640 128.469131
-1.212752 131.910500 -0.116017 132.215820
-0.998254 135.780800 0.132343 136.108322
-0.860070 139.749100 0.295844 140.068604
-0.808213 143.817500 0.385352 144.145279
-0.818199 147.962100 0.406758 148.331009
-0.863698 152.201700 0.395452 152.571945
-0.925229 156.508200 0.365207 156.902893
-1.007339 160.831700 0.314549 161.274918
-1.112662 165.144700 0.236308 165.581818
-1.225583 169.454500 0.144471 169.909332
-1.333194 173.746700 0.081904 174.227158
-1.427528 178.011200 0.013314 178.507294
-1.498241 182.250200 -0.028123 182.751068
-1.559212 186.455600 -0.054574 186.947754
-1.603074 190.634400 -0.062997 191.140625
-1.633867 194.776400 -0.052409 195.310623
-1.669867 198.889600 -0.055596 199.441360
-1.705984 202.969800 -0.061580 203.557785
-1.737778 207.012200 -0.080219 207.621704
-1.768399 211.025100 -0.084847 211.661789
-1.802728 214.966700 -0.087198 215.610718
-1.842513 218.742600 -0.117428 219.413574
-1.895168 222.285200 -0.158457 222.980026
-1.971966 225.567200 -0.213971 226.278534
-2.073778 228.574200 -0.308550 229.292358
-2.174190 231.286800 -0.391342 232.020767
-2.280068 233.718900 -0.483641 234.461639
-2.372559 236.037200 -0.559153 236.787857
-2.421540 238.338400 -0.589318 239.106171
-2.457471 240.613800 -0.601987 241.396255
-2.477940 242.858500 -0.586149 243.657455
-2.487604 245.075200 -0.557109 245.877686
-2.497272 247.315700 -0.527136 248.124496
-2.506486 249.599100 -0.503684 250.413284
-2.503453 251.921600 -0.467333 252.727615
-2.498934 254.303700 -0.433522 255.113129
-2.475778 256.706800 -0.382760 257.534912
-2.418788 259.175900 -0.299528 260.013489
-2.357178 261.687800 -0.209391 262.555817
-2.278446 264.282700 -0.104501 265.161713
-2.181048 266.960400 0.024118 267.882233
-2.072995 269.711700 0.155607 270.656036
-1.977183 272.515600 0.275174 273.476166
-1.903306 275.322000 0.387881 276.312653
-1.860171 278.121700 0.475389 279.138489
-1.834878 280.906700 0.538586 281.940735
-1.820378 283.662600 0.590700 284.699341
-1.821293 286.355900 0.622356 287.396790
-1.835812 288.890500 0.638967 289.930145
-1.843827 291.365700 0.659092 292.400146
-1.840209 293.812200 0.682190 294.843536
-1.823832 296.231700 0.734024 297.242859
-1.812035 298.624300 0.768026 299.610229
