0.000000 -0.000000 -0.000000 -0.000000
-0.140643 2.574964 -0.023750 2.067492
-0.281220 5.148987 -0.083440 4.283811
-0.421837 7.724036 -0.178571 6.637541
-0.562431 10.298960 -0.309318 9.073064
-0.701879 12.869650 -0.435960 11.599670
-0.854664 15.479570 -0.601228 14.194541
-1.011589 18.173180 -0.774213 16.868923
-1.171840 20.913680 -0.949224 19.586489
-1.334841 23.709530 -1.141297 22.353931
-1.487044 26.544710 -1.316494 25.159937
-1.633363 29.422930 -1.494354 28.016596
-1.768976 32.357140 -1.644756 30.935457
-1.929780 35.330970 -1.833801 33.864628
-2.126953 38.471510 -2.035836 36.836330
-2.329940 41.561110 -2.257738 39.797791
-2.535885 44.597900 -2.482096 42.789314
-2.728914 47.592750 -2.690570 45.722317
-2.937935 50.537730 -2.914707 48.622921
-3.130185 53.464980 -3.133070 51.538300
-3.310922 56.350390 -3.347713 54.397839
-3.511313 59.225400 -3.560412 57.224979
-3.703384 62.006320 -3.791573 59.997772
-3.912602 64.697860 -4.024517 62.653507
-4.114442 67.264550 -4.261721 65.215973
-4.313021 69.714240 -4.496983 67.644203
-4.514875 72.037350 -4.738257 69.945801
-4.709494 74.175390 -4.957049 72.074631
-4.891889 76.138280 -5.173988 74.036751
-5.039038 77.925340 -5.336064 75.825089
-5.159772 79.592300 -5.487056 77.484444
-5.235209 81.135380 -5.574020 79.035652
-5.207469 82.555940 -5.555450 80.474602
-5.029560 83.885300 -5.377139 81.794487
-4.680938 85.118200 -5.041552 83.027512
-4.130089 86.200010 -4.511982 84.103676
-3.393066 87.095580 -3.797695 85.027985
-2.508137 87.820100 -2.918198 85.732925
-1.511055 88.343490 -1.929054 86.288559
-0.450022 88.747950 -0.892908 86.711304
0.676345 89.023150 0.206097 86.991295
1.832910 89.277150 1.347279 87.254906
3.089762 89.418990 2.589402 87.403152
4.475771 89.556060 3.955167 87.548187
5.974572 89.621010 5.442500 87.630585
7.614093 89.671530 7.085289 87.701965
9.420230 89.707860 8.890068 87.761932
11.388370 89.721450 10.859426 87.808426
13.505010 89.738680 12.972554 87.877357
15.773680 89.805260 15.222239 87.978920
18.156510 89.929480 17.601019 88.144875
20.581930 90.082780 20.010405 88.321083
23.034320 90.227690 22.464264 88.505882
25.478370 90.365000 24.902300 88.682533
27.909920 90.499220 27.335712 88.853416
30.340320 90.588890 29.761484 88.975403
32.740690 90.598330 32.157333 89.025230
35.110390 90.529620 34.514565 89.000465
37.430830 90.386730 36.830292 88.891319
39.683630 90.176290 39.100624 88.727753
41.863240 89.910310 41.298191 88.498695
43.959460 89.634420 43.400589 88.257988
45.922800 89.378560 45.340927 88.040833
47.726310 89.193250 47.148212 87.891869
49.366470 89.121130 48.780094 87.847649
50.939410 89.191540 50.333790 87.937401
52.464070 89.450930 51.817726 88.212173
53.889450 89.945260 53.241493 88.703827
55.133190 90.660970 54.470924 89.457443
56.158450 91.620300 55.486588 90.425690
56.967930 92.764920 56.294983 91.579567
57.539920 94.061200 56.852089 92.862404
57.927200 95.446880 57.193314 94.170753
58.277310 96.884370 57.535641 95.600502
58.589460 98.403450 57.813213 97.107361
58.940360 100.002400 58.146706 98.667915
59.343230 101.692600 58.510136 100.352859
59.798800 103.499800 58.939667 102.162178
60.309140 105.392300 59.407650 104.066261
60.819120 107.363700 59.887817 106.049080
61.355080 109.477800 60.388039 108.152687
61.874140 111.669200 60.865219 110.351242
62.417580 113.964900 61.367702 112.661514
62.973720 116.373200 61.868073 115.045418
63.512460 118.836400 62.364700 117.465836
64.057360 121.342700 62.859016 119.961838
64.655860 123.876700 63.422890 122.471741
65.262090 126.422600 63.984070 124.964737
65.864770 128.941000 64.544830 127.467255
66.510510 131.382800 65.124573 129.905273
67.135460 133.867500 65.677063 132.383987
67.748220 136.262500 66.195305 134.782013
68.311480 138.668800 66.707123 137.200378
68.830800 141.066900 67.162682 139.606232
69.359830 143.451000 67.625359 141.981918
69.844620 145.829800 68.072060 144.347595
70.257380 148.240700 68.445679 146.763824
70.634070 150.615300 68.787544 149.104019
70.952630 153.048800 69.070007 151.535889
71.236680 155.482600 69.305923 153.983109
71.430750 157.958600 69.461075 156.450745
71.592060 160.420500 69.590103 158.916519
71.705560 162.889100 69.676537 161.395493
71.811250 165.386800 69.766434 163.865677
71.901490 167.846500 69.821800 166.316879
71.944200 170.358200 69.832077 168.812622
71.944230 172.867000 69.804665 171.300049
71.880770 175.411200 69.701096 173.826523
71.759300 177.947700 69.546570 176.344269
71.629380 180.489300 69.384285 178.877609
71.495820 183.069400 69.222549 181.443939
71.389860 185.611000 69.073471 183.992371
71.229200 188.181800 68.886070 186.543655
71.075770 190.694700 68.686058 189.060883
70.908190 193.208300 68.474373 191.560394
70.732240 195.676300 68.272812 194.002106
70.587330 197.902600 68.075417 196.390274
70.462020 200.022200 67.894547 198.670624
70.336670 202.141700 67.742401 200.726303
70.211280 204.261000 67.596039 202.763367
70.085900 206.379000 67.486229 204.741623
69.986060 208.445300 67.435951 206.682449
70.007780 210.375700 67.444946 208.622498
70.026080 212.295900 67.429710 210.543869
70.017620 214.252400 67.416878 212.499893
70.013230 216.217200 67.398308 214.455536
69.972110 218.270700 67.350479 216.496902
69.934360 220.317400 67.289925 218.527161
69.972850 222.305500 67.239815 220.614761
69.981630 224.353700 67.174477 222.730347
69.981870 226.399100 67.128235 224.808273
69.949190 228.454500 67.036209 226.881271
69.907170 230.454300 66.948120 228.900452
69.859830 232.418200 66.866692 230.875198
69.810200 234.247600 66.777542 232.709198
69.754960 235.896800 66.676605 234.378021
69.602960 237.437200 66.494820 235.886047
69.315000 238.920100 66.167114 237.341782
68.846420 240.276600 65.680077 238.619171
68.166090 241.479400 65.030228 239.743561
67.318270 242.492800 64.201294 240.712006
66.332240 243.344200 63.219887 241.549286
65.260110 243.991900 62.144211 242.141647
64.140300 244.474300 60.994122 242.586990
62.867510 244.772700 59.740707 242.854248
61.458940 244.926000 58.338146 242.970581
59.947420 244.952000 56.841377 242.955002
58.335370 244.902100 55.243507 242.860657
56.595980 244.824000 53.482105 242.730118
54.694040 244.743800 51.575176 242.600601
52.650420 244.604800 49.488487 242.471466
50.451970 244.390700 47.201927 242.321564
48.058070 244.235000 44.713398 242.188843
45.515050 244.100900 42.097553 242.046158
42.921790 243.969200 39.424572 241.911560
40.316590 243.840300 36.768768 241.764954
37.706940 243.722400 34.117546 241.598999
35.094890 243.629800 31.498260 241.394196
32.472950 243.489000 28.905218 241.170883
29.851950 243.348200 26.333408 240.954163
27.264200 243.258500 23.790251 240.773926
24.724050 243.174900 21.282448 240.619919
22.210390 243.091000 18.796131 240.476852
19.736330 242.979500 16.333824 240.293381
17.311070 242.850400 13.925236 240.099121
14.901790 242.682800 11.553930 239.869919
12.542000 242.455300 9.205023 239.603745
10.258080 242.218100 6.929693 239.330368
8.077281 241.997300 4.770044 239.072311
6.032146 241.805400 2.715212 238.844345
4.114420 241.647100 0.794340 238.650818
2.325909 241.523700 -0.998648 238.501923
0.684853 241.422100 -2.652391 238.380432
-0.804697 241.361800 -4.133722 238.297623
-2.147061 241.322400 -5.487416 238.245697
-3.335045 241.321100 -6.673787 238.219467
-4.362696 241.347700 -7.684695 238.216797
-5.195608 241.375100 -8.515351 238.225632
-5.787975 241.411000 -9.099640 238.248108
-6.148943 241.435700 -9.458922 238.251526
-6.347609 241.453500 -9.649948 238.261246
-6.441034 241.457400 -9.737043 238.257248
-6.441440 241.456100 -9.736836 238.257675
-6.439927 241.462600 -9.732107 238.263397
-6.440440 241.482800 -9.739852 238.261490
-6.480607 241.498100 -9.782229 238.259995
-6.560264 241.507700 -9.859495 238.261368
-6.742488 241.516100 -10.040912 238.271057
-7.099251 241.541700 -10.399024 238.288116
-7.627305 241.597900 -10.916021 238.349503
-8.293171 241.705000 -11.585068 238.453781
-9.050632 241.890800 -12.339905 238.631592
-9.863606 242.207700 -13.115166 238.930801
-10.727660 242.661600 -13.975983 239.355011
-11.566170 243.294100 -14.805420 239.981934
-12.317670 244.121800 -15.553062 240.801422
-12.969870 245.164100 -16.228966 241.872314
-13.469580 246.441200 -16.752007 243.166687
-13.828110 247.877300 -17.123245 244.656830
-14.057520 249.558000 -17.375242 246.341858
-14.176210 251.405900 -17.533699 248.184128
-14.264690 253.405000 -17.639484 250.179169
-14.328890 255.544200 -17.724049 252.303375
-14.399650 257.837600 -17.823296 254.566513
-14.471380 260.263200 -17.912516 256.968872
-14.561590 262.807800 -18.041496 259.476562
-14.652820 265.491700 -18.179806 262.138123
-14.739760 268.254400 -18.294645 264.857422
-14.858340 271.134800 -18.432377 267.693298
-14.973530 274.134700 -18.587519 270.660004
-15.069550 277.175700 -18.739195 273.687103
-15.175210 280.293600 -18.903353 276.780640
-15.297230 283.446400 -19.067213 279.909973
-15.436590 286.619600 -19.267723 283.061310
-15.585790 289.810900 -19.496534 286.220520
-15.736240 292.959600 -19.722139 289.340302
-15.885310 296.071900 -19.934397 292.423035
-16.046970 299.165600 -20.151999 295.495514
-16.219660 302.246300 -20.377487 298.551758
-16.389710 305.314100 -20.602726 301.582367
-16.559690 308.378300 -20.817888 304.603821
-16.709350 311.458900 -21.017279 307.651276
-16.839300 314.563300 -21.226295 310.722961
-16.972270 317.709200 -21.413086 313.817902
-17.118400 320.893100 -21.619085 316.993225
-17.281700 324.127200 -21.820484 320.209473
-17.454380 327.375400 -22.020185 323.435608
-17.614190 330.593900 -22.215172 326.630585
-17.775860 333.802500 -22.401375 329.811310
-17.959610 336.995200 -22.580967 332.948242
-18.128440 340.134300 -22.766130 336.041473
-18.295640 343.191900 -22.964916 339.068817
-18.453080 346.169000 -23.158037 342.024292
-18.632610 349.056200 -23.361109 344.870758
-18.817710 351.841100 -23.574244 347.631622
-18.986450 354.488400 -23.769344 350.276154
-19.124870 356.982400 -23.936317 352.754547
-19.220930 359.289500 -24.069651 355.069885
-19.310450 361.377700 -24.192312 357.158569
-19.390050 363.254000 -24.298792 359.044617
-19.458340 364.945900 -24.390482 360.743774
-19.552440 366.417400 -24.518690 362.213287
-19.716910 367.755600 -24.685711 363.556732
-19.992010 369.044200 -24.966576 364.803955
-20.413100 370.267200 -25.416702 365.993042
-20.994480 371.390500 -26.014778 367.069183
-21.767920 372.412000 -26.692368 367.976379
-22.740410 373.381300 -27.639725 368.889832
-23.931400 374.199500 -28.784714 369.662323
-25.311900 374.775400 -30.217422 370.228333
-26.849130 375.102700 -31.783005 370.522125
-28.541320 375.088500 -33.448936 370.475586
-30.331610 374.930400 -35.229176 370.285522
-32.178580 374.714400 -37.062840 370.027863
-34.124600 374.519300 -38.991302 369.804657
-36.192510 374.312000 -41.050339 369.564911
-38.360350 374.089000 -43.204891 369.315826
-40.674090 373.890900 -45.502834 369.082275
-43.125350 373.717400 -47.952404 368.861908
-45.733890 373.570600 -50.551971 368.669647
-48.422050 373.450300 -53.228668 368.483124
-51.153580 373.336900 -55.953651 368.311096
-53.919190 373.217300 -58.724369 368.132935
-56.668140 373.082400 -61.472229 367.936859
-59.399580 372.949600 -64.200241 367.734741
-62.128270 372.797100 -66.927589 367.516968
-64.827270 372.599800 -69.638397 367.245117
-67.509200 372.402100 -72.320335 366.989105
-70.186170 372.208700 -74.979919 366.714508
-72.845340 372.028400 -77.639969 366.474976
-75.495320 371.886100 -80.292900 366.273254
-78.116050 371.787300 -82.912415 366.119324
-80.717850 371.718500 -85.530022 365.999908
-83.311780 371.694800 -88.126427 365.917114
-85.842710 371.709900 -90.665184 365.875671
-88.215690 371.734100 -93.038956 365.853088
-90.402660 371.755300 -95.225494 365.819794
-92.376860 371.747200 -97.206909 365.775085
-94.181170 371.700000 -99.008583 365.687347
-95.954170 371.610100 -100.803627 365.553314
-97.692900 371.484000 -102.546204 365.376465
-99.428840 371.332400 -104.288940 365.179352
-101.212400 371.150100 -106.068451 364.960388
-103.049100 370.929900 -107.900803 364.688721
-104.963700 370.712900 -109.827393 364.436920
-106.999900 370.469800 -111.860741 364.150330
-109.147400 370.218500 -114.002411 363.862244
-111.413900 369.990500 -116.253670 363.596893
-113.850400 369.787500 -118.678299 363.352112
-116.381500 369.587900 -121.197723 363.100586
-119.079000 369.402000 -123.881516 362.873810
-121.870500 369.312400 -126.664032 362.732666
-124.798000 369.251000 -129.612839 362.634125
-127.749200 369.222000 -132.548523 362.567810
-130.738100 369.191300 -135.536682 362.481476
-133.724900 369.151000 -138.515167 362.404419
-136.693200 369.116700 -141.475754 362.276337
-139.640200 369.026200 -144.411102 362.123627
-142.545400 368.909400 -147.346130 361.944031
-145.452900 368.800400 -150.252594 361.765289
-148.326000 368.653700 -153.130844 361.545044
-151.184500 368.483700 -155.977234 361.305267
-154.029500 368.306700 -158.810074 361.062286
-156.834000 368.110800 -161.604980 360.806244
-159.601600 367.929800 -164.373184 360.562012
-162.352900 367.769700 -167.104980 360.350250
-165.025300 367.622800 -169.774216 360.148407
-167.587100 367.473600 -172.329086 359.937866
-169.989700 367.347100 -174.725235 359.792328
-172.229800 367.237400 -176.946915 359.635132
-174.255000 367.118500 -178.979065 359.474243
-176.113500 366.976300 -180.831604 359.297943
-177.851600 366.825100 -182.569748 359.106934
-179.482200 366.619100 -184.187668 358.849030
-181.041000 366.257200 -185.732056 358.433868
-182.506900 365.700900 -187.140808 357.883606
-183.830900 364.922700 -188.369568 357.146088
-184.967900 363.901900 -189.494965 356.116852
-185.900600 362.645300 -190.395813 354.821228
-186.575700 361.163300 -191.017273 353.347076
-186.999600 359.497900 -191.417282 351.677277
-187.152300 357.675600 -191.561951 349.868439
-187.206000 355.773500 -191.569107 347.979797
-187.197400 353.800900 -191.527573 346.014221
-187.078300 351.712900 -191.375610 343.945190
-186.904300 349.515700 -191.158218 341.736938
-186.700200 347.199500 -190.919693 339.412231
-186.441500 344.761700 -190.616501 336.958679
-186.138100 342.245600 -190.290955 334.429871
-185.836200 339.600700 -189.955933 331.776825
-185.558800 336.870000 -189.620697 329.044586
-185.300200 334.088400 -189.303635 326.255280
-185.053400 331.295700 -189.006683 323.448547
-184.825700 328.513100 -188.726746 320.651184
-184.626700 325.706700 -188.479950 317.843689
-184.418100 322.895600 -188.217499 315.048767
-184.219300 320.049800 -187.974014 312.219666
-184.077900 317.187100 -187.782211 309.360535
-183.933200 314.300800 -187.585815 306.474792
-183.761600 311.460200 -187.371887 303.653656
-183.601800 308.616200 -187.152664 300.831329
-183.458100 305.794900 -186.940903 298.036133
-183.343100 303.000200 -186.763000 295.265503
-183.261300 300.211900 -186.595139 292.486084
-183.178800 297.450000 -186.436172 289.691071
-183.090500 294.684900 -186.276367 286.921082
-182.927300 291.908300 -186.040359 284.126495
-182.766600 289.099200 -185.807861 281.278442
-182.613800 286.267300 -185.568054 278.455383
-182.441900 283.385600 -185.336182 275.556946
-182.300400 280.490600 -185.122086 272.666077
-182.149900 277.557000 -184.922882 269.739532
-182.001400 274.627800 -184.718658 266.790741
-181.823500 271.689000 -184.476364 263.823944
-181.638500 268.767800 -184.234314 260.880524
-181.424600 265.787800 -183.965576 257.895233
-181.219800 262.838200 -183.685913 254.917694
-181.009300 259.844900 -183.402649 251.917892
-180.770400 256.828000 -183.096985 248.894135
-180.561000 253.860400 -182.822739 245.940262
-180.372700 250.908200 -182.559402 242.947174
-180.191000 247.979500 -182.304214 240.029724
-180.025600 245.104800 -182.075867 237.173370
-179.890000 242.301100 -181.865753 234.344223
-179.765100 239.629200 -181.679703 231.650299
-179.603400 237.077700 -181.462830 229.086395
-179.486600 234.610600 -181.287094 226.598358
-179.426200 232.293500 -181.171555 224.262207
-179.384800 230.153000 -181.079971 222.083328
-179.372900 228.203000 -181.009674 220.116379
-179.353200 226.445600 -180.948288 218.348038
-179.284500 224.889700 -180.833115 216.768036
-179.159500 223.520400 -180.677307 215.412735
-178.892900 222.222300 -180.365662 214.130173
-178.440800 221.019500 -179.886261 212.977173
-177.799300 219.912400 -179.222382 211.919159
-176.993100 218.868700 -178.394196 210.905289
-175.953700 217.908600 -177.330811 209.908524
-174.646400 217.098800 -176.015549 209.070572
-173.037500 216.423500 -174.460541 208.433807
-171.242400 215.987700 -172.689804 208.022919
-169.251700 215.748100 -170.768631 207.849686
-167.160900 215.651300 -168.775513 207.817932
-164.983800 215.579200 -166.622833 207.850235
-162.753200 215.542200 -164.424149 207.877350
-160.419600 215.517400 -162.126572 207.932098
-157.986900 215.494400 -159.721893 208.016159
-155.493900 215.476600 -157.257538 208.116135
-152.924600 215.528800 -154.725967 208.239731
-150.250300 215.556200 -152.056992 208.370316
-147.567100 215.656900 -149.371277 208.518600
-144.855900 215.751900 -146.674820 208.728745
-142.145800 215.896800 -143.970413 208.955902
-139.455100 216.087400 -141.273132 209.268784
-136.768400 216.330800 -138.599274 209.590683
-134.103700 216.562300 -135.944199 209.913513
-131.505400 216.803000 -133.340393 210.224304
-128.992800 217.018200 -130.822662 210.502243
-126.584900 217.191000 -128.424728 210.745667
-124.357100 217.330100 -126.199982 210.950912
-122.326100 217.418900 -124.155212 211.085022
-120.463500 217.466200 -122.272926 211.170074
-118.653600 217.497200 -120.445625 211.239807
-116.849600 217.495900 -118.637016 211.268845
-115.067800 217.514000 -116.835037 211.314743
-113.324000 217.535300 -115.072365 211.356384
-111.616000 217.623100 -113.359741 211.477280
-109.927700 217.875300 -111.691788 211.720413
-108.290900 218.301300 -110.065781 212.123520
-106.749500 218.945400 -108.529373 212.769348
-105.349200 219.793800 -107.159592 213.613937
-104.115500 220.834900 -105.971901 214.632324
-103.036000 222.051200 -104.925354 215.861542
-102.179100 223.400100 -104.128448 217.197968
-101.543200 224.848700 -103.554359 218.624146
-101.115700 226.383800 -103.158615 220.078064
-100.830600 227.968600 -102.908012 221.586212
-100.531100 229.501100 -102.616287 223.136536
-100.252100 231.017900 -102.356018 224.621735
-99.883990 232.463500 -101.968185 226.067963
-99.425550 233.824100 -101.491005 227.375580
-98.775880 234.872900 -100.860367 228.415680
-98.086100 235.806300 -100.160324 229.348648
-97.174270 236.468700 -99.241882 230.043579
-96.254150 236.931100 -98.267036 230.565979
-95.283150 237.358800 -97.252312 231.003265
-94.185080 237.674800 -96.086136 231.318237
-92.955310 237.898800 -94.811050 231.548050
-91.596850 238.102700 -93.402824 231.767426
-90.074690 238.248300 -91.831879 231.935852
-88.387450 238.391700 -90.112198 232.096695
-86.486290 238.540100 -88.261703 232.290924
-84.443490 238.650800 -86.239632 232.477524
-82.253860 238.746800 -84.098099 232.670746
-79.940140 238.872300 -81.815163 232.850906
-77.539590 239.011100 -79.460449 233.027985
-75.087440 239.150700 -77.024185 233.180634
-72.574930 239.313900 -74.527267 233.333008
-69.991910 239.446400 -71.961891 233.481400
-67.351620 239.548800 -69.323051 233.632202
-64.666360 239.657700 -66.682823 233.813187
-61.998030 239.808800 -64.054520 234.021866
-59.311750 239.952600 -61.431313 234.247650
-56.701950 240.109100 -58.868000 234.483932
-54.151130 240.267600 -56.322372 234.697678
-51.625940 240.427100 -53.801842 234.923538
-49.127390 240.564300 -51.327122 235.143890
-46.665870 240.712700 -48.899647 235.377884
-44.240570 240.886300 -46.508247 235.605270
-41.878960 241.088900 -44.143383 235.853973
-39.649020 241.312800 -41.917091 236.093018
-37.552430 241.539400 -39.817390 236.335953
-35.488740 241.743100 -37.752834 236.574188
-33.456700 241.939000 -35.727299 236.784470
-31.533090 242.124800 -33.790791 236.975037
-29.764560 242.287900 -32.012680 237.134201
-28.172420 242.408100 -30.409391 237.253052
-26.747170 242.468900 -28.981411 237.323654
-25.460260 242.473300 -27.687000 237.334824
-24.318710 242.437400 -26.549444 237.313339
-23.324200 242.322300 -25.572437 237.239594
-22.483780 242.186900 -24.737757 237.141235
-21.843230 242.069500 -24.110670 237.043823
-21.357270 241.937100 -23.623348 236.927658
-20.874950 241.791000 -23.141895 236.778397
-20.410090 241.641000 -22.666260 236.619522
-19.938580 241.453200 -22.229065 236.464767
-19.330890 241.150500 -21.614235 236.172394
-18.603550 240.674100 -20.892975 235.729675
-17.817550 240.000300 -20.110680 235.126984
-17.047940 239.130000 -19.309212 234.262085
-16.371440 238.041100 -18.587608 233.157288
-15.819140 236.731500 -18.037750 231.811081
-15.431720 235.164300 -17.630249 230.241348
-15.160930 233.366900 -17.350815 228.450470
-14.985430 231.359800 -17.147230 226.442719
-14.879450 229.166100 -17.027142 224.234314
-14.834570 226.783800 -16.947178 221.851318
-14.805910 224.227300 -16.871189 219.317123
-14.776150 221.503700 -16.786339 216.589294
-14.726190 218.625200 -16.676807 213.717545
-14.646810 215.602400 -16.539661 210.726639
-14.509690 212.459600 -16.360872 207.635696
-14.353480 209.201300 -16.140621 204.400299
-14.179740 205.869600 -15.913053 201.079651
-13.962380 202.478800 -15.653468 197.714584
-13.739120 199.045100 -15.374414 194.316971
-13.514930 195.572200 -15.092015 190.875885
-13.275440 192.054900 -14.803715 187.382980
-13.052000 188.499600 -14.544046 183.846695
-12.854570 184.884700 -14.291104 180.236557
-12.675140 181.220200 -14.057000 176.595261
-12.508030 177.502000 -13.840616 172.884735
-12.341190 173.718700 -13.611042 169.094467
-12.175010 169.898000 -13.400285 165.275391
-12.018250 166.028100 -13.191973 161.397217
-11.841350 162.134100 -12.975513 157.510345
-11.655180 158.220500 -12.743464 153.633408
-11.466580 154.287300 -12.496672 149.740173
-11.281310 150.320000 -12.254085 145.856384
-11.057620 146.379100 -12.007421 141.988632
-10.815240 142.443600 -11.729559 138.133362
-10.570550 138.517900 -11.463174 134.290543
-10.333980 134.639100 -11.183467 130.502792
-10.123240 130.785800 -10.907784 126.716995
-9.914350 127.027500 -10.616294 123.016785
-9.696148 123.395700 -10.348380 119.432838
-9.493383 119.914400 -10.098658 115.991173
-9.310280 116.607700 -9.878328 112.713043
-9.151332 113.442300 -9.672796 109.620255
-9.017561 110.482000 -9.501142 106.683426
-8.888960 107.744800 -9.340723 103.993553
-8.774269 105.222900 -9.206017 101.524399
-8.679794 102.918000 -9.075858 99.275490
-8.504861 100.812800 -8.872635 97.226227
-8.163715 98.919720 -8.517509 95.402634
-7.618518 97.243660 -7.956682 93.778015
-6.858427 95.725240 -7.207314 92.353058
-5.899838 94.392380 -6.274662 91.099464
-4.759829 93.253900 -5.150116 90.055298
-3.450087 92.348760 -3.878178 89.175072
-1.973871 91.691730 -2.435749 88.607483
-0.436803 91.261860 -0.981443 88.248337
1.138073 91.026340 0.511047 88.109352
2.751248 90.881970 2.087453 88.036675
4.431705 90.766140 3.727053 87.998581
6.211745 90.683570 5.482683 87.980194
8.081090 90.578530 7.325271 87.939049
10.076580 90.469280 9.332774 87.927849
12.205890 90.365360 11.464563 87.895203
14.489810 90.290310 13.729277 87.892189
16.910510 90.321490 16.134205 87.983757
19.453620 90.459650 18.662846 88.177208
22.045730 90.671110 21.254559 88.431625
24.644280 90.895340 23.853619 88.710205
27.207850 91.064010 26.409151 88.897812
29.764780 91.130150 28.987722 89.013885
32.287690 91.085550 31.525122 89.013405
34.803420 90.937800 34.044819 88.927803
37.325120 90.728940 36.561069 88.772400
39.896170 90.508470 39.151028 88.623787
42.547960 90.289960 41.826611 88.483505
45.244630 90.097810 44.536861 88.357246
47.943020 89.903610 47.228958 88.225029
50.617990 89.629730 49.903679 88.024857
53.252150 89.185630 52.554180 87.652328
55.814150 88.557720 55.105652 87.103699
58.313300 87.791630 57.601135 86.398750
60.805470 86.920740 60.094513 85.586197
63.322020 85.994100 62.606308 84.718765
65.833720 85.055040 65.125298 83.834366
68.406220 84.080780 67.688950 82.924255
70.998610 83.045350 70.263008 81.954193
73.578520 81.879280 72.849243 80.845894
76.170160 80.586970 75.450996 79.611107
78.819830 79.219290 78.085434 78.301651
81.480420 77.842690 80.737518 76.985359
84.108690 76.469870 83.373123 75.678650
86.695220 75.055290 85.950989 74.341263
89.188920 73.556030 88.435150 72.897415
91.573040 71.968490 90.814301 71.369270
93.850380 70.285940 93.120499 69.751358
96.020560 68.521450 95.299385 68.055199
98.103890 66.740880 97.396736 66.335556
100.107700 65.034010 99.429024 64.678284
101.996900 63.459780 101.331306 63.174335
103.764900 62.070330 103.111076 61.831741
105.408600 60.801050 104.771622 60.606857
107.003200 59.530310 106.381546 59.378792
108.589500 58.247390 107.966202 58.141724
110.134700 56.970520 109.523163 56.909061
111.717500 55.637520 111.111374 55.616760
113.353400 54.247110 112.763718 54.264385
115.077800 52.831180 114.504326 52.898449
116.904200 51.439420 116.337555 51.544933
118.836800 50.054850 118.265892 50.211109
120.853600 48.602090 120.296677 48.797028
122.938000 47.083700 122.415573 47.315784
125.092700 45.485300 124.576233 45.766022
127.330000 43.820780 126.830627 44.148117
129.637600 42.087830 129.159714 42.462917
131.967100 40.344760 131.500763 40.771881
134.297900 38.609850 133.822906 39.089676
136.621900 36.849050 136.195831 37.370445
138.949900 35.131110 138.539200 35.699036
141.293500 33.464730 140.883698 34.061066
143.603900 31.795640 143.245026 32.423325
145.871800 30.121580 145.537842 30.777977
148.133300 28.418200 147.809998 29.125069
150.347600 26.750990 150.032318 27.510181
152.506100 25.137140 152.190094 25.956539
154.521200 23.603510 154.227295 24.466431
156.409800 22.104300 156.147705 23.016594
158.102600 20.729550 157.849930 21.682266
159.605700 19.470090 159.375824 20.471794
161.034400 18.328640 160.812653 19.371559
162.527500 17.369930 162.283661 18.495811
164.102000 16.690040 163.811310 17.861092
165.725700 16.231240 165.448807 17.421909
167.465400 15.980230 167.158020 17.202265
169.275300 15.912810 168.966507 17.148338
171.157200 15.957740 170.817902 17.188337
173.098700 15.972680 172.757050 17.202755
175.120500 15.945180 174.757660 17.182707
177.167200 15.872150 176.788422 17.126213
179.305300 15.756280 178.923111 17.035778
181.477000 15.604010 181.069305 16.890535
183.703700 15.412020 183.278076 16.721537
185.980700 15.238130 185.549408 16.561234
188.280500 15.072990 187.847519 16.433647
190.577500 14.896800 190.152634 16.282391
192.894300 14.714610 192.483536 16.155151
195.244200 14.510220 194.819962 15.989294
197.633500 14.283820 197.221100 15.814777
200.090000 14.030130 199.681686 15.606749
202.592100 13.785300 202.173141 15.406322
205.104900 13.534110 204.679153 15.196075
207.640700 13.310070 207.184433 15.019504
210.148900 13.111090 209.673462 14.870941
212.697300 12.915740 212.214890 14.719154
215.224700 12.737830 214.715622 14.566243
217.808000 12.513180 217.284988 14.375284
220.389500 12.282700 219.865387 14.175705
223.037500 12.068550 222.529877 13.984131
225.699900 11.872960 225.169922 13.830762
228.380800 11.657570 227.844177 13.644144
231.063800 11.400770 230.521606 13.435307
233.768800 11.157120 233.224945 13.234711
236.452700 10.908570 235.920837 13.041697
239.115400 10.628320 238.585281 12.799906
241.756200 10.390980 241.230148 12.591248
244.376200 10.177670 243.872742 12.404348
246.942400 9.977031 246.458542 12.229578
249.503100 9.796410 249.005493 12.096096
251.962400 9.616742 251.491623 11.945715
254.329800 9.452561 253.875122 11.823355
256.557200 9.297183 256.116180 11.729567
258.681500 9.140396 258.227936 11.601219
260.487900 8.870715 260.255249 11.451107
262.171000 8.558198 262.161285 11.235964
263.852900 8.246051 263.961304 10.952610
265.533700 7.934305 265.583801 10.635685
267.212200 7.623220 267.025848 10.306232
268.719700 7.309828 268.280762 10.009102
269.768600 7.040605 269.335388 9.758541
270.654800 6.869143 270.206665 9.614624
271.433400 6.780906 271.000275 9.532230
272.188300 6.798910 271.760529 9.593735
272.939800 6.915555 272.503082 9.718447
273.674100 7.139266 273.179504 9.959324
274.435500 7.486302 273.924042 10.339043
275.206100 8.021776 274.653107 10.846367
275.841400 9.123003 275.324036 11.630615
276.399700 10.403880 275.969482 12.606705
276.938800 11.672800 276.470642 13.795235
277.461700 12.927990 276.882355 15.176361
277.969300 14.165350 277.304321 16.757950
278.402000 15.600760 277.622681 18.570675
278.675500 17.540870 277.842468 20.555210
278.887100 19.689590 278.010010 22.738510
279.050300 22.004090 278.120514 25.094116
279.153100 24.513040 278.207153 27.607973
279.310000 27.147550 278.328491 30.270767
279.492000 29.910160 278.480042 33.068520
279.682000 32.722430 278.658508 35.885288
279.891600 35.618700 278.859467 38.779808
280.117300 38.587970 279.074280 41.732323
280.340800 41.563150 279.270599 44.728386
280.553900 44.602790 279.463623 47.758507
280.757500 47.669170 279.643280 50.821541
280.966700 50.717990 279.820740 53.869762
281.189800 53.763250 280.019714 56.888329
281.387500 56.840290 280.215851 59.926521
281.609200 59.915920 280.416290 62.962105
281.892800 62.993940 280.661102 66.014061
282.168100 66.061440 280.915588 69.062141
282.386200 69.137860 281.104340 72.100121
282.581400 72.205720 281.286682 75.142662
282.741100 75.260420 281.449066 78.190056
282.945600 78.300480 281.625031 81.210228
283.185400 81.322840 281.819885 84.202469
283.441700 84.363870 282.037659 87.227791
283.683800 87.353300 282.251404 90.200005
283.940100 90.352150 282.481140 93.219620
284.231300 93.355260 282.754486 96.236366
284.541900 96.345100 283.049622 99.230713
284.938000 99.320580 283.432068 102.227814
285.395000 102.259500 283.855255 105.165756
285.844100 105.163200 284.281921 108.075050
286.321900 108.053700 284.706116 110.936508
286.793800 110.912200 285.165039 113.811928
287.216900 113.736500 285.554382 116.607201
287.630900 116.518500 285.932922 119.384117
288.058700 119.219300 286.329742 122.103912
288.448800 121.780900 286.668427 124.696815
288.846400 124.280600 287.028931 127.181450
289.285300 126.630100 287.428894 129.555344
289.743500 128.835400 287.856659 131.759171
290.213000 130.821100 288.303192 133.743729
290.683600 132.626000 288.743835 135.562012
291.166200 134.262000 289.193329 137.209106
291.580800 135.832500 289.600616 138.802567
291.961700 137.426400 289.945465 140.394409
292.194000 139.020100 290.172699 141.986023
292.237900 140.604400 290.187561 143.558762
291.762300 142.158200 289.960693 145.143494
290.662500 143.578100 289.480743 146.680161
289.562400 144.964600 288.706268 148.156113
288.468100 146.318100 287.614227 149.526306
287.386000 147.641500 286.254822 150.709656
286.399400 148.976200 284.644836 151.731400
284.571900 149.919400 282.846954 152.621765
282.598600 150.835500 280.883179 153.532440
280.553400 151.805400 278.837494 154.492004
278.418500 152.847000 276.697693 155.506866
276.187000 153.972900 274.460663 156.597809
273.848800 155.201700 272.127075 157.782959
271.423500 156.516000 269.679413 159.060455
268.909500 157.880900 267.150330 160.367813
266.393100 159.278800 264.612457 161.721634
263.831700 160.712200 262.067810 163.133453
261.343100 162.229400 259.582947 164.613068
258.927700 163.839100 257.149475 166.172760
256.567900 165.515700 254.764648 167.801666
254.220600 167.219800 252.398346 169.460983
251.812400 168.915300 249.964020 171.113113
249.342900 170.564800 247.467316 172.694412
246.829700 172.171100 244.922852 174.243835
244.268800 173.728400 242.337219 175.751709
241.687800 175.211100 239.737061 177.181244
239.066600 176.646400 237.109406 178.553345
236.435100 178.027700 234.442535 179.881927
233.828600 179.391700 231.823486 181.179428
231.251200 180.752600 229.223694 182.498734
228.707700 182.113100 226.660767 183.813568
226.214900 183.484500 224.155960 185.138550
223.769900 184.811700 221.688934 186.409363
221.367300 186.107100 219.305298 187.634460
219.059200 187.344000 216.974091 188.831116
216.843700 188.521200 214.751266 189.958038
214.730300 189.612200 212.627991 191.011612
212.761600 190.600600 210.650986 191.963654
210.934100 191.518800 208.803040 192.846008
209.293500 192.364900 207.145294 193.650513
207.831400 193.113300 205.659943 194.367859
206.576700 193.798300 204.384064 195.018616
205.539900 194.395600 203.328125 195.607666
204.729700 194.901600 202.493225 196.093460
204.122300 195.321500 201.874390 196.514343
203.546300 195.745200 201.298737 196.911591
203.042900 196.282400 200.729080 197.340820
202.515700 196.788100 200.158722 197.756592
201.945400 197.325500 199.566895 198.246918
201.195300 198.000000 198.794739 198.881180
200.227400 198.808500 197.796112 199.665787
199.076800 199.760000 196.627106 200.587173
197.730700 200.791700 195.264267 201.586014
196.253000 201.872000 193.786819 202.629181
194.623700 202.967100 192.144180 203.677475
192.619800 204.117900 190.368073 204.766754
190.615300 205.269000 188.438904 205.850876
188.611600 206.419500 186.421524 206.962524
186.608000 207.569800 184.328949 208.079193
184.604500 208.720100 182.149445 209.220184
182.452000 209.923800 179.895554 210.412109
180.162600 211.202300 177.595444 211.647903
177.855000 212.473600 175.265564 212.894669
175.554100 213.761200 172.965271 214.138123
173.260900 215.031900 170.644226 215.384735
171.006800 216.296100 168.367126 216.610062
168.770100 217.549300 166.107300 217.819351
166.635700 218.725900 163.937073 218.964706
164.640400 219.823800 161.914108 220.022629
162.800000 220.792300 160.054993 220.947449
161.109900 221.618400 158.351501 221.732651
159.510500 222.334400 156.740234 222.415344
157.845500 222.860900 155.059067 222.924698
156.181300 223.202900 153.444397 223.209290
154.511100 223.364000 151.798752 223.320786
152.786900 223.350100 150.079956 223.258499
150.969000 223.245000 148.250473 223.112976
149.048400 223.060600 146.316742 222.905045
146.999200 222.886700 144.244064 222.707458
144.811400 222.709100 142.039993 222.501740
142.452400 222.507300 139.658127 222.273804
139.985700 222.307100 137.174393 222.041504
137.342300 222.162600 134.507278 221.852982
134.568800 222.029900 131.776840 221.678955
131.695500 221.932100 128.887589 221.534897
128.711000 221.803000 125.888741 221.366241
125.647300 221.650100 122.809196 221.170242
122.615400 221.500000 119.779205 220.988266
119.543800 221.309500 116.705101 220.759216
116.511500 221.102100 113.669960 220.512970
113.516800 220.903600 110.658447 220.270813
110.545200 220.708000 107.676773 220.037308
107.636200 220.532300 104.762444 219.824341
104.717200 220.373700 101.832634 219.630066
101.840600 220.218600 98.951004 219.438614
98.994700 220.067300 96.102806 219.254883
96.181550 219.895100 93.301491 219.033005
93.438620 219.686500 90.551353 218.812683
90.855460 219.500600 87.927612 218.557602
88.388610 219.326300 85.452789 218.315506
86.123680 219.157800 83.165604 218.100006
84.049970 219.045300 81.070335 217.957001
82.152880 219.016300 79.146606 217.878433
80.388010 219.115100 77.383537 217.960739
78.664760 219.366200 75.635109 218.166840
77.016290 219.796000 73.928093 218.506958
75.461480 220.446100 72.438797 219.164001
74.069090 221.411200 70.974930 220.085785
72.862850 222.604000 69.753189 221.250549
71.841850 224.015300 68.721481 222.625793
71.023420 225.699900 67.871086 224.245728
70.421670 227.540000 67.216980 226.070145
70.034550 229.518400 66.805443 228.031525
69.813760 231.610700 66.572678 230.082169
69.670080 233.800300 66.418243 232.297607
69.603690 236.022800 66.332047 234.548950
69.545910 238.342600 66.214859 236.890533
69.499400 240.719700 66.124893 239.289856
69.469400 243.192800 66.042725 241.742981
69.384530 245.776400 65.903313 244.294601
69.232580 248.432800 65.705215 246.931610
69.094640 251.146000 65.523849 249.603210
68.950990 253.982700 65.329666 252.423050
68.811860 256.917100 65.135361 255.345001
68.650580 259.920100 64.968666 258.298676
68.462200 263.082100 64.768707 261.394684
68.288560 266.252800 64.567886 264.516754
68.096650 269.464100 64.344643 267.692810
67.903830 272.683000 64.115112 270.887299
67.721470 275.872400 63.891388 274.056396
67.525460 279.043300 63.655678 277.200043
67.317450 282.219100 63.403900 280.335358
67.111650 285.343500 63.158936 283.424286
66.901350 288.508400 62.928062 286.543213
66.688140 291.652400 62.691277 289.617371
66.478800 294.782200 62.462112 292.698730
66.289190 297.878200 62.265320 295.708893
66.078070 300.944500 62.022415 298.750305
65.826270 304.008500 61.758217 301.776794
65.573590 307.018200 61.486549 304.731476
65.274710 310.032300 61.174683 307.699829
64.924470 313.030600 60.812050 310.646912
64.540610 315.995300 60.393650 313.602966
64.089990 318.947600 59.918404 316.475220
63.671720 321.903700 59.477333 319.384766
63.304260 324.895900 59.088470 322.325317
62.967580 327.898100 58.730667 325.280762
62.699080 330.909200 58.436821 328.256226
62.553590 333.929000 58.211296 331.273438
62.402330 336.963400 57.980568 334.289978
62.266570 340.021300 57.777233 337.330231
62.116500 343.035800 57.568272 340.338135
61.993500 346.032900 57.394493 343.354156
61.866370 348.989100 57.229782 346.297546
61.760870 351.857800 57.062515 349.159058
61.679290 354.611700 56.917923 351.908905
61.586300 357.261400 56.778477 354.544647
61.550600 359.776900 56.706161 357.046783
61.577240 362.145700 56.689541 359.412567
61.603020 364.290800 56.680244 361.568817
61.628690 366.323100 56.674831 363.604309
61.649880 368.352400 56.658958 365.631195
61.624730 370.355800 56.593002 367.620880
61.511180 372.339500 56.431385 369.591461
61.271590 374.388200 56.147240 371.590302
60.966710 376.528400 55.785782 373.726135
60.637150 378.796200 55.414860 375.967346
60.324540 381.208000 55.060112 378.363617
60.065570 383.741300 54.746086 380.861847
59.884830 386.413700 54.536522 383.504242
59.789830 389.195600 54.391842 386.252930
59.765420 392.106700 54.296654 389.159790
59.766400 395.121300 54.219116 392.184326
59.728620 398.268800 54.105515 395.314301
59.673270 401.492900 53.978889 398.528992
59.575390 404.694600 53.812828 401.703552
59.425140 407.916600 53.605797 404.903870
59.267000 411.104300 53.386223 408.061646
59.084670 414.257800 53.155136 411.198853
58.913680 417.417100 52.938072 414.339905
58.748810 420.528100 52.723442 417.428558
58.574140 423.604200 52.506001 420.471771
58.437200 426.635400 52.322685 423.521088
58.286850 429.523300 52.123322 426.403290
58.117570 432.280500 51.894466 429.164490
57.924100 434.902000 51.673107 431.761536
57.663190 437.382700 51.382126 434.223236
57.368250 439.710400 51.065742 436.508118
57.036690 441.889000 50.697998 438.699707
56.656850 443.874800 50.289490 440.687073
56.323860 445.645400 49.924850 442.460785
56.148660 447.270100 49.741421 444.074097
56.616130 448.530800 49.793823 445.594635
57.333540 449.649800 50.104160 446.915894
58.025620 450.723300 50.697487 448.058655
58.683230 451.752100 51.525513 449.063080
59.300760 452.745900 52.538040 449.814301
60.051910 453.493100 53.647141 450.383667
61.232100 453.863600 54.841629 450.758026
62.575150 454.072200 56.159798 450.947357
64.075560 454.193600 57.668289 451.072388
65.729870 454.237800 59.301407 451.126801
67.536180 454.320400 61.089218 451.234222
69.481920 454.413600 63.022491 451.357819
71.568440 454.517900 65.091934 451.507233
73.783230 454.637300 67.296684 451.688049
76.158670 454.789800 69.641281 451.900116
78.646770 454.943100 72.123856 452.127594
81.225870 455.115600 74.687897 452.363495
83.916780 455.302300 77.357025 452.619324
86.702020 455.456700 80.136246 452.849609
89.526350 455.578300 82.943596 453.043457
92.412350 455.733700 85.790932 453.270569
95.328570 455.895400 88.664688 453.506775
98.249890 456.054300 91.562538 453.728851
101.184100 456.224200 94.493561 453.952057
104.093100 456.393100 97.392914 454.185760
106.998900 456.525600 100.288361 454.392761
109.897200 456.654500 103.178635 454.594971
112.749700 456.816600 106.014023 454.810852
115.610200 456.965500 108.852661 455.018646
118.400100 457.099300 111.608353 455.229889
121.145900 457.258900 114.357254 455.447784
123.876500 457.448100 117.067245 455.685486
126.583800 457.666500 119.769562 455.960510
129.241600 457.972700 122.419586 456.320129
131.877300 458.360200 125.033371 456.771698
134.472300 458.810900 127.611382 457.282043
137.047800 459.328100 130.165115 457.852234
139.578900 459.909300 132.674240 458.462830
142.082300 460.548100 135.158585 459.154053
144.536100 461.240400 137.611191 459.912415
146.935100 462.035700 139.987930 460.743652
149.323900 462.890800 142.355621 461.637787
151.645200 463.789700 144.651901 462.568115
153.953700 464.746000 146.933105 463.572174
156.216300 465.719100 149.174271 464.586121
158.442000 466.755000 151.382385 465.680878
160.610800 467.844100 153.504517 466.819336
162.721500 468.976400 155.576706 467.990295
164.765200 470.136200 157.585876 469.209259
166.772400 471.335900 159.557709 470.461731
168.632200 472.526000 161.379471 471.711761
170.346500 473.697400 163.075089 472.924927
171.909300 474.797000 164.611984 474.069763
173.302800 475.783300 165.983658 475.096924
174.556500 476.625400 167.254349 475.931641
175.656700 477.273900 168.364182 476.585266
176.667400 477.791400 169.382111 477.109436
177.693700 478.199200 170.430435 477.554443
178.769200 478.445200 171.486679 477.810669
179.820200 478.560500 172.553375 477.962769
180.911200 478.531600 173.671204 477.959839
182.068600 478.323700 174.815414 477.747833
183.262200 477.935100 176.028320 477.377747
184.488300 477.285200 177.295273 476.717529
185.759400 476.306800 178.601624 475.767944
187.077400 475.006900 179.946045 474.493042
188.478700 473.464500 181.370712 472.975433
189.953700 471.703500 182.880081 471.237091
191.518900 469.725200 184.485321 469.311035
193.208300 467.608400 186.202026 467.242249
195.017400 465.320900 188.027573 465.000916
196.863700 462.933100 189.900772 462.660828
198.729100 460.522700 191.797089 460.331238
200.614200 458.121400 193.712036 457.985107
202.510500 455.730200 195.637070 455.662231
204.411000 453.358300 197.578857 453.348206
206.321800 451.001000 199.528259 451.045746
208.222000 448.665100 201.481689 448.752869
210.114400 446.337900 203.394547 446.493408
211.976500 444.014500 205.279083 444.240723
213.836200 441.706600 207.167267 441.986023
215.683700 439.420500 209.055969 439.764221
217.555600 437.143300 210.978241 437.550018
219.471300 434.824100 212.953888 435.275696
221.450500 432.447100 215.005493 432.959595
223.466700 430.017100 217.072845 430.572632
225.486700 427.604100 219.134628 428.185791
227.506500 425.191500 221.205322 425.785278
229.526100 422.779100 223.293808 423.415405
231.545400 420.367100 225.364563 421.062958
233.564400 417.955300 227.399704 418.777069
235.559300 415.588300 229.414246 416.530029
237.436800 413.389000 231.332855 414.369904
238.780200 411.507400 233.106842 412.333252
239.937800 409.690800 234.666504 410.451355
241.095100 407.877000 235.997437 408.693787
242.251200 406.068000 237.042755 407.046783
243.408000 404.262500 237.785660 405.390472
244.011000 402.484000 238.182480 403.701172
244.001400 400.839200 238.201950 402.019653
243.616800 399.284000 237.852020 400.431458
242.890100 397.828700 237.143280 398.912964
241.873600 396.462000 236.153778 397.537903
240.631500 395.201500 234.987427 396.263550
239.221600 394.033800 233.561279 395.041656
237.618600 392.957600 231.972458 393.902649
235.793400 391.994800 230.154266 392.915283
233.764600 391.138800 228.112091 392.050171
231.526900 390.407500 225.876816 391.272034
229.101900 389.773400 223.420013 390.575653
226.502900 389.204300 220.816071 389.957794
223.725900 388.759000 218.025970 389.438904
220.797800 388.372500 215.083221 389.001587
217.710700 387.983400 211.986481 388.558838
214.530600 387.607200 208.784576 388.150757
211.281800 387.245500 205.541168 387.736694
207.989900 386.906600 202.249725 387.353149
204.658000 386.595500 198.917999 386.992096
201.286800 386.304300 195.554001 386.649719
197.918900 386.031200 192.178650 386.333771
194.555800 385.786300 188.820724 386.050171
191.207200 385.554600 185.485535 385.777802
187.886200 385.358400 182.168198 385.529053
184.599200 385.187900 178.897217 385.300995
181.348200 385.028900 175.647964 385.083801
178.125300 384.880300 172.410980 384.869385
174.940200 384.732200 169.241409 384.660248
171.787000 384.605200 166.094604 384.448822
168.667500 384.479200 162.997849 384.252686
165.610000 384.375800 159.964813 384.072144
162.651900 384.300900 157.007889 383.938385
159.841600 384.253100 154.213806 383.822266
157.212800 384.244100 151.590149 383.753174
154.757500 384.238100 149.144852 383.677612
152.465500 384.177300 146.855774 383.570038
150.349500 384.033300 144.775360 383.361389
148.462800 383.774700 142.936188 383.072021
146.861800 383.342900 141.368164 382.577087
145.493000 382.652100 140.061646 381.873474
144.342900 381.710300 138.938553 380.926086
143.476000 380.548800 138.104660 379.735046
142.885900 379.215000 137.550003 378.392029
142.512900 377.743300 137.196518 376.919373
142.317800 376.136600 137.034531 375.339142
142.188100 374.395800 136.934250 373.634888
142.147200 372.567400 136.922226 371.819641
142.122900 370.607400 136.931183 369.897980
142.117600 368.494900 136.952133 367.801483
142.130800 366.233800 137.008865 365.544373
142.204400 363.814600 137.121964 363.140228
142.299400 361.231000 137.273132 360.562622
142.415300 358.474700 137.437103 357.811310
142.582500 355.558100 137.679993 354.908844
142.739700 352.539000 137.916992 351.896881
142.891900 349.439100 138.125214 348.828552
143.064500 346.281300 138.361603 345.686951
143.227100 343.091000 138.595062 342.505554
143.425200 339.887400 138.851929 339.313202
143.616200 336.700500 139.109894 336.141571
143.795900 333.502200 139.335297 332.960999
144.005700 330.337500 139.596222 329.813171
144.230000 327.130600 139.839508 326.630737
144.419100 323.896200 140.052689 323.419006
144.587400 320.591100 140.266205 320.152527
144.754600 317.239000 140.476669 316.836670
144.941900 313.833000 140.704346 313.483337
145.157300 310.363000 140.952759 310.063080
145.368500 306.861100 141.188385 306.609039
145.569800 303.322100 141.409729 303.103149
145.779600 299.781500 141.636856 299.594391
145.995800 296.224300 141.891266 296.051788
146.232800 292.723700 142.155960 292.561584
146.466500 289.221500 142.423431 289.075500
146.685200 285.746000 142.718201 285.605835
146.893800 282.281200 142.982422 282.172577
147.103700 278.834100 143.259277 278.742157
147.309200 275.380000 143.512695 275.317108
147.469000 272.014900 143.728104 271.955170
147.644100 268.640500 143.944229 268.594025
147.828000 265.287400 144.193436 265.268463
148.018700 262.011300 144.436295 262.009644
148.191600 258.776500 144.638565 258.780060
148.362500 255.568000 144.844330 255.568863
148.542700 252.484800 145.063705 252.488663
148.699400 249.530100 145.253067 249.537903
148.855100 246.697000 145.442871 246.713181
149.012000 244.059600 145.644821 244.078735
149.177500 241.565300 145.865219 241.586258
149.354100 239.240800 146.084488 239.258026
149.518500 237.141100 146.288422 237.164551
149.688400 235.241100 146.492401 235.266953
149.831600 233.536700 146.662140 233.552246
149.906300 232.004900 146.774109 232.018661
149.838700 230.619900 146.735641 230.619064
149.635100 229.344100 146.567734 229.309845
149.241300 228.150200 146.192627 228.126129
148.716100 227.039600 145.689133 226.976929
148.000700 226.008200 144.992950 225.891586
147.075700 225.048900 144.093628 224.905884
145.937600 224.217300 142.987152 224.016296
144.564400 223.496400 141.652466 223.252045
143.010800 222.963900 140.124603 222.667374
141.316600 222.568700 138.441223 222.223328
139.454500 222.334500 136.601624 221.925079
137.425000 222.166300 134.623123 221.691467
135.205500 222.050100 132.465912 221.508057
132.804000 221.961500 130.103012 221.357056
130.267400 221.919300 127.548874 221.230179
127.508700 221.882500 124.770912 221.087341
124.622700 221.854300 121.902321 220.939178
121.664000 221.830100 118.940277 220.800705
118.657200 221.763300 115.931526 220.628983
115.641600 221.685500 112.940430 220.427078
112.627300 221.570300 109.936058 220.197037
109.673500 221.356100 106.972382 219.956955
106.754900 221.166500 104.053284 219.718689
103.815900 220.977200 101.112488 219.503128
100.933900 220.822800 98.221855 219.297058
98.075460 220.656000 95.376396 219.093689
95.253020 220.487500 92.558014 218.879593
92.486910 220.344500 89.803558 218.648315
89.875370 220.223200 87.208054 218.438034
87.458400 220.103100 84.800415 218.238754
85.308900 219.940400 82.624374 218.071808
83.404740 219.814900 80.711655 217.963577
81.811460 219.719400 79.084625 217.920029
80.386560 219.682400 77.642807 217.904785
79.003730 219.767200 76.258774 217.961182
77.660700 220.007600 74.920364 218.152206
76.371580 220.406400 73.642509 218.483566
75.155860 220.960300 72.442596 218.966751
74.011040 221.726500 71.271164 219.684860
72.923470 222.715600 70.148964 220.616516
71.978870 223.872400 69.174385 221.718842
71.184520 225.266700 68.379097 223.000061
70.559680 226.755300 67.750916 224.392487
70.106430 228.212400 67.287064 225.862061
69.780350 229.717400 66.953506 227.363556
69.611080 231.273600 66.777557 228.906189
69.507330 232.885000 66.661003 230.504929
69.413710 234.508900 66.551056 232.122665
69.343880 236.144900 66.462013 233.710785
69.165330 237.775100 66.271301 235.289154
68.850580 239.377200 65.943436 236.831650
68.411010 240.827300 65.446968 238.243622
67.727420 242.111200 64.725281 239.499390
66.803100 243.182900 63.775810 240.604645
65.701790 244.107800 62.652061 241.533478
64.448250 244.782200 61.401787 242.175873
63.080800 245.260000 60.009834 242.647980
61.580750 245.474700 58.495094 242.842468
60.021940 245.545100 56.949665 242.870056
58.373630 245.501300 55.325253 242.788666
56.557790 245.387700 53.523819 242.686066
54.575700 245.267600 51.560745 242.564682
52.422320 245.171900 49.411243 242.466080
50.087930 245.081900 47.073627 242.343170
47.581640 245.008900 44.555901 242.231430
44.918970 244.937600 41.889370 242.080795
42.122820 244.817200 39.071373 241.902939
39.164720 244.672400 36.092396 241.696228
36.057060 244.510700 32.974060 241.467545
32.840100 244.318200 29.750694 241.207855
29.595440 244.119000 26.506815 240.947159
26.356030 243.938500 23.267567 240.712143
23.136280 243.778100 20.038240 240.494400
19.923890 243.574600 16.807262 240.230011
16.771670 243.333700 13.653835 239.943939
13.661940 243.082500 10.559982 239.639145
10.666390 242.818300 7.593151 239.331589
7.814747 242.555200 4.767757 239.028397
5.139292 242.325200 2.104948 238.767715
2.679849 242.118700 -0.339487 238.528946
0.450309 241.930700 -2.556213 238.315384
-1.528966 241.776000 -4.538529 238.133179
-3.228819 241.670700 -6.220311 238.011108
-4.618300 241.633500 -7.588673 237.949753
-5.727634 241.635600 -8.692938 237.948212
-6.594910 241.676300 -9.549562 237.982651
-7.316062 241.736500 -10.268069 238.037811
-7.999830 241.824600 -10.944809 238.124664
-8.668434 241.971800 -11.594620 238.271072
-9.310473 242.159800 -12.224834 238.446304
-10.040280 242.489600 -12.947021 238.754486
-10.900630 242.986700 -13.801804 239.219696
-11.788840 243.696900 -14.707260 239.892731
-12.605680 244.629900 -15.542725 240.801300
-13.325190 245.805400 -16.308372 241.973053
-13.876090 247.212100 -16.879517 243.438232
-14.262280 248.903900 -17.274895 245.149551
-14.456720 250.843200 -17.473402 247.094574
-14.534350 252.994100 -17.563444 249.261673
-14.597030 255.350200 -17.647739 251.629211
-14.667090 257.910700 -17.753523 254.174133
-14.735990 260.649600 -17.859705 256.911865
-14.849520 263.575900 -18.021770 259.833374
-14.957480 266.729800 -18.203085 262.971222
-15.059630 270.015600 -18.370529 266.248383
-15.182710 273.477200 -18.573301 269.665375
-15.303150 277.021400 -18.784306 273.190582
-15.440230 280.658500 -19.008575 276.797546
-15.590580 284.351600 -19.228136 280.449982
-15.764490 288.068200 -19.488909 284.115143
-15.946800 291.811700 -19.745167 287.832855
-16.099940 295.543400 -19.972391 291.544769
-16.260060 299.308400 -20.214098 295.277039
-16.425310 303.105800 -20.448345 299.054016
-16.590140 306.893300 -20.689121 302.818329
-16.756680 310.705900 -20.925213 306.582581
-16.910250 314.536100 -21.140356 310.378754
-17.062160 318.371600 -21.388016 314.167877
-17.211700 322.183300 -21.633852 317.975586
-17.359600 325.995800 -21.889206 321.767548
-17.503240 329.777900 -22.126469 325.552582
-17.652950 333.537700 -22.352077 329.295044
-17.803470 337.274400 -22.571970 332.998962
-17.965510 340.928300 -22.800703 336.614197
-18.139020 344.467400 -23.031277 340.137146
-18.309560 347.827300 -23.269312 343.496918
-18.498430 351.069300 -23.494335 346.697235
-18.657830 354.177800 -23.701427 349.800873
-18.779270 357.113600 -23.864241 352.733673
-18.870160 359.864000 -23.991737 355.486115
-18.946200 362.402300 -24.104919 357.999207
-18.990920 364.711200 -24.205326 360.293274
-19.050610 366.784400 -24.286829 362.323669
-19.150770 368.599600 -24.418093 364.107147
-19.288630 370.232600 -24.593555 365.704926
-19.600770 371.746300 -24.928509 367.138428
-20.181060 373.134000 -25.523834 368.465759
-21.046240 374.352900 -26.314682 369.549927
-22.127780 375.353800 -27.362305 370.515198
-23.457040 376.098400 -28.649689 371.199310
-24.934490 376.556700 -30.135811 371.613831
-26.555040 376.670400 -31.742340 371.653961
-28.276760 376.521700 -33.424759 371.441315
-30.056280 376.231600 -35.200691 371.094879
-31.975970 375.881500 -37.102554 370.724060
-34.041570 375.538800 -39.132221 370.355865
-36.312400 375.174700 -41.375793 369.950897
-38.740670 374.815500 -43.783806 369.540558
-41.349510 374.513500 -46.359776 369.194275
-44.097790 374.260800 -49.099274 368.908508
-47.011360 374.040700 -52.015541 368.668610
-50.040150 373.823900 -55.047512 368.406677
-53.185680 373.618900 -58.166348 368.156921
-56.406270 373.421900 -61.368423 367.910034
-59.653410 373.251300 -64.599846 367.675629
-62.943060 373.083600 -67.869530 367.443329
-66.219570 372.909300 -71.149200 367.199493
-69.486870 372.732000 -74.396446 366.944946
-72.726120 372.532900 -77.614815 366.685150
-75.949990 372.348800 -80.825302 366.425415
-79.132360 372.198800 -83.993019 366.202148
-82.276670 372.085900 -87.139145 366.014709
-85.318380 372.021300 -90.181122 365.870026
-88.202870 371.999200 -93.072456 365.775757
-90.927450 371.989600 -95.796043 365.691833
-93.555550 371.974900 -98.439354 365.621857
-96.169310 371.894100 -101.054756 365.470398
-98.735200 371.699400 -103.617477 365.215607
-101.335900 371.405700 -106.206825 364.864807
-104.006100 371.090100 -108.864777 364.487579
-106.771100 370.792200 -111.629715 364.129852
-109.682200 370.477800 -114.521408 363.763977
-112.739100 370.228500 -117.560783 363.460022
-115.931600 370.036400 -120.732315 363.189331
-119.286600 369.828600 -124.064743 362.929657
-122.729500 369.724600 -127.500565 362.746094
-126.288700 369.671200 -131.057480 362.605255
-129.839700 369.662300 -134.587448 362.516815
-133.385600 369.650900 -138.127548 362.422089
-136.894400 369.634000 -141.620300 362.331787
-140.398100 369.514400 -145.100266 362.141876
-143.862100 369.340500 -148.561783 361.897461
-147.327600 369.166400 -152.015152 361.660004
-150.737000 368.971100 -155.405685 361.392853
-154.158600 368.781900 -158.816223 361.138184
-157.533900 368.539100 -162.174866 360.830109
-160.863100 368.281900 -165.494156 360.496613
-164.185700 368.025000 -168.801178 360.169403
-167.432800 367.748600 -172.055206 359.845886
-170.642400 367.488400 -175.274109 359.520874
-173.841400 367.227100 -178.465363 359.204102
-177.023700 366.951400 -181.630341 358.873016
-180.244500 366.730400 -184.831635 358.592804
-183.473900 366.580900 -188.050888 358.375580
-186.744800 366.472000 -191.285370 358.208984
-190.033500 366.367300 -194.548035 358.033234
-193.355400 366.250500 -197.833618 357.841980
-196.716900 366.188600 -201.190491 357.703949
-200.121200 366.182600 -204.600388 357.643524
-203.540500 366.199800 -208.008469 357.584717
-206.952700 366.227500 -211.409119 357.552979
-210.347900 366.285500 -214.827011 357.539551
-213.706200 366.365900 -218.177689 357.525970
-217.009500 366.481900 -221.476898 357.563629
-220.179700 366.654500 -224.667023 357.661987
-223.191200 366.879000 -227.676041 357.825409
-226.097000 367.114900 -230.582047 357.998169
-228.814800 367.345400 -233.326462 358.178467
-231.386300 367.584000 -235.903778 358.358124
-233.712600 367.887700 -238.226746 358.616455
-235.782000 368.275800 -240.305099 358.957581
-237.675400 368.737900 -242.202820 359.396027
-239.369400 369.206200 -243.902908 359.822876
-240.923900 369.617600 -245.485382 360.213806
-242.343700 369.946600 -246.913284 360.508209
-243.617800 370.200700 -248.205276 360.744446
-244.859400 370.340600 -249.432953 360.853973
-246.077300 370.391700 -250.635880 360.882782
-247.267700 370.379800 -251.810944 360.844360
-248.493500 370.333700 -253.038254 360.777344
-249.783700 370.306600 -254.317001 360.727844
-251.078800 370.299200 -255.610611 360.701355
-252.358200 370.349900 -256.897339 360.732697
-253.632100 370.436500 -258.172729 360.780609
-254.850600 370.581800 -259.396240 360.911194
-255.940600 370.729900 -260.486420 361.017853
-256.915700 370.895600 -261.463745 361.186005
-257.880300 371.026600 -262.422913 361.317657
-258.825300 371.074700 -263.366425 361.357513
-259.790200 371.036700 -264.324615 361.322144
-260.853800 370.865000 -265.386566 361.139618
-261.981300 370.525600 -266.492615 360.793121
-263.149900 369.955400 -267.698608 360.224823
-264.334300 369.128800 -268.828125 359.382263
-265.453200 367.983800 -269.925110 358.213501
-266.451000 366.525200 -270.851349 356.736450
-267.251800 364.723800 -271.616333 355.001160
-267.949500 362.709300 -272.232849 353.007111
-268.506500 360.485200 -272.734802 350.768219
-268.941500 358.026800 -273.089935 348.318298
-269.220400 355.348600 -273.277374 345.668365
-269.448800 352.477300 -273.441223 342.808533
-269.718000 349.407100 -273.625061 339.762207
-269.985700 346.177700 -273.783508 336.548798
-270.257600 342.841000 -273.935364 333.210449
-270.518100 339.408900 -274.071228 329.775360
-270.754500 335.850800 -274.178375 326.221313
-270.955500 332.279200 -274.239960 322.666229
-271.100700 328.699800 -274.274445 319.100403
-271.205200 325.126400 -274.266541 315.541351
-271.267700 321.587300 -274.186005 312.012360
-271.275200 318.070500 -274.087402 308.504669
-271.222900 314.582000 -273.910950 305.029999
-271.120000 311.120600 -273.684784 301.585571
-270.978000 307.683800 -273.409760 298.179199
-270.782700 304.265600 -273.091309 294.786255
-270.528600 300.853100 -272.723572 291.421692
-270.242000 297.429400 -272.338776 288.012604
-269.919600 293.989900 -271.896912 284.588043
-269.545200 290.528500 -271.423248 281.186737
-269.141700 287.042100 -270.918579 277.725891
-268.688300 283.528200 -270.357391 274.256439
-268.188900 279.998100 -269.764801 270.750916
-267.644900 276.438400 -269.132172 267.246521
-267.060700 272.864800 -268.453583 263.719147
-266.415600 269.267600 -267.729950 260.173676
-265.703700 265.659900 -266.936035 256.613800
-264.933700 262.028500 -266.079285 253.056152
-264.083600 258.356100 -265.142334 249.469025
-263.198600 254.694500 -264.166443 245.889816
-262.249500 251.044300 -263.136139 242.336761
-261.237300 247.429800 -262.036285 238.777573
-260.189300 243.839800 -260.911346 235.280716
-259.094000 240.246100 -259.739258 231.772186
-257.955600 236.666200 -258.531677 228.295135
-256.772700 233.104800 -257.281250 224.822754
-255.531300 229.548500 -255.973923 221.348465
-254.248400 226.028100 -254.624374 217.922119
-252.919100 222.544000 -253.230759 214.494339
-251.574800 219.079600 -251.821930 211.122726
-250.208800 215.633800 -250.394119 207.746124
-248.823500 212.212300 -248.938019 204.388000
-247.396200 208.816100 -247.460663 201.067352
-245.924600 205.438400 -245.930237 197.742371
-244.407500 202.096000 -244.365295 194.450073
-242.864900 198.761700 -242.771729 191.198517
-241.279000 195.474400 -241.160980 188.014130
-239.649300 192.235800 -239.482239 184.820648
-237.983200 189.035400 -237.770325 181.699051
-236.298900 185.858800 -236.040649 178.583145
-234.588400 182.702700 -234.276871 175.483917
-232.835600 179.589900 -232.480148 172.436829
-231.009300 176.491000 -230.613281 169.372620
-229.111700 173.245900 -228.702835 166.331161
-227.176300 170.021800 -226.756454 163.267120
-225.177100 166.838100 -224.733429 160.205963
-223.121100 163.678300 -222.648071 157.173065
-221.021800 160.583500 -220.521210 154.178085
-218.906700 157.528200 -218.379547 151.202393
-216.758300 154.516100 -216.184372 148.253769
-214.598900 151.542200 -213.989136 145.332108
-212.419400 148.613400 -211.783142 142.495392
-210.228200 145.723000 -209.565765 139.678177
-207.984500 142.875200 -207.299225 136.904510
-205.709300 140.044600 -205.010468 134.144745
-203.367700 137.252600 -202.654648 131.424286
-200.986900 134.476000 -200.262238 128.718918
-198.545200 131.709700 -197.828140 126.027542
-196.059300 128.939500 -195.324127 123.319336
-193.510200 126.196800 -192.756561 120.640305
-190.897300 123.468900 -190.143768 117.999313
-188.227400 120.762000 -187.482758 115.364250
-185.497000 118.076800 -184.763687 112.736900
-182.724000 115.414700 -181.985382 110.121643
-179.874900 112.756200 -179.145554 107.532005
-176.963500 110.129700 -176.253296 104.976120
-174.022700 107.478800 -173.322784 102.413651
-171.062700 104.830200 -170.356293 99.843086
-168.072200 102.205400 -167.378601 97.300568
-165.063500 99.572080 -164.362396 94.744980
-162.094200 96.925240 -161.390701 92.187531
-159.158100 94.245620 -158.445221 89.565033
-156.222000 91.591220 -155.507721 86.988129
-153.302600 88.949020 -152.561966 84.412903
-150.415700 86.290970 -149.672806 81.845078
-147.525700 83.616700 -146.788712 79.260254
-144.616800 80.967880 -143.866531 76.676575
-141.680000 78.334030 -140.918869 74.114426
-138.744900 75.701910 -137.993149 71.545937
-135.803000 73.066790 -135.069824 68.984619
-132.863800 70.434610 -132.138336 66.428589
-129.933000 67.796650 -129.213013 63.864555
-127.009300 65.165490 -126.287369 61.299782
-124.094300 62.565200 -123.370911 58.761841
-121.185800 59.961850 -120.456833 56.220871
-118.275800 57.358150 -117.550888 53.674446
-115.383500 54.746480 -114.658363 51.125801
-112.487100 52.132910 -111.749916 48.587582
-109.563100 49.507800 -108.817863 46.027321
-106.649400 46.882310 -105.896141 43.468906
-103.717200 44.240620 -102.948448 40.911209
-100.776700 41.607720 -100.005890 38.363159
-97.815960 38.955960 -97.043831 35.789867
-94.863170 36.299440 -94.088501 33.209114
-91.884440 33.643060 -91.082680 30.616207
-88.909720 30.989760 -88.113312 28.026949
-85.917480 28.322680 -85.128212 25.449982
-82.929050 25.668410 -82.142700 22.875250
-79.941980 23.038030 -79.143089 20.302824
-76.962720 20.421650 -76.182388 17.769175
-74.007520 17.823510 -73.229340 15.246941
-71.092400 15.226900 -70.325462 12.714502
-68.209240 12.634500 -67.435295 10.176689
-65.354250 10.051970 -64.588142 7.681528
-62.542350 7.481356 -61.764236 5.178442
-59.754040 4.927046 -58.970200 2.677946
-57.009180 2.422195 -56.223595 0.255655
-54.340090 0.009828 -53.555290 -2.107197
-51.766990 -2.296378 -50.986629 -4.356668
-49.260900 -4.526641 -48.461037 -6.554232
-46.853800 -6.677798 -46.038975 -8.683104
-44.569730 -8.685225 -43.735146 -10.646799
-42.404320 -10.528340 -41.555126 -12.464684
-40.364200 -12.198710 -39.510086 -14.094359
-38.389800 -13.695430 -37.511597 -15.582158
-36.423220 -15.003710 -35.546608 -16.853170
-34.423200 -16.097900 -33.550255 -17.914726
-32.364650 -16.913830 -31.499237 -18.706610
-30.265120 -17.411740 -29.437639 -19.180206
-28.163420 -17.604910 -27.374674 -19.340820
-26.110560 -17.459960 -25.368074 -19.167027
-24.143360 -16.987220 -23.449497 -18.673786
-22.296980 -16.217800 -21.663496 -17.883583
-20.604650 -15.231400 -19.981972 -16.889196
-19.008910 -14.153640 -18.378473 -15.789163
-17.427180 -13.090130 -16.797430 -14.694945
-15.874640 -12.069320 -15.244823 -13.651960
-14.363580 -11.106930 -13.741556 -12.655849
-12.922670 -10.242620 -12.283424 -11.746906
-11.574780 -9.466819 -10.918056 -10.932043
-10.317910 -8.788752 -9.647135 -10.214503
-9.188230 -8.193104 -8.518868 -9.583467
-8.211014 -7.716742 -7.528155 -9.061148
-7.426664 -7.335419 -6.747754 -8.654566
-6.732949 -7.004384 -6.063303 -8.298666
-6.081177 -6.624412 -5.399350 -7.914179
-5.489078 -6.233971 -4.801767 -7.524965
-4.934984 -5.802268 -4.246002 -7.097552
-4.339961 -5.285216 -3.663700 -6.576310
-3.697865 -4.592905 -3.024162 -5.869655
-3.037676 -3.769289 -2.382955 -5.048275
-2.408137 -2.790908 -1.759757 -4.070696
-1.801721 -1.625169 -1.181464 -2.917410
-1.269630 -0.215074 -0.669762 -1.524892
-0.812186 1.417145 -0.228497 0.103340
-0.577413 3.304554 0.017220 1.924335
-0.470925 5.426109 0.134519 3.949494
-0.476637 7.694492 0.117357 6.160552
-0.570738 10.119870 -0.017531 8.522783
-0.648451 12.686750 -0.130733 11.049215
-0.748385 15.378500 -0.269743 13.722988
-0.860824 18.191740 -0.419344 16.518034
-0.998219 21.084400 -0.586030 19.426855
-1.176238 24.100490 -0.793554 22.440367
-1.395968 27.224660 -1.052083 25.540359
-1.640741 30.420880 -1.334438 28.716429
-1.879320 33.664680 -1.612270 31.963783
-2.150183 36.923590 -1.931348 35.196434
-2.397389 40.249040 -2.238579 38.467472
-2.638864 43.594280 -2.532694 41.783947
-2.848280 46.962570 -2.794019 45.140381
-3.041372 50.356970 -3.055413 48.517021
-3.212653 53.820380 -3.297602 51.936455
-3.380992 57.307360 -3.536061 55.400448
-3.567609 60.834770 -3.764505 58.892376
-3.786600 64.385720 -4.030688 62.420589
-3.981904 67.973540 -4.275829 65.975052
-4.173959 71.565920 -4.545605 69.547905
-4.396788 75.106490 -4.801080 73.077873
-4.593996 78.623730 -5.036985 76.599228
-4.800834 82.136440 -5.289184 80.104355
-5.016400 85.597270 -5.548043 83.566536
-5.214554 89.008160 -5.803399 86.939781
-5.369648 92.435540 -6.013876 90.324860
-5.524006 95.827610 -6.199530 93.683311
