0.000000 -0.000000 -0.000001 -0.000000
0.003267 4.566315 -0.024613 4.555549
-0.031716 9.099118 -0.072188 9.074946
-0.081952 13.587370 -0.142196 13.550194
-0.172757 18.042800 -0.226953 17.999905
-0.267875 22.451640 -0.315298 22.412237
-0.358400 26.802010 -0.395365 26.766085
-0.442803 31.082040 -0.492818 31.039963
-0.523018 35.271990 -0.578927 35.253586
-0.611006 39.330190 -0.662622 39.303570
-0.673187 43.239550 -0.718027 43.217018
-0.695957 46.977480 -0.746597 46.953579
-0.690361 50.605530 -0.718034 50.583176
-0.609462 54.132960 -0.616086 54.147549
-0.411112 57.531050 -0.402445 57.532043
-0.030280 60.807340 -0.009275 60.825691
0.568852 63.940690 0.585164 63.937778
1.400581 66.903860 1.410212 66.916710
2.445156 69.702430 2.430233 69.729401
3.697183 72.300100 3.678453 72.336090
5.171922 74.740420 5.152451 74.793793
6.852965 76.941870 6.845039 77.028046
8.750799 78.905900 8.751560 79.026276
10.823450 80.634320 10.843815 80.791313
13.066210 82.178440 13.123947 82.325645
15.504950 83.526400 15.627077 83.655609
18.101340 84.588810 18.268209 84.724533
20.853170 85.339470 21.080994 85.474579
23.704110 85.757740 24.004459 85.891594
26.596700 85.903500 26.988003 86.026993
29.539120 85.860020 30.017603 85.975578
32.495530 85.669740 33.042221 85.778954
35.473920 85.419290 36.059689 85.530304
38.479390 85.150930 39.087730 85.257675
41.523140 84.840110 42.151688 84.971588
44.591610 84.512730 45.237762 84.655571
47.698590 84.159740 48.346466 84.335236
50.851300 83.780360 51.500267 83.980270
54.021280 83.370120 54.677940 83.599091
57.236480 82.963200 57.880051 83.215073
60.484150 82.564450 61.103107 82.846489
63.801630 82.126570 64.389641 82.440666
67.115350 81.671290 67.691208 82.011879
70.485000 81.248710 71.062752 81.607635
73.889090 80.831410 74.470551 81.218422
77.339480 80.402860 77.903549 80.807899
80.814430 79.981940 81.366638 80.431786
84.311560 79.560560 84.915276 80.025276
87.843140 79.132970 88.497894 79.626488
91.452740 78.712050 92.111893 79.216812
95.109110 78.302620 95.772949 78.839470
98.802080 77.939830 99.464272 78.475952
102.537600 77.577720 103.205376 78.106682
106.283100 77.182590 106.963837 77.716003
110.001900 76.763780 110.687172 77.310913
113.690700 76.253080 114.379166 76.808876
117.341000 75.581300 118.036888 76.163872
120.903700 74.751300 121.583229 75.378433
124.437500 73.785660 125.100563 74.437202
127.882800 72.651860 128.545288 73.338882
131.253600 71.361680 131.932541 72.068176
134.528800 69.931300 135.211990 70.681129
137.742000 68.328450 138.441391 69.103775
140.926800 66.546730 141.668396 67.338684
144.031200 64.574810 144.795425 65.374847
147.051200 62.406270 147.862213 63.202824
149.969500 60.049300 150.799698 60.860760
152.781800 57.504160 153.636032 58.334644
155.436800 54.746640 156.331772 55.583145
157.947400 51.752940 158.801758 52.618843
160.279800 48.634580 161.034515 49.482727
162.349000 45.353340 163.036896 46.184395
164.179800 41.946720 164.835205 42.785229
165.830900 38.447790 166.461807 39.294243
167.335400 34.861970 167.974548 35.678108
168.691200 31.242820 169.334991 32.069847
169.969500 27.582240 170.687775 28.419304
171.127300 23.900190 171.975708 24.788210
172.263200 20.221330 173.214371 21.137531
173.377000 16.599090 174.472321 17.506939
174.627000 13.004350 175.785492 13.938255
175.942500 9.442182 177.126556 10.405342
177.356800 5.917093 178.570480 6.926323
178.928800 2.434985 180.174332 3.478683
180.675800 -0.971876 181.903366 0.123756
182.554400 -4.252484 183.766373 -3.079254
184.560700 -7.384682 185.756317 -6.151375
186.750900 -10.368790 187.948914 -9.065521
189.116500 -13.135630 190.317047 -11.806328
191.665700 -15.656880 192.841980 -14.286011
194.385900 -17.931220 195.540955 -16.524193
197.226100 -19.980800 198.418976 -18.539185
200.271800 -21.743030 201.472534 -20.294121
203.448300 -23.203180 204.697128 -21.774338
206.758900 -24.325190 208.041077 -22.882259
210.184300 -25.068170 211.482422 -23.618374
213.630700 -25.424490 214.944519 -23.980015
217.117000 -25.407460 218.396790 -23.949986
220.571900 -25.039820 221.882965 -23.605988
224.021200 -24.363710 225.309814 -22.928391
227.429900 -23.372920 228.693420 -21.926804
230.747500 -22.058700 231.964294 -20.610817
233.928400 -20.443850 235.119110 -18.987289
237.019600 -18.526770 238.141907 -17.060257
239.961000 -16.355940 241.013519 -14.879990
242.779800 -13.984550 243.756287 -12.493385
245.458500 -11.414060 246.376953 -9.923119
247.997000 -8.674394 248.864655 -7.158958
250.390600 -5.759310 251.186401 -4.230515
252.655600 -2.686673 253.423157 -1.127975
254.806500 0.534019 255.527008 2.096649
256.864000 3.862410 257.564819 5.469536
258.884400 7.263272 259.549774 8.887886
260.877600 10.718320 261.509735 12.359665
262.828700 14.222610 263.432617 15.890350
264.741600 17.745920 265.315002 19.424385
266.637600 21.266150 267.172791 22.953957
268.527700 24.786100 269.013489 26.469910
270.375000 28.334210 270.880890 30.005013
272.219500 31.917810 272.757019 33.574799
274.124700 35.502240 274.660522 37.189339
276.050500 39.060050 276.553497 40.814865
277.989700 42.665330 278.463593 44.456680
279.912600 46.301830 280.361542 48.098366
281.775800 49.949900 282.257172 51.734772
283.563100 53.532720 284.099121 55.338730
285.356500 57.056770 285.876160 58.910103
287.075600 60.536460 287.600037 62.417030
288.712000 63.954910 289.259735 65.874481
290.293900 67.289100 290.866882 69.256203
291.871100 70.559820 292.485443 72.578812
293.538100 73.753600 294.169891 75.800179
295.351100 76.864560 295.982300 78.955597
297.261700 79.892800 297.927979 82.021622
299.367900 82.771990 300.059082 84.920853
301.654700 85.444430 302.366058 87.603111
304.129900 87.873730 304.869629 90.079704
306.795800 90.009740 307.558472 92.246101
309.610300 91.815310 310.407806 94.098106
312.540600 93.287990 313.403961 95.612640
315.589700 94.424870 316.479156 96.800369
318.731100 95.231100 319.686523 97.625282
321.947000 95.719040 322.932526 98.131821
325.202000 95.875140 326.196808 98.285484
328.404100 95.672520 329.445526 98.085732
331.635400 95.086030 332.602173 97.532417
334.756200 94.171900 335.694000 96.616547
337.636900 92.963350 338.702209 95.374245
340.363200 91.461070 341.550995 93.794304
342.964100 89.692180 344.307129 91.869888
345.403300 87.579170 346.818481 89.623306
347.592200 85.092570 349.077057 87.067642
349.463400 82.321490 351.019775 84.254593
351.002500 79.397790 352.608276 81.285912
352.204000 76.402830 353.833344 78.225250
353.107800 73.306490 354.761597 75.061981
353.811200 70.096650 355.504944 71.856773
354.464700 66.889050 356.151794 68.644890
355.047400 63.664610 356.731445 65.449249
355.500500 60.449100 357.217316 62.217896
355.866900 57.296080 357.635864 59.031834
356.198500 54.208160 358.009644 55.942978
356.525800 51.221050 358.401337 52.930763
356.961300 48.369400 358.871582 50.087204
357.538900 45.752540 359.453430 47.483051
358.275300 43.388830 360.194580 45.148888
359.266800 41.238890 361.177734 43.063049
360.571800 39.373830 362.446228 41.252914
362.156300 37.835540 363.976440 39.756805
363.974400 36.638300 365.769073 38.574753
366.080400 35.761110 367.813751 37.735947
368.547300 35.234490 370.174530 37.225838
371.148400 35.045060 372.708527 37.063881
373.899500 35.175270 375.369690 37.212841
376.698100 35.611110 378.155365 37.647491
379.470900 36.322790 380.950989 38.370331
382.212100 37.294470 383.706268 39.341873
384.867700 38.517990 386.343567 40.579704
387.364100 39.991850 388.834167 42.070328
389.701500 41.780710 391.160034 43.884399
391.802700 43.839190 393.267273 45.950272
393.689400 46.099010 395.169312 48.213242
395.383900 48.474340 396.872681 50.601868
396.942200 50.928340 398.438293 53.072861
398.325500 53.450140 399.823486 55.603714
399.544900 56.052550 401.044067 58.208694
400.579700 58.728940 402.081604 60.874466
401.390700 61.486590 402.926758 63.657822
401.978000 64.333130 403.519348 66.501923
402.335300 67.250270 403.890137 69.436020
402.474600 70.259740 404.017761 72.468414
402.447300 73.356030 403.962860 75.591240
402.341800 76.540880 403.813843 78.776382
402.228800 79.805450 403.634949 82.025459
402.075400 83.156280 403.401733 85.383369
401.927800 86.597120 403.136292 88.837318
401.721900 90.113350 402.836700 92.329239
401.455800 93.737450 402.504669 95.922363
401.169200 97.438860 402.158264 99.601974
400.835400 101.196700 401.767639 103.352036
400.479100 104.981000 401.364288 107.110336
400.086700 108.745200 400.923553 110.883934
399.638200 112.493800 400.431152 114.606934
399.138700 116.226700 399.910492 118.331306
398.603300 119.924700 399.326263 122.011292
398.025400 123.612000 398.723358 125.675507
397.409200 127.314800 398.093140 129.374054
396.829000 131.013100 397.511078 133.016251
396.222300 134.687900 396.888214 136.661682
395.601900 138.281700 396.275360 140.314362
395.033400 141.881600 395.719513 143.982330
394.483600 145.487500 395.153900 147.604706
393.961300 149.091800 394.617981 151.240326
393.456700 152.724500 394.091461 154.882431
392.964400 156.362200 393.579956 158.551559
392.473900 160.012200 393.049957 162.237015
391.988000 163.681600 392.529358 165.936737
391.511200 167.360500 392.003021 169.645081
391.037700 171.040400 391.498016 173.355301
390.574400 174.743200 390.996033 177.055313
390.110100 178.440800 390.478485 180.801117
389.662900 182.147700 389.992096 184.505920
389.244100 185.891700 389.564209 188.274506
388.894800 189.677500 389.206299 192.057816
388.606000 193.461200 388.903717 195.838562
388.392800 197.250000 388.670471 199.607346
388.242200 201.058600 388.485138 203.401489
388.167200 204.843700 388.384583 207.189392
388.164900 208.656700 388.336243 211.015030
388.225800 212.467100 388.362518 214.848236
388.337900 216.277100 388.417175 218.679733
388.518500 220.100100 388.545380 222.531952
388.781300 223.924000 388.752106 226.376160
389.110400 227.762200 389.035767 230.229034
389.519500 231.600300 389.391052 234.121506
390.000700 235.455300 389.819458 238.013168
390.533100 239.323100 390.296875 241.895325
391.126500 243.191800 390.862579 245.802856
391.817200 247.082900 391.515320 249.721863
392.446500 250.991000 392.233704 253.625580
393.192700 254.933200 393.061096 257.563446
394.129800 258.841200 394.007385 261.471375
395.212400 262.725700 395.053101 265.392609
396.381300 266.559900 396.153931 269.263306
397.591700 270.309200 397.315979 273.062256
398.915600 273.988100 398.541382 276.794434
400.261600 277.620100 399.812561 280.467346
401.674900 281.230100 401.127777 284.115173
403.099300 284.836200 402.472290 287.764160
404.552600 288.368900 403.828857 291.331940
405.981400 291.858600 405.170898 294.869202
407.396700 295.286300 406.516449 298.355133
408.787500 298.654400 407.839813 301.776855
410.160300 301.970700 409.137634 305.136261
411.532700 305.248600 410.457092 308.461243
412.910200 308.514300 411.772156 311.740417
414.286500 311.815200 413.084900 315.052979
415.632400 315.158100 414.414001 318.441315
416.955300 318.554600 415.782288 321.837616
418.356500 321.950200 417.265320 325.236847
419.919100 325.360500 418.874084 328.662933
421.619500 328.772700 420.568970 332.094727
423.465300 332.205100 422.413940 335.575043
425.389400 335.648500 424.337219 339.049530
427.393700 339.062100 426.333191 342.498260
429.441400 342.427400 428.360168 345.919098
431.502800 345.736000 430.404205 349.278229
433.555500 349.037600 432.447205 352.627075
435.647400 352.345100 434.516113 355.985443
437.737700 355.673900 436.572266 359.334381
439.858900 359.019800 438.668335 362.716309
441.938400 362.354800 440.731140 366.095215
444.011500 365.707600 442.780396 369.450623
446.074200 369.043000 444.826050 372.814362
448.108100 372.393000 446.835815 376.154053
450.106200 375.748500 448.847290 379.508698
452.077600 379.076100 450.891418 382.866608
454.072700 382.382200 452.959930 386.215149
456.149900 385.671800 455.049072 389.552094
458.224600 388.968400 457.145813 392.877686
460.351800 392.205600 459.258667 396.141846
462.503100 395.388100 461.384338 399.361389
464.568500 398.419600 463.459473 402.421509
466.632000 401.347200 465.512177 405.365906
468.654400 404.221700 467.506226 408.274719
470.657600 407.038900 469.500305 411.112152
472.677800 409.783700 471.473145 413.909790
474.657200 412.487100 473.436371 416.656250
476.592600 415.139500 475.336914 419.331116
478.496300 417.710700 477.196777 421.918274
480.372100 420.213300 479.032532 424.408203
482.195400 422.602900 480.828064 426.831757
483.955500 424.843700 482.547699 429.084229
485.628500 426.923600 484.212067 431.183350
487.190800 428.865800 485.745514 433.151520
488.699400 430.731200 487.237152 435.029175
490.108000 432.491800 488.620300 436.796631
491.375400 434.138900 489.861816 438.444519
492.521700 435.661300 490.992859 439.971802
493.585300 437.088500 492.045227 441.400085
494.601900 438.498800 493.046783 442.808777
495.493900 439.942600 493.911499 444.231812
496.198400 441.455900 494.606659 445.692841
496.643000 443.038900 495.024994 447.214966
496.894900 444.688300 495.314484 448.841888
496.838300 446.434300 495.322815 450.587982
496.587000 448.236400 495.038422 452.396881
496.020500 450.035800 494.486755 454.232147
495.316800 451.880800 493.730469 456.040894
494.382600 453.714700 492.755249 457.836548
493.357500 455.591800 491.694885 459.697083
492.259600 457.525200 490.577179 461.602783
491.138900 459.531700 489.419067 463.601868
489.968800 461.583000 488.211914 465.656433
488.778600 463.722100 486.959351 467.808167
487.527700 465.987400 485.658447 470.029663
486.241900 468.332900 484.315552 472.321625
484.929200 470.750300 482.924133 474.676331
483.595100 473.196800 481.500977 477.100128
482.240900 475.680400 480.068481 479.553619
480.881200 478.179700 478.633575 482.035034
479.506700 480.715200 477.177582 484.536743
478.139700 483.249600 475.707550 487.065216
476.741800 485.776600 474.220001 489.579285
475.327000 488.358200 472.737183 492.126892
473.905700 490.923000 471.241547 494.675537
472.463600 493.499100 469.733887 497.227814
471.030900 496.048700 468.234589 499.731018
469.654400 498.493900 466.798645 502.136108
468.311000 500.883700 465.395813 504.504700
467.003300 503.201000 464.037659 506.796112
465.767600 505.385700 462.749084 508.942444
464.618000 507.421200 461.553253 510.935547
463.563200 509.303500 460.454102 512.777100
462.581700 511.077100 459.424408 514.524841
461.620900 512.827500 458.417694 516.246765
460.698800 514.516100 457.450775 517.900940
459.825600 516.111800 456.539185 519.467041
459.035800 517.582500 455.703430 520.914368
458.312900 518.912300 454.939453 522.215942
457.589200 520.176600 454.174835 523.453186
456.756600 521.359000 453.333344 524.600586
455.798000 522.446500 452.353638 525.643005
454.695200 523.354600 451.305542 526.488647
453.456700 523.963300 450.117462 527.139709
452.010000 524.448000 448.677307 527.628113
450.370300 524.664900 447.098145 527.875427
448.645800 524.629300 445.346710 527.805725
446.853700 524.242200 443.563782 527.379517
445.001300 523.578900 441.733826 526.686646
443.053700 522.715000 439.856812 525.759399
441.070200 521.621600 437.926636 524.617615
439.068600 520.385000 435.958771 523.322021
437.067600 519.079900 434.029053 521.974487
435.131900 517.711100 432.097412 520.542725
433.248700 516.276400 430.270905 519.062134
431.409100 514.772600 428.461121 517.503296
429.653800 513.188400 426.759064 515.888794
427.979000 511.552500 425.089844 514.214966
426.376200 509.872800 423.510468 512.505676
424.896200 508.159600 422.025452 510.756561
423.477300 506.386900 420.631927 508.958984
422.151700 504.603800 419.295502 507.126251
420.895300 502.757100 418.057953 505.251526
419.698800 500.847600 416.855011 503.306732
418.553100 498.879100 415.713165 501.293732
417.436100 496.852200 414.590912 499.232025
416.341100 494.769800 413.512177 497.106293
415.299400 492.613200 412.471100 494.924072
414.283100 490.400400 411.439667 492.675751
413.291100 488.174100 410.446014 490.410217
412.307400 485.928500 409.483521 488.144196
411.321100 483.659600 408.535950 485.865662
410.385800 481.369500 407.605377 483.544983
409.484300 479.070200 406.719635 481.223938
408.605900 476.771200 405.869629 478.892426
407.747600 474.482200 405.056580 476.561493
406.916200 472.194500 404.261536 474.244232
406.106200 469.923800 403.483337 471.955139
405.321800 467.714100 402.734070 469.725586
404.581200 465.613200 402.046448 467.617401
403.881000 463.647100 401.376495 465.634918
403.196100 461.842900 400.744965 463.794983
402.563700 460.074300 400.111755 462.017731
401.946900 458.305600 399.494446 460.241913
401.296600 456.548600 398.852325 458.470734
400.651300 454.770400 398.203918 456.677094
399.996700 452.984700 397.548431 454.879059
399.329600 451.125900 396.877533 453.000854
398.618400 449.218000 396.178833 451.088043
397.822000 447.249700 395.419189 449.098511
396.969800 445.208000 394.603424 447.050659
396.116100 443.116600 393.767456 444.962402
395.211200 440.967800 392.872375 442.818390
394.287700 438.749400 391.958893 440.626282
393.341900 436.497700 391.031403 438.412903
392.358600 434.221800 390.097351 436.149109
391.343800 431.907700 389.129272 433.842834
390.285600 429.531900 388.105774 431.473877
389.177900 427.104300 387.042084 429.046570
388.002000 424.633000 385.886658 426.589508
386.786000 422.153600 384.716797 424.126282
385.529200 419.645500 383.510376 421.640869
384.252800 417.122900 382.275391 419.116333
382.927300 414.575600 380.993805 416.567200
381.591500 412.030100 379.673462 414.014130
380.224100 409.463100 378.342651 411.453613
378.830100 406.889400 376.998718 408.873901
377.404400 404.303400 375.601807 406.270081
375.940700 401.722300 374.160461 403.675537
374.431300 399.137000 372.682068 401.051086
372.878200 396.550200 371.171204 398.465576
371.286300 393.960100 369.608063 395.842957
369.662600 391.367800 368.023132 393.249878
368.012000 388.798400 366.396484 390.645844
366.357200 386.258300 364.736145 388.040985
364.686300 383.683500 363.068848 385.422516
362.990500 381.103100 361.359528 382.769562
361.274100 378.545400 359.652039 380.186859
359.479500 376.079600 357.962982 377.687164
357.743100 373.713700 356.306030 375.288879
356.046500 371.424400 354.644073 372.964966
354.349500 369.168400 352.950623 370.647308
352.662900 366.944000 351.326721 368.373901
351.018900 364.780500 349.709320 366.163605
349.445300 362.679200 348.155884 364.015808
347.970100 360.669800 346.688293 361.961670
346.587900 358.760700 345.285889 360.008972
345.269200 357.004900 343.950592 358.208740
343.987600 355.420000 342.679291 356.598358
342.722300 353.942300 341.421661 355.104187
341.428400 352.599100 340.142761 353.756134
340.132200 351.423100 338.850525 352.587219
338.769300 350.441200 337.496704 351.589111
337.341700 349.681300 336.059143 350.800415
335.777200 349.128400 334.529877 350.280518
334.132400 348.908200 332.881134 350.015167
332.452400 349.031300 331.183594 350.087036
330.797800 349.428100 329.528809 350.441895
329.211100 350.167300 327.933533 351.147339
327.641800 351.098300 326.371826 352.070374
326.094800 352.236000 324.831970 353.187256
324.512700 353.489700 323.228821 354.425385
322.875800 354.863500 321.543732 355.798889
321.135500 356.302000 319.765503 357.202698
319.250000 357.710100 317.851624 358.556427
317.242300 359.002400 315.824158 359.801819
315.093800 360.160000 313.636414 360.915344
312.852600 361.167400 311.385864 361.847565
310.509200 362.008200 309.044708 362.619812
308.069100 362.662200 306.621918 363.201447
305.560600 363.146700 304.094696 363.640900
302.953900 363.438100 301.514740 363.882080
300.313300 363.558500 298.869049 363.942169
297.631800 363.522600 296.193115 363.872101
294.885100 363.381000 293.468201 363.684021
292.104200 363.172300 290.667542 363.440155
289.300900 362.939000 287.869720 363.151276
286.491000 362.678500 285.057129 362.827728
283.693500 362.370200 282.254761 362.452728
280.920600 362.098000 279.502014 362.115662
278.169000 361.857400 276.731537 361.801849
275.446800 361.657400 274.027344 361.527466
272.737000 361.519800 271.305145 361.335358
270.035600 361.455000 268.587585 361.211761
267.327700 361.497700 265.857788 361.199005
264.630400 361.676000 263.129974 361.317017
261.940300 361.979900 260.447906 361.550537
259.250900 362.413000 257.748657 361.920746
256.573600 362.959900 255.049988 362.412048
253.917300 363.655300 252.382599 363.036591
251.288400 364.497000 249.739075 363.807800
248.680300 365.504900 247.086334 364.752838
246.094700 366.666900 244.482208 365.870361
243.562600 367.994000 241.909058 367.161957
241.083300 369.508300 239.415268 368.627350
238.697300 371.174900 237.010834 370.235657
236.432200 372.983900 234.732697 372.012787
234.282400 374.915600 232.559052 373.895752
232.221400 376.965100 230.486404 375.898682
230.283900 379.136000 228.539093 378.024017
228.445400 381.408600 226.694672 380.260315
226.762700 383.789500 225.003052 382.589966
225.240300 386.284200 223.448441 385.055725
223.870500 388.875300 222.052368 387.621094
222.651800 391.576800 220.802185 390.285004
221.610300 394.407600 219.707611 393.099487
220.731600 397.346700 218.769135 396.019592
220.036100 400.374900 218.014343 399.048157
219.492700 403.546000 217.432968 402.216797
219.131100 406.829700 217.013580 405.510803
218.954900 410.176200 216.796310 408.835266
218.961000 413.566100 216.775528 412.219299
219.145900 416.967900 216.926010 415.613739
219.451900 420.389700 217.200241 419.035645
219.829800 423.806600 217.534363 422.440186
220.310500 427.237200 217.961746 425.885681
220.868900 430.684800 218.458832 429.324402
221.441400 434.161900 218.956940 432.806000
222.038500 437.663400 219.485229 436.273132
222.674200 441.192400 220.033142 439.804901
223.324700 444.766400 220.574646 443.372925
223.976800 448.390400 221.134064 446.964966
224.645100 452.052600 221.703522 450.606567
225.326300 455.738000 222.288574 454.265045
226.013500 459.438200 222.881134 457.945160
226.742700 463.131400 223.519196 461.605286
227.489100 466.830800 224.170731 465.287628
228.247700 470.527000 224.846405 468.965637
229.012100 474.215100 225.525711 472.667969
229.762000 477.897100 226.199265 476.334717
230.499300 481.567900 226.842590 479.988190
231.252900 485.238400 227.511108 483.652740
232.010300 488.886300 228.169357 487.296173
232.763300 492.531800 228.840729 490.934357
233.545900 496.169700 229.521347 494.575531
234.328200 499.811600 230.192688 498.208099
235.108100 503.420000 230.880554 501.813324
235.907500 507.019800 231.592041 505.429657
236.703700 510.603300 232.307724 509.032288
237.481000 514.162500 232.988907 512.608032
238.249000 517.704200 233.671539 516.164490
239.014400 521.230500 234.351562 519.675659
239.746800 524.741600 234.987320 523.180725
240.436600 528.231300 235.608490 526.673584
241.102000 531.689500 236.198700 530.138123
241.740900 535.133300 236.785309 533.549194
242.359400 538.550300 237.349533 536.973938
242.993900 541.935900 237.928116 540.354736
243.655500 545.295800 238.537399 543.728394
244.307800 548.630700 239.148651 547.067017
244.986700 551.924500 239.791840 550.354370
245.686600 555.189800 240.456436 553.615051
246.402300 558.403000 241.135773 556.825134
247.160300 561.604000 241.845108 560.026550
247.954300 564.747800 242.600632 563.163879
248.799800 567.843200 243.414902 566.248230
249.719700 570.881500 244.282761 569.299133
250.691800 573.875500 245.208679 572.297852
251.722500 576.816900 246.204468 575.256775
252.792400 579.719200 247.235870 578.185425
253.899200 582.619100 248.282227 581.088257
254.999400 585.538800 249.312683 583.998047
256.084000 588.464600 250.325745 586.949585
257.132200 591.413100 251.291687 589.897644
258.142200 594.337700 252.236755 592.800720
259.143500 597.295100 253.166016 595.769104
260.132300 600.227900 254.087677 598.723328
261.124300 603.146400 255.016571 601.639648
262.175000 606.016800 256.017578 604.505493
263.321800 608.844200 257.100861 607.339539
264.592700 611.600700 258.334473 610.103088
266.012800 614.279900 259.694305 612.798767
267.588100 616.881700 261.218018 615.428467
269.323800 619.428300 262.914978 617.992920
271.210100 621.881800 264.755157 620.472046
273.238300 624.254900 266.724365 622.862549
275.373300 626.509900 268.821533 625.156921
277.623300 628.637000 271.013550 627.325928
279.976600 630.608900 273.323364 629.350403
282.453700 632.438800 275.745575 631.228394
285.065600 634.108700 278.336792 632.961182
287.781800 635.684200 281.012756 634.588745
290.614800 637.170400 283.812592 636.137573
293.572000 638.551300 286.738953 637.573303
296.640000 639.897800 289.756104 638.973694
299.815900 641.203200 292.888428 640.363647
303.076400 642.494500 296.086243 641.724426
306.357100 643.765800 299.292816 643.060669
309.674900 645.021300 302.558838 644.388855
312.999700 646.243800 305.832703 645.682251
316.341000 647.457400 309.109100 646.968323
319.656500 648.689200 312.355988 648.269287
322.948500 649.961000 315.596863 649.633545
326.166800 651.311700 318.776611 651.052429
329.336100 652.739100 321.891937 652.537415
332.444200 654.205600 324.946228 654.066467
335.400500 655.659200 327.875732 655.576172
338.177900 657.091100 330.670593 657.062134
340.853600 658.520100 333.357605 658.532715
343.392000 659.901300 335.896545 659.947388
345.797500 661.222900 338.304932 661.321167
348.061700 662.470200 340.579681 662.604370
350.227800 663.663600 342.763428 663.829346
352.269800 664.764500 344.817505 664.970703
354.171500 665.743600 346.707581 665.982605
355.867200 666.596600 348.404114 666.873169
357.385800 667.323400 349.894226 667.666992
358.688300 667.945100 351.181580 668.324951
359.785500 668.454700 352.269958 668.852966
360.684700 668.879300 353.176758 669.293396
361.448900 669.240500 353.925232 669.692566
362.202200 669.609800 354.658386 670.069946
362.884200 670.041700 355.290558 670.507996
363.544500 670.582800 355.951416 671.042358
364.209800 671.330500 356.624023 671.780151
364.845000 672.309500 357.170959 672.810303
365.349200 673.552400 357.598358 674.035400
365.693100 675.079000 357.886475 675.516357
365.765200 676.782400 357.810150 677.111145
365.523700 678.539500 357.520599 678.928650
365.089100 680.489300 356.969543 680.790649
364.466100 682.514600 356.221436 682.751526
363.616300 684.610800 355.301270 684.737305
362.501500 686.760700 354.152405 686.841675
361.240200 688.988000 352.859283 689.015503
359.916600 691.336700 351.470154 691.314819
358.517400 693.800300 350.002625 693.729492
357.035700 696.407500 348.422943 696.258667
355.508800 699.115600 346.798584 698.922180
353.904300 701.929300 345.091980 701.666443
352.257400 704.823800 343.333557 704.488403
350.567500 707.796400 341.530701 707.374268
348.841400 710.853200 339.682739 710.354431
347.061700 713.947900 337.750183 713.386230
345.240600 717.126500 335.796234 716.493774
343.396200 720.384700 333.807770 719.671265
341.517100 723.688800 331.797607 722.901367
339.619000 727.060600 329.769836 726.178833
337.697800 730.488300 327.724396 729.482666
335.746300 733.965100 325.601685 732.911377
333.767200 737.500800 323.470703 736.361511
331.787300 741.093200 321.337372 739.862427
329.802100 744.697600 319.198120 743.377258
327.822700 748.252900 317.096863 746.791504
325.882900 751.750500 315.014099 750.182251
323.953700 755.221900 312.935547 753.547424
322.019400 758.698600 310.864014 756.919312
320.037700 762.177600 308.745056 760.288635
318.097700 765.622300 306.661407 763.641846
316.183200 769.057500 304.590210 766.992432
314.250000 772.494900 302.482727 770.326599
312.275800 775.931500 300.345703 773.692017
310.254000 779.359500 298.165161 777.010864
308.122800 782.782800 295.878601 780.328735
305.862800 786.166800 293.485596 783.614868
303.500700 789.503100 290.984009 786.846741
300.970800 792.776600 288.340332 790.006165
298.346100 795.948700 285.602020 793.039490
295.632400 799.046800 282.767944 795.996826
292.854400 802.131000 279.864868 798.939697
290.021900 805.167500 276.899963 801.834106
287.126600 808.146600 273.895325 804.645508
284.119000 811.063300 270.765259 807.406128
281.041800 813.860300 267.575653 810.024902
277.869300 816.545900 264.320374 812.557495
274.646800 819.105600 261.018646 814.961060
271.386100 821.531200 257.659729 817.253357
268.116800 823.813700 254.299179 819.388000
264.867100 825.970500 250.957886 821.392395
261.611600 828.060300 247.613098 823.336365
258.412200 830.064600 244.314819 825.200989
255.270800 831.964500 241.055405 826.968262
252.165400 833.785500 237.878525 828.635132
249.035500 835.465400 234.770523 830.208313
245.676600 836.941500 231.737732 831.697571
242.526400 838.395100 228.816025 833.111572
239.649200 839.782300 226.009705 834.459290
236.954200 841.095200 223.372559 835.705688
234.477400 842.339200 220.911667 836.878479
232.193600 843.528700 218.606476 838.018677
230.093400 844.639300 216.496613 839.055176
228.164600 845.633300 214.564255 839.978943
226.339700 846.487500 212.726227 840.760559
224.559800 847.148600 210.937744 841.342102
222.862900 847.611100 209.248871 841.721863
221.160000 847.853200 207.586273 841.855042
219.343600 847.650900 205.878433 841.725159
217.613700 847.228800 204.193588 841.274658
215.983200 846.459000 202.596344 840.504883
214.496600 845.376700 201.096680 839.389648
213.166300 844.015600 199.803741 838.005371
211.989600 842.443000 198.695099 836.395081
210.942500 840.673500 197.734177 834.599670
210.015200 838.668700 196.880798 832.602234
209.177100 836.492300 196.196823 830.415527
208.420100 834.203400 195.510910 828.090332
207.685300 831.756600 194.886612 825.592346
206.966400 829.169500 194.305237 823.010498
206.234900 826.499600 193.721024 820.311829
205.491300 823.727800 193.093399 817.486572
204.726900 820.872900 192.454849 814.593384
203.960100 817.947300 191.788818 811.614990
203.188700 814.944500 191.134018 808.564697
202.387700 811.853000 190.436813 805.413696
201.557100 808.685000 189.737473 802.204163
200.707000 805.446700 189.028824 798.935425
199.837600 802.169300 188.288849 795.597778
198.959100 798.853000 187.550903 792.239319
198.078300 795.512000 186.808212 788.841064
197.208100 792.134200 186.061874 785.409058
196.331500 788.727300 185.306458 781.969055
195.393800 785.296400 184.515976 778.485046
194.407000 781.832200 183.670212 774.974976
193.372100 778.361600 182.784546 771.443542
192.268500 774.862700 181.827026 767.884766
191.104500 771.351900 180.812347 764.318420
189.900200 767.803200 179.758987 760.694153
188.697400 764.215300 178.696075 757.035950
187.525500 760.573100 177.676056 753.326904
186.417200 756.874800 176.720230 749.571594
185.391100 753.140200 175.840958 745.767700
184.425300 749.376100 175.027054 741.951355
183.505800 745.586000 174.276794 738.102112
182.630800 741.760500 173.565857 734.222473
181.799600 737.920600 172.897354 730.344360
180.995700 734.046000 172.263214 726.460022
180.235100 730.165100 171.638123 722.550110
179.509000 726.267300 171.035156 718.609070
178.782600 722.358000 170.439438 714.652222
178.060700 718.433400 169.873032 710.721924
177.362100 714.485400 169.347366 706.759644
176.683600 710.485300 168.822021 702.754639
176.012100 706.523900 168.332642 698.741394
175.366700 702.573200 167.839462 694.727356
174.771600 698.664000 167.401260 690.785400
174.208700 694.786000 166.996429 686.834839
173.664500 690.971400 166.601501 682.972778
173.120400 687.194400 166.205688 679.177429
172.609800 683.452500 165.808319 675.394226
172.111300 679.757200 165.448120 671.683899
171.620100 676.075400 165.075775 667.997131
171.116500 672.425100 164.704102 664.322937
170.597300 668.791300 164.320374 660.667664
170.061700 665.158300 163.938324 657.017395
169.508500 661.515700 163.550186 653.358093
168.924400 657.855800 163.138641 649.663696
168.353600 654.164700 162.739334 645.956970
167.787000 650.469600 162.366272 642.255493
167.241700 646.760000 162.011032 638.545166
166.711700 643.033600 161.644440 634.800354
166.161900 639.298500 161.260193 631.041992
165.603300 635.547200 160.887039 627.300720
165.019900 631.781100 160.488098 623.513550
164.407900 627.989800 160.067383 619.720825
163.795100 624.165700 159.650024 615.894897
163.188600 620.333500 159.215881 612.032898
162.585900 616.485800 158.788940 608.169495
162.003800 612.637200 158.359100 604.278564
161.404000 608.796100 157.953888 600.419739
160.758000 604.972100 157.538376 596.531738
160.133600 601.135300 157.129272 592.618408
159.495800 597.273400 156.709106 588.729431
158.840300 593.366000 156.296188 584.766846
158.208600 589.447000 155.876038 580.773865
157.580800 585.515400 155.461090 576.784119
156.942900 581.558400 155.033295 572.800415
156.315100 577.584700 154.623291 568.821838
155.693100 573.602200 154.214386 564.832642
155.097900 569.612100 153.814026 560.841492
154.494600 565.631700 153.403503 556.832703
153.882900 561.635800 152.990707 552.830750
153.275400 557.661700 152.560532 548.817017
152.657100 553.699500 152.139832 544.811218
152.007000 549.736100 151.718475 540.814392
151.335500 545.780700 151.273270 536.821533
150.702300 541.830000 150.840515 532.795959
150.111100 537.863200 150.435852 528.828613
149.565800 533.878000 150.004974 524.801147
149.070700 529.886400 149.608200 520.789978
148.583300 525.892200 149.231339 516.793762
148.098100 521.899600 148.845535 512.781494
147.615200 517.906000 148.476669 508.766846
147.078600 513.924800 148.075073 504.760498
146.557400 509.928000 147.665421 500.750397
145.990800 505.947400 147.250885 496.771606
145.414200 501.983900 146.845810 492.782043
144.839400 498.023200 146.413864 488.794922
144.237000 494.066600 145.948975 484.808533
143.642200 490.086700 145.495499 480.811951
143.093600 486.100600 145.051163 476.825897
142.520000 482.109500 144.608673 472.833160
141.953600 478.120000 144.195404 468.848358
141.409200 474.120700 143.781479 464.849243
140.866200 470.116800 143.389954 460.846436
140.329900 466.129000 142.993698 456.868958
139.802900 462.170200 142.604568 452.920532
139.285200 458.259400 142.228531 449.026855
138.767400 454.380800 141.858795 445.177582
138.265200 450.537100 141.504623 441.367767
137.781900 446.703500 141.154404 437.529755
137.326700 442.890000 140.839172 433.724243
136.905100 439.064700 140.554260 429.881195
136.518100 435.237300 140.296234 426.052094
136.143200 431.414200 140.055420 422.233429
135.825400 427.592200 139.856918 418.419983
135.543200 423.737300 139.723129 414.575409
135.270100 419.908100 139.600723 410.750763
135.035900 416.031200 139.544250 406.869690
134.860400 412.167200 139.529739 403.005707
134.729600 408.319200 139.558945 399.155304
134.657500 404.515600 139.644226 395.378296
134.622800 400.768700 139.758133 391.660370
134.596400 397.079600 139.861023 387.968079
134.623000 393.460300 140.021927 384.334442
134.664700 389.903700 140.204666 380.775665
134.742900 386.395400 140.415817 377.275970
134.849100 382.945500 140.645081 373.845001
134.972000 379.565400 140.882019 370.479095
135.131800 376.244700 141.149811 367.163116
135.333900 373.018200 141.456421 363.963867
135.556500 369.861200 141.793442 360.827972
135.838900 366.777100 142.180054 357.776276
136.225700 363.791900 142.666611 354.832520
136.738700 360.891300 143.265350 351.963226
137.359000 358.081000 143.992493 349.170197
138.112400 355.303200 144.858398 346.416992
138.966200 352.534800 145.813538 343.679352
139.893600 349.805900 146.822479 340.986877
140.896000 347.157200 147.901993 338.370453
141.971400 344.579000 149.032990 335.855591
143.130500 342.084500 150.271362 333.415894
144.392300 339.674500 151.601227 331.061340
145.777400 337.332100 153.037933 328.776276
147.331500 335.073900 154.637451 326.594727
149.057400 332.893100 156.403976 324.500366
150.967000 330.772000 158.347748 322.506592
153.050000 328.762800 160.468933 320.629517
155.286900 326.913400 162.744614 318.861298
157.696000 325.210700 165.168869 317.272736
160.258100 323.696400 167.731750 315.891296
162.973100 322.395300 170.415588 314.731628
165.832800 321.314600 173.248505 313.811951
168.823000 320.455500 176.225800 313.086365
171.915000 319.751800 179.296875 312.519623
175.093600 319.154400 182.463943 312.059204
178.356600 318.621500 185.717224 311.653656
181.670600 318.107800 189.077789 311.281067
184.954100 317.552100 192.508514 310.937317
188.360600 317.014600 196.037689 310.584259
191.810500 316.498600 199.565063 310.222961
195.303300 315.956300 203.155121 309.802216
198.810200 315.370500 206.724396 309.347076
202.319700 314.727700 210.307434 308.826324
205.854900 314.018600 213.878632 308.243744
209.382100 313.210000 217.466141 307.552124
212.873900 312.313500 221.008392 306.781555
216.282400 311.315800 224.465454 305.909027
219.602300 310.211800 227.810577 304.924133
222.828600 308.969500 231.048431 303.807861
225.892800 307.618500 234.174713 302.572021
228.857400 306.132600 237.176727 301.202362
231.705300 304.510000 240.104797 299.663483
234.404500 302.795000 242.860245 298.064758
236.964200 301.022400 245.471222 296.406647
239.357400 299.191600 247.927048 294.654449
241.573300 297.348000 250.194656 292.907593
243.583200 295.531300 252.292114 291.149719
245.364000 293.745300 254.147049 289.421875
246.928300 292.003400 255.772720 287.730988
248.255900 290.313300 257.124756 286.107452
249.318200 288.712300 258.262634 284.517212
250.170400 287.137600 259.166809 282.988647
250.789300 285.600000 259.838501 281.449158
251.165900 284.019700 260.280548 279.842072
251.314100 282.347000 260.524109 278.211121
251.208600 280.685900 260.486572 276.552612
250.772400 279.031200 260.131226 274.795502
249.999900 277.363100 259.426147 273.064087
248.862600 275.742500 258.313080 271.382416
247.391400 274.199800 256.892944 269.792511
245.604100 272.717600 255.181107 268.245850
243.606700 271.249000 253.244781 266.700439
241.483200 269.657000 251.155838 265.017914
239.255900 267.931300 249.007050 263.223602
236.942400 266.062700 246.759506 261.264771
234.573400 264.060900 244.495972 259.193359
232.194200 261.911300 242.222412 256.965088
229.828600 259.643500 239.923294 254.598831
227.459400 257.285700 237.615189 252.159607
225.117700 254.818300 235.385941 249.628571
222.794900 252.268100 233.126221 246.987335
220.539900 249.684100 230.957611 244.328217
218.379000 247.150200 228.881454 241.712372
216.331900 244.688600 226.934494 239.176788
214.447100 242.296600 225.127426 236.708664
212.738900 239.986300 223.472290 234.333603
211.155100 237.800000 221.942078 232.093781
209.645500 235.806000 220.474564 230.016571
208.153800 234.063200 219.004227 228.194855
206.642600 232.599300 217.527466 226.667618
205.050700 231.388700 215.969559 225.413437
203.386000 230.453900 214.336746 224.418518
201.568800 229.804200 212.505524 223.676422
199.652600 229.469400 210.535156 223.257355
197.649300 229.448700 208.495377 223.211395
195.695200 229.808500 206.486023 223.507095
193.757500 230.545900 204.482727 224.185287
191.873400 231.575500 202.503662 225.161743
190.008500 232.786900 200.532364 226.318115
188.027800 234.075600 198.420227 227.578629
185.893500 235.390300 196.184723 228.829117
183.609800 236.705800 193.780197 230.102905
181.165200 238.005100 191.231567 231.321350
178.517300 239.254000 188.531845 232.458572
175.726900 240.407000 185.703094 233.485214
172.707400 241.421200 182.676331 234.410660
169.603600 242.357600 179.607117 235.262878
166.445500 243.209000 176.468185 236.017120
163.269700 243.975200 173.255707 236.667999
160.018600 244.710100 170.028946 237.300110
156.736700 245.397400 166.786453 237.877792
153.408400 246.036100 163.482162 238.425522
150.090200 246.634600 160.158203 238.927826
146.806300 247.228400 156.865479 239.397644
143.505000 247.801600 153.570541 239.852097
140.209300 248.367500 150.296692 240.303360
136.935100 248.926700 147.036285 240.741730
133.701200 249.482000 143.809464 241.195251
130.512300 250.041400 140.611633 241.664795
127.368600 250.623000 137.440369 242.185715
124.279500 251.271600 134.316437 242.762360
121.226800 251.988400 131.233765 243.426880
118.235900 252.796200 128.205780 244.162842
115.296000 253.710500 125.231308 245.015671
112.410900 254.793600 122.297516 245.992737
109.550100 256.073600 119.382942 247.151520
106.765300 257.559400 116.558975 248.489075
104.058300 259.195200 113.801826 250.019623
101.451300 260.983800 111.126114 251.702454
98.958900 262.930000 108.552078 253.540253
96.560750 265.038400 106.058411 255.541656
94.233290 267.302400 103.647240 257.687134
91.992660 269.682500 101.335625 259.990509
89.872160 272.215300 99.128487 262.457428
87.867480 274.902800 97.038574 265.071136
85.990600 277.735000 95.071648 267.821167
84.244040 280.710100 93.217499 270.731506
82.619100 283.777000 91.485275 273.737183
81.079690 286.968600 89.821701 276.885864
79.784310 290.233300 88.412697 280.091766
78.568560 293.653400 87.061989 283.449921
77.471470 297.091000 85.832008 286.805878
76.507590 300.590600 84.741287 290.223114
75.684350 304.118500 83.787933 293.703705
74.993740 307.691900 82.960342 297.233307
74.448540 311.297700 82.289810 300.811554
74.042020 314.935900 81.754814 304.419769
73.771590 318.594800 81.358170 308.035797
73.715910 322.261900 81.042969 311.681061
73.769420 325.907700 80.803696 315.312500
73.817040 329.552100 80.623962 318.951996
74.000290 333.173500 80.486084 322.578064
74.172500 336.809200 80.379639 326.176819
74.344680 340.442200 80.317719 329.808289
74.514430 344.091300 80.304733 333.410522
74.662940 347.746700 80.270370 337.028137
74.736070 351.400000 80.157219 340.620880
74.769320 355.000700 80.052681 344.189453
74.814470 358.586500 79.942497 347.744965
74.746920 362.178000 79.801857 351.311096
74.686830 365.745600 79.644020 354.854980
74.555740 369.317000 79.454193 358.388977
74.360040 372.935200 79.200676 361.945831
74.109450 376.533900 78.877930 365.477417
73.828330 380.133100 78.503418 369.021271
73.476450 383.716600 78.055008 372.524353
73.062260 387.295400 77.560654 376.046753
72.635640 390.839200 77.033539 379.542145
72.123690 394.365700 76.396332 383.023682
71.585570 397.910500 75.735374 386.533325
70.976400 401.435000 75.010254 390.024414
70.311850 404.959700 74.225807 393.516876
69.602670 408.449900 73.395927 397.002502
68.879140 411.948200 72.585609 400.488190
68.139490 415.452800 71.744759 403.932434
67.432580 418.981100 70.905960 407.377197
66.735590 422.501800 70.065491 410.829529
66.031790 425.991100 69.257759 414.305573
65.337700 429.457600 68.444481 417.779449
64.678150 432.971500 67.661224 421.286560
64.092350 436.564700 66.959457 424.856995
63.538820 440.165700 66.291008 428.408386
63.089490 443.780200 65.710983 431.995514
62.687700 447.405600 65.203735 435.572327
62.395430 451.016900 64.794113 439.140656
62.179910 454.600300 64.458748 442.716583
62.016060 458.184800 64.169846 446.287292
61.878910 461.762700 63.904846 449.853241
61.782260 465.339800 63.672668 453.414490
61.711200 468.924000 63.458221 456.980896
61.669710 472.506000 63.278297 460.553833
61.695530 476.094800 63.152882 464.107361
61.729390 479.666900 63.043747 467.672028
61.822870 483.270300 62.989716 471.254547
61.924810 486.878100 62.939056 474.850189
62.056550 490.478600 62.920086 478.442047
62.176020 494.117900 62.898689 482.095856
62.266690 497.773900 62.846306 485.712128
62.330910 501.484400 62.786453 489.402039
62.383600 505.245100 62.750381 493.060516
62.456820 509.016300 62.746986 496.794678
62.639660 512.800600 62.853519 500.563812
62.868350 516.638100 63.002846 504.373535
63.106400 520.456700 63.141632 508.154846
63.367240 524.259400 63.310028 511.939178
63.593570 528.081800 63.432709 515.716675
63.801530 531.888200 63.530277 519.498169
64.024540 535.667900 63.634819 523.248962
64.206830 539.467500 63.689747 527.010742
64.344710 543.234900 63.701134 530.709656
64.496310 546.996900 63.719852 534.422363
64.631930 550.743000 63.719372 538.126282
64.749170 554.462700 63.705368 541.821350
64.914610 558.167300 63.740658 545.502563
65.103700 561.867200 63.799335 549.201416
65.335960 565.517200 63.896751 552.828308
65.569200 569.190200 63.984138 556.453918
65.794250 572.863800 64.082008 560.092224
65.979210 576.521900 64.143089 563.720642
66.180050 580.172300 64.238182 567.312866
66.362280 583.853000 64.303886 570.978394
66.538350 587.515200 64.364754 574.603455
66.682270 591.168900 64.389252 578.227661
66.777600 594.811400 64.371132 581.831299
66.890400 598.420300 64.357513 585.414978
67.026690 602.042900 64.359810 589.026733
67.177460 605.622900 64.396889 592.603699
67.323020 609.198300 64.420883 596.155151
67.450500 612.758000 64.438850 599.708923
67.653570 616.289300 64.534836 603.231018
67.878290 619.813700 64.655525 606.765686
68.154010 623.308500 64.826164 610.234314
68.437020 626.799600 65.004425 613.715149
68.771410 630.257700 65.234924 617.181580
69.202550 633.695200 65.546509 620.600037
69.600670 637.103300 65.859573 623.959045
70.036830 640.488700 66.193344 627.333252
70.506270 643.807100 66.553818 630.643555
70.892770 647.161500 66.832596 634.003357
71.232770 650.443300 67.069504 637.316650
71.580170 653.720500 67.302979 640.525513
71.988160 656.939000 67.540329 643.807068
72.305150 660.204100 67.725052 647.028442
72.604120 663.408400 67.858391 650.255981
72.917010 666.635000 67.984337 653.486694
73.242550 669.852400 68.118759 656.739258
73.637330 673.050100 68.281334 659.976013
74.027710 676.284300 68.491081 663.231506
74.459600 679.526800 68.773651 666.472229
74.950660 682.820100 69.121834 669.747070
75.485380 686.101000 69.475739 673.052673
75.997000 689.438300 69.857323 676.372742
76.620780 692.817900 70.286530 679.745239
77.255750 696.266300 70.759415 683.172913
77.860920 699.720200 71.219574 686.627625
78.456960 703.252300 71.675797 690.182922
79.046650 706.838300 72.125137 693.786865
79.748960 710.431700 72.579102 697.402710
80.377820 714.087800 73.027481 701.096130
80.984990 717.795000 73.516479 704.825195
81.568530 721.524100 74.001511 708.524719
82.226950 725.230100 74.519867 712.248962
82.971570 728.932500 75.091667 715.978516
83.716810 732.637800 75.674881 719.669373
84.461420 736.340000 76.313919 723.427429
85.205890 740.041500 77.022263 727.128784
85.988280 743.734800 77.748009 730.824158
86.881120 747.371500 78.505493 734.473450
87.770200 751.019300 79.258110 738.142944
88.659140 754.657900 80.019539 741.761475
89.568830 758.256300 80.833733 745.408447
90.529500 761.919200 81.686394 749.073792
91.504420 765.495400 82.546204 752.641174
92.518360 769.126400 83.447762 756.300415
93.541990 772.703400 84.359573 759.864929
94.615270 776.302000 85.323181 763.498108
95.687250 779.833200 86.288422 767.058716
96.764590 783.369100 87.269325 770.607727
97.857970 786.887700 88.280228 774.130066
98.977700 790.363900 89.300919 777.635620
100.102700 793.842400 90.335358 781.130737
101.281700 797.278800 91.413437 784.585449
102.480100 800.701200 92.511444 788.047119
103.706800 804.080200 93.608627 791.444153
104.948300 807.449200 94.753616 794.891174
106.192400 810.798000 95.869492 798.258118
107.467000 814.117100 97.030609 801.635315
108.775000 817.411500 98.200317 804.974304
110.077600 820.689800 99.381226 808.303711
111.337000 823.916800 100.529022 811.601013
112.595900 827.082700 101.680054 814.816284
113.862500 830.153000 102.850708 817.917786
115.118400 833.166500 103.996552 820.971924
116.423500 836.128900 105.200760 823.980774
117.895400 839.037200 106.542068 826.956543
119.447600 841.885100 107.987488 829.881653
121.088600 844.701900 109.541840 832.785767
122.872100 847.290700 111.141418 835.578186
124.724400 849.810800 112.885345 838.365356
126.575500 852.329600 114.657196 841.014160
128.426600 854.848600 116.488129 843.608643
130.276800 857.367000 118.309418 846.078186
132.127400 859.883600 120.117767 848.440918
133.992200 862.014800 121.928833 850.671875
135.814600 864.035300 123.671783 852.802307
137.604800 865.988300 125.384003 854.837280
139.298200 867.835900 127.031616 856.770020
140.919200 869.609300 128.609161 858.600281
142.486000 871.338400 130.111572 860.407043
143.940800 872.954000 131.508331 862.099243
145.300100 874.412900 132.818451 863.620117
146.559000 875.661600 134.036652 864.923462
147.650800 876.418400 135.136078 865.974426
148.685500 877.020600 136.101074 866.789246
149.713200 877.623900 137.050781 867.493286
150.732500 878.227900 138.076569 868.071533
151.742600 878.831700 139.100861 868.511230
152.808100 879.342000 140.257019 868.853027
154.068700 879.516900 141.521576 869.074402
155.413300 879.479400 142.903610 869.139526
156.888700 879.272300 144.415436 869.007324
158.478100 878.881900 146.023163 868.665344
160.134900 878.287500 147.716705 868.116882
161.860100 877.489100 149.479080 867.370361
163.672500 876.562600 151.330154 866.496460
165.594100 875.530000 153.290756 865.531189
167.624000 874.437100 155.363724 864.506775
169.770000 873.289900 157.536179 863.431885
172.035600 872.094100 159.829773 862.318359
174.385300 870.862300 162.209473 861.151184
176.854600 869.589200 164.715012 859.953796
179.401000 868.288100 167.296661 858.736938
181.975500 866.969700 169.882233 857.478577
184.536700 865.639500 172.486740 856.215149
187.062400 864.284700 175.051620 854.926636
189.538900 862.924800 177.564621 853.640198
191.918900 861.611300 179.977585 852.397095
194.206900 860.315700 182.304855 851.166443
196.343300 858.956400 184.518539 850.020813
198.368400 857.888200 186.658096 848.975708
200.275000 856.919100 188.704163 848.061401
202.193600 856.085800 190.669922 847.307373
204.073500 855.496400 192.565643 846.805969
205.960400 855.183900 194.336670 846.551697
207.864300 855.202100 196.157318 846.607178
209.713700 855.529100 197.955139 846.943176
211.499200 856.220700 199.698242 847.673950
213.188100 857.107700 201.297180 848.756592
214.784400 858.522000 202.812531 850.162231
216.227100 860.190500 204.145935 851.865051
217.589200 862.100400 205.419769 853.808594
218.870200 864.194100 206.592468 855.932007
220.036500 866.491500 207.640610 858.240967
221.092500 868.955100 208.596588 860.729980
222.159200 871.551200 209.561737 863.394348
223.261300 874.233400 210.574066 866.136292
224.402100 877.003500 211.610229 868.959229
225.538100 879.835200 212.631897 871.867004
226.647400 882.714200 213.627991 874.788574
227.713000 885.605500 214.588623 877.773682
228.729800 888.498800 215.485077 880.737000
229.740400 891.364700 216.419571 883.616455
230.756400 894.190300 217.345856 886.509644
231.798000 896.975600 218.293503 889.341309
232.862200 899.689300 219.267426 892.116577
234.006400 902.314400 220.323380 894.802979
235.284000 904.779800 221.547256 897.374878
236.717300 907.106500 222.916077 899.770508
238.297800 909.282700 224.422546 902.024048
240.026200 911.279800 226.062714 904.064941
241.899800 913.107900 227.878143 905.980103
243.969200 914.753500 229.830322 907.701965
246.167200 916.200700 231.905823 909.225220
248.519300 917.425900 234.140869 910.534363
250.970500 918.372900 236.535034 911.649170
253.540200 919.159700 239.082611 912.550781
256.240400 919.688000 241.776352 913.190430
259.064500 919.965800 244.596725 913.558594
262.004800 920.092700 247.586990 913.850342
265.032800 920.081200 250.649597 913.954895
268.210100 920.078400 253.796707 913.904907
271.495300 919.927300 257.055817 913.786865
274.820000 919.698100 260.342224 913.623169
278.229300 919.336300 263.680603 913.366028
281.674700 918.885400 267.067383 913.042664
285.133600 918.345800 270.526367 912.638184
288.622600 917.728600 274.046936 912.165222
292.132800 917.013700 277.583191 911.601562
295.617300 916.238200 281.101746 910.961548
299.090900 915.358200 284.608368 910.255310
302.533100 914.353500 288.053131 909.461670
305.943200 913.309900 291.494659 908.594666
309.311700 912.191400 294.904327 907.659790
312.679900 911.045400 298.265350 906.666565
316.061700 909.902400 301.667786 905.666321
319.450400 908.753400 305.077148 904.653015
322.840000 907.560400 308.499756 903.600952
326.249400 906.356000 311.927979 902.546021
329.691100 905.139800 315.393250 901.475952
333.195400 903.900600 318.933044 900.374817
336.754600 902.625300 322.514404 899.241516
340.384100 901.328400 326.187897 898.074463
344.064600 899.969000 329.903168 896.852417
347.769700 898.590900 333.633911 895.616516
351.401700 897.220500 337.288757 894.381287
354.975200 895.841100 340.896545 893.136597
358.485000 894.463600 344.445587 891.892212
361.949500 893.084300 347.943237 890.652527
365.336200 891.732700 351.360077 889.431946
368.619200 890.389400 354.694427 888.218994
371.749500 889.112100 357.877075 887.067383
374.681800 887.918900 360.865845 885.990967
377.389200 886.824500 363.628845 884.994263
379.874900 885.837000 366.135742 884.082092
382.177900 884.931600 368.469025 883.249390
384.328100 884.100300 370.623535 882.476135
386.400700 883.311200 372.705505 881.738098
388.376900 882.536800 374.723083 881.029663
390.309000 881.774800 376.696930 880.328613
392.306100 880.993700 378.718994 879.620911
394.377700 880.162100 380.836426 878.871155
396.550200 879.262200 383.059387 878.072998
398.842300 878.314900 385.393127 877.236023
401.259600 877.339000 387.843536 876.366577
403.789800 876.325100 390.430420 875.462158
406.435900 875.291100 393.112671 874.540039
409.217000 874.214500 395.909607 873.575684
412.118100 873.111300 398.827393 872.573425
415.118700 871.959800 401.773376 871.555725
418.218100 870.771000 404.873596 870.491089
421.393100 869.520300 408.053131 869.372864
424.627300 868.193200 411.327728 868.167603
427.914800 866.771900 414.657135 866.882202
431.247800 865.254500 418.067078 865.497131
434.552400 863.690400 421.468231 864.066589
437.807500 862.081600 424.802704 862.596375
440.966600 860.444200 428.018433 861.097778
444.049200 858.816700 431.177765 859.569153
447.069000 857.193700 434.256622 858.058228
450.037100 855.607100 437.276093 856.600952
452.944600 854.081100 440.210724 855.205261
455.777600 852.654400 443.057617 853.907288
458.467600 851.383400 445.751892 852.742188
460.990700 850.198200 448.287201 851.663147
463.426800 849.070300 450.718842 850.657166
465.787600 847.990900 453.079498 849.679382
468.094900 846.950600 455.411957 848.740051
470.366800 845.937300 457.707031 847.827148
472.708100 844.897600 460.071533 846.884949
475.121700 843.800400 462.498688 845.895264
477.587500 842.683800 464.995789 844.899597
480.152400 841.532300 467.610901 843.837585
482.766300 840.339500 470.270081 842.744629
485.445100 839.143200 473.003601 841.626343
488.188300 837.891400 475.751953 840.496399
490.987500 836.623000 478.537445 839.362732
493.803100 835.351100 481.360168 838.214844
496.624700 834.094400 484.215881 837.067017
499.474300 832.809600 487.113525 835.900085
502.358500 831.502600 490.045410 834.699829
505.286800 830.236700 493.007446 833.501404
508.248000 828.948300 495.999664 832.303345
511.244100 827.658100 499.010345 831.106262
514.267100 826.347100 502.043457 829.898804
517.327800 825.031500 505.103333 828.704041
520.388500 823.719100 508.176514 827.512634
523.389100 822.420300 511.186249 826.337952
526.283400 821.190400 514.098633 825.216248
529.057000 820.023600 516.886536 824.153870
531.704800 818.934000 519.552124 823.158691
534.226500 817.916400 522.105347 822.235352
536.656700 816.946600 524.561890 821.364624
539.023500 815.952900 526.953735 820.454590
541.317300 814.866300 529.292847 819.467712
543.532000 813.688600 531.554138 818.366699
545.686900 812.396800 533.752991 817.140747
547.734700 810.971800 535.848633 815.786377
549.629400 809.339400 537.799805 814.215149
551.297600 807.502100 539.557251 812.408752
552.779900 805.465100 541.135559 810.378052
554.025400 803.122900 542.507385 808.103027
555.053800 800.603800 543.634033 805.584595
555.833800 797.890700 544.506531 802.878540
556.486200 795.031700 545.280151 800.027100
557.103100 792.043700 545.994385 797.074951
557.706900 788.950900 546.709229 794.010254
558.314100 785.757400 547.429749 790.856934
558.963000 782.480200 548.186951 787.623352
559.664300 779.132300 548.989624 784.315735
560.383500 775.702500 549.806519 780.915039
561.143700 772.190100 550.679199 777.482605
561.955700 768.606200 551.579895 773.968994
562.794300 764.921400 552.489563 770.372498
563.665600 761.194600 553.435913 766.709717
564.512000 757.439400 554.385132 763.020508
565.360500 753.691900 555.338318 759.329529
566.202300 749.955700 556.276672 755.650818
567.038700 746.210000 557.225464 751.966003
567.914000 742.455400 558.189880 748.267944
568.809800 738.700200 559.189514 744.577087
569.651600 734.948800 560.138245 740.845642
570.504400 731.165000 561.101929 737.100220
571.381700 727.390900 562.097412 733.355286
572.231200 723.645800 563.047791 729.636597
573.054100 719.904800 563.987915 725.943604
573.889700 716.163100 564.918579 722.244873
574.718600 712.404800 565.869934 718.527649
575.527100 708.639600 566.787720 714.807251
576.261300 704.869800 567.634766 711.032959
576.930700 701.064300 568.409668 707.259521
577.575900 697.234700 569.148560 703.456848
578.192400 693.375300 569.853699 699.645874
578.778500 689.496000 570.550232 695.781006
579.345900 685.591800 571.207336 691.889771
579.857300 681.665400 571.833984 688.009216
580.310600 677.720500 572.422363 684.058228
580.758800 673.746400 572.996704 680.103027
581.155000 669.796200 573.519226 676.169250
581.510700 665.865700 573.993286 672.263428
581.822900 661.969700 574.417969 668.371704
582.077900 658.112900 574.795654 664.562988
582.273900 654.274900 575.103760 660.724243
582.437900 650.427100 575.393860 656.871033
582.599800 646.577200 575.670898 653.006165
582.753900 642.693800 575.924744 649.122437
582.851400 638.813400 576.110840 645.249146
582.898800 634.890000 576.286133 641.336914
582.982400 630.949500 576.477051 637.395020
583.073100 627.003400 576.689331 633.454407
583.192100 623.061600 576.924438 629.471741
583.328900 619.143000 577.178406 625.541565
583.475300 615.223700 577.432434 621.611877
583.625900 611.282200 577.700012 617.680908
583.720700 607.341100 577.976807 613.748535
583.834500 603.396300 578.265503 609.785950
583.934300 599.462000 578.542969 605.828186
584.036500 595.562800 578.817871 601.935242
584.162200 591.689200 579.090149 598.033936
584.227300 587.867900 579.372864 594.183594
584.317600 584.024500 579.656982 590.310913
584.499000 580.192700 580.009460 586.489807
584.808000 576.397200 580.477539 582.692688
585.238500 572.636300 581.041321 578.935547
585.796800 568.901300 581.738770 575.209717
586.480500 565.193700 582.553406 571.495972
587.248500 561.507600 583.435852 567.804321
588.029900 557.836500 584.325195 564.139282
588.838600 554.171600 585.218567 560.535767
589.673700 550.509400 586.129211 556.923645
590.516100 546.866500 587.056274 553.312134
591.343500 543.261900 587.952026 549.765625
592.132200 539.698600 588.833374 546.227478
592.828000 536.162600 589.618591 542.725220
593.460000 532.659000 590.334045 539.250366
594.031700 529.277200 590.987976 535.883484
594.554500 526.081000 591.601624 532.723511
595.075800 523.072600 592.196350 529.769409
595.617300 520.255100 592.808594 526.976196
596.166400 517.626800 593.416870 524.383118
596.704800 515.143200 594.019714 521.908508
597.194900 512.833500 594.574707 519.614746
597.576200 510.694300 595.010742 517.474731
597.786600 508.667900 595.279358 515.425171
597.747500 506.649500 595.344055 513.410034
597.514600 504.697700 595.186401 511.425903
597.070500 502.800000 594.795349 509.514984
596.402400 500.998300 594.174927 507.692200
595.438900 499.228700 593.244934 505.846924
594.162500 497.526700 592.008850 504.081818
592.513700 495.900800 590.472351 502.477844
590.635600 494.532500 588.648132 501.071655
588.500500 493.343000 586.554199 499.832703
586.178900 492.278900 584.243225 498.706482
583.738500 491.279000 581.802063 497.636597
581.166800 490.215600 579.241516 496.497253
578.490800 489.083700 576.567749 495.290649
575.723500 487.861500 573.796631 493.994812
572.904600 486.554700 570.995972 492.613892
570.042200 485.190900 568.163574 491.173096
567.169200 483.760200 565.320679 489.665649
564.280500 482.280300 562.443237 488.109924
561.350400 480.769600 559.542908 486.528137
558.405800 479.261600 556.636780 484.963928
555.376800 477.743300 553.682861 483.356689
552.348800 476.229900 550.704529 481.741516
549.309400 474.657200 547.716919 480.089417
546.268100 473.067100 544.747925 478.423950
543.205700 471.460400 541.743835 476.742432
540.123400 469.844900 538.695618 475.049866
537.055800 468.227900 535.667847 473.360504
534.039300 466.620500 532.677673 471.684570
531.070100 465.041900 529.736389 470.032654
528.189800 463.496400 526.872986 468.410889
525.392500 461.985300 524.106567 466.822571
522.696400 460.482700 521.431213 465.248077
520.138600 459.018200 518.898682 463.703064
517.756100 457.609300 516.527771 462.233185
515.544600 456.272300 514.310364 460.838928
513.468500 454.993400 512.221619 459.495422
511.515000 453.792000 510.239258 458.233459
509.647000 452.752700 508.378082 457.136169
507.816400 451.952700 506.537933 456.257202
506.024700 451.375100 504.734833 455.627472
504.164400 451.057300 502.837891 455.244629
502.213400 450.955500 500.922211 455.138885
500.360000 451.174600 499.045044 455.295746
498.532400 451.717400 497.181824 455.773468
496.762400 452.594900 495.350769 456.596924
495.085200 453.803100 493.635010 457.779816
493.512800 455.370800 492.067169 459.271698
492.140200 457.192000 490.619781 461.117706
490.899800 459.329000 489.269287 463.305145
489.697100 461.689000 487.933929 465.685242
488.436200 464.216900 486.523102 468.256287
487.065300 466.910000 485.048767 470.932617
485.589500 469.753000 483.453766 473.752319
484.009700 472.740300 481.756256 476.733246
482.314200 475.837000 479.974854 479.802094
480.567300 479.018100 478.151306 482.979889
478.766800 482.282500 476.249115 486.265564
476.977200 485.484200 474.331482 489.454224
475.149800 488.770200 472.369415 492.756348
473.326600 492.020400 470.409393 496.013428
471.475600 495.302800 468.417419 499.356995
469.568200 498.617300 466.404877 502.665039
467.651300 501.958900 464.387115 506.005798
465.708000 505.334400 462.337494 509.350098
463.769100 508.731500 460.297729 512.710388
461.845200 512.161900 458.275757 516.110962
459.919600 515.621400 456.250549 519.528320
457.939000 519.112900 454.234711 522.934082
455.953400 522.620500 452.207703 526.369141
453.935100 526.117100 450.168152 529.782776
451.928900 529.614300 448.124695 533.219788
449.964500 533.134600 446.068665 536.680054
448.010500 536.687300 444.037964 540.161133
446.054100 540.236000 442.013763 543.652710
444.056100 543.807900 439.982056 547.152283
442.049300 547.417800 437.938599 550.690735
440.037800 551.028500 435.882385 554.224243
438.025200 554.634600 433.819031 557.734924
435.977800 558.237500 431.732178 561.267822
433.919500 561.855000 429.609039 564.824158
431.843000 565.470100 427.482758 568.390747
429.767800 569.108300 425.333496 571.956543
427.667800 572.747600 423.174530 575.509705
425.537800 576.435200 421.015015 579.125183
423.436400 580.100900 418.869812 582.652588
421.318500 583.767700 416.694214 586.229614
419.219900 587.449100 414.513550 589.838013
417.120400 591.134600 412.334167 593.437561
415.005200 594.832500 410.186401 597.046509
412.888500 598.541400 408.004211 600.629578
410.755500 602.261600 405.795990 604.214600
408.648800 605.999000 403.627441 607.849243
406.499300 609.720300 401.395203 611.433105
404.349900 613.457900 399.157837 615.092590
402.219500 617.158900 396.956055 618.683899
400.144400 620.804100 394.782959 622.234802
398.088300 624.376000 392.630493 625.728516
396.094000 627.872100 390.558746 629.189026
394.096100 631.363900 388.469116 632.600952
392.096200 634.841100 386.374146 636.024170
390.122200 638.266000 384.303925 639.380615
388.138200 641.719200 382.228760 642.740356
386.190000 645.182000 380.175476 646.074463
384.289400 648.626900 378.147522 649.412476
382.388400 652.005600 376.130127 652.718201
380.473700 655.356700 374.106110 655.978760
378.503900 658.701400 372.059845 659.220154
376.494800 662.062000 369.999817 662.497864
374.499000 665.373200 367.934204 665.782349
372.495100 668.759000 365.829834 669.099854
370.503500 672.182700 363.748596 672.445190
368.470500 675.625200 361.616089 675.805664
366.423200 679.124800 359.465820 679.236145
364.370700 682.649600 357.314178 682.674316
362.295100 686.175900 355.141724 686.133911
360.227100 689.735900 352.941864 689.621155
358.182300 693.297500 350.842102 693.141724
356.109700 696.850900 348.682892 696.615295
354.085800 700.357400 346.557983 700.032959
352.038300 703.859700 344.426086 703.428223
350.008800 707.353700 342.307678 706.817017
347.982700 710.855500 340.194336 710.204102
345.942000 714.320900 338.044189 713.583984
343.906200 717.779200 335.914001 716.947693
341.889600 721.226700 333.774597 720.333130
339.882000 724.654800 331.690002 723.633362
337.868700 728.103400 329.592926 727.006714
335.866200 731.571800 327.493164 730.379211
333.967500 735.105200 325.377563 733.818115
332.130600 738.707000 323.231781 737.292419
330.109000 742.325700 321.072205 740.839600
328.052600 745.993300 318.899933 744.438538
325.960300 749.694700 316.706360 748.021362
323.882400 753.400900 314.518738 751.634399
321.810400 757.046400 312.333740 755.163513
319.688500 760.664000 310.125854 758.718140
317.595700 764.288500 307.878510 762.221985
315.554700 767.892700 305.633820 765.702026
313.514600 771.526200 303.368530 769.176392
311.450700 775.119600 301.106079 772.632080
309.357300 778.629400 298.821259 776.030518
307.194900 782.050500 296.480896 779.334717
304.937400 785.448200 294.069794 782.616943
302.592400 788.799400 291.587891 785.853638
300.153800 792.111000 289.018097 789.033203
297.624000 795.374800 286.339172 792.184265
294.927000 798.539300 283.627533 795.223389
292.185800 801.678500 280.753967 798.252686
289.192200 804.695700 277.783569 801.203735
286.151300 807.624000 274.734314 804.055359
283.065000 810.476300 271.610260 806.826965
280.007100 813.213700 268.445862 809.469788
276.942200 815.904300 265.287048 811.973755
273.811500 818.493600 262.047119 814.379089
270.605600 820.960500 258.731018 816.692383
267.321200 823.303700 255.341614 818.891663
264.005200 825.567800 251.922302 821.003601
260.657900 827.735000 248.470032 823.004944
257.273000 829.813900 244.982254 824.918823
253.861800 831.809200 241.478149 826.755981
250.446800 833.761300 237.991760 828.529419
247.052800 835.652800 234.498108 830.288330
243.677200 837.476800 231.038422 831.991089
240.295500 839.294300 227.580612 833.671021
236.906500 841.089700 224.082397 835.351624
233.510200 842.896300 220.583313 837.019531
230.131200 844.723000 217.082047 838.729004
226.769300 846.514500 213.656708 840.361267
223.408300 848.268000 210.188110 841.989807
220.026300 849.991200 206.778229 843.580139
216.652600 851.728000 203.349884 845.167358
213.269900 853.442300 199.899658 846.738159
209.880600 855.139200 196.430527 848.292297
206.468800 856.885000 192.928574 849.873047
203.010300 858.620500 189.400742 851.457153
199.502700 860.363300 185.834991 853.059631
196.002500 862.107300 182.267090 854.668701
192.526600 863.893400 178.713272 856.336426
189.070200 865.686900 175.174637 858.015320
185.622800 867.526100 171.621109 859.738647
182.188500 869.362900 168.089661 861.442383
178.750800 871.210600 164.565842 863.129028
175.314500 873.051400 161.044479 864.835693
171.878500 874.938000 157.550125 866.581604
168.464000 876.882000 154.062698 868.398926
165.093500 878.898700 150.617859 870.306641
161.793700 881.039600 147.231110 872.304871
158.553600 883.315600 143.901794 874.454712
155.369300 885.727000 140.646484 876.731750
152.279000 888.277000 137.486298 879.152100
149.259200 890.897300 134.425537 881.607727
146.298100 893.633000 131.386230 884.197144
143.341500 896.377900 128.361328 886.815430
140.419600 899.149000 125.357117 889.459900
137.428800 901.883400 122.314117 892.092285
134.430600 904.585400 119.199646 894.723206
131.430500 907.268900 116.121368 897.316589
128.400000 909.942700 113.017853 899.901123
125.387100 912.605700 109.899719 902.500000
122.446000 915.311700 106.858398 905.104431
