0.000000 0.000000 0.000000 0.000000
-0.041803 3.575628 -0.034097 3.605718
-0.083626 7.152769 -0.010329 7.211957
-0.125431 10.728320 0.001631 10.791286
-0.167141 14.303480 -0.004508 14.377519
-0.208176 17.881040 -0.015184 17.939734
-0.253156 21.464680 -0.046474 21.500818
-0.307115 25.046840 -0.073626 25.096607
-0.367798 28.637120 -0.104330 28.693193
-0.435716 32.231930 -0.144426 32.286613
-0.509819 35.812560 -0.184615 35.889744
-0.590462 39.405490 -0.238879 39.484768
-0.675668 42.995920 -0.285177 43.082180
-0.761728 46.596120 -0.346932 46.695385
-0.822002 50.203480 -0.378125 50.309845
-0.875378 53.811250 -0.407986 53.909218
-0.933231 57.427770 -0.425867 57.554783
-1.006715 61.042090 -0.457015 61.164627
-1.078473 64.647550 -0.497260 64.771362
-1.157680 68.241070 -0.550973 68.378517
-1.243226 71.816000 -0.600575 71.977997
-1.310252 75.365540 -0.629005 75.548203
-1.337950 78.894600 -0.623792 79.092850
-1.335651 82.399130 -0.593883 82.600525
-1.292993 85.876960 -0.522326 86.092621
-1.216671 89.333360 -0.415142 89.556923
-1.101750 92.791290 -0.283989 93.036522
-0.953966 96.255380 -0.110110 96.501419
-0.782045 99.739680 0.086395 99.987694
-0.607718 103.278800 0.286321 103.549339
-0.448327 106.867200 0.459018 107.122299
-0.329075 110.491600 0.598439 110.752998
-0.253779 114.142500 0.703375 114.395050
-0.232571 117.811600 0.744979 118.084381
-0.256232 121.501300 0.741032 121.801857
-0.297015 125.224100 0.718104 125.504402
-0.353204 128.969900 0.701359 129.289474
-0.397623 132.733500 0.692657 133.047729
-0.443887 136.522600 0.676036 136.856598
-0.490815 140.330600 0.656743 140.676437
-0.550146 144.153000 0.636357 144.504074
-0.601569 147.961100 0.623875 148.323090
-0.649286 151.756200 0.617446 152.129990
-0.703475 155.553300 0.611184 155.915588
-0.758140 159.342200 0.592200 159.719360
-0.821014 163.126200 0.570417 163.526459
-0.891591 166.914300 0.545412 167.324112
-0.968255 170.704700 0.504527 171.124588
-1.053647 174.498300 0.458444 174.952057
-1.140940 178.289100 0.396276 178.755249
-1.220912 182.072200 0.354063 182.547516
-1.311919 185.843100 0.289058 186.294617
-1.400872 189.585600 0.234965 190.031235
-1.482347 193.303500 0.181369 193.770020
-1.543340 196.981600 0.148156 197.445374
-1.593225 200.619200 0.123811 201.111725
-1.629855 204.203300 0.107988 204.718735
-1.655974 207.709400 0.101441 208.238205
-1.680916 211.093700 0.102868 211.634354
-1.717659 214.345300 0.100795 214.907852
-1.758097 217.485400 0.094471 218.059937
-1.820190 220.495000 0.056151 221.093628
-1.900504 223.322800 0.005651 223.940918
-1.999321 225.946200 -0.068567 226.594696
-2.113952 228.382000 -0.159538 229.046600
-2.215172 230.657700 -0.244148 231.334503
-2.309140 232.838300 -0.316547 233.516159
-2.389577 234.991500 -0.378676 235.679962
-2.458270 237.111600 -0.424064 237.832794
-2.501543 239.199900 -0.443027 239.930893
-2.528203 241.263900 -0.453200 242.005844
-2.543393 243.355900 -0.440776 244.101608
-2.546619 245.471500 -0.420066 246.226807
-2.542056 247.635900 -0.377388 248.392822
-2.540944 249.857300 -0.348172 250.608032
-2.529475 252.145000 -0.303552 252.902557
-2.522827 254.510700 -0.260322 255.275726
-2.495854 256.929600 -0.195497 257.698059
-2.426274 259.429500 -0.089529 260.212372
-2.347909 261.939800 0.018687 262.716949
-2.249292 264.463100 0.155712 265.263397
-2.120601 266.988600 0.322298 267.809509
-1.972336 269.529300 0.497160 270.377106
-1.829452 272.089100 0.672242 272.938599
-1.700845 274.651100 0.847836 275.527283
-1.585579 277.203700 0.990950 278.072144
-1.489305 279.735400 1.117687 280.619507
-1.431895 282.203100 1.203632 283.093536
-1.411252 284.555300 1.255061 285.450073
-1.423417 286.744000 1.274662 287.635437
-1.477649 288.751100 1.243129 289.651367
-1.597157 290.628100 1.147656 291.527161
-1.834488 292.379000 0.930672 293.282196
-2.209538 293.998100 0.586083 294.887329
-2.739392 295.466700 0.085280 296.341644
-3.425572 296.782800 -0.563688 297.641632
-4.268559 297.943900 -1.379040 298.783813
-5.270323 298.869400 -2.353051 299.728119
-6.404391 299.609200 -3.472196 300.431091
-7.620091 300.061900 -4.582815 300.873260
-8.849753 300.287300 -5.784585 301.125336
-10.136050 300.271200 -7.000898 301.145081
-11.487940 299.994100 -8.389912 300.874481
-12.859800 299.433800 -9.750444 300.354675
-14.212510 298.521900 -11.109479 299.503967
-15.569170 297.360100 -12.416730 298.358459
-16.903920 295.876600 -13.670068 296.940857
-18.123430 294.046700 -14.914027 295.106720
-19.213810 291.862500 -16.007368 292.976013
-20.129220 289.390500 -16.940054 290.515381
-20.811550 286.620800 -17.603462 287.774597
-21.226910 283.593100 -18.053003 284.740509
-21.383580 280.311200 -18.206362 281.468445
-21.289760 276.829500 -18.122913 277.969513
-21.001900 273.207500 -17.851002 274.322113
-20.665910 269.427900 -17.501362 270.456238
-20.345860 265.509700 -17.183733 266.467590
-20.070850 261.517300 -16.923023 262.439514
-19.855300 257.511300 -16.723925 258.406189
-19.703440 253.474600 -16.594467 254.344437
-19.613680 249.416200 -16.516174 250.257248
-19.551340 245.338200 -16.473680 246.183136
-19.513830 241.222400 -16.449286 242.064255
-19.480990 237.073200 -16.424456 237.919281
-19.430400 232.892800 -16.389471 233.730392
-19.355550 228.687700 -16.337122 229.493515
-19.288210 224.454100 -16.288435 225.245834
-19.214900 220.186300 -16.209053 220.935623
-19.140510 215.891500 -16.164324 216.622162
-19.053200 211.570300 -16.118704 212.289337
-18.960210 207.218600 -16.068813 207.921463
-18.864760 202.831800 -16.007191 203.492828
-18.780810 198.440400 -15.956012 199.075027
-18.697180 194.055600 -15.919425 194.659348
-18.628490 189.691500 -15.896567 190.282104
-18.576860 185.352500 -15.882159 185.919998
-18.533400 181.031600 -15.870481 181.585327
-18.510720 176.750700 -15.892877 177.260559
-18.518290 172.537500 -15.933986 173.027710
-18.551690 168.447100 -15.990082 168.891525
-18.605030 164.539000 -16.078625 164.967087
-18.662110 160.837100 -16.155523 161.255844
-18.717150 157.359800 -16.230793 157.728836
-18.762310 154.117300 -16.297413 154.488983
-18.804370 151.111100 -16.363256 151.471420
-18.837660 148.339300 -16.415016 148.699066
-18.862790 145.753800 -16.453913 146.134430
-18.886270 143.302400 -16.497391 143.675873
-18.908720 140.992900 -16.543251 141.356766
-18.926770 138.765400 -16.577808 139.118469
-18.954640 136.621400 -16.621218 136.938843
-18.979110 134.516900 -16.661573 134.810638
-19.003890 132.428600 -16.705704 132.693039
-19.011690 130.377400 -16.729019 130.620575
-19.029680 128.286700 -16.759653 128.492401
-19.040930 126.090400 -16.791601 126.274399
-19.033980 123.792800 -16.812960 123.956108
-19.007880 121.337200 -16.795187 121.471130
-18.962360 118.740400 -16.772306 118.840500
-18.881640 115.984300 -16.708748 116.075928
-18.762610 113.072100 -16.601034 113.137054
-18.592730 110.010400 -16.458239 110.065407
-18.389740 106.796500 -16.275808 106.850121
-18.187250 103.411100 -16.089670 103.476570
-17.972000 99.881710 -15.911582 99.935013
-17.753740 96.208550 -15.737088 96.253143
-17.543660 92.393230 -15.570905 92.442154
-17.350650 88.454130 -15.384322 88.482162
-17.188340 84.351710 -15.266106 84.358093
-17.048280 80.126460 -15.150683 80.126152
-16.938900 75.757520 -15.079273 75.768326
-16.844870 71.334520 -15.026273 71.349953
-16.779170 66.924620 -14.998120 66.959793
-16.723740 62.522540 -14.976171 62.525810
-16.677280 58.118530 -14.961369 58.127167
-16.622860 53.735190 -14.947250 53.747066
-16.554460 49.366830 -14.920554 49.393288
-16.478250 45.013820 -14.886514 45.019192
-16.401830 40.697890 -14.849539 40.727238
-16.332450 36.396840 -14.828589 36.439251
-16.264000 32.124710 -14.800827 32.154881
-16.212760 27.867600 -14.786034 27.894484
-16.153630 23.646100 -14.762681 23.664059
-16.100440 19.472550 -14.752077 19.463800
-16.057300 15.332990 -14.744633 15.323197
-15.999870 11.221520 -14.725773 11.219817
-15.957640 7.122797 -14.726520 7.076211
-15.925900 3.038918 -14.736835 2.965439
-15.871210 -1.063172 -14.708938 -1.142181
-15.823200 -5.192326 -14.705642 -5.291032
-15.773900 -9.357139 -14.696123 -9.475071
-15.722330 -13.547460 -14.692742 -13.688634
-15.675190 -17.764350 -14.688358 -17.905310
-15.629860 -22.003930 -14.689354 -22.143341
-15.590270 -26.267830 -14.686485 -26.435774
-15.536760 -30.547830 -14.680157 -30.707783
-15.493260 -34.819990 -14.666241 -34.980293
-15.444100 -39.082170 -14.650990 -39.255669
-15.392450 -43.322590 -14.643947 -43.498177
-15.337830 -47.537950 -14.621736 -47.702534
-15.276960 -51.748500 -14.590040 -51.916080
-15.217710 -55.949500 -14.560729 -56.106873
-15.170080 -60.150690 -14.563059 -60.292496
-15.128010 -64.350760 -14.556237 -64.480858
-15.091410 -68.538780 -14.568069 -68.677689
-15.064380 -72.708390 -14.571871 -72.847572
-15.030840 -76.856420 -14.575583 -77.013664
-14.979300 -80.953600 -14.565205 -81.099815
-14.924670 -85.034950 -14.537835 -85.169876
-14.873980 -89.070400 -14.527426 -89.180176
-14.824260 -93.076720 -14.515122 -93.179832
-14.787030 -97.045510 -14.520005 -97.168159
-14.758540 -100.983800 -14.528356 -101.133331
-14.739600 -104.892000 -14.560855 -105.045464
-14.728240 -108.762900 -14.581851 -108.940414
-14.724790 -112.605400 -14.614408 -112.801682
-14.717800 -116.411100 -14.642400 -116.607597
-14.709830 -120.173400 -14.669987 -120.383148
-14.700540 -123.867100 -14.697962 -124.097801
-14.698520 -127.485200 -14.740971 -127.707329
-14.712330 -131.008900 -14.788999 -131.250580
-14.733340 -134.417400 -14.848989 -134.673538
-14.752330 -137.654200 -14.892932 -137.934357
-14.773570 -140.676300 -14.941038 -140.967346
-14.808450 -143.452200 -15.008213 -143.805435
-14.818770 -145.963300 -15.051064 -146.341080
-14.688160 -148.224500 -14.940947 -148.588211
-14.364200 -150.225000 -14.648928 -150.557358
-13.833420 -151.950400 -14.156407 -152.241898
-13.082430 -153.424000 -13.442889 -153.650482
-12.093300 -154.666400 -12.515542 -154.831650
-10.901070 -155.630100 -11.399697 -155.754379
-9.567123 -156.277800 -10.173996 -156.394760
-8.174402 -156.635100 -8.791108 -156.723190
-6.734167 -156.651000 -7.450008 -156.761414
-5.261917 -156.393600 -6.030785 -156.566864
-3.838336 -155.807800 -4.499846 -155.980469
-2.480572 -154.890600 -3.116443 -155.107941
-1.268487 -153.640100 -1.913104 -153.940247
-0.226137 -152.060600 -1.188993 -152.469864
0.552355 -150.216600 -0.376554 -150.657135
1.048250 -148.112500 0.145398 -148.599670
1.348496 -145.760400 0.458348 -146.317902
1.463451 -143.197700 0.581683 -143.776886
1.471319 -140.450900 0.603119 -141.033813
1.499366 -137.518100 0.640808 -138.091675
1.504501 -134.421900 0.662453 -134.978195
1.498560 -131.160300 0.677210 -131.701797
1.470024 -127.744100 0.663412 -128.271973
1.436723 -124.185000 0.647023 -124.692169
1.413177 -120.491700 0.651410 -120.974976
1.405768 -116.657200 0.669846 -117.131271
1.385028 -112.695000 0.671889 -113.131393
1.330549 -108.592800 0.657544 -109.005714
1.259616 -104.367900 0.636686 -104.771179
1.170075 -100.007600 0.569580 -100.336861
1.089274 -95.515710 0.524330 -95.824852
1.009148 -90.982260 0.472961 -91.277405
0.939998 -86.466900 0.443495 -86.746574
0.883448 -81.949500 0.412069 -82.206398
0.838174 -77.439600 0.390035 -77.686470
0.800315 -72.936360 0.383324 -73.176895
0.745043 -68.462600 0.355040 -68.681236
0.694630 -64.005150 0.331989 -64.222450
0.637038 -59.575570 0.302459 -59.762283
0.557118 -55.160600 0.260833 -55.336506
0.456132 -50.778540 0.190209 -50.950497
0.362164 -46.417970 0.119351 -46.584496
0.280628 -42.079120 0.064338 -42.218433
0.202969 -37.762520 0.022113 -37.901638
0.132669 -33.463810 -0.017900 -33.592663
0.084829 -29.193990 -0.044078 -29.293140
0.052569 -24.947680 -0.055205 -25.023090
0.032329 -20.738440 -0.056283 -20.809252
0.025161 -16.550260 -0.038946 -16.606312
0.021588 -12.403820 -0.028449 -12.411913
-0.000537 -8.285137 -0.015133 -8.246593
-0.031141 -4.183286 -0.024313 -4.120676
-0.072897 -0.090700 -0.029450 -0.024005
-0.117565 3.988036 -0.055454 4.059924
-0.160177 8.059835 -0.053454 8.154241
-0.208154 12.123170 -0.081812 12.224216
-0.248220 16.180930 -0.097256 16.273869
-0.283357 20.233300 -0.111132 20.305872
-0.323376 24.273080 -0.113338 24.359770
-0.367457 28.293060 -0.129454 28.381617
-0.413998 32.282480 -0.143955 32.366570
-0.451537 36.243360 -0.147566 36.341774
-0.483912 40.173770 -0.150074 40.285294
-0.534623 44.076020 -0.160562 44.191059
-0.599992 47.961110 -0.195704 48.073376
-0.674006 51.810410 -0.235335 51.931316
-0.762477 55.629480 -0.287989 55.763374
-0.859787 59.434080 -0.339097 59.563713
-0.962179 63.207400 -0.395486 63.325787
-1.068654 66.953700 -0.481422 67.092178
-1.188155 70.668750 -0.561675 70.817741
-1.293464 74.341090 -0.635318 74.525185
-1.359396 77.886940 -0.665488 78.086411
-1.402951 81.267680 -0.680672 81.462631
-1.402636 84.557510 -0.654989 84.757736
-1.391329 87.836530 -0.616317 88.052750
-1.372397 91.075680 -0.574148 91.302689
-1.348852 94.282140 -0.516961 94.526466
-1.346362 97.452060 -0.500707 97.698990
-1.397412 100.636400 -0.517570 100.880043
-1.507808 103.868200 -0.584339 104.138809
-1.686244 107.147500 -0.742427 107.425575
-1.855701 110.482100 -0.882551 110.774170
-1.949092 113.881100 -0.953671 114.170959
-1.940135 117.341400 -0.913007 117.628159
-1.833080 120.865900 -0.775245 121.201904
-1.665951 124.465900 -0.579168 124.782730
-1.454190 128.142800 -0.329971 128.493546
-1.212752 131.910500 -0.065052 132.274734
-0.998254 135.780800 0.186077 136.144409
-0.860070 139.749100 0.350908 140.105606
-0.808213 143.817500 0.441912 144.183167
-0.818199 147.962100 0.476643 148.336304
-0.863698 152.201700 0.470272 152.576523
-0.925229 156.508200 0.445193 156.883209
-1.007339 160.831700 0.398225 161.248322
-1.112662 165.144700 0.327241 165.566177
-1.225583 169.454500 0.240144 169.891708
-1.333194 173.746700 0.183223 174.225357
-1.427528 178.011200 0.111089 178.505951
-1.498241 182.250200 0.073794 182.740265
-1.559212 186.455600 0.055796 186.928391
-1.603074 190.634400 0.049058 191.109726
-1.633867 194.776400 0.064839 195.266144
-1.669867 198.889600 0.069484 199.401413
-1.705984 202.969800 0.053932 203.506424
-1.737778 207.012200 0.044774 207.569092
-1.768399 211.025100 0.046400 211.608017
-1.802728 214.966700 0.044072 215.571228
-1.842513 218.742600 0.026636 219.357666
-1.895168 222.285200 -0.003194 222.929977
-1.971966 225.567200 -0.065511 226.236099
-2.073778 228.574200 -0.144587 229.263504
-2.174190 231.286800 -0.228833 231.983902
-2.280068 233.718900 -0.323798 234.425018
-2.372559 236.037200 -0.392575 236.757172
-2.421540 238.338400 -0.420201 239.074524
-2.457471 240.613800 -0.434667 241.362122
-2.477940 242.858500 -0.414272 243.623184
-2.487604 245.075200 -0.381055 245.851364
-2.497272 247.315700 -0.351412 248.084808
-2.506486 249.599100 -0.325547 250.371918
-2.503453 251.921600 -0.285250 252.698395
-2.498934 254.303700 -0.249919 255.093338
-2.475778 256.706800 -0.193526 257.500854
-2.418788 259.175900 -0.103572 259.980225
-2.357178 261.687800 -0.016717 262.499329
-2.278446 264.282700 0.085604 265.109711
-2.181048 266.960400 0.219159 267.807831
-2.072995 269.711700 0.357982 270.593567
-1.977183 272.515600 0.478706 273.392883
-1.903306 275.322000 0.599691 276.217163
-1.860171 278.121700 0.678217 279.032959
-1.834878 280.906700 0.747983 281.832001
-1.820378 283.662600 0.800095 284.589020
-1.821293 286.355900 0.839887 287.289795
-1.835812 288.890500 0.854971 289.829376
-1.843827 291.365700 0.875241 292.303101
-1.840209 293.812200 0.906870 294.730652
-1.823832 296.231700 0.958386 297.146362
-1.812035 298.624300 0.997618 299.520172
