0.000000 0.000000 0.000000 0.000000
-0.017534 0.283467 -0.026114 0.285386
-0.060000 0.627936 -0.084340 0.626044
-0.141534 1.081913 -0.176362 1.075159
-0.293459 1.604140 -0.341292 1.570593
-0.522492 2.173020 -0.581400 2.130955
-0.839493 2.758285 -0.871077 2.669510
-1.242764 3.333105 -1.245539 3.229825
-1.761568 3.880703 -1.710904 3.731631
-2.415527 4.382391 -2.346603 4.237665
-3.215512 4.824434 -3.117076 4.679705
-4.177130 5.153468 -4.043362 5.000688
-5.299329 5.360943 -5.100853 5.214117
-6.558994 5.427674 -6.324084 5.268820
-7.950411 5.389282 -7.693019 5.223078
-9.480377 5.263869 -9.200603 5.095787
-11.152740 5.088360 -10.863381 4.916244
-12.964270 4.901812 -12.677176 4.719289
-14.913410 4.697363 -14.641564 4.513767
-17.004780 4.494630 -16.737228 4.303605
-19.224270 4.290984 -18.961010 4.083158
-21.564480 4.100217 -21.310778 3.882526
-23.969500 3.908970 -23.716688 3.676019
-26.461360 3.716343 -26.212507 3.462618
-28.997620 3.492898 -28.739595 3.235648
-31.515860 3.271990 -31.255230 2.997914
-34.026260 3.051261 -33.748135 2.779508
-36.533450 2.843137 -36.236122 2.557102
-39.049180 2.638855 -38.759300 2.337924
-41.538400 2.436154 -41.243290 2.123357
-44.015190 2.223683 -43.703022 1.903067
-46.483350 2.028253 -46.163361 1.693891
-48.933140 1.820295 -48.622665 1.466069
-51.328710 1.575304 -50.995193 1.211462
-53.701960 1.337479 -53.350353 0.970561
-56.038080 1.110756 -55.672379 0.734880
-58.330390 0.883063 -57.963699 0.498161
-60.536580 0.662366 -60.170963 0.261259
-62.620220 0.461718 -62.266319 0.042549
-64.570470 0.320188 -64.198616 -0.101638
-66.375630 0.255567 -66.024963 -0.181021
-67.990520 0.345560 -67.634087 -0.096231
-69.403760 0.611089 -69.051567 0.142861
-70.681710 1.080744 -70.294281 0.566921
-71.814190 1.753829 -71.458824 1.232276
-72.810710 2.601772 -72.478340 2.051736
-73.659320 3.554385 -73.347412 3.003757
-74.401710 4.718510 -74.127525 4.199917
-75.018160 6.110247 -74.760902 5.619538
-75.539300 7.706095 -75.292343 7.235793
-75.980690 9.486418 -75.749908 9.051590
-76.379030 11.414990 -76.154411 10.995308
-76.702710 13.494070 -76.490158 13.089900
-76.964630 15.687850 -76.774445 15.280029
-77.198810 17.993590 -77.032120 17.591948
-77.402440 20.301510 -77.256599 19.894882
-77.573400 22.614340 -77.450851 22.221140
-77.734200 24.898110 -77.619644 24.472982
-77.908780 27.180670 -77.797081 26.745449
-78.064690 29.440670 -77.959099 29.042953
-78.198100 31.701300 -78.089066 31.302933
-78.346240 34.000930 -78.232628 33.611404
-78.507180 36.347540 -78.389198 35.977806
-78.700400 38.735230 -78.573349 38.335068
-78.895930 41.194680 -78.770149 40.787529
-79.100340 43.724740 -78.982635 43.315849
-79.318630 46.299200 -79.193130 45.886768
-79.508610 48.902070 -79.381432 48.492207
-79.697420 51.529450 -79.558914 51.130520
-79.900390 54.113500 -79.743530 53.732693
-80.092730 56.670630 -79.930046 56.278061
-80.280860 59.213100 -80.098991 58.817360
-80.474010 61.695670 -80.289017 61.307140
-80.696040 64.136290 -80.513184 63.736095
-80.945180 66.559290 -80.766167 66.142975
-81.219160 68.948800 -81.035652 68.545250
-81.542260 71.291910 -81.346161 70.876595
-81.910890 73.584740 -81.681557 73.152824
-82.326990 75.851980 -82.065170 75.443672
-82.765640 78.069230 -82.480011 77.664940
-83.284090 80.280970 -82.986504 79.881592
-83.856430 82.430700 -83.556160 82.005196
-84.492780 84.584160 -84.196426 84.149261
-85.212300 86.715560 -84.919113 86.266121
-85.996320 88.820790 -85.710976 88.380096
-86.860390 90.918090 -86.574486 90.493553
-87.802500 93.003510 -87.503807 92.600372
-88.749010 95.068170 -88.419563 94.672447
-89.747960 97.163510 -89.395294 96.747612
-90.774930 99.219550 -90.430557 98.839767
-91.840000 101.277400 -91.485703 100.915741
-92.914780 103.296100 -92.548180 102.947273
-94.015070 105.267400 -93.645920 104.928581
-95.123350 107.187800 -94.717545 106.858055
-96.223200 109.067700 -95.777802 108.740288
-97.263380 110.813500 -96.798096 110.497742
-98.241750 112.423300 -97.761658 112.109406
-99.124850 113.865700 -98.641869 113.559135
-99.918840 115.113700 -99.436699 114.817398
-100.633200 116.204600 -100.120712 115.915665
-101.305600 117.126600 -100.792778 116.813789
-101.873900 117.899200 -101.335854 117.602386
-102.405300 118.508600 -101.845131 118.227470
-102.901800 118.981600 -102.306824 118.699463
-103.418300 119.366800 -102.805565 119.062256
-103.954800 119.734800 -103.307709 119.452415
-104.533600 120.029100 -103.856590 119.768623
-105.136200 120.256600 -104.412529 119.976013
-105.801600 120.452000 -105.030891 120.161964
-106.640800 120.599400 -105.834229 120.342247
-107.630100 120.643400 -106.748428 120.368431
-108.711300 120.530800 -107.786568 120.239571
-109.893600 120.252600 -108.987053 119.986931
-111.159800 119.776100 -110.253197 119.536049
-112.496700 119.062200 -111.594475 118.830017
-113.898700 118.106700 -112.949242 117.931450
-115.384500 116.988900 -114.462318 116.824654
-116.978000 115.737300 -116.029907 115.618820
-118.659900 114.366200 -117.724609 114.252441
-120.438900 112.893300 -119.501549 112.816933
-122.328200 111.322200 -121.413147 111.275261
-124.284900 109.650200 -123.422806 109.626678
-126.332000 107.913600 -125.517296 107.904503
-128.461900 106.101400 -127.671669 106.116562
-130.662300 104.214900 -129.907593 104.243370
-132.923400 102.303500 -132.185394 102.337959
-135.189200 100.390400 -134.466583 100.449730
-137.468500 98.469440 -136.732574 98.551376
-139.748000 96.546090 -139.002991 96.646919
-142.020800 94.620440 -141.255859 94.750740
-144.286200 92.690670 -143.480942 92.849113
-146.547500 90.774040 -145.705063 90.958313
-148.833300 88.871460 -147.977020 89.063499
-151.113400 86.978090 -150.218979 87.213318
-153.379000 85.085390 -152.477997 85.339043
-155.629200 83.206150 -154.709900 83.493057
-157.861400 81.326710 -156.917084 81.640999
-160.058500 79.464550 -159.090164 79.815544
-162.221300 77.608580 -161.245361 78.005234
-164.376700 75.774280 -163.410492 76.196129
-166.524800 73.967130 -165.542084 74.411339
-168.668400 72.191080 -167.644470 72.676003
-170.783100 70.468000 -169.728485 70.960838
-172.829900 68.807490 -171.749893 69.282387
-174.785600 67.216050 -173.685211 67.692154
-176.663800 65.684200 -175.545990 66.154053
-178.444800 64.197390 -177.336533 64.684479
-180.100300 62.765190 -179.026566 63.291157
-181.648600 61.419590 -180.597855 61.979965
-183.088500 60.110320 -182.075058 60.687256
-184.404500 58.801210 -183.381943 59.412823
-185.549500 57.458340 -184.538925 58.086628
-186.455000 56.066080 -185.413635 56.774620
-187.120600 54.647590 -186.094543 55.399757
-187.525600 53.213090 -186.493118 54.057724
-187.748500 51.772320 -186.756577 52.634636
-187.716500 50.330420 -186.757812 51.196163
-187.519800 48.954720 -186.542130 49.855274
-187.091900 47.667580 -186.157516 48.558556
-186.478200 46.430560 -185.585114 47.333344
-185.743700 45.217520 -184.849258 46.116753
-184.898100 44.044150 -183.995987 44.946510
-183.968900 42.858990 -183.070953 43.769478
-182.972800 41.628580 -182.077164 42.542385
-181.887200 40.344680 -181.014145 41.240078
-180.726700 38.951790 -179.873749 39.848248
-179.492700 37.459110 -178.649246 38.371128
-178.162100 35.849180 -177.331650 36.735191
-176.710600 34.142700 -175.902939 34.997589
-175.171800 32.296660 -174.385376 33.144897
-173.559000 30.363270 -172.799774 31.199400
-171.867000 28.346750 -171.135483 29.131819
-170.123400 26.259270 -169.428757 27.042665
-168.337100 24.097840 -167.658051 24.859066
-166.581500 21.908660 -165.892975 22.647179
-164.835100 19.714670 -164.131851 20.455759
-163.104500 17.573870 -162.401947 18.290649
-161.377300 15.429150 -160.674469 16.137873
-159.682200 13.303470 -158.972748 13.991194
-158.088000 11.153610 -157.366272 11.830717
-156.652500 8.940913 -155.918869 9.600800
-155.433700 6.640524 -154.683685 7.280629
-154.451100 4.275819 -153.683487 4.883340
-153.690900 1.836084 -152.913864 2.431799
-153.116700 -0.684920 -152.347351 -0.110499
-152.659200 -3.301845 -151.891296 -2.751508
-152.323800 -6.003442 -151.569595 -5.458108
-152.034900 -8.818435 -151.295288 -8.256048
-151.705400 -11.696490 -150.978821 -11.143578
-151.368100 -14.689410 -150.644577 -14.129079
-151.018300 -17.760610 -150.323364 -17.183079
-150.658400 -20.884570 -149.969666 -20.315510
-150.317300 -24.039630 -149.649048 -23.470196
-149.995500 -27.198720 -149.334091 -26.633818
-149.688200 -30.326210 -149.037125 -29.753242
-149.392500 -33.448800 -148.745148 -32.865807
-149.124700 -36.525700 -148.487473 -35.954918
-148.881400 -39.588890 -148.251984 -39.010670
-148.663600 -42.621440 -148.057877 -42.048172
-148.444100 -45.622170 -147.862411 -45.053989
-148.225800 -48.590750 -147.680817 -48.014126
-148.013500 -51.538440 -147.496918 -50.967571
-147.797700 -54.448530 -147.304565 -53.896225
-147.579700 -57.330200 -147.093567 -56.781109
-147.341500 -60.171640 -146.865387 -59.636311
-147.099100 -62.956470 -146.636734 -62.425762
-146.873600 -65.641890 -146.430725 -65.108063
-146.684200 -68.188960 -146.273819 -67.661133
-146.575000 -70.550950 -146.189758 -70.033089
-146.515200 -72.689370 -146.164124 -72.187439
-146.496000 -74.588600 -146.179276 -74.097557
-146.520100 -76.249210 -146.221451 -75.750824
-146.562400 -77.644470 -146.252686 -77.158554
-146.614700 -78.752900 -146.305420 -78.289948
-146.644400 -79.571930 -146.311142 -79.115631
-146.661300 -80.195760 -146.308212 -79.758202
-146.655800 -80.746170 -146.293472 -80.348511
-146.626400 -81.202170 -146.279770 -80.825035
-146.606400 -81.580050 -146.252487 -81.209846
-146.554400 -81.887990 -146.224564 -81.471153
-146.509800 -82.072680 -146.201233 -81.669762
-146.481300 -82.147900 -146.191132 -81.745834
-146.467500 -82.144490 -146.177521 -81.736969
-146.474300 -82.148460 -146.183472 -81.750046
-146.483700 -82.145920 -146.186722 -81.744896
-146.487400 -82.144780 -146.190887 -81.749954
-146.492900 -82.150980 -146.189148 -81.746124
-146.495200 -82.155360 -146.187515 -81.748863
-146.494300 -82.156570 -146.182083 -81.746033
-146.487800 -82.148430 -146.186554 -81.744682
-146.487300 -82.140910 -146.186356 -81.742249
-146.486500 -82.135050 -146.182037 -81.744263
-146.488100 -82.132520 -146.177765 -81.740532
-146.489000 -82.133460 -146.185028 -81.739479
-146.484700 -82.133480 -146.186874 -81.746140
-146.484900 -82.133510 -146.187195 -81.750954
-146.480100 -82.133670 -146.184097 -81.747185
-146.472100 -82.131890 -146.186417 -81.749794
-146.477500 -82.133220 -146.187271 -81.748192
-146.525000 -82.162010 -146.187988 -81.744972
-146.565900 -82.217300 -146.179504 -81.768524
-146.590600 -82.310130 -146.144897 -81.836861
-146.581800 -82.426170 -146.095169 -81.927849
-146.551800 -82.574220 -146.052277 -82.060341
-146.475900 -82.778480 -145.966537 -82.234268
-146.351300 -83.116710 -145.817932 -82.565971
-146.156300 -83.574440 -145.599258 -82.987717
-145.879500 -84.106160 -145.342026 -83.522026
-145.491300 -84.682600 -145.040314 -83.940491
-144.895700 -85.318510 -144.492996 -84.564812
-144.077500 -86.065360 -143.702606 -85.302940
-142.947400 -86.840620 -142.534225 -86.084785
-141.509200 -87.543350 -141.065002 -86.783089
-139.798500 -88.087580 -139.331100 -87.310501
-137.828100 -88.433330 -137.355011 -87.643608
-135.614800 -88.607530 -135.118301 -87.796280
-133.180100 -88.696560 -132.676117 -87.879700
-130.552000 -88.680490 -130.036926 -87.827225
-127.723900 -88.575690 -127.185875 -87.707977
-124.683500 -88.464330 -124.175323 -87.568695
-121.460200 -88.294280 -120.945045 -87.398926
-118.086600 -88.040550 -117.586014 -87.162476
-114.579400 -87.745070 -114.084686 -86.889206
-110.975100 -87.438680 -110.486618 -86.609459
-107.385700 -87.146760 -106.914703 -86.339661
-103.821100 -86.859660 -103.335770 -86.080688
-100.261700 -86.572000 -99.781952 -85.818748
-96.736140 -86.293870 -96.226448 -85.575066
-93.228880 -86.017520 -92.717903 -85.321266
-89.760830 -85.757500 -89.236305 -85.079391
-86.314280 -85.511300 -85.812851 -84.841614
-82.904810 -85.266650 -82.385605 -84.609596
-79.525840 -84.982830 -78.998955 -84.332916
-76.174850 -84.684980 -75.624687 -84.051964
-72.849640 -84.375480 -72.312294 -83.732819
-69.556400 -84.051650 -69.012047 -83.415451
-66.269780 -83.744240 -65.730942 -83.127869
-62.988460 -83.463860 -62.442635 -82.871223
-59.725320 -83.192290 -59.187248 -82.611534
-56.511930 -82.928720 -55.958138 -82.373451
-53.287950 -82.677770 -52.719803 -82.159851
-50.102380 -82.423820 -49.505699 -81.941231
-46.961330 -82.161740 -46.320614 -81.706795
-43.795000 -81.913070 -43.145020 -81.473846
-40.605850 -81.669580 -39.951756 -81.257599
-37.446990 -81.429200 -36.831173 -81.024925
-34.324130 -81.178460 -33.716724 -80.793137
-31.234230 -80.938930 -30.620659 -80.567299
-28.164850 -80.719500 -27.546946 -80.347130
-25.130870 -80.512870 -24.473204 -80.142868
-22.128140 -80.313820 -21.464291 -79.940903
-19.203440 -80.118030 -18.534487 -79.738304
-16.439970 -79.929640 -15.750065 -79.566551
-13.862420 -79.730950 -13.154001 -79.401924
-11.471000 -79.505250 -10.743725 -79.195503
-9.267307 -79.258710 -8.557482 -78.964706
-7.272311 -78.940490 -6.508704 -78.677933
-5.472914 -78.549550 -4.752608 -78.310844
-3.867830 -78.086270 -3.120684 -77.846558
-2.385605 -77.503960 -1.626388 -77.284752
-1.027851 -76.800120 -0.277013 -76.616631
0.166806 -75.911920 0.861216 -75.772598
1.182030 -74.883010 1.865837 -74.821960
1.977241 -73.709730 2.719045 -73.685036
2.625592 -72.432540 3.331833 -72.410339
3.046312 -71.053430 3.748688 -71.048058
3.332790 -69.610070 4.010183 -69.624794
3.505748 -68.096830 4.172534 -68.141296
3.623078 -66.505600 4.297524 -66.552155
3.673887 -64.790020 4.349225 -64.841866
3.664022 -62.925430 4.339260 -62.994236
3.591227 -60.915700 4.266750 -60.978542
3.485568 -58.760380 4.164933 -58.813725
3.375737 -56.493750 4.059186 -56.539558
3.243097 -54.203520 3.919481 -54.258183
3.069795 -51.907210 3.769618 -51.961651
2.871709 -49.612280 3.579512 -49.669250
2.690256 -47.318710 3.405990 -47.394676
2.514617 -45.039680 3.212244 -45.114689
2.336487 -42.787040 3.034488 -42.854137
2.176053 -40.574230 2.864657 -40.634747
2.023801 -38.441270 2.708960 -38.493805
1.895520 -36.414710 2.563372 -36.461250
1.766675 -34.458180 2.428488 -34.507698
1.645582 -32.544470 2.296962 -32.582287
1.524724 -30.674470 2.167947 -30.699223
1.412389 -28.840280 2.021760 -28.847771
1.305986 -27.028700 1.893582 -27.033363
1.191105 -25.239530 1.754118 -25.235518
1.067365 -23.476920 1.598866 -23.469948
0.934574 -21.765460 1.440948 -21.739882
0.802905 -20.140230 1.291496 -20.113394
0.699503 -18.615910 1.157895 -18.595646
0.601767 -17.196320 1.041563 -17.158974
0.507341 -15.885810 0.943113 -15.849347
0.417035 -14.726660 0.847241 -14.683612
0.351258 -13.760620 0.783020 -13.704208
0.299516 -12.930350 0.721502 -12.868452
0.263868 -12.153000 0.672847 -12.090330
0.238575 -11.391050 0.622386 -11.321030
0.198165 -10.644890 0.567756 -10.577158
0.151201 -9.907869 0.508808 -9.844586
0.091011 -9.183499 0.416812 -9.121593
0.016860 -8.476707 0.313968 -8.414215
-0.070862 -7.778389 0.217208 -7.727020
-0.158415 -7.094030 0.129804 -7.036267
-0.234301 -6.412690 0.064180 -6.359424
-0.307917 -5.742297 -0.000145 -5.684622
-0.360353 -5.068979 -0.059920 -5.028584
-0.401589 -4.328040 -0.103054 -4.285286
-0.431289 -3.483170 -0.151241 -3.438939
-0.464543 -2.555900 -0.190282 -2.511699
-0.487938 -1.556277 -0.222083 -1.519518
-0.499710 -0.485171 -0.241064 -0.443060
-0.511556 0.679747 -0.281144 0.702092
-0.388368 1.890361 -0.248036 1.905199
-0.387786 3.050660 -0.297711 3.034145
-0.473375 4.175334 -0.442570 4.136617
-0.669462 5.262875 -0.676229 5.178478
-0.929674 6.291946 -0.959086 6.178679
-1.229340 7.289411 -1.255710 7.148138
-1.438607 8.249384 -1.490663 8.120154
-1.565470 8.946937 -1.606832 8.815584
-1.615795 9.324632 -1.662973 9.203259
-1.635852 9.404838 -1.678010 9.284634
-1.640332 9.376167 -1.674428 9.260966
-1.643540 9.371050 -1.676298 9.265222
