0.000000 -0.000000 0.000000 0.000000
0.020455 2.389887 -0.022341 2.271060
0.038167 4.630767 -0.035728 4.401747
0.062475 6.584575 -0.036682 6.384146
0.078062 8.294502 -0.025835 8.120577
0.036300 9.647129 -0.003666 9.618919
0.037691 10.755690 0.007523 10.858446
0.070396 11.572020 0.051850 11.808808
0.096690 12.008000 0.084203 12.503917
0.124405 12.280970 0.101460 13.025875
0.106056 12.366960 0.113038 13.471358
0.125276 12.480720 0.145272 13.857228
0.156946 12.590120 0.164789 14.228416
0.151509 12.702880 0.181103 14.610681
0.146149 12.836600 0.172906 14.975338
0.118103 12.986600 0.143586 15.387267
0.046011 13.251830 0.056251 15.893615
-0.102743 13.662450 -0.093502 16.528448
-0.377391 14.237180 -0.358808 17.287663
-0.803739 14.918100 -0.770287 18.097845
-1.393517 15.599510 -1.327364 18.919477
-2.183640 16.257910 -2.070529 19.725605
-3.168635 16.891620 -3.086607 20.543850
-4.410526 17.491970 -4.315861 21.264515
-5.887262 17.957870 -5.751662 21.810793
-7.603442 18.241840 -7.438160 22.151705
-9.593783 18.333530 -9.250706 22.279356
-11.737930 18.262400 -11.261678 22.220951
-14.123570 18.137210 -13.502850 22.114067
-16.660080 18.043560 -15.921462 22.052809
-19.380350 17.941480 -18.520351 21.996834
-22.232040 17.791200 -21.293720 21.880903
-25.294530 17.612590 -24.273098 21.751375
-28.420350 17.436630 -27.310516 21.615845
-31.735350 17.259230 -30.382423 21.448866
-35.061830 17.012340 -33.524445 21.204222
-38.405680 16.701380 -36.730843 20.908880
-41.726310 16.376210 -39.950500 20.585258
-45.021050 16.012440 -43.210884 20.255932
-48.346970 15.612790 -46.513107 19.921541
-51.676860 15.192430 -49.836269 19.607004
-55.031060 14.742560 -53.198418 19.307848
-58.401830 14.329930 -56.606701 19.084145
-61.829840 14.034770 -60.049667 18.908676
-65.245090 13.824430 -63.512447 18.814499
-68.803470 13.628730 -67.012871 18.745262
-72.396330 13.444870 -70.521935 18.676363
-76.040760 13.365020 -74.084579 18.646587
-79.629870 13.286290 -77.644478 18.602049
-83.178040 13.172320 -81.191734 18.551437
-86.806450 13.116270 -84.741028 18.522415
-90.407370 13.030230 -88.238487 18.486792
-93.932750 12.938240 -91.737328 18.440622
-97.425940 12.830290 -95.225822 18.407858
-100.921800 12.721040 -98.687614 18.362835
-104.418700 12.646790 -102.151382 18.346535
-107.950700 12.574710 -105.653473 18.307816
-111.506500 12.491980 -109.180023 18.265171
-115.125400 12.427530 -112.778587 18.238909
-118.791400 12.356860 -116.456055 18.209698
-122.506900 12.277580 -120.199715 18.147932
-126.283000 12.162340 -124.000557 18.050604
-130.058300 12.056810 -127.791824 17.978682
-133.838200 11.940140 -131.594696 17.915812
-137.647000 11.763370 -135.394531 17.844948
-141.424200 11.624670 -139.143021 17.792856
-145.185900 11.523690 -142.934723 17.734928
-148.919300 11.449460 -146.693466 17.697168
-152.638200 11.381770 -150.417465 17.672396
-156.350400 11.310530 -154.125397 17.627455
-160.047400 11.214060 -157.827072 17.590977
-163.709400 11.107560 -161.548538 17.529573
-167.360400 10.983380 -165.193573 17.514698
-170.967600 10.933720 -168.884293 17.500601
-174.571400 10.876820 -172.501602 17.489943
-178.137200 10.833080 -176.127716 17.482122
-181.490500 10.796130 -179.499695 17.491194
-184.602400 10.773720 -182.667816 17.497179
-187.458300 10.758840 -185.545975 17.517754
-190.232700 10.733900 -188.331100 17.516832
-192.986900 10.663320 -191.116516 17.463762
-195.706100 10.585910 -193.853912 17.429199
-198.416300 10.495740 -196.589828 17.374264
-201.152700 10.412030 -199.336990 17.321920
-203.946700 10.341460 -202.133896 17.291424
-206.802300 10.298350 -204.962265 17.250044
-209.757100 10.317680 -207.874893 17.224218
-212.804800 10.361070 -210.873535 17.221869
-215.930200 10.396430 -213.959656 17.226118
-219.012900 10.360590 -217.065872 17.284115
-222.155100 10.298380 -220.242325 17.330681
-225.365500 10.246810 -223.497696 17.403053
-228.707300 10.215510 -226.818588 17.453424
-232.112300 10.220950 -230.234909 17.517185
-235.564300 10.214940 -233.656693 17.555573
-239.104300 10.217730 -237.225372 17.618460
-242.702700 10.183390 -240.829056 17.624887
-246.347300 10.130220 -244.501968 17.615656
-250.052800 10.036800 -248.238678 17.573708
-253.773800 9.880518 -252.009796 17.494101
-257.535100 9.718989 -255.783096 17.411161
-261.300500 9.591512 -259.581116 17.344816
-265.059000 9.459547 -263.345886 17.273970
-268.826900 9.337703 -267.098328 17.207968
-272.549600 9.176257 -270.830627 17.127525
-276.263700 8.976101 -274.523956 17.040033
-279.947200 8.832825 -278.216675 16.987549
-283.650400 8.715404 -281.899139 16.924507
-287.322900 8.610515 -285.580963 16.870699
-290.988400 8.505150 -289.247589 16.813396
-294.654700 8.394904 -292.905731 16.768021
-298.320400 8.294475 -296.587830 16.708246
-302.013000 8.169718 -300.268402 16.636755
-305.746200 8.074212 -303.977905 16.598400
-309.494500 7.982975 -307.665375 16.545971
-313.220200 7.863686 -311.421356 16.477844
-316.989500 7.782544 -315.162750 16.422112
-320.754000 7.679468 -318.882477 16.354605
-324.529500 7.563218 -322.649200 16.312794
-328.344000 7.456111 -326.404968 16.274969
-332.109700 7.347334 -330.187897 16.245300
-335.860100 7.242255 -333.920471 16.225437
-339.608800 7.147781 -337.680511 16.174889
-343.309300 7.053936 -341.375916 16.170427
-346.907500 6.957315 -345.028076 16.158850
-350.384600 6.860419 -348.502930 16.146269
-353.708400 6.768393 -351.829041 16.120575
-356.877800 6.663296 -355.010468 16.102488
-360.001200 6.552425 -358.144226 16.059212
-363.041000 6.435692 -361.212372 16.004389
-365.855800 6.345080 -364.092133 15.975693
-368.437600 6.307072 -366.739166 15.997806
-370.781400 6.383962 -369.166046 16.112700
-372.865900 6.648568 -371.300537 16.416656
-374.725000 7.109350 -373.199921 16.927353
-376.363200 7.741893 -374.890625 17.640564
-377.862400 8.633829 -376.436340 18.558121
-379.196300 9.712570 -377.803528 19.710342
-380.348700 10.965970 -378.979187 21.056931
-381.385700 12.448140 -380.022675 22.594116
-382.260100 14.122720 -380.912445 24.352646
-383.010800 15.994530 -381.643005 26.305527
-383.610300 18.057930 -382.212067 28.421371
-384.100300 20.314520 -382.660309 30.743980
-384.497100 22.748260 -383.011719 33.233078
-384.776600 25.364410 -383.237366 35.862511
-384.988900 28.128190 -383.397705 38.668926
-385.212700 31.086220 -383.521545 41.596210
-385.449300 34.192050 -383.613495 44.627029
-385.780600 37.315730 -383.698242 47.672119
-386.061000 40.426600 -383.760223 50.730141
-386.229000 43.492690 -383.804230 53.763741
-386.309000 46.518630 -383.827545 56.771744
-386.383200 49.505740 -383.847717 59.755035
-386.435500 52.415800 -383.845825 62.679752
-386.493200 55.225360 -383.838379 65.478928
-386.554400 57.943820 -383.811218 68.181664
-386.610300 60.578530 -383.747375 70.795929
-386.585600 63.079020 -383.626709 73.284332
-386.370900 65.433820 -383.395294 75.663841
-385.914800 67.648300 -382.988739 77.902435
-385.249200 69.694860 -382.414673 79.968033
-384.335100 71.573620 -381.671814 81.874832
-383.335600 73.255020 -380.781799 83.614197
-382.295300 74.818880 -379.715118 85.158600
-381.091700 76.191700 -378.416534 86.466736
-379.774700 77.364460 -376.942322 87.591141
-378.271000 78.251970 -375.320435 88.495514
-376.573900 78.987050 -373.556396 89.216568
-374.728100 79.537850 -371.660919 89.718933
-372.739900 79.941840 -369.627686 90.122223
-370.607000 80.199980 -367.475342 90.340134
-368.370300 80.415580 -365.231689 90.500153
-366.032000 80.571350 -362.865082 90.599037
-363.598400 80.673300 -360.417236 90.616844
-361.071700 80.716320 -357.871002 90.588417
-358.469900 80.705850 -355.252869 90.504074
-355.832800 80.638300 -352.588867 90.365944
-353.161000 80.553900 -349.922150 90.220703
-350.450100 80.465550 -347.216217 90.067986
-347.763100 80.398460 -344.502930 89.943016
-345.086900 80.370740 -341.816498 89.845032
-342.417400 80.402970 -339.125305 89.819427
-339.774100 80.483360 -336.485931 89.840019
-337.139800 80.575110 -333.847809 89.856720
-334.528900 80.693480 -331.220642 89.889717
-331.932700 80.824510 -328.584808 89.922157
-329.325200 80.918500 -325.942047 89.925079
-326.739100 80.990700 -323.304047 89.900574
-324.144100 81.038770 -320.702667 89.870018
-321.562300 81.091140 -318.091644 89.827965
-319.011600 81.190070 -315.486420 89.815788
-316.450900 81.308090 -312.914124 89.845299
-313.909200 81.444650 -310.307831 89.880821
-311.391900 81.580060 -307.761353 89.919296
-308.876400 81.706970 -305.233429 89.946747
-306.378900 81.849250 -302.697723 89.994743
-303.888700 81.994400 -300.180267 90.037468
-301.376300 82.158190 -297.653748 90.115738
-298.832900 82.325730 -295.082153 90.210251
-296.237900 82.504140 -292.485962 90.319366
-293.590400 82.683410 -289.821564 90.437149
-290.876600 82.853340 -287.111145 90.527496
-288.120000 82.987710 -284.337250 90.584152
-285.314700 83.062010 -281.519562 90.577118
-282.460400 83.089330 -278.637177 90.530785
-279.611400 83.105040 -275.803558 90.473053
-276.801100 83.107970 -272.997833 90.389061
-274.051500 83.099890 -270.248779 90.294739
-271.353100 83.054870 -267.554596 90.163605
-268.676800 82.970950 -264.890686 90.015785
-266.029200 82.903900 -262.232208 89.862259
-263.418800 82.873250 -259.631378 89.747643
-260.804200 82.903330 -257.018402 89.698608
-258.168800 82.990410 -254.396790 89.707458
-255.510500 83.145560 -251.770966 89.799171
-252.844700 83.373830 -249.106796 89.943810
-250.152200 83.637690 -246.418594 90.119919
-247.440300 83.910960 -243.689987 90.318611
-244.714300 84.178610 -240.972885 90.499512
-242.002000 84.383000 -238.296753 90.605453
-239.314700 84.514710 -235.604019 90.659622
-236.657500 84.567850 -232.945892 90.631660
-234.029000 84.526210 -230.290207 90.510086
-231.443300 84.405890 -227.700089 90.307358
-228.920700 84.255810 -225.170654 90.078575
-226.536800 84.105460 -222.770004 89.857452
-224.322600 83.973260 -220.573441 89.668152
-222.317800 83.852920 -218.591797 89.497261
-220.525500 83.748690 -216.810120 89.351997
-218.913500 83.654780 -215.244659 89.234215
-217.491400 83.614870 -213.854126 89.174980
-216.200400 83.663530 -212.584488 89.219528
-214.975300 83.890580 -211.358002 89.415237
-213.812900 84.303130 -210.230576 89.769440
-212.768400 84.851980 -209.218033 90.233757
-211.819400 85.505150 -208.282227 90.791153
-210.944500 86.249430 -207.405029 91.503159
-210.114900 87.190980 -206.493896 92.371765
-209.375900 88.379450 -205.727661 93.514420
-208.685500 89.786110 -204.953156 94.909515
-208.120100 91.447000 -204.371353 96.531227
-207.636800 93.318040 -203.846329 98.374573
-207.343700 95.377570 -203.522369 100.407570
-207.198500 97.677330 -203.349609 102.642502
-207.176800 100.117600 -203.276459 105.089157
-207.235900 102.732400 -203.313736 107.736694
-207.357900 105.495500 -203.384216 110.533409
-207.446900 108.321400 -203.418839 113.394447
-207.501200 111.206800 -203.413010 116.318886
-207.496800 114.153500 -203.331055 119.288071
-207.467000 117.040300 -203.245728 122.182678
-207.357100 119.818100 -203.161240 125.095879
-207.231600 122.580500 -203.048538 128.000839
-207.169600 125.360700 -202.970322 130.835388
-207.151600 128.086900 -202.941101 133.604630
-207.158900 130.676600 -202.916153 136.226044
-207.192200 133.099300 -202.913437 138.685638
-207.257200 135.311800 -202.950714 140.910538
-207.357800 137.293400 -203.013138 142.920502
-207.516000 139.039300 -203.157150 144.674973
-207.792700 140.624300 -203.417130 146.269714
-208.199400 142.155800 -203.801727 147.759186
-208.796100 143.591400 -204.355438 149.141388
-209.578000 144.906500 -205.050018 150.416534
-210.509400 146.123000 -205.907257 151.637497
-211.640600 147.221600 -206.979156 152.826584
-212.986500 148.243400 -208.285400 153.918350
-214.560800 149.101800 -209.832733 154.754776
-216.375500 149.752000 -211.646317 155.424500
-218.364200 150.183000 -213.643936 155.897720
-220.495700 150.431900 -215.745575 156.160080
-222.758400 150.560900 -218.021881 156.312546
-225.125500 150.643600 -220.403641 156.441742
-227.596900 150.727300 -222.891724 156.581726
-230.175200 150.835400 -225.484421 156.732407
-232.870900 150.954400 -228.188324 156.901138
-235.686400 151.084500 -231.009140 157.071579
-238.634600 151.219200 -233.945297 157.248260
-241.714000 151.324200 -237.009903 157.397568
-244.893500 151.370200 -240.176132 157.478729
-248.152800 151.340800 -243.420181 157.490433
-251.386800 151.245500 -246.650803 157.419601
-254.628800 151.083900 -249.876144 157.306580
-257.855100 150.860900 -253.099686 157.115646
-260.989500 150.595900 -256.219635 156.893463
-263.979600 150.335600 -259.210571 156.679611
-266.766600 150.087700 -262.016235 156.472168
-269.368500 149.866200 -264.617828 156.283249
-271.910000 149.696000 -267.165497 156.149246
-274.432000 149.547300 -269.666168 156.037079
-276.917800 149.419800 -272.152649 155.942566
-279.393400 149.337600 -274.642700 155.885635
-281.842600 149.284100 -277.080261 155.876511
-284.327000 149.245300 -279.581665 155.867371
-286.851400 149.215900 -282.097260 155.882401
-289.374600 149.175400 -284.639618 155.876572
-291.872700 149.113700 -287.153656 155.860397
-294.367000 149.035300 -289.658325 155.822189
-296.900400 148.946800 -292.210876 155.761719
-299.496800 148.857900 -294.802887 155.717514
-302.152700 148.763000 -297.479004 155.658951
-304.894400 148.662700 -300.271942 155.612625
-307.698800 148.565200 -303.101807 155.557404
-310.542800 148.472300 -305.979736 155.505157
-313.401900 148.388500 -308.857727 155.461426
-316.253600 148.309200 -311.733307 155.413742
-319.087100 148.246300 -314.576111 155.377258
-321.874200 148.159600 -317.391968 155.361008
-324.643500 148.080700 -320.171906 155.329620
-327.380000 148.017900 -322.924438 155.313629
-330.084600 147.943700 -325.635803 155.307480
-332.768800 147.879400 -328.280975 155.288177
-335.339000 147.849200 -330.850372 155.282013
-337.917500 147.821400 -333.418793 155.285934
-340.461700 147.771400 -335.962189 155.276993
-342.975500 147.703700 -338.457672 155.250748
-345.507800 147.596800 -340.973694 155.187607
-348.088400 147.502000 -343.537994 155.109497
-350.695500 147.387300 -346.156555 155.022003
-353.357500 147.254200 -348.788605 154.922516
-356.035100 147.123000 -351.446106 154.827560
-358.706400 146.987600 -354.124695 154.716385
-361.365400 146.869000 -356.779694 154.619736
-363.998800 146.747300 -359.426239 154.513535
-366.592400 146.651500 -362.013794 154.433517
-369.103200 146.586000 -364.520081 154.402817
-371.498800 146.552500 -366.918732 154.410919
-373.734100 146.569400 -369.161591 154.449020
-375.766000 146.687900 -371.198303 154.602081
-377.587800 146.923500 -373.021057 154.867462
-379.228200 147.254000 -374.650848 155.220886
-380.680100 147.681500 -376.109802 155.660004
-381.983900 148.240600 -377.444794 156.259171
-383.189300 148.967100 -378.629639 156.996216
-384.260600 149.832600 -379.705933 157.887421
-385.261700 150.822900 -380.693176 158.876160
-386.189600 152.026900 -381.643097 160.145416
-387.088300 153.508400 -382.527100 161.653046
-387.803500 155.255200 -383.223785 163.419769
-388.328200 157.227600 -383.716095 165.413879
-388.690100 159.390500 -384.029755 167.602509
-388.914300 161.727400 -384.217407 169.970718
-389.033800 164.223600 -384.285187 172.494476
-389.107700 166.899500 -384.310608 175.182068
-389.177200 169.703100 -384.307007 177.997635
-389.249200 172.602600 -384.328400 180.902527
-389.294800 175.566200 -384.329712 183.877487
-389.340400 178.518800 -384.328949 186.860886
-389.408400 181.466200 -384.346771 189.825439
-389.477100 184.395100 -384.354980 192.756241
-389.534000 187.303900 -384.351166 195.657654
-389.596100 190.151400 -384.367188 198.495972
-389.650400 192.868100 -384.370850 201.205292
-389.688600 195.381200 -384.373535 203.733963
-389.706500 197.729300 -384.355042 206.087341
-389.637200 199.881000 -384.242065 208.253677
-389.406500 201.894300 -383.984711 210.290619
-388.964400 203.824800 -383.498108 212.242004
-388.237500 205.641900 -382.716736 214.042648
-387.225600 207.247400 -381.696625 215.686584
-385.985200 208.725400 -380.422485 217.163956
-384.487500 210.025200 -378.912292 218.480011
-382.766900 211.133700 -377.179321 219.580399
-380.848000 212.024300 -375.227051 220.470779
-378.741200 212.710800 -373.151337 221.142090
-376.473400 213.257300 -370.879120 221.636627
-374.038800 213.683400 -368.459259 222.018707
-371.458500 214.025200 -365.888672 222.313385
-368.731200 214.304000 -363.167664 222.563995
-365.907000 214.548400 -360.340668 222.767670
-362.986400 214.774600 -357.429413 222.963455
-360.000500 214.982500 -354.444336 223.126953
-356.946700 215.144300 -351.394318 223.262329
-353.844800 215.269100 -348.314148 223.356628
-350.728200 215.343800 -345.227112 223.393509
-347.621800 215.396600 -342.117889 223.420471
-344.503600 215.436100 -339.061401 223.408844
-341.404500 215.431500 -335.978943 223.374603
-338.307200 215.374700 -332.899170 223.272644
-335.222900 215.258300 -329.828064 223.100784
-332.176900 215.090700 -326.796417 222.863983
-329.113900 214.919400 -323.746490 222.644775
-326.083300 214.755000 -320.702332 222.395721
-323.035500 214.645100 -317.661499 222.231201
-319.997700 214.594500 -314.628693 222.117065
-316.949800 214.613400 -311.586670 222.082260
-313.894600 214.701700 -308.551147 222.114487
-310.834000 214.851800 -305.499084 222.191193
-307.768800 215.021500 -302.443604 222.313705
-304.682000 215.209600 -299.354706 222.429138
-301.619300 215.403400 -296.303101 222.580811
-298.564100 215.602100 -293.237030 222.720337
-295.523500 215.774500 -290.205566 222.823730
-292.524500 215.925700 -287.218475 222.918213
-289.569200 216.080100 -284.268555 223.024002
-286.686000 216.208000 -281.395386 223.098526
-283.844300 216.320800 -278.580078 223.157974
-281.075400 216.414900 -275.848480 223.210815
-278.384800 216.482400 -273.165619 223.225342
-275.749900 216.524700 -270.549347 223.219376
-273.211000 216.563500 -268.024323 223.208237
-270.786900 216.596800 -265.610046 223.193604
-268.452200 216.627400 -263.270966 223.168961
-266.210100 216.670200 -261.026245 223.156006
-264.057900 216.715000 -258.882812 223.149628
-261.977600 216.758700 -256.796631 223.144882
-260.009300 216.805500 -254.826950 223.143585
-258.118000 216.846900 -252.957123 223.148117
-256.324100 216.892100 -251.170395 223.161591
-254.591600 216.937100 -249.440598 223.162476
-252.914000 216.968800 -247.769241 223.167664
-251.261500 217.002300 -246.125549 223.179291
-249.623300 217.030600 -244.481522 223.184219
-248.000000 217.075100 -242.863617 223.203064
-246.394700 217.123600 -241.246979 223.213196
-244.798500 217.177700 -239.661499 223.227112
-243.238500 217.242300 -238.108170 223.257248
-241.697700 217.301200 -236.573639 223.300735
-240.159500 217.379600 -235.039780 223.342484
-238.623700 217.447500 -233.510925 223.378830
-237.098100 217.517700 -231.996780 223.413254
-235.568700 217.578300 -230.456985 223.437653
-234.013600 217.632400 -228.896729 223.447418
-232.429300 217.675500 -227.318466 223.455109
-230.825000 217.709000 -225.704041 223.458344
-229.213500 217.727400 -224.092636 223.445755
-227.620200 217.743200 -222.486710 223.436111
-226.038600 217.749200 -220.908844 223.419098
-224.474500 217.720600 -219.352036 223.353455
-222.943700 217.646400 -217.802277 223.249588
-221.517500 217.497700 -216.377167 223.068298
-220.196400 217.264300 -215.077621 222.797729
-219.015400 216.979300 -213.903427 222.476349
-218.000600 216.671300 -212.885956 222.131622
-217.074300 216.316400 -212.005402 221.784454
-216.224900 215.882000 -211.144470 221.350861
-215.453800 215.357600 -210.395340 220.865204
-214.757400 214.782900 -209.671753 220.262589
-214.077200 214.065600 -208.979370 219.503342
-213.459700 213.182900 -208.368210 218.596359
-212.907500 212.086400 -207.847076 217.512604
-212.452200 210.870600 -207.416504 216.249542
-212.114300 209.456600 -207.113708 214.799240
-211.858500 207.837000 -206.891174 213.155319
-211.742000 206.028400 -206.818878 211.334396
-211.736300 204.033600 -206.869629 209.326523
-211.766900 201.873300 -206.958130 207.148880
-211.796200 199.533500 -207.054428 204.817963
-211.786800 197.027400 -207.121811 202.294113
-211.759900 194.373900 -207.166870 199.642334
-211.697900 191.633600 -207.192078 196.863770
-211.626700 188.816000 -207.215607 194.011948
-211.537000 185.992200 -207.224548 191.143158
-211.444400 183.173400 -207.227646 188.314117
-211.362800 180.374100 -207.237076 185.524612
-211.264700 177.600300 -207.228699 182.719971
-211.172000 174.834700 -207.220276 179.937149
-211.067900 172.132300 -207.193985 177.207901
-210.942500 169.548500 -207.140366 174.598923
-210.807500 167.115600 -207.057739 172.150467
-210.677900 164.891300 -206.971344 169.896545
-210.523800 162.831600 -206.861923 167.807297
-210.369300 160.883900 -206.748215 165.836792
-210.243400 159.140700 -206.654846 164.047180
-210.180400 157.654800 -206.610977 162.538391
-210.119700 156.263000 -206.566040 161.128799
-210.059800 154.892900 -206.525696 159.728775
-209.978700 153.571000 -206.450729 158.408096
-209.891700 152.272500 -206.391296 157.106979
-209.766700 150.900300 -206.283173 155.723160
-209.618400 149.453900 -206.167175 154.272110
-209.402000 147.911800 -205.988174 152.712936
-209.174500 146.248000 -205.830917 151.030121
-208.939400 144.453000 -205.649475 149.217163
-208.714900 142.497200 -205.487808 147.226898
-208.503800 140.403200 -205.337189 145.121796
-208.393000 138.150900 -205.293274 142.857635
-208.389600 135.751000 -205.351822 140.443909
-208.458300 133.190500 -205.499207 137.868942
-208.554900 130.503800 -205.673676 135.166641
-208.679600 127.708900 -205.880142 132.336990
-208.807700 124.788300 -206.060806 129.419189
-208.927800 121.786000 -206.253571 126.403786
-208.986400 118.770600 -206.428391 123.394035
-209.010800 115.753900 -206.570175 120.400887
-208.944000 112.761900 -206.619904 117.423241
-208.836500 109.809100 -206.601990 114.461586
-208.710600 106.913800 -206.555847 111.555809
-208.612900 104.164800 -206.497131 108.804153
-208.524100 101.612900 -206.468185 106.219254
-208.411800 99.291950 -206.398529 103.891701
-208.304000 97.231400 -206.344147 101.831413
-208.239900 95.441440 -206.323334 100.018135
-208.186600 93.928990 -206.273895 98.479683
-208.169400 92.620100 -206.280930 97.154739
-208.111400 91.359060 -206.241226 95.878036
-208.103700 90.108060 -206.245453 94.628563
-208.057300 88.899050 -206.211746 93.410530
-207.989700 87.686220 -206.174561 92.175896
-207.887500 86.424840 -206.087601 90.917625
-207.749700 85.106480 -205.982285 89.590805
-207.573400 83.679430 -205.826904 88.171051
-207.363800 82.128210 -205.656738 86.623535
-207.117800 80.466750 -205.457428 84.957329
-206.886600 78.657990 -205.267120 83.130890
-206.653200 76.721140 -205.063278 81.184662
-206.474300 74.687190 -204.925247 79.126442
-206.388100 72.537240 -204.890793 76.966827
-206.432200 70.298230 -204.984787 74.686668
-206.610100 68.000610 -205.212616 72.408051
-206.892700 65.622610 -205.546783 70.035133
-207.176400 63.145090 -205.864365 67.563339
-207.411300 60.582530 -206.141724 64.998764
-207.566400 57.936780 -206.348663 62.361015
-207.647700 55.184560 -206.502441 59.590271
-207.661500 52.385390 -206.572403 56.790710
-207.621300 49.546410 -206.633575 53.965855
-207.570900 46.730400 -206.672394 51.125355
-207.528900 43.951520 -206.717957 48.359001
-207.484900 41.207900 -206.773636 45.629887
-207.419300 38.483860 -206.822784 42.890038
-207.398300 35.859080 -206.898880 40.238632
-207.389600 33.323530 -206.986328 37.690594
-207.383600 30.928860 -207.060608 35.301708
-207.365700 28.737950 -207.105743 33.128693
-207.338200 26.780150 -207.141342 31.164497
-207.272200 25.076160 -207.142151 29.453215
-207.184900 23.637860 -207.121094 27.993750
-207.080700 22.407050 -207.055771 26.754795
-206.954300 21.322570 -206.979599 25.661911
-206.781600 20.334400 -206.851578 24.674801
-206.551700 19.436710 -206.698074 23.779955
-206.294700 18.614920 -206.494339 22.961220
-205.959400 17.852300 -206.207291 22.202129
-205.601700 17.147840 -205.892654 21.512566
-205.183200 16.499570 -205.498993 20.857582
-204.640200 15.834340 -204.999069 20.188286
-203.962000 15.126390 -204.366089 19.469963
-203.105900 14.402300 -203.587280 18.756104
-202.093300 13.723770 -202.599945 18.055756
-200.890700 13.072850 -201.399734 17.369011
-199.454900 12.451120 -199.959122 16.703796
-197.803000 11.847900 -198.321777 16.036243
-195.985800 11.251230 -196.519531 15.399227
-194.078300 10.799800 -194.635818 14.903910
-192.241500 10.550030 -192.832443 14.612342
-190.511600 10.492510 -191.064972 14.477000
-188.774500 10.514750 -189.287018 14.428349
-187.053000 10.530790 -187.530594 14.405833
-185.316100 10.589790 -185.759048 14.440386
-183.477200 10.672540 -183.894318 14.490100
-181.518300 10.768400 -181.886780 14.556665
-179.433500 10.895520 -179.747223 14.656944
-177.234800 11.053010 -177.535706 14.785184
-174.912900 11.228010 -175.148132 14.924778
-172.453800 11.406500 -172.649490 15.066229
-169.877600 11.633180 -170.014526 15.236380
-167.172600 11.903480 -167.279800 15.463633
-164.356100 12.241910 -164.405991 15.748919
-161.414200 12.605270 -161.423584 16.051224
-158.375100 12.957560 -158.360931 16.346107
-155.289000 13.266400 -155.239609 16.596741
-152.153500 13.477190 -152.074142 16.753021
-148.978900 13.534370 -148.841370 16.758099
-145.756200 13.449460 -145.605362 16.658932
-142.513300 13.323960 -142.368988 16.487659
-139.219200 13.264090 -139.066040 16.318272
-135.871600 13.235180 -135.720856 16.191837
-132.469300 13.237950 -132.315125 16.119068
-128.998700 13.250220 -128.827515 16.043705
-125.452300 13.247970 -125.304665 15.987915
-121.821900 13.224230 -121.668755 15.934382
-118.142800 13.197060 -117.989082 15.863644
-114.366200 13.195450 -114.252068 15.773550
-110.549500 13.202980 -110.469032 15.695108
-106.721100 13.234960 -106.672562 15.653984
-102.856200 13.237720 -102.870789 15.606048
-99.051970 13.344340 -99.034142 15.576291
-95.237560 13.444760 -95.225189 15.550774
-91.419640 13.530140 -91.388702 15.523680
-87.619070 13.674300 -87.595993 15.531994
-83.825400 13.812150 -83.823799 15.560013
-80.045030 13.941190 -80.066963 15.594322
-76.262920 14.064210 -76.327293 15.646955
-72.527230 14.169690 -72.649193 15.666302
-68.760100 14.314940 -68.952461 15.705586
-65.041990 14.448290 -65.299065 15.745061
-61.409550 14.597510 -61.676102 15.795277
-57.812780 14.752930 -58.079636 15.849508
-54.272080 14.916680 -54.539143 15.897614
-50.863180 15.111690 -51.033260 15.970275
-47.456920 15.288970 -47.578236 16.046446
-44.095940 15.453870 -44.192421 16.127403
-40.863370 15.611510 -40.901722 16.199221
-37.779270 15.768930 -37.780453 16.283804
-34.878460 16.001620 -34.811535 16.345732
-32.108550 16.224310 -32.003876 16.425753
-29.417700 16.336670 -29.323116 16.479967
-26.864830 16.377370 -26.783487 16.488363
-24.569330 16.453910 -24.415943 16.474155
-22.495940 16.503070 -22.266113 16.429626
-20.581990 16.519710 -20.306549 16.368528
-18.846180 16.508190 -18.527470 16.312105
-17.328990 16.482300 -16.965300 16.271080
-16.037550 16.475470 -15.578425 16.228716
-14.956120 16.515220 -14.388733 16.257303
-14.017770 16.603920 -13.379794 16.316801
-13.125570 16.745940 -12.488159 16.442862
-12.277220 17.018620 -11.694052 16.685326
-11.518690 17.387820 -10.941948 17.012884
-10.793900 17.853110 -10.217870 17.424625
-10.023690 18.451760 -9.455208 17.970833
-9.266871 19.249950 -8.638556 18.710825
-8.499983 20.230260 -7.829477 19.708366
-7.714471 21.448790 -7.076599 20.918976
-6.943853 22.899830 -6.294196 22.426367
-6.209422 24.630930 -5.583669 24.209431
-5.580618 26.636760 -5.005128 26.233744
-5.100718 28.938480 -4.497486 28.590574
-4.832290 31.540330 -4.170294 31.196127
-4.752808 34.327710 -4.062431 34.001015
-4.799016 37.335070 -4.084224 37.076866
-4.911943 40.499490 -4.180551 40.253681
-5.090383 43.700800 -4.311816 43.467464
-5.276585 46.904120 -4.422503 46.655235
-5.464336 50.126700 -4.529346 49.848434
-5.701735 53.348430 -4.631348 53.025406
-5.926283 56.566760 -4.724380 56.217590
-6.149722 59.747560 -4.810824 59.347767
-6.326192 62.853260 -4.868008 62.444561
-6.450595 65.815280 -4.930122 65.393036
-6.558018 68.633220 -4.986861 68.202621
-6.625230 71.279560 -5.030653 70.867889
-6.655510 73.749780 -5.079294 73.352173
-6.684464 75.995110 -5.113656 75.594070
-6.652349 77.987890 -5.121397 77.604774
-6.508811 79.715010 -5.005513 79.357605
-6.213677 81.157890 -4.742138 80.821205
-5.729615 82.390460 -4.319992 82.041489
-5.161236 83.435200 -3.801418 83.067017
-4.542652 84.252870 -3.202988 83.885979
-3.866113 84.884560 -2.597946 84.521347
-3.262439 85.311720 -2.020126 84.951782
-2.779876 85.608160 -1.570736 85.266457
-2.292931 85.855430 -1.112328 85.536804
-1.737887 86.025210 -0.622757 85.742195
-1.127115 86.147390 -0.096521 85.889801
-0.518659 86.251250 0.421503 86.009529
0.098283 86.354450 0.949175 86.133102
0.701588 86.427350 1.498283 86.204475
1.306431 86.494190 2.060465 86.255013
1.881704 86.544440 2.608198 86.307533
2.482048 86.571200 3.179987 86.325928
3.081643 86.601540 3.774663 86.350502
3.761151 86.625380 4.434754 86.367447
4.619787 86.696990 5.259856 86.416412
5.591334 86.770900 6.206213 86.475105
6.608439 86.844400 7.212575 86.529938
7.634023 86.901350 8.281024 86.578720
8.711110 86.958450 9.405107 86.601196
9.832777 87.009730 10.556842 86.617867
11.007620 87.011520 11.739238 86.610435
12.275390 86.965120 12.943305 86.540451
13.626340 86.918150 14.246149 86.486916
15.069990 86.825170 15.630116 86.384445
16.615310 86.785220 17.136703 86.349052
18.281790 86.877740 18.746487 86.430298
20.047850 87.081990 20.475956 86.610435
21.900640 87.285740 22.311329 86.777061
23.863160 87.475150 24.326534 86.888390
25.902040 87.591950 26.379223 86.949142
28.010580 87.643840 28.521729 86.974602
30.161670 87.666240 30.698677 86.982712
32.320100 87.664230 32.887867 86.984459
34.457590 87.659770 35.052876 86.957443
36.605810 87.671870 37.248035 86.961258
38.730770 87.693440 39.379410 86.966866
40.845470 87.730240 41.516987 86.975815
42.917780 87.780190 43.622688 87.003487
44.982820 87.855000 45.724686 87.056030
47.029150 87.934110 47.800102 87.096817
49.088540 87.988070 49.886288 87.117050
51.131190 88.046720 51.936882 87.137245
53.178890 88.088740 54.007832 87.143463
55.228720 88.131890 56.057831 87.169868
57.257270 88.189930 58.094784 87.200661
59.284240 88.231390 60.148766 87.210411
61.307870 88.268110 62.191761 87.237244
63.333450 88.313230 64.235634 87.244881
65.383590 88.353950 66.250832 87.266258
67.446480 88.391970 68.293007 87.287903
69.483090 88.432190 70.299873 87.310883
71.551190 88.436950 72.348717 87.335701
73.590280 88.449790 74.366585 87.333344
75.642440 88.447490 76.412842 87.341019
77.675640 88.454840 78.438835 87.338379
79.705830 88.461020 80.457794 87.337395
81.744040 88.480290 82.503693 87.343010
83.774580 88.511400 84.532364 87.346848
85.799340 88.557110 86.580269 87.362808
87.804420 88.601160 88.615044 87.364601
89.806920 88.643630 90.634949 87.373253
91.803370 88.704770 92.627960 87.402496
93.754020 88.738080 94.601494 87.408127
95.670500 88.790390 96.568680 87.430252
97.538390 88.822000 98.478401 87.432022
99.322990 88.859730 100.299736 87.450607
100.954900 88.856800 101.973885 87.423645
102.409400 88.885030 103.468735 87.440819
103.660500 88.873010 104.786995 87.433815
104.773500 88.863290 105.941124 87.427429
105.718200 88.844540 106.926987 87.403557
106.475800 88.845300 107.705292 87.400467
107.080900 88.835950 108.322350 87.413185
107.600100 88.863550 108.806656 87.451637
108.075700 88.966910 109.277039 87.549141
108.506900 89.161700 109.718758 87.742027
108.887900 89.429650 110.059837 87.969604
109.267500 89.752890 110.461212 88.264534
109.650400 90.181660 110.822166 88.649986
110.007800 90.683680 111.223862 89.148750
110.331900 91.262390 111.580002 89.734955
110.663200 91.958220 111.931435 90.420570
110.947400 92.750780 112.264069 91.198311
111.190500 93.649870 112.541290 92.053749
111.329400 94.676260 112.724892 93.068657
111.382200 95.834440 112.803322 94.161140
111.376200 97.156700 112.847176 95.472961
111.321400 98.712080 112.903931 96.957474
111.179000 100.499200 112.906242 98.650299
111.052600 102.454500 112.918816 100.535522
110.953400 104.573600 112.941086 102.615555
110.848100 106.867600 112.940300 104.883804
110.729000 109.311900 112.930679 107.293938
110.604600 111.877700 112.893669 109.860558
110.451100 114.520800 112.830910 112.474358
110.254000 117.240000 112.716629 115.192154
110.055600 119.971100 112.585487 117.938126
109.855900 122.687400 112.464432 120.646332
109.666000 125.388400 112.336815 123.335838
109.501800 128.077800 112.235199 126.028931
109.371200 130.752800 112.172745 128.687729
109.256400 133.406800 112.135498 131.327026
109.149100 136.006600 112.087456 133.900742
109.039300 138.439400 112.039490 136.315887
108.946900 140.687200 112.001961 138.520874
108.848000 142.713600 111.954468 140.535904
108.759900 144.486400 111.906265 142.313385
108.690000 146.045200 111.866318 143.901840
108.715900 147.402400 111.832443 145.298645
108.827800 148.539800 111.801987 146.500534
108.921200 149.485400 111.824013 147.448746
109.006800 150.284400 111.845200 148.267746
109.049700 151.026600 111.881805 149.019775
109.110000 151.749000 111.912598 149.770874
109.240400 152.403100 111.953995 150.474533
109.344100 153.097600 111.977600 151.227280
109.452600 153.933600 112.018372 152.105042
109.521400 154.936000 112.034599 153.138672
109.584300 156.072700 112.066490 154.272949
109.645200 157.328900 112.090439 155.537750
109.667500 158.738000 112.082848 156.969040
109.715500 160.311600 112.110054 158.541443
109.696400 162.088600 112.110138 160.290573
109.648800 164.031700 112.115471 162.211182
109.639100 166.108700 112.104813 164.292236
109.633200 168.339900 112.089188 166.522171
109.612700 170.710700 112.054237 168.901703
109.583300 173.210300 112.023628 171.403870
109.553500 175.810400 111.994957 174.007568
109.534300 178.500200 111.967819 176.724197
109.535800 181.237100 111.981277 179.462952
109.577200 183.940500 111.981369 182.199524
109.589000 186.635900 111.980362 184.916351
109.627500 189.311100 111.977600 187.583115
109.659000 191.927100 111.951180 190.186874
109.629600 194.430300 111.867676 192.710052
109.574900 196.783200 111.764885 195.067963
109.514500 198.966200 111.676743 197.264221
109.471200 200.971300 111.607986 199.278366
109.448700 202.821200 111.555702 201.133118
109.448800 204.602200 111.535378 202.924408
109.487500 206.354100 111.546837 204.689896
109.546200 208.062400 111.575317 206.405807
109.610500 209.709200 111.607193 208.081650
109.671900 211.262700 111.636848 209.633148
109.705900 212.701800 111.630196 211.073685
109.734000 214.083700 111.612877 212.477386
109.731100 215.443500 111.581642 213.824097
109.707300 216.763900 111.521538 215.149658
109.699800 218.051000 111.472366 216.451447
109.686600 219.346900 111.428108 217.747284
109.662800 220.744800 111.411400 219.101486
109.624300 222.181900 111.368538 220.522873
109.632900 223.689900 111.362335 222.005142
109.598100 225.285500 111.298851 223.582901
109.569800 226.964200 111.254120 225.269928
109.440500 228.723900 111.124626 227.029541
109.201500 230.569600 110.901962 228.876312
108.840200 232.500400 110.589081 230.814606
108.453300 234.508400 110.243629 232.813492
108.103400 236.603300 109.923492 234.897781
107.820000 238.782500 109.660286 237.086578
107.625300 241.068300 109.478821 239.392273
107.500700 243.440400 109.381943 241.776443
107.404300 245.878200 109.308746 244.238754
107.332600 248.416100 109.261398 246.803772
107.256600 251.021300 109.202934 249.426544
107.176600 253.624800 109.132172 252.055878
107.085700 256.216800 109.064606 254.658752
106.990300 258.788300 108.975647 257.246704
106.888800 261.345700 108.897865 259.812317
106.803900 263.853500 108.816292 262.346619
106.756800 266.256500 108.751877 264.776947
106.736800 268.495900 108.694229 267.042633
106.721100 270.543000 108.649109 269.132080
106.664600 272.451300 108.606361 271.062561
106.602400 274.231700 108.576515 272.844238
106.541100 275.936000 108.542534 274.549438
106.490100 277.548900 108.532936 276.166443
106.431000 279.024300 108.539536 277.637268
106.436000 280.325900 108.586746 278.944794
106.525700 281.483400 108.704491 280.096283
106.690800 282.500200 108.886383 281.108734
106.934200 283.393700 109.141800 281.986511
107.264500 284.174800 109.435616 282.774658
107.615000 284.885400 109.727097 283.489960
108.052900 285.553000 110.131927 284.174500
108.564200 286.162300 110.602966 284.815063
109.134400 286.814700 111.137779 285.489990
109.716100 287.520500 111.722031 286.186768
110.122000 288.203000 112.183060 286.830048
110.422100 288.820000 112.529221 287.409668
110.586500 289.418300 112.769836 288.026459
110.618300 290.064100 112.830803 288.659912
110.518800 290.708100 112.832375 289.247192
110.370600 291.314300 112.733765 289.792755
110.141900 291.925400 112.575722 290.342651
109.836600 292.549000 112.309380 290.939819
109.496500 293.150200 111.962151 291.518677
109.127000 293.786300 111.612137 292.140839
108.698100 294.485100 111.200546 292.813904
108.256700 295.314100 110.782974 293.621582
107.818100 296.219200 110.365509 294.537109
107.428300 297.304000 110.006233 295.596771
107.065000 298.537100 109.654922 296.831665
106.761100 299.883000 109.376740 298.194153
106.504600 301.404000 109.138260 299.726868
106.275100 303.166000 108.928261 301.474304
106.085800 305.101300 108.746811 303.414246
105.832300 307.215400 108.523125 305.511383
105.631300 309.512000 108.339645 307.808136
105.511000 311.924600 108.219002 310.242645
105.445300 314.490700 108.176445 312.799622
105.421000 317.132600 108.158562 315.461487
105.442800 319.873700 108.158348 318.222290
105.446400 322.691700 108.168694 321.068207
105.418000 325.550100 108.144073 323.968262
105.395200 328.463500 108.114021 326.923950
105.363900 331.394800 108.111069 329.872131
105.291400 334.291700 108.065086 332.781860
105.220100 337.191700 108.024986 335.694489
105.144300 340.052300 107.962158 338.566132
105.074500 342.867900 107.886414 341.411926
105.008900 345.615600 107.763947 344.203979
104.963300 348.183800 107.663353 346.834595
104.902500 350.569000 107.586060 349.259491
104.816700 352.734300 107.510292 351.463562
104.677500 354.661300 107.447952 353.432526
104.615300 356.352300 107.441307 355.163818
104.604300 357.799100 107.439873 356.667236
104.701100 359.026400 107.565491 357.935852
104.890600 360.123900 107.782013 359.018188
105.192900 361.139800 108.076057 360.071930
105.583500 362.033500 108.493057 361.018738
106.094900 362.891300 108.992188 361.891663
106.699400 363.652300 109.565872 362.632935
107.414200 364.337700 110.285545 363.346008
108.207300 364.984000 111.140030 364.082306
109.274200 365.625100 112.239487 364.767059
110.518200 366.322000 113.453018 365.424042
111.969200 367.023500 114.929405 366.124115
113.629200 367.645200 116.614800 366.750763
115.502500 368.145800 118.501152 367.241486
117.562800 368.470200 120.598801 367.584167
119.826500 368.663600 122.877541 367.764893
122.238200 368.733400 125.320724 367.813568
124.812600 368.744200 127.901566 367.807098
127.509600 368.750200 130.618103 367.807648
130.334100 368.742700 133.464905 367.782288
133.295700 368.738200 136.442734 367.765259
136.383900 368.770400 139.564163 367.768768
139.555000 368.815800 142.793579 367.775055
142.817300 368.903900 146.042267 367.822601
146.129200 369.028000 149.326981 367.901520
149.483900 369.137700 152.688171 367.966583
152.891500 369.309800 156.078217 368.025513
156.306000 369.518300 159.491119 368.100891
159.737200 369.684200 162.917511 368.139404
163.198500 369.811800 166.383926 368.166809
166.695400 369.930000 169.882401 368.204163
170.207000 370.046100 173.407043 368.241699
173.771600 370.157300 176.983124 368.301270
177.360900 370.266500 180.543945 368.366425
180.975000 370.366900 184.159256 368.429260
184.518100 370.493400 187.767151 368.490143
188.057900 370.608200 191.348541 368.556519
191.649500 370.691100 194.939774 368.604614
195.256300 370.767500 198.503220 368.670258
198.849500 370.860000 202.002075 368.733337
202.381300 370.945800 205.512329 368.786133
205.845900 371.042000 208.984863 368.835968
209.282900 371.140100 212.451157 368.873169
212.668000 371.264500 215.825592 368.936981
216.064400 371.405600 219.196411 368.980164
219.481600 371.542500 222.570801 369.055756
222.884100 371.677600 225.949371 369.119598
226.298100 371.814800 229.317383 369.191681
229.735800 371.946300 232.687271 369.279572
233.194100 372.081100 236.109680 369.354980
236.650500 372.201800 239.521118 369.421021
240.111200 372.286400 242.948349 369.463898
243.564300 372.361500 246.375366 369.464539
247.015400 372.438700 249.844864 369.495758
250.457000 372.513500 253.281143 369.524750
253.891600 372.590900 256.703857 369.560547
257.290300 372.695800 260.115356 369.597107
260.690700 372.783400 263.494995 369.647430
264.069500 372.879600 266.852570 369.695068
267.431600 372.988700 270.213898 369.772675
270.776800 373.106400 273.573303 369.846710
274.109000 373.236700 276.919281 369.927063
277.432900 373.381900 280.272522 370.031799
280.759300 373.509600 283.602264 370.113739
284.056000 373.639500 286.928650 370.185486
287.359000 373.744400 290.254150 370.247559
290.659600 373.828200 293.556213 370.281647
293.947900 373.890800 296.844696 370.314270
297.237800 373.937600 300.107086 370.341278
300.521400 373.988900 303.370728 370.371002
303.768300 374.045300 306.622345 370.396271
306.957900 374.123300 309.863403 370.406219
310.146500 374.187500 313.085602 370.425323
313.322400 374.161000 316.262207 370.431580
316.483700 374.147700 319.441956 370.446442
319.614100 374.138000 322.565613 370.445618
322.710900 374.134900 325.647400 370.453735
325.754600 374.160500 328.694244 370.478546
328.760000 374.252700 331.686798 370.571472
331.723400 374.480400 334.623383 370.780396
334.629700 374.897700 337.536743 371.181061
337.443500 375.575200 340.303131 371.789673
340.190600 376.425800 343.014343 372.606018
342.858100 377.501000 345.678589 373.622925
345.468300 378.757900 348.256165 374.827057
348.031800 380.138800 350.801788 376.150879
350.528000 381.659100 353.288879 377.569031
353.018700 383.175200 355.802979 379.034363
355.491300 384.652000 358.299255 380.455261
357.947400 386.052400 360.821045 381.803223
360.450400 387.298300 363.377075 382.996552
362.989400 388.343200 365.973999 384.007751
365.629600 389.180000 368.643860 384.803345
368.276800 389.785200 371.353516 385.411530
371.000200 390.203900 374.109955 385.798096
373.810900 390.409900 376.909698 385.995392
376.669700 390.515800 379.769989 386.019501
379.565900 390.475800 382.654266 385.924347
382.519300 390.334600 385.632812 385.709900
385.568500 390.096400 388.648682 385.439209
388.667700 389.806400 391.755249 385.100403
391.801000 389.495500 394.870392 384.752594
394.948500 389.200900 397.989685 384.418823
398.070600 388.865200 401.111298 384.056702
401.148300 388.481900 404.201904 383.633789
404.065800 388.058900 407.110474 383.171326
406.691700 387.530400 409.769073 382.630005
409.000000 386.806300 412.063904 381.871735
410.962900 385.896000 413.987091 380.958069
412.562500 384.785500 415.619385 379.887115
413.996700 383.545300 416.988098 378.628571
415.180900 382.105900 418.144104 377.166412
416.123400 380.517100 419.072418 375.517548
416.780300 378.715300 419.738037 373.739166
417.257500 376.862000 420.211548 371.834229
417.474300 374.922400 420.426544 369.833466
417.570600 372.940800 420.489044 367.791626
417.595000 370.957200 420.488068 365.764252
417.608000 368.989000 420.473145 363.777100
417.583600 367.038100 420.419250 361.796661
417.563900 365.089500 420.385681 359.834198
417.541600 363.162600 420.324463 357.888763
417.537500 361.254500 420.281891 355.962402
417.528500 359.368700 420.242371 354.069611
417.528100 357.497400 420.208588 352.160217
417.533000 355.636800 420.175964 350.293060
417.535200 353.779400 420.134888 348.419403
417.571900 351.871300 420.119690 346.505768
417.625100 349.951000 420.133209 344.579681
417.694000 348.023900 420.174957 342.640106
417.785900 346.081700 420.237610 340.683228
417.908800 344.103500 420.333282 338.674530
418.015700 342.077300 420.404297 336.640320
418.081000 339.964700 420.434937 334.507568
418.090200 337.760700 420.410522 332.291351
418.050600 335.423900 420.322601 329.939484
417.958300 332.974100 420.197906 327.469055
417.860400 330.443200 420.023804 324.918549
417.712700 327.891600 419.774841 322.355835
417.482600 325.340400 419.460571 319.787415
417.033400 322.795700 419.033081 317.257629
416.342400 320.296000 418.396088 314.765991
415.500300 317.846800 417.569336 312.335266
414.502200 315.485600 416.574219 309.974640
413.318100 313.201700 415.387543 307.677979
412.032900 310.983400 414.111206 305.444702
410.705100 308.826400 412.765991 303.279175
409.332700 306.723300 411.392151 301.200439
407.938700 304.690300 409.990509 299.142090
406.473300 302.693100 408.521790 297.143768
404.955000 300.719700 406.988068 295.166260
403.421700 298.744000 405.452454 293.166840
401.884500 296.708900 403.916748 291.141418
400.391900 294.639900 402.418427 289.064301
398.848100 292.568900 401.005432 287.000000
397.412100 290.463600 399.635559 284.897522
396.057400 288.363000 398.338745 282.801056
394.718200 286.280300 397.030762 280.708893
393.408400 284.209500 395.734131 278.628265
392.117400 282.093800 394.447388 276.537354
390.835100 279.982500 393.166809 274.435577
389.579700 277.837900 391.926086 272.310577
388.345300 275.665600 390.686096 270.129456
387.120100 273.483200 389.450562 267.951935
385.875700 271.265000 388.204651 265.755524
384.628200 269.049200 386.929810 263.526642
383.381900 266.843000 385.679443 261.330963
382.125900 264.656300 384.410156 259.145813
380.854500 262.504300 383.138916 256.988525
379.661500 260.394600 381.844940 254.893021
378.446600 258.284100 380.534363 252.837570
377.135400 256.231900 379.213379 250.824463
375.830100 254.203900 377.910095 248.845596
374.666100 252.142300 376.610657 246.845184
373.467400 250.089900 375.303955 244.842545
372.260300 248.016900 373.938171 242.820770
371.007200 245.900200 372.553467 240.738037
369.693400 243.722700 371.128265 238.621063
368.315100 241.489500 369.647339 236.438538
366.888500 239.203500 368.119812 234.200150
365.460800 236.868900 366.577789 231.917999
364.012600 234.509600 365.045441 229.585327
362.529900 232.103900 363.531006 227.242584
361.127000 229.646700 362.002991 224.833267
359.661000 227.165200 360.476990 222.418610
358.172600 224.664800 358.921692 219.966705
356.667000 222.124500 357.293762 217.487503
355.093500 219.562900 355.601685 214.961761
353.424100 216.994400 353.838470 212.436615
351.712100 214.400800 352.039368 209.877945
349.975600 211.757600 350.237183 207.281921
348.217300 209.053900 348.403259 204.618011
346.440100 206.295800 346.546417 201.926910
344.718700 203.491400 344.710144 199.205994
343.048900 200.668300 342.883606 196.475815
341.324500 197.881200 341.051239 193.738190
339.568500 195.094400 339.250702 191.017731
337.852500 192.286600 337.437683 188.244690
336.194600 189.467000 335.639404 185.482407
334.505100 186.643600 333.857666 182.699738
332.810200 183.813400 332.069397 179.891357
331.136400 180.975200 330.316101 177.108276
329.490700 178.148700 328.568298 174.326355
327.932900 175.420200 326.884583 171.652161
326.471500 172.833200 325.303406 169.121490
325.095300 170.445000 323.838654 166.759247
323.762200 168.206100 322.440247 164.545013
322.412400 165.996900 321.015564 162.358292
321.011100 163.835400 319.570129 160.209366
319.641800 161.678600 318.167664 158.063202
318.295500 159.472400 316.779846 155.879593
316.951800 157.229300 315.389832 153.677155
315.588800 154.961100 313.969940 151.448990
314.135600 152.692800 312.499207 149.210052
312.631900 150.387300 310.992401 146.914841
311.148500 148.012100 309.454712 144.557129
309.612900 145.580200 307.901123 142.166931
308.016700 143.109100 306.288483 139.697998
306.331100 140.598200 304.622131 137.199539
304.564400 138.076000 302.907288 134.686768
302.797400 135.508900 301.144806 132.126709
300.997000 132.893600 299.358337 129.518677
299.222800 130.218600 297.547577 126.863823
297.437100 127.496300 295.719666 124.162987
295.655500 124.725500 293.877777 121.438019
293.887000 121.904900 292.015808 118.596161
292.106700 119.014900 290.147705 115.754990
290.285600 116.096800 288.263672 112.882454
288.486200 113.134700 286.369690 109.978409
286.686000 110.204800 284.453156 107.067932
284.893700 107.269000 282.541870 104.182281
283.126100 104.350100 280.643982 101.324333
281.355100 101.454500 278.760193 98.473312
279.594100 98.593690 276.907410 95.673203
277.853700 95.782330 275.075623 92.894272
276.123300 93.015090 273.265015 90.173050
274.407100 90.294590 271.482849 87.486435
272.692900 87.620630 269.714447 84.838272
270.986100 84.990760 267.935913 82.221680
269.325100 82.370640 266.189941 79.654694
267.721500 79.761360 264.485626 77.136375
266.125000 77.187760 262.795380 74.639946
264.542700 74.650060 261.113098 72.139526
262.985600 72.146080 259.467712 69.679665
261.442300 69.672120 257.853516 67.239662
259.914000 67.228910 256.248871 64.824638
258.304500 64.884450 254.681183 62.456688
256.745600 62.566170 253.138153 60.099159
255.295000 60.234750 251.682373 57.768929
253.997800 57.859320 250.378296 55.401306
252.910900 55.413560 249.251251 52.941071
252.070800 52.918370 248.370667 50.436722
251.456200 50.379500 247.746628 47.930031
251.101500 47.849010 247.345215 45.384914
250.932300 45.362320 247.136063 42.865643
250.858900 42.970440 247.014328 40.439209
250.880600 40.703100 246.936523 38.110249
250.860200 38.529600 246.833160 35.871170
250.643100 36.422190 246.567490 33.723354
250.219900 34.431510 246.077911 31.754490
249.550300 32.522370 245.411514 29.811882
248.682400 30.805930 244.519104 28.066399
247.595100 29.296170 243.326233 26.546082
246.325600 27.986790 242.000473 25.173767
244.806500 26.870520 240.465027 24.099175
243.208500 26.046220 238.848114 23.302963
241.618500 25.511990 237.294556 22.823395
240.183400 25.244680 235.834610 22.590109
238.935000 25.182690 234.584030 22.570276
237.834400 25.306400 233.483902 22.708088
236.751000 25.547440 232.486176 22.962730
235.819600 26.015040 231.569595 23.447258
235.018800 26.634010 230.777283 24.044655
234.322500 27.380390 230.084412 24.759712
233.665300 28.270030 229.511597 25.675598
233.152200 29.370220 229.026169 26.780533
232.717700 30.623840 228.666504 28.013256
232.381300 32.026050 228.400925 29.430134
232.146500 33.563930 228.281052 30.879313
231.970000 35.230950 228.207169 32.537743
231.824100 37.057360 228.164154 34.343376
231.711700 38.971820 228.138748 36.255245
231.613800 41.054710 228.129318 38.324432
231.500400 43.265380 228.131104 40.552277
231.399200 45.576380 228.138229 42.870033
231.319600 47.958050 228.167114 45.255871
231.245500 50.455120 228.225327 47.747231
231.179600 53.045730 228.285477 50.321980
231.112600 55.734600 228.354767 53.007500
231.018200 58.532000 228.419586 55.785744
230.923100 61.468330 228.503510 58.679020
230.781800 64.386420 228.548859 61.584427
230.554400 67.301250 228.522675 64.482796
230.382900 70.279420 228.538910 67.460098
230.251900 73.265810 228.567932 70.461304
230.117200 76.279160 228.606018 73.468887
229.963600 79.299000 228.613266 76.497398
229.812600 82.350860 228.621628 79.561813
229.639600 85.361680 228.660751 82.612442
229.508400 88.372400 228.687805 85.665802
229.396200 91.404150 228.736908 88.685455
229.226100 94.390420 228.734467 91.652641
229.043400 97.383610 228.709839 94.619637
228.915600 100.420900 228.746750 97.640541
228.777400 103.429600 228.761688 100.650230
228.620500 106.515300 228.784714 103.718414
228.492800 109.617700 228.819412 106.813637
228.345100 112.766000 228.836884 109.960823
228.262200 115.953800 228.866837 113.133636
228.174500 119.123600 228.885376 116.277084
228.062700 122.300500 228.884521 119.436913
227.923700 125.438600 228.876892 122.576942
227.800300 128.526100 228.884598 125.660583
227.652200 131.598300 228.870651 128.705826
227.534700 134.639400 228.876297 131.743729
227.419600 137.638100 228.884888 134.746460
227.314300 140.648200 228.890900 137.759445
227.209000 143.551900 228.898727 140.681580
227.066800 146.491000 228.873795 143.621460
226.958600 149.420900 228.884705 146.498978
226.876000 152.285800 228.915649 149.332794
226.800700 155.135000 228.940536 152.157715
226.731900 157.928600 228.974945 154.934143
226.671000 160.677000 229.011032 157.659744
226.582000 163.433500 229.010315 160.399261
226.485000 166.141300 229.008316 163.090134
226.397200 168.834800 228.997803 165.775284
226.291800 171.503000 228.984436 168.447357
226.193800 174.156400 228.967499 171.087753
226.097700 176.845900 228.959427 173.752625
226.004100 179.602700 228.954773 176.504700
225.899400 182.370000 228.965424 179.254929
225.790500 185.147000 228.965271 181.998749
225.666400 187.881700 228.947830 184.698090
225.559700 190.596700 228.952682 187.394135
225.450800 193.273500 228.953125 190.076828
225.344100 195.959200 228.961075 192.748520
225.255300 198.650900 228.986282 195.413605
225.193200 201.334900 229.021179 198.075241
225.127200 204.006800 229.059769 200.712860
225.065500 206.635300 229.089401 203.330536
225.010800 209.237100 229.119629 205.908951
224.942500 211.826000 229.141632 208.466354
224.891100 214.400400 229.177048 211.016586
224.851300 216.935700 229.230942 213.526535
224.574700 219.362300 229.278046 215.970093
224.296500 221.836900 229.323181 218.459152
224.077500 224.335800 229.379166 220.973053
223.912600 226.902200 229.454453 223.512314
223.741800 229.521600 229.491531 226.133377
223.606900 232.177000 229.521576 228.784515
223.385500 235.003000 229.511795 231.558655
223.159800 237.809300 229.474396 234.332886
222.960600 240.674800 229.450623 237.157974
222.792300 243.535000 229.441101 239.976883
222.588700 246.352100 229.426956 242.756805
222.380700 249.170100 229.397552 245.537918
222.221500 251.920200 229.410614 248.260727
222.080000 254.672900 229.434952 250.976837
221.956900 257.368500 229.444397 253.688538
221.829100 260.046700 229.469986 256.354492
221.692500 262.646800 229.447067 259.002686
221.568600 265.262200 229.449448 261.666687
221.459700 267.839700 229.478760 264.250427
221.336200 270.381800 229.493896 266.800598
221.189700 272.766200 229.460876 269.210388
221.088000 275.002000 229.477081 271.432220
221.026400 277.045600 229.524887 273.468567
221.049000 278.872300 229.641678 275.293945
221.129600 280.543300 229.797104 276.960999
221.219900 282.100200 229.961777 278.515747
221.344400 283.572300 230.175140 279.977936
221.383300 284.982800 230.284058 281.385559
221.427300 286.297500 230.424026 282.681732
221.355400 287.505400 230.425156 283.863983
221.243100 288.625800 230.398239 284.967102
221.036600 289.678700 230.270782 286.009216
220.706100 290.652000 230.002930 286.951721
220.342100 291.553100 229.695236 287.849548
219.853800 292.364600 229.267883 288.730713
219.269900 293.212700 228.753632 289.553802
218.538100 294.065300 228.076828 290.429443
217.686800 294.889800 227.283936 291.253601
216.657700 295.681400 226.293564 292.081848
215.444500 296.400100 225.146072 292.782776
214.042800 296.980800 223.758270 293.417725
212.392600 297.367200 222.162888 293.838654
210.496800 297.522800 220.352142 294.097565
208.422600 297.550500 218.313370 294.192200
206.131200 297.483400 216.062256 294.198761
203.651200 297.386400 213.583298 294.204376
200.976300 297.310600 210.895584 294.240784
198.089000 297.234800 208.009048 294.285553
194.997600 297.169600 204.918365 294.348755
191.702200 297.088100 201.616592 294.400665
188.259400 296.972900 198.186264 294.432159
184.687600 296.836900 194.605881 294.446960
180.991300 296.697500 190.908951 294.463226
177.262000 296.545800 187.168106 294.451599
173.558400 296.374900 183.467590 294.432770
169.919200 296.277600 179.775833 294.421051
166.317100 296.215600 176.078918 294.401764
162.711100 296.177000 172.440781 294.372253
159.134700 296.119900 168.792908 294.350739
155.571100 296.037800 165.136185 294.330231
152.007700 295.960500 161.519196 294.306091
148.468000 295.873200 157.957916 294.293091
144.946600 295.784900 154.388245 294.289215
141.444100 295.697900 150.854080 294.285400
137.975600 295.609100 147.324829 294.273102
134.474600 295.536100 143.849747 294.256927
131.021500 295.387200 140.383850 294.211151
127.584800 295.185200 136.971954 294.113037
124.194200 294.919100 133.596741 293.927612
120.833000 294.568800 130.244553 293.680634
117.524100 294.148300 126.934448 293.345978
114.277200 293.717200 123.668106 293.006958
111.044200 293.263000 120.438156 292.645569
107.875300 292.820400 117.220314 292.281006
104.688800 292.432800 114.007240 291.975769
101.526200 292.112800 110.825623 291.740234
98.320670 291.867700 107.586502 291.573395
95.075730 291.698100 104.308098 291.486328
91.781610 291.600800 100.983315 291.483551
88.461730 291.510300 97.603241 291.501160
85.094010 291.416400 94.191879 291.517395
81.672540 291.325000 90.718124 291.527344
78.223590 291.216800 87.238144 291.534546
74.766450 291.106600 83.783485 291.527771
71.344240 290.985400 80.358948 291.507874
67.941880 290.873200 76.958138 291.493652
64.574620 290.765700 73.576775 291.488403
61.246410 290.655900 70.225632 291.475342
57.944380 290.555500 66.926331 291.466644
54.688490 290.463900 63.676670 291.447540
51.465180 290.374800 60.456581 291.442230
48.250390 290.298700 57.236668 291.449463
45.050130 290.226400 54.035370 291.445312
41.875270 290.157700 50.859253 291.450897
38.711490 290.079000 47.704742 291.452179
35.578690 289.999000 44.586811 291.452881
32.468040 289.919000 41.478683 291.468964
29.399030 289.855900 38.418316 291.489838
26.374440 289.806000 35.402489 291.516052
23.466190 289.753800 32.495216 291.543976
20.703250 289.695700 29.750868 291.556091
18.065590 289.632000 27.129658 291.568268
15.545090 289.573700 24.613010 291.571991
13.147890 289.520300 22.241606 291.586395
10.888030 289.488100 19.988562 291.610718
8.793075 289.520100 17.905228 291.714417
6.883822 289.607400 15.987824 291.863556
5.082836 289.770600 14.182009 292.084595
3.360773 289.989300 12.463690 292.358643
1.693438 290.246300 10.799271 292.669189
0.081762 290.523900 9.192253 292.996735
-1.454040 290.824700 7.661762 293.327423
-2.912142 291.153900 6.216694 293.697571
-4.263831 291.496500 4.900536 294.068665
-5.469629 291.865200 3.693726 294.455139
-6.561797 292.250200 2.628708 294.869690
-7.567325 292.720400 1.642159 295.339844
-8.250854 293.150700 0.981209 295.775391
-8.615564 293.414600 0.625626 296.025879
-8.701378 293.497800 0.539963 296.113281
-8.677816 293.476200 0.560608 296.092224
-8.670689 293.481400 0.562592 296.092468
-8.660467 293.476600 0.545868 296.100861
-8.651698 293.468700 0.552872 296.098877
-8.643833 293.460000 0.562683 296.079529
-8.651930 293.468400 0.542999 296.111450
-8.687854 293.502400 0.499710 296.143219
-8.762112 293.570000 0.414062 296.224426
-8.920494 293.730700 0.246262 296.384064
-9.169684 294.008200 0.005936 296.683533
-9.506103 294.394700 -0.311417 297.083862
-9.958653 294.935000 -0.758682 297.653320
-10.520470 295.675700 -1.303833 298.426422
-11.117550 296.668100 -1.901031 299.452667
-11.708500 297.866400 -2.446556 300.715210
-12.237630 299.339200 -2.944969 302.230103
-12.683330 301.018400 -3.343582 303.935394
-13.070580 302.864600 -3.688847 305.814362
-13.368680 304.910200 -3.933136 307.891968
-13.565630 307.103100 -4.074121 310.125732
-13.722500 309.483700 -4.165241 312.528564
