0.000000 0.000000 0.000000 0.000000
0.059875 0.430540 0.056292 0.436218
0.240194 0.981257 0.237200 0.988605
0.531827 1.620036 0.530033 1.620671
0.999102 2.286905 0.992696 2.282221
1.634196 2.948016 1.600612 2.917692
2.465897 3.579897 2.412019 3.551913
3.507611 4.202254 3.448566 4.179892
4.794196 4.791823 4.754997 4.780331
6.329744 5.330723 6.304003 5.321008
8.109243 5.878028 8.119147 5.875292
10.112010 6.449695 10.161654 6.443597
12.311460 7.000760 12.388476 6.991064
14.649940 7.512325 14.766730 7.507408
17.045990 7.933466 17.187305 7.924673
19.495760 8.228210 19.660643 8.220815
21.992720 8.306307 22.196869 8.289339
24.504830 8.124873 24.725403 8.092727
26.991550 7.679836 27.273190 7.629642
29.438030 6.997717 29.712875 6.929267
31.783040 6.157692 32.049213 6.084616
34.061480 5.135804 34.307472 5.056957
36.249090 3.963231 36.464390 3.889329
38.339410 2.756405 38.552437 2.674710
40.387000 1.476584 40.600845 1.400922
42.507450 0.121543 42.733902 0.023313
44.798470 -1.255569 44.995186 -1.327363
47.253440 -2.652713 47.427750 -2.729961
49.829130 -4.119797 49.969269 -4.199813
52.496600 -5.654198 52.602341 -5.731015
55.197500 -7.201418 55.286274 -7.288944
57.889050 -8.733355 57.936001 -8.824081
60.568300 -10.237180 60.587387 -10.334414
63.209030 -11.720560 63.214851 -11.833015
65.794730 -13.245590 65.799431 -13.363333
68.306160 -14.789450 68.312622 -14.911641
70.774870 -16.359280 70.761505 -16.492762
73.207180 -17.930420 73.176857 -18.061308
75.585180 -19.500110 75.550156 -19.643433
77.976200 -21.045650 77.944283 -21.182240
80.359750 -22.550030 80.334267 -22.686094
82.721600 -24.045560 82.706497 -24.207729
85.130890 -25.457240 85.119324 -25.639942
87.583520 -26.763470 87.563522 -26.942244
90.052030 -27.962520 90.030991 -28.147211
92.567280 -29.055560 92.541924 -29.237820
95.091560 -30.042180 95.077835 -30.237736
97.627970 -30.999950 97.600510 -31.198574
100.184800 -31.914080 100.143112 -32.120190
102.738700 -32.746220 102.696175 -32.971172
105.306500 -33.553570 105.261711 -33.793289
107.889600 -34.298460 107.834427 -34.546013
110.487000 -34.993230 110.411926 -35.254002
113.094500 -35.631080 112.995598 -35.887875
115.714700 -36.218190 115.607582 -36.473202
118.336800 -36.794500 118.221695 -37.065807
120.956100 -37.311260 120.843681 -37.588562
123.575400 -37.808670 123.463455 -38.085217
126.178100 -38.305940 126.052917 -38.580826
128.749000 -38.789160 128.614212 -39.053570
131.294400 -39.254810 131.153152 -39.527889
133.800300 -39.697620 133.643814 -39.986084
136.267300 -40.152820 136.099426 -40.451664
138.705700 -40.571180 138.524673 -40.879532
141.108200 -40.918610 140.923660 -41.241787
143.486200 -41.184130 143.292786 -41.522182
145.827400 -41.344840 145.636948 -41.689514
148.116900 -41.390150 147.931488 -41.734707
150.394500 -41.337850 150.226883 -41.700386
152.640300 -41.243160 152.481445 -41.639389
154.896300 -41.171990 154.731049 -41.602921
157.139500 -41.129290 156.948090 -41.586369
159.364300 -41.123040 159.182571 -41.620293
161.541500 -41.143410 161.358261 -41.684269
163.691100 -41.184580 163.530212 -41.767952
165.794600 -41.169840 165.618973 -41.766586
167.853000 -41.036680 167.662827 -41.657898
169.861400 -40.814300 169.674316 -41.451874
171.785700 -40.498720 171.602814 -41.142498
173.656900 -40.100850 173.464996 -40.750271
175.466100 -39.643440 175.272598 -40.311848
177.238400 -39.176700 177.047134 -39.848377
179.051200 -38.637820 178.862869 -39.327679
180.842400 -38.130090 180.673233 -38.829662
182.654500 -37.585090 182.512253 -38.283310
184.499200 -36.994200 184.353729 -37.730087
186.326400 -36.336250 186.197372 -37.092819
188.179600 -35.586660 188.036743 -36.391712
190.033300 -34.744990 189.911133 -35.570965
191.950900 -33.866980 191.826187 -34.697044
193.922400 -32.984310 193.807373 -33.823948
195.981900 -32.091960 195.858627 -32.928795
198.044700 -31.179470 197.914703 -32.022614
200.096400 -30.282730 199.966873 -31.133320
202.149000 -29.377620 202.026718 -30.239805
204.205200 -28.490440 204.101288 -29.379656
206.280400 -27.683360 206.182999 -28.594378
208.395100 -26.949400 208.294830 -27.880932
210.511400 -26.248260 210.404236 -27.199881
212.653100 -25.542730 212.544907 -26.509270
214.826000 -24.841570 214.704910 -25.820282
217.025900 -24.115450 216.876968 -25.110502
219.237300 -23.317850 219.073807 -24.340446
221.445500 -22.466040 221.260864 -23.526978
223.667300 -21.584010 223.454636 -22.683861
225.887600 -20.687600 225.676361 -21.813133
228.072000 -19.761640 227.874084 -20.909355
230.220200 -18.813360 230.055496 -19.979483
232.380100 -17.819580 232.234512 -19.001968
234.567900 -16.817990 234.427170 -18.014400
236.713000 -15.809910 236.577530 -17.034246
238.851800 -14.765210 238.731125 -16.006680
241.017000 -13.683470 240.892258 -14.953748
243.189400 -12.578710 243.073288 -13.881454
245.303900 -11.468690 245.174805 -12.797100
247.468200 -10.349670 247.335739 -11.707022
249.645100 -9.231011 249.506470 -10.618745
251.806300 -8.090111 251.671188 -9.512907
253.960700 -6.938930 253.844620 -8.388044
256.101100 -5.755645 256.002472 -7.222304
258.215000 -4.543629 258.151520 -6.021833
260.307600 -3.272954 260.242828 -4.773962
262.344400 -1.883065 262.307983 -3.385045
264.302700 -0.414263 264.289154 -1.940728
266.252100 1.068534 266.272461 -0.475503
268.265900 2.447327 268.329773 0.896736
270.324900 3.759467 270.425171 2.198491
272.419700 5.022290 272.553406 3.449124
274.560900 6.266911 274.734009 4.665495
276.693900 7.483336 276.901337 5.875875
278.872400 8.703796 279.102600 7.071519
281.097600 9.935075 281.356232 8.291149
283.337500 11.219770 283.612671 9.558425
285.578400 12.544850 285.865173 10.865466
287.831600 13.911530 288.119690 12.209051
290.088700 15.396350 290.382843 13.681252
292.311900 16.932960 292.627380 15.186241
294.493900 18.481610 294.856964 16.738283
296.720900 20.090920 297.103271 18.407934
298.978300 21.804860 299.302521 20.142624
301.361000 23.633810 301.483887 21.958315
303.645300 25.487530 303.641876 23.795092
305.870300 27.427630 305.773041 25.693123
308.019400 29.387000 307.887329 27.632565
310.140700 31.374480 309.970917 29.573908
312.194800 33.399420 312.020172 31.565948
314.189200 35.447230 314.014526 33.564144
316.138800 37.517350 315.968414 35.593246
318.049100 39.628100 317.888184 37.680771
319.943200 41.728570 319.773956 39.745419
321.828600 43.822610 321.681641 41.819252
323.748400 45.934260 323.613068 43.911263
325.706500 48.018020 325.575287 45.963188
327.739600 50.080930 327.658997 48.051056
329.840400 52.117880 329.765533 50.060810
331.997600 54.088750 331.945770 51.997761
334.230000 56.046050 334.202026 53.931599
336.499800 57.995180 336.493622 55.857456
338.816900 59.925620 338.825562 57.764675
341.178100 61.833440 341.191132 59.631485
343.554900 63.722300 343.575165 61.492870
345.957800 65.576790 346.006927 63.324577
348.386500 67.418200 348.434723 65.133774
350.801500 69.229240 350.857025 66.909393
353.254100 71.038830 353.301788 68.710464
355.698600 72.844900 355.738953 70.500946
358.141800 74.650950 358.181213 72.289497
360.583100 76.452920 360.609650 74.089493
363.026300 78.255900 363.049377 75.868034
365.452200 80.044720 365.487061 77.634262
367.845000 81.823410 367.881500 79.373566
370.166400 83.579750 370.215302 81.115189
372.393300 85.288160 372.450317 82.804611
374.497600 86.944540 374.578674 84.450089
376.478000 88.495560 376.573883 85.990074
378.371000 89.933730 378.460846 87.403313
380.183400 91.300940 380.287079 88.760796
381.933000 92.573690 382.037750 90.013893
383.660900 93.763590 383.775635 91.210587
385.476400 94.921870 385.633881 92.384064
387.358800 96.029350 387.544891 93.475525
389.297900 97.086300 389.505310 94.522270
391.333900 98.175050 391.565704 95.603592
393.414000 99.266980 393.667328 96.660370
395.549800 100.322500 395.814819 97.678619
397.704500 101.322500 397.996674 98.667274
399.824200 102.279600 400.121674 99.585762
401.916600 103.140900 402.235260 100.411911
403.950600 103.902700 404.283325 101.144493
405.959700 104.590800 406.290802 101.787247
408.011000 105.108200 408.335815 102.272095
410.135100 105.485400 410.487488 102.646553
412.361000 105.790800 412.731567 102.940742
414.624700 106.058600 414.995300 103.190994
416.897400 106.297800 417.276154 103.410583
419.163900 106.506600 419.545166 103.592522
421.493300 106.727000 421.864349 103.779579
423.737200 106.947800 424.098907 103.973412
425.977100 107.191600 426.320709 104.198158
428.102800 107.420100 428.416992 104.412460
430.149200 107.670800 430.468597 104.613327
432.117500 107.907600 432.455566 104.808136
434.025800 108.008100 434.353027 104.871414
435.758200 108.009100 436.114166 104.820763
437.299000 107.930500 437.640503 104.695816
438.581000 107.769400 438.940857 104.487732
439.666200 107.607000 440.034973 104.304428
440.608900 107.409000 440.955292 104.103363
441.398700 107.289400 441.738434 103.964310
441.992900 107.179100 442.322296 103.840866
442.448600 107.110700 442.774384 103.740967
442.905900 107.038600 443.237183 103.613281
443.346800 107.014100 443.681915 103.566467
443.836000 106.989300 444.152740 103.516975
444.473000 106.989500 444.782654 103.481255
445.205500 106.946300 445.531921 103.392487
446.012900 106.953300 446.341095 103.359390
446.902800 107.033600 447.204926 103.398476
447.889800 107.210000 448.169281 103.531418
448.987400 107.446500 449.249786 103.707802
450.189500 107.822200 450.448822 104.034775
451.491100 108.402100 451.740906 104.466164
452.928900 109.084800 453.202057 105.036568
454.502200 109.798100 454.744751 105.711884
456.158200 110.666600 456.401672 106.573616
457.971900 111.646100 458.146576 107.545418
459.877400 112.735800 460.036133 108.622025
461.883200 113.914900 462.029572 109.797104
463.988700 115.182000 464.117828 111.047890
466.175500 116.517700 466.303467 112.361809
468.435400 117.924700 468.554504 113.747177
470.781100 119.404400 470.900299 115.186333
473.219400 120.926800 473.332092 116.679161
475.743400 122.510800 475.864685 118.240509
478.344300 124.160400 478.446533 119.850204
480.992000 125.864000 481.107300 121.542145
483.679900 127.592900 483.824188 123.235321
486.447600 129.273600 486.655853 124.903084
489.320000 130.826500 489.589600 126.428436
492.282900 132.213200 492.596466 127.784996
495.358000 133.438200 495.735504 128.940277
498.513800 134.409800 498.958862 129.877701
501.751100 135.064200 502.207153 130.516861
505.042300 135.427700 505.532227 130.844498
508.395000 135.556900 508.896423 130.967224
511.770400 135.475700 512.310425 130.865417
515.185000 135.299200 515.734436 130.660889
518.623000 135.097900 519.153381 130.414505
522.144800 134.847000 522.652649 130.145569
525.734400 134.578800 526.226990 129.868683
529.399100 134.293800 529.887695 129.552963
533.133700 134.010400 533.621033 129.242401
536.936600 133.686300 537.446106 128.903503
540.806000 133.326000 541.310486 128.498810
544.802000 132.892300 545.283936 128.054306
548.848400 132.415900 549.281067 127.583328
552.948000 131.900800 553.327515 127.058960
557.104100 131.327900 557.493958 126.480705
561.317500 130.706600 561.680786 125.826286
565.599800 130.051200 565.924561 125.183060
569.941500 129.367300 570.290527 124.476021
574.351700 128.666500 574.650879 123.784782
578.779700 127.953800 579.058838 123.057785
583.237100 127.258900 583.465332 122.347839
587.713000 126.567300 587.911438 121.604057
592.202000 125.884700 592.355957 120.882248
596.683800 125.215200 596.801331 120.186165
601.149700 124.558400 601.214844 119.525421
605.601500 123.870200 605.639526 118.841232
610.038700 123.194200 610.061279 118.167671
614.483600 122.547100 614.451416 117.539536
618.926400 121.903400 618.888794 116.913063
623.350300 121.254400 623.301941 116.251366
627.741900 120.615400 627.663818 115.634003
632.071600 120.016600 631.912781 115.058350
636.318800 119.412600 636.101013 114.495361
640.484000 118.825100 640.229065 113.924110
644.497600 118.256100 644.255859 113.361778
648.278400 117.698400 648.064819 112.828941
651.817400 117.176000 651.624146 112.305046
655.064500 116.712400 654.880127 111.870285
657.980700 116.314200 657.793091 111.488449
660.526400 115.964600 660.330444 111.161263
662.701100 115.630800 662.509949 110.852730
664.544000 115.185100 664.407959 110.415627
666.220700 114.557800 666.041992 109.799683
667.731400 113.722400 667.531189 108.930344
668.815500 112.652100 668.678528 107.890640
669.721700 111.420600 669.567139 106.637276
670.375000 110.040000 670.175415 105.228981
670.743500 108.532100 670.524780 103.710304
670.853700 106.905800 670.646667 102.134048
670.479600 105.203700 670.355591 100.392334
669.886200 103.505000 669.777344 98.819656
668.934000 101.811700 668.825195 97.178200
667.713400 100.128500 667.564697 95.532692
666.284600 98.431790 666.113464 93.808899
664.691900 96.730170 664.527771 92.095787
662.951100 95.069520 662.765564 90.438187
661.045400 93.515090 660.860901 88.883392
658.978100 92.108080 658.804321 87.515091
656.784000 90.796840 656.627380 86.219048
654.501500 89.445100 654.373230 84.910179
652.178300 88.060580 652.050781 83.546944
649.787300 86.622730 649.649292 82.113472
647.361600 85.108610 647.220398 80.600998
644.842400 83.549870 644.702576 79.041641
642.252000 81.948280 642.100891 77.440300
639.681300 80.324390 639.563110 75.814896
637.149300 78.658370 637.050537 74.177170
634.666500 76.993840 634.581055 72.521782
632.251900 75.355150 632.172180 70.902397
629.879500 73.738570 629.825439 69.333427
627.590500 72.163550 627.546997 67.776596
625.387200 70.610050 625.353088 66.250046
623.318500 69.115660 623.296509 64.811935
621.410500 67.709240 621.397400 63.458122
619.670100 66.436970 619.679810 62.230465
618.153900 65.289110 618.170288 61.126274
616.867100 64.327580 616.890198 60.188560
615.819600 63.530860 615.878174 59.422508
614.973800 62.932120 615.040466 58.817265
614.330800 62.461620 614.378723 58.334137
613.811100 62.069300 613.850952 57.941109
613.313200 61.694250 613.338440 57.577351
612.830400 61.322490 612.840393 57.190929
612.348000 60.956790 612.339478 56.831486
611.900500 60.618970 611.869141 56.471355
611.476100 60.298910 611.430054 56.141510
611.109300 60.011850 611.061279 55.860119
610.766100 59.758400 610.708801 55.616024
610.434000 59.483890 610.370483 55.346367
610.127300 59.236310 610.045654 55.104355
609.810600 58.983200 609.720764 54.860134
609.426900 58.683240 609.341431 54.568581
608.885000 58.245010 608.783691 54.141605
608.141400 57.643250 608.043213 53.560501
607.226200 56.864850 607.137939 52.803463
606.175100 55.922830 606.120544 51.876354
604.988800 54.815760 604.964050 50.791599
603.721000 53.539790 603.720154 49.542057
602.357600 52.129810 602.379089 48.153072
600.872200 50.598950 600.904236 46.652348
599.313100 48.940800 599.347229 45.024387
597.636500 47.153860 597.658386 43.259026
595.881100 45.248230 595.879944 41.392223
594.057800 43.236600 594.046570 39.426178
592.228600 41.166150 592.192078 37.376446
590.416500 39.097260 590.386475 35.326778
588.589700 37.035950 588.575439 33.287388
586.727400 34.953000 586.720642 31.253485
584.835300 32.869090 584.822815 29.202173
582.909900 30.778460 582.885254 27.132248
580.956400 28.682870 580.928711 25.063639
578.981900 26.559660 578.930542 22.957909
576.989600 24.412110 576.928650 20.847548
575.013400 22.261790 574.953125 18.736675
573.061000 20.092300 572.976318 16.570475
571.135300 17.941960 571.048340 14.453101
569.253000 15.812370 569.153625 12.335690
567.402800 13.684550 567.289124 10.217761
565.597000 11.594760 565.477173 8.145392
563.776800 9.568871 563.641724 6.145725
562.016200 7.610878 561.864258 4.192253
560.357800 5.761759 560.193176 2.357710
558.790600 4.059161 558.622314 0.675699
557.388800 2.556647 557.203613 -0.808116
556.166300 1.224300 555.971985 -2.126939
555.086800 0.038120 554.874512 -3.309732
554.091900 -1.065239 553.856750 -4.407569
553.156200 -2.093206 552.898438 -5.428995
552.265400 -3.039119 551.995239 -6.360817
551.446200 -3.918816 551.178040 -7.233036
550.714900 -4.709150 550.431458 -8.019916
550.055400 -5.411455 549.755920 -8.713444
549.472200 -6.063502 549.168884 -9.371863
548.991400 -6.627882 548.682739 -9.929520
548.582100 -7.090666 548.264771 -10.383644
548.257600 -7.479973 547.935059 -10.760837
547.987500 -7.803179 547.653320 -11.068944
547.768900 -8.070234 547.420471 -11.327070
547.592600 -8.293718 547.237244 -11.549990
547.438700 -8.468806 547.085571 -11.726420
547.312300 -8.609266 546.955261 -11.870361
547.212800 -8.727030 546.845215 -11.995810
547.137900 -8.816118 546.764648 -12.089303
547.093000 -8.878200 546.710938 -12.150521
547.069500 -8.915003 546.676270 -12.187332
547.040300 -8.948208 546.648193 -12.218815
546.977500 -9.002351 546.604187 -12.267004
546.906300 -9.075048 546.542542 -12.335602
546.823300 -9.175395 546.462769 -12.428548
546.717900 -9.307750 546.353882 -12.551192
546.577700 -9.471357 546.220093 -12.705078
546.411500 -9.667371 546.054443 -12.900101
546.222400 -9.896104 545.856995 -13.119880
546.013600 -10.141830 545.639343 -13.359586
545.783400 -10.398320 545.406067 -13.611330
545.569500 -10.646660 545.182678 -13.858561
545.387700 -10.868510 544.995239 -14.074264
545.242600 -11.049650 544.846130 -14.248766
