0 0.000178 0.011647 100.000000 11.627907
0 0.000107 0.012396 200.000000 12.048193
0 0.000071 0.014060 300.000000 10.273973
0 0.000038 0.008940 400.000000 10.282776
0 0.000033 0.005019 500.000000 10.330579
0 0.000026 0.002462 600.000000 10.771993
0 0.000023 0.001083 700.000000 11.128776
0 0.000011 0.001322 800.000000 10.796222
10 0.000021 0.005765 100.000000 11.627907
10 0.000043 0.005057 200.000000 12.048193
10 0.000031 0.003604 300.000000 9.771987
10 0.000017 0.002364 400.000000 10.335917
10 0.000013 0.002324 500.000000 10.309278
10 0.000010 0.002431 600.000000 10.791367
10 0.000012 0.002594 700.000000 11.146497
10 0.000009 0.001450 800.000000 10.796222
20 0.000028 0.005450 100.000000 11.764706
20 0.000051 0.004742 200.000000 11.904762
20 0.000024 0.004355 300.000000 9.615385
20 0.000017 0.002871 400.000000 10.362695
20 0.000013 0.002687 500.000000 10.330579
20 0.000011 0.002552 600.000000 10.830325
20 0.000012 0.002576 700.000000 11.164274
20 0.000007 0.001284 800.000000 10.810811
30 0.000038 0.005285 100.000000 11.764706
30 0.000051 0.004364 200.000000 11.494253
30 0.000020 0.003890 300.000000 9.615385
30 0.000014 0.002771 400.000000 10.416667
30 0.000012 0.002806 500.000000 10.373444
30 0.000010 0.002687 600.000000 10.849910
30 0.000012 0.002721 700.000000 11.164274
30 0.000005 0.001214 800.000000 10.825439
40 0.000044 0.005163 100.000000 11.904762
40 0.000052 0.004232 200.000000 11.049724
40 0.000018 0.003459 300.000000 9.615385
40 0.000014 0.002787 400.000000 10.443864
40 0.000012 0.002945 500.000000 10.416667
40 0.000011 0.002900 600.000000 10.889292
40 0.000013 0.002967 700.000000 11.164274
40 0.000004 0.001240 800.000000 10.854816
50 0.000033 0.005614 100.000000 11.904762
50 0.000049 0.004388 200.000000 10.752688
50 0.000023 0.002983 300.000000 9.646302
50 0.000017 0.002702 400.000000 10.416667
50 0.000014 0.003099 500.000000 10.438414
50 0.000013 0.003223 600.000000 10.909091
50 0.000017 0.003391 700.000000 11.093502
50 0.000005 0.001383 800.000000 10.884354
60 0.000038 0.005595 100.000000 12.048193
60 0.000045 0.004101 200.000000 10.526316
60 0.000024 0.002735 300.000000 9.708738
60 0.000016 0.002842 400.000000 10.282776
60 0.000015 0.003259 500.000000 10.482181
60 0.000013 0.003444 600.000000 10.948905
60 0.000024 0.002899 700.000000 10.869565
60 0.000006 0.001316 800.000000 10.914052
70 0.000050 0.005847 100.000000 12.048193
70 0.000037 0.004020 200.000000 10.309278
70 0.000028 0.002761 300.000000 9.740260
70 0.000016 0.003076 400.000000 10.126582
70 0.000014 0.003438 500.000000 10.526316
70 0.000015 0.003759 600.000000 10.968922
70 0.000020 0.003005 700.000000 10.719755
70 0.000006 0.001350 800.000000 10.943913
80 0.000055 0.005914 100.000000 12.195122
80 0.000024 0.003779 200.000000 9.900990
80 0.000027 0.003006 300.000000 9.803922
80 0.000018 0.003350 400.000000 10.025063
80 0.000016 0.003657 500.000000 10.570825
80 0.000017 0.003936 600.000000 11.009174
80 0.000014 0.002937 700.000000 10.654490
80 0.000005 0.001354 800.000000 10.973937
90 0.000064 0.005702 100.000000 12.195122
90 0.000046 0.003477 200.000000 9.174312
90 0.000024 0.003083 300.000000 9.868421
90 0.000016 0.003801 400.000000 10.000000
90 0.000015 0.004036 500.000000 10.593221
90 0.000015 0.004291 600.000000 11.029411
90 0.000014 0.002930 700.000000 10.654490
90 0.000004 0.001336 800.000000 11.004127
100 0.000072 0.005022 100.000000 12.048193
100 0.000042 0.003673 200.000000 8.810573
100 0.000025 0.003473 300.000000 9.933775
100 0.000016 0.004204 400.000000 10.000000
100 0.000014 0.004353 500.000000 10.615711
100 0.000016 0.004564 600.000000 11.049724
100 0.000013 0.002862 700.000000 10.654490
100 0.000004 0.001292 800.000000 11.019283
110 0.000074 0.004993 100.000000 11.363636
110 0.000036 0.003447 200.000000 8.733624
110 0.000025 0.003734 300.000000 9.966778
110 0.000019 0.004663 400.000000 10.025063
110 0.000016 0.004807 500.000000 10.638298
110 0.000017 0.005076 600.000000 11.049724
110 0.000010 0.002995 700.000000 10.670732
110 0.000004 0.001319 800.000000 11.034483
120 0.000071 0.005399 100.000000 10.416667
120 0.000040 0.003076 200.000000 8.733624
120 0.000027 0.004167 300.000000 10.000000
120 0.000022 0.005158 400.000000 10.050251
120 0.000018 0.005410 500.000000 10.660981
120 0.000020 0.005725 600.000000 11.029411
120 0.000009 0.003230 700.000000 10.703364
120 0.000004 0.001432 800.000000 11.049724
130 0.000066 0.004974 100.000000 9.803922
130 0.000044 0.003122 200.000000 8.771930
130 0.000030 0.004634 300.000000 9.966778
130 0.000023 0.005592 400.000000 10.075566
130 0.000020 0.005857 500.000000 10.683761
130 0.000022 0.006196 600.000000 10.968922
130 0.000009 0.003249 700.000000 10.719755
130 0.000004 0.001356 800.000000 11.049724
140 0.000054 0.004623 100.000000 9.345795
140 0.000051 0.003271 200.000000 8.771930
140 0.000031 0.005369 300.000000 9.803922
140 0.000024 0.006287 400.000000 10.126582
140 0.000021 0.006667 500.000000 10.706638
140 0.000032 0.006365 600.000000 10.733453
140 0.000010 0.003453 700.000000 10.752688
140 0.000004 0.001413 800.000000 11.065007
150 0.000033 0.004659 100.000000 8.928572
150 0.000056 0.004160 200.000000 8.810573
150 0.000032 0.006332 300.000000 9.584664
150 0.000026 0.007041 400.000000 10.152285
150 0.000024 0.007531 500.000000 10.729613
150 0.000030 0.006594 600.000000 10.507881
150 0.000010 0.003631 700.000000 10.769231
150 0.000005 0.001488 800.000000 11.065007
160 0.000038 0.004637 100.000000 8.264462
160 0.000062 0.005174 200.000000 8.849558
160 0.000038 0.007387 300.000000 9.404388
160 0.000029 0.008119 400.000000 10.178117
160 0.000028 0.008667 500.000000 10.752688
160 0.000024 0.007173 600.000000 10.416667
160 0.000012 0.004020 700.000000 10.802469
160 0.000006 0.001720 800.000000 11.065007
170 0.000132 0.002748 100.000000 7.299270
170 0.000063 0.006383 200.000000 8.928572
170 0.000038 0.008614 300.000000 9.375000
170 0.000032 0.009194 400.000000 10.204082
170 0.000029 0.009686 500.000000 10.775862
170 0.000025 0.007468 600.000000 10.398614
170 0.000013 0.004170 700.000000 10.819165
170 0.000007 0.001873 800.000000 11.080333
180 0.000150 0.002850 100.000000 6.896552
180 0.000067 0.007490 200.000000 9.049774
180 0.000042 0.009585 300.000000 9.404388
180 0.000032 0.010116 400.000000 10.256411
180 0.000031 0.010557 500.000000 10.822511
180 0.000025 0.007659 600.000000 10.416667
180 0.000014 0.004252 700.000000 10.852714
180 0.000008 0.001961 800.000000 11.080333
190 0.000136 0.003432 100.000000 6.896552
190 0.000071 0.008841 200.000000 9.174312
190 0.000047 0.010848 300.000000 9.493670
190 0.000036 0.011273 400.000000 10.362695
190 0.000035 0.011733 500.000000 10.893247
190 0.000026 0.008206 600.000000 10.471204
190 0.000015 0.004555 700.000000 10.920437
190 0.000010 0.002115 800.000000 11.095700
200 0.000132 0.004250 100.000000 7.092198
200 0.000074 0.009768 200.000000 9.389671
200 0.000047 0.011487 300.000000 9.646302
200 0.000036 0.011833 400.000000 10.471204
200 0.000035 0.012231 500.000000 10.989011
200 0.000023 0.008208 600.000000 10.563380
200 0.000015 0.004502 700.000000 10.989011
200 0.000010 0.002105 800.000000 11.142061
210 0.000131 0.005843 100.000000 7.299270
210 0.000074 0.010781 200.000000 9.615385
210 0.000050 0.012132 300.000000 9.803922
210 0.000038 0.012392 400.000000 10.610080
210 0.000036 0.012748 500.000000 11.086474
210 0.000022 0.008273 600.000000 10.676157
210 0.000014 0.004529 700.000000 11.075950
210 0.000010 0.002109 800.000000 11.204482
220 0.000133 0.006822 100.000000 7.575758
220 0.000071 0.011356 200.000000 9.803922
220 0.000050 0.012414 300.000000 9.966778
220 0.000038 0.012535 400.000000 10.752688
220 0.000036 0.012856 500.000000 11.160714
220 0.000020 0.008014 600.000000 10.771993
220 0.000014 0.004345 700.000000 11.164274
220 0.000009 0.002009 800.000000 11.267606
230 0.000145 0.008253 100.000000 7.812500
230 0.000075 0.012418 200.000000 10.000000
230 0.000053 0.013351 300.000000 10.135135
230 0.000041 0.013436 400.000000 10.899182
230 0.000040 0.013742 500.000000 11.210762
230 0.000022 0.008241 600.000000 10.869565
230 0.000014 0.004373 700.000000 11.235955
230 0.000009 0.001990 800.000000 11.315417
240 0.000150 0.009950 100.000000 8.064516
240 0.000075 0.013068 200.000000 10.050251
240 0.000052 0.013631 300.000000 10.273973
240 0.000041 0.013623 400.000000 11.019283
240 0.000044 0.013539 500.000000 11.135858
240 0.000020 0.007876 600.000000 10.948905
240 0.000013 0.004137 700.000000 11.308562
240 0.000009 0.001824 800.000000 11.363636
250 0.000147 0.011282 100.000000 8.333333
250 0.000070 0.013081 200.000000 10.000000
250 0.000047 0.013205 300.000000 10.416667
250 0.000039 0.013106 400.000000 11.142061
250 0.000050 0.012063 500.000000 10.964912
250 0.000019 0.007125 600.000000 11.029411
250 0.000011 0.003667 700.000000 11.363636
250 0.000007 0.001592 800.000000 11.428572
260 0.000142 0.012565 100.000000 8.620689
260 0.000064 0.013418 200.000000 9.852217
260 0.000045 0.012925 300.000000 10.563380
260 0.000038 0.012772 400.000000 11.267606
260 0.000040 0.011167 500.000000 10.845987
260 0.000016 0.006574 600.000000 11.131725
260 0.000009 0.003307 700.000000 11.437908
260 0.000006 0.001393 800.000000 11.494253
270 0.000144 0.013968 100.000000 8.928572
270 0.000067 0.014059 200.000000 9.900990
270 0.000047 0.013332 300.000000 10.752688
270 0.000040 0.013205 400.000000 11.396011
270 0.000030 0.011137 500.000000 10.869565
270 0.000017 0.006554 600.000000 11.235955
270 0.000010 0.003292 700.000000 11.513158
270 0.000006 0.001338 800.000000 11.577424
280 0.000130 0.012327 100.000000 9.433962
280 0.000060 0.011876 200.000000 10.050251
280 0.000042 0.011009 300.000000 10.989011
280 0.000037 0.010781 400.000000 11.594203
280 0.000026 0.008803 500.000000 10.964912
280 0.000014 0.005148 600.000000 11.342155
280 0.000007 0.002579 700.000000 11.608624
280 0.000004 0.000996 800.000000 11.678832
290 0.000118 0.009991 100.000000 10.101010
290 0.000054 0.009693 200.000000 10.309278
290 0.000039 0.008743 300.000000 11.235955
290 0.000032 0.008415 400.000000 11.834319
290 0.000025 0.006560 500.000000 11.086474
290 0.000013 0.003792 600.000000 11.494253
290 0.000007 0.001842 700.000000 11.725293
290 0.000006 0.000710 800.000000 11.782032
300 0.000100 0.005686 100.000000 10.869565
300 0.000049 0.005990 200.000000 10.638298
300 0.000037 0.005088 300.000000 11.538462
300 0.000028 0.004655 400.000000 12.048193
300 0.000026 0.003082 500.000000 11.235955
300 0.000014 0.001641 600.000000 11.650485
300 0.000010 0.001049 700.000000 11.864407
300 0.000011 0.000800 800.000000 11.904762
310 0.000091 0.003380 100.000000 11.764706
310 0.000047 0.004863 200.000000 10.989011
310 0.000028 0.004528 300.000000 11.857708
310 0.000024 0.004107 400.000000 12.307693
310 0.000023 0.004442 500.000000 11.389522
310 0.000016 0.003546 600.000000 11.811024
310 0.000015 0.002758 700.000000 11.986301
310 0.000017 0.001844 800.000000 12.030075
320 0.000057 0.005383 100.000000 12.500000
320 0.000034 0.006325 200.000000 11.299435
320 0.000023 0.005780 300.000000 12.096774
320 0.000017 0.005233 400.000000 12.500000
320 0.000024 0.004223 500.000000 11.520738
320 0.000014 0.002901 600.000000 11.928430
320 0.000013 0.002273 700.000000 12.068966
320 0.000015 0.001543 800.000000 12.121212
330 0.000034 0.007886 100.000000 13.157895
330 0.000029 0.008439 200.000000 11.494253
330 0.000015 0.007694 300.000000 12.295082
330 0.000013 0.007109 400.000000 12.618297
330 0.000024 0.004778 500.000000 11.627907
330 0.000012 0.002681 600.000000 12.024048
330 0.000011 0.001909 700.000000 12.110726
330 0.000014 0.001292 800.000000 12.195122
340 0.000026 0.007880 100.000000 13.698630
340 0.000021 0.008050 200.000000 11.695907
340 0.000009 0.007189 300.000000 12.396694
340 0.000012 0.006608 400.000000 12.658228
340 0.000017 0.003895 500.000000 11.682243
340 0.000010 0.002147 600.000000 12.072434
340 0.000010 0.001591 700.000000 12.110726
340 0.000014 0.001179 800.000000 12.232416
350 0.000023 0.007600 100.000000 13.698630
350 0.000013 0.007613 200.000000 11.764706
350 0.000008 0.006843 300.000000 12.448133
350 0.000012 0.006159 400.000000 12.618297
350 0.000015 0.003196 500.000000 11.709601
350 0.000010 0.001816 600.000000 12.072434
350 0.000011 0.001415 700.000000 12.068966
350 0.000015 0.001164 800.000000 12.232416
360 0.000012 0.006490 100.000000 13.333333
360 0.000007 0.006491 200.000000 11.834319
360 0.000003 0.005854 300.000000 12.448133
360 0.000018 0.005189 400.000000 12.383901
360 0.000013 0.002908 500.000000 11.737089
360 0.000011 0.002159 600.000000 12.072434
360 0.000012 0.001627 700.000000 12.048193
360 0.000018 0.001274 800.000000 12.213740
370 0.000014 0.006418 100.000000 12.048193
370 0.000006 0.005752 200.000000 11.834319
370 0.000005 0.005092 300.000000 12.500000
370 0.000040 0.003992 400.000000 11.799410
370 0.000013 0.002812 500.000000 11.764706
370 0.000011 0.002400 600.000000 12.072434
370 0.000013 0.001784 700.000000 12.048193
370 0.000017 0.001264 800.000000 12.066365
380 0.000014 0.007143 100.000000 10.869565
380 0.000009 0.006030 200.000000 11.834319
380 0.000005 0.005572 300.000000 12.448133
380 0.000025 0.004737 400.000000 11.428572
380 0.000013 0.003062 500.000000 11.792453
380 0.000013 0.002528 600.000000 12.048193
380 0.000014 0.001829 700.000000 12.048193
380 0.000018 0.001129 800.000000 11.922503
390 0.000017 0.007472 100.000000 10.309278
390 0.000008 0.006071 200.000000 11.834319
390 0.000007 0.005423 300.000000 12.448133
390 0.000025 0.004445 400.000000 11.299435
390 0.000013 0.002901 500.000000 11.792453
390 0.000013 0.002401 600.000000 12.000000
390 0.000015 0.001790 700.000000 12.048193
390 0.000017 0.001093 800.000000 11.816839
400 0.000011 0.007678 100.000000 10.101010
400 0.000003 0.006453 200.000000 11.764706
400 0.000007 0.005650 300.000000 12.396694
400 0.000026 0.004095 400.000000 11.235955
400 0.000013 0.002687 500.000000 11.764706
400 0.000013 0.002267 600.000000 11.952191
400 0.000016 0.001767 700.000000 12.027492
400 0.000017 0.001072 800.000000 11.713031
410 0.000030 0.007958 100.000000 10.000000
410 0.000008 0.006360 200.000000 11.764706
410 0.000012 0.005584 300.000000 12.295082
410 0.000019 0.003465 400.000000 11.235955
410 0.000013 0.002425 500.000000 11.764706
410 0.000012 0.002123 600.000000 11.857708
410 0.000016 0.001761 700.000000 12.027492
410 0.000015 0.001155 800.000000 11.577424
420 0.000020 0.007063 100.000000 10.101010
420 0.000002 0.005957 200.000000 11.764706
420 0.000011 0.004949 300.000000 12.244898
420 0.000018 0.002944 400.000000 11.267606
420 0.000011 0.002447 500.000000 11.764706
420 0.000014 0.002158 600.000000 11.811024
420 0.000019 0.001852 700.000000 12.027492
430 0.000012 0.006463 100.000000 10.309278
430 0.000006 0.005579 200.000000 11.904762
430 0.000015 0.004839 300.000000 12.096774
430 0.000017 0.002873 400.000000 11.331445
430 0.000013 0.002645 500.000000 11.792453
430 0.000014 0.002211 600.000000 11.811024
430 0.000021 0.001924 700.000000 12.027492
440 0.000015 0.006005 100.000000 10.752688
440 0.000006 0.004943 200.000000 12.195122
440 0.000032 0.003737 300.000000 11.904762
440 0.000016 0.002663 400.000000 11.461318
440 0.000013 0.002713 500.000000 11.876485
440 0.000014 0.002263 600.000000 11.881188
440 0.000021 0.001969 700.000000 12.027492
450 0.000022 0.005886 100.000000 11.363636
450 0.000010 0.005141 200.000000 12.500000
450 0.000056 0.003708 300.000000 11.627907
450 0.000016 0.002457 400.000000 11.627907
450 0.000013 0.002671 500.000000 12.019231
450 0.000014 0.002325 600.000000 11.976048
450 0.000020 0.002106 700.000000 12.048193
460 0.000030 0.005266 100.000000 12.048193
460 0.000016 0.004908 200.000000 12.903226
460 0.000053 0.003226 300.000000 11.583012
460 0.000016 0.002030 400.000000 11.799410
460 0.000013 0.002603 500.000000 12.135922
460 0.000013 0.002407 600.000000 12.096774
460 0.000017 0.002191 700.000000 12.048193
470 0.000015 0.004965 100.000000 12.820513
470 0.000011 0.004639 200.000000 13.333333
470 0.000035 0.003376 300.000000 11.583012
470 0.000014 0.002361 400.000000 11.976048
470 0.000013 0.002750 500.000000 12.254902
470 0.000014 0.002455 600.000000 12.219959
470 0.000018 0.002077 700.000000 12.068966
480 0.000007 0.005180 100.000000 13.333333
480 0.000011 0.004691 200.000000 13.605442
480 0.000033 0.003567 300.000000 11.583012
480 0.000015 0.002593 400.000000 12.121212
480 0.000014 0.002805 500.000000 12.345679
480 0.000016 0.002522 600.000000 12.320329
480 0.000019 0.002119 700.000000 12.048193
490 0.000020 0.005775 100.000000 13.698630
490 0.000015 0.005184 200.000000 13.793103
490 0.000036 0.003490 300.000000 11.627907
490 0.000016 0.002627 400.000000 12.195122
490 0.000015 0.002847 500.000000 12.376238
490 0.000017 0.002721 600.000000 12.371134
490 0.000017 0.002338 700.000000 12.006861
500 0.000014 0.005692 100.000000 13.888889
500 0.000012 0.005057 200.000000 13.793103
500 0.000034 0.003367 300.000000 11.627907
500 0.000017 0.002951 400.000000 12.232416
500 0.000017 0.002938 500.000000 12.345679
500 0.000018 0.002744 600.000000 12.396694
500 0.000019 0.002311 700.000000 11.925042
510 0.000019 0.004078 100.000000 13.888889
510 0.000020 0.003415 200.000000 13.698630
510 0.000021 0.002722 300.000000 11.627907
510 0.000014 0.003227 400.000000 12.232416
510 0.000016 0.003020 500.000000 12.254902
510 0.000020 0.002704 600.000000 12.396694
520 0.000010 0.004492 100.000000 13.888889
520 0.000017 0.003415 200.000000 13.422819
520 0.000021 0.003099 300.000000 11.627907
520 0.000016 0.003521 400.000000 12.195122
520 0.000019 0.003098 500.000000 12.165450
520 0.000023 0.002718 600.000000 12.371134
530 0.000020 0.003974 100.000000 13.698630
530 0.000037 0.002965 200.000000 12.658228
530 0.000023 0.003309 300.000000 11.627907
530 0.000017 0.003750 400.000000 12.158054
530 0.000019 0.003179 500.000000 12.106538
530 0.000025 0.002805 600.000000 12.269938
540 0.000025 0.003653 100.000000 13.698630
540 0.000070 0.003111 200.000000 11.363636
540 0.000018 0.003417 300.000000 11.673152
540 0.000017 0.003829 400.000000 12.121212
540 0.000019 0.003186 500.000000 12.077294
540 0.000023 0.002739 600.000000 12.048193
550 0.000024 0.003945 100.000000 13.698630
550 0.000048 0.003309 200.000000 10.869565
550 0.000019 0.003517 300.000000 11.673152
550 0.000018 0.003958 400.000000 12.084592
550 0.000019 0.003480 500.000000 12.077294
550 0.000022 0.002971 600.000000 11.881188
560 0.000018 0.003532 100.000000 13.698630
560 0.000047 0.003572 200.000000 10.695188
560 0.000021 0.003985 300.000000 11.673152
560 0.000018 0.003984 400.000000 12.048193
560 0.000020 0.003555 500.000000 12.106538
560 0.000020 0.002978 600.000000 11.741683
570 0.000022 0.003311 100.000000 13.513514
570 0.000044 0.003765 200.000000 10.638298
570 0.000021 0.004379 300.000000 11.718750
570 0.000019 0.004060 400.000000 11.976048
570 0.000022 0.003587 500.000000 12.106538
570 0.000022 0.002980 600.000000 11.627907
580 0.000030 0.003867 100.000000 13.333333
580 0.000035 0.003875 200.000000 10.638298
580 0.000021 0.004787 300.000000 11.673152
580 0.000020 0.004330 400.000000 11.869436
580 0.000025 0.003872 500.000000 12.106538
590 0.000028 0.003346 100.000000 12.987013
590 0.000038 0.004422 200.000000 10.695188
590 0.000022 0.005246 300.000000 11.673152
590 0.000023 0.004602 400.000000 11.764706
590 0.000028 0.004154 500.000000 12.077294
600 0.000074 0.002984 100.000000 11.764706
600 0.000034 0.005050 200.000000 10.752688
600 0.000022 0.005569 300.000000 11.627907
600 0.000021 0.004618 400.000000 11.695907
600 0.000030 0.004162 500.000000 11.990408
610 0.000137 0.006071 100.000000 9.803922
610 0.000038 0.005581 200.000000 10.752688
610 0.000026 0.005642 300.000000 11.627907
610 0.000025 0.004639 400.000000 11.695907
610 0.000030 0.004155 500.000000 11.764706
620 0.000103 0.007113 100.000000 8.928572
620 0.000040 0.006071 200.000000 10.810811
620 0.000032 0.005789 300.000000 11.583012
620 0.000029 0.004885 400.000000 11.695907
620 0.000032 0.004523 500.000000 11.547344
630 0.000104 0.007807 100.000000 8.695652
630 0.000036 0.006436 200.000000 10.810811
630 0.000033 0.005530 300.000000 11.538462
630 0.000030 0.004769 400.000000 11.695907
630 0.000030 0.004484 500.000000 11.415525
640 0.000104 0.008211 100.000000 8.695652
640 0.000039 0.007156 200.000000 10.869565
640 0.000032 0.005927 300.000000 11.494253
640 0.000033 0.005108 400.000000 11.730206
640 0.000029 0.004719 500.000000 11.312217
650 0.000093 0.008503 100.000000 8.771930
650 0.000048 0.007571 200.000000 10.928962
650 0.000038 0.006139 300.000000 11.406844
650 0.000037 0.005452 400.000000 11.764706
650 0.000031 0.005467 500.000000 11.185682
660 0.000088 0.009162 100.000000 8.849558
660 0.000044 0.007851 200.000000 10.989011
660 0.000037 0.006147 300.000000 11.363636
660 0.000040 0.005440 400.000000 11.799410
670 0.000088 0.010414 100.000000 9.090909
670 0.000047 0.008840 200.000000 11.111111
670 0.000038 0.007055 300.000000 11.363636
670 0.000044 0.006263 400.000000 11.869436
680 0.000104 0.008661 100.000000 9.523809
680 0.000058 0.007181 200.000000 11.363636
680 0.000048 0.005980 300.000000 11.538462
680 0.000050 0.005957 400.000000 11.940298
690 0.000115 0.004959 100.000000 10.101010
690 0.000069 0.004345 200.000000 11.764706
690 0.000055 0.004852 300.000000 11.764706
690 0.000057 0.005811 400.000000 12.084592
700 0.000127 0.002024 100.000000 10.869565
700 0.000078 0.003364 200.000000 12.195122
700 0.000061 0.005497 300.000000 12.096774
700 0.000059 0.006893 400.000000 12.232416
710 0.000139 0.006721 100.000000 11.627907
710 0.000088 0.007989 200.000000 12.658228
710 0.000068 0.009965 300.000000 12.396694
710 0.000061 0.011234 400.000000 12.345679
720 0.000106 0.005297 100.000000 12.500000
720 0.000072 0.006879 200.000000 13.071896
720 0.000057 0.008333 300.000000 12.658228
720 0.000050 0.009394 400.000000 12.422360
730 0.000061 0.005513 100.000000 13.333333
730 0.000052 0.006286 200.000000 13.422819
730 0.000040 0.006587 300.000000 12.931034
730 0.000038 0.006933 400.000000 12.383901
740 0.000065 0.005397 100.000000 13.888889
740 0.000055 0.006413 200.000000 13.605442
740 0.000043 0.007007 300.000000 13.100436
740 0.000036 0.007503 400.000000 12.345679
750 0.000066 0.005404 100.000000 14.084507
750 0.000053 0.006179 200.000000 13.605442
750 0.000043 0.006772 300.000000 13.215859
750 0.000033 0.007403 400.000000 12.232416
760 0.000047 0.005350 100.000000 14.285714
760 0.000045 0.005122 200.000000 13.422819
760 0.000040 0.005658 300.000000 13.215859
760 0.000032 0.006166 400.000000 12.048193
770 0.000042 0.005797 100.000000 14.084507
770 0.000040 0.004983 200.000000 13.071896
770 0.000040 0.005048 300.000000 13.157895
780 0.000042 0.007680 100.000000 13.888889
780 0.000031 0.005897 200.000000 12.820513
780 0.000038 0.005485 300.000000 13.043478
790 0.000044 0.007452 100.000000 13.698630
790 0.000034 0.006021 200.000000 12.658228
790 0.000041 0.005646 300.000000 12.711864
800 0.000045 0.007524 100.000000 13.333333
800 0.000033 0.005787 200.000000 12.658228
800 0.000032 0.005096 300.000000 12.195122
810 0.000048 0.006717 100.000000 13.157895
810 0.000032 0.005665 200.000000 12.658228
810 0.000031 0.004778 300.000000 11.857708
820 0.000046 0.005829 100.000000 12.820513
820 0.000036 0.005247 200.000000 12.658228
820 0.000028 0.004415 300.000000 11.627907
830 0.000037 0.005364 100.000000 12.345679
830 0.000036 0.005040 200.000000 12.658228
830 0.000026 0.004243 300.000000 11.363636
840 0.000040 0.005070 100.000000 12.048193
840 0.000043 0.004813 200.000000 12.658228
850 0.000037 0.005191 100.000000 11.764706
850 0.000047 0.004935 200.000000 12.578616
860 0.000025 0.005914 100.000000 11.627907
860 0.000045 0.005653 200.000000 12.269938
870 0.000028 0.005393 100.000000 11.764706
870 0.000036 0.004703 200.000000 11.764706
880 0.000021 0.006233 100.000000 11.904762
880 0.000034 0.004958 200.000000 11.363636
890 0.000028 0.006748 100.000000 12.048193
890 0.000026 0.004935 200.000000 11.111111
900 0.000039 0.006818 100.000000 12.345679
900 0.000026 0.004794 200.000000 10.989011
910 0.000044 0.006423 100.000000 12.658228
910 0.000027 0.004504 200.000000 10.810811
920 0.000058 0.006219 100.000000 12.987013
930 0.000060 0.007035 100.000000 13.333333
940 0.000070 0.007038 100.000000 13.157895
950 0.000054 0.006723 100.000000 12.048193
960 0.000044 0.005467 100.000000 10.989011
970 0.000032 0.005339 100.000000 10.204082
980 0.000018 0.005833 100.000000 9.708738
990 0.000028 0.005135 100.000000 9.090909
