0 0.000028 0.004657 100.000000 13.513514
0 0.000028 0.002990 200.000000 13.605442
0 0.000017 0.003618 300.000000 14.084507
10 0.000034 0.003815 100.000000 13.513514
10 0.000027 0.003052 200.000000 13.698630
10 0.000014 0.003774 300.000000 14.150944
20 0.000029 0.004119 100.000000 13.513514
20 0.000027 0.003478 200.000000 13.698630
20 0.000011 0.004239 300.000000 14.285714
30 0.000023 0.004581 100.000000 13.513514
30 0.000027 0.003386 200.000000 13.793103
30 0.000011 0.004499 300.000000 14.354067
40 0.000031 0.005432 100.000000 13.333333
40 0.000033 0.003296 200.000000 13.888889
40 0.000008 0.004619 300.000000 14.492754
50 0.000032 0.004897 100.000000 13.333333
50 0.000035 0.003311 200.000000 13.986014
50 0.000009 0.004751 300.000000 14.563107
60 0.000048 0.004020 100.000000 13.333333
60 0.000034 0.004451 200.000000 13.986014
60 0.000007 0.005131 300.000000 14.634147
70 0.000053 0.003320 100.000000 13.333333
70 0.000029 0.004263 200.000000 14.184397
80 0.000065 0.004181 100.000000 13.513514
80 0.000025 0.004871 200.000000 14.285714
90 0.000051 0.003823 100.000000 13.513514
90 0.000017 0.004558 200.000000 14.492754
100 0.000041 0.004132 100.000000 13.698630
100 0.000011 0.005521 200.000000 14.705882
110 0.000047 0.004912 100.000000 14.084507
110 0.000004 0.005863 200.000000 14.814815
120 0.000049 0.005507 100.000000 14.285714
120 0.000011 0.005308 200.000000 15.037594
130 0.000038 0.005903 100.000000 14.492754
130 0.000018 0.005945 200.000000 15.151515
140 0.000012 0.006092 100.000000 14.705882
140 0.000023 0.005837 200.000000 15.384615
150 0.000016 0.005433 100.000000 14.925373
160 0.000030 0.006394 100.000000 15.151515
170 0.000031 0.006793 100.000000 15.384615
180 0.000041 0.006690 100.000000 15.384615
190 0.000066 0.008293 100.000000 15.625000
200 0.000059 0.007074 100.000000 15.625000
