0 0.000014 0.010387 100.000000 9.090909
0 0.000059 0.005024 200.000000 7.633588
0 0.000049 0.003634 300.000000 7.159904
0 0.000015 0.003297 400.000000 6.896552
0 0.000015 0.002524 500.000000 7.278020
0 0.000014 0.002817 600.000000 7.272727
0 0.000015 0.002475 700.000000 7.186858
0 0.000016 0.001738 800.000000 7.305936
10 0.000021 0.011111 100.000000 8.849558
10 0.000057 0.005228 200.000000 7.722008
10 0.000031 0.003711 300.000000 7.075472
10 0.000014 0.003379 400.000000 6.932409
10 0.000013 0.002602 500.000000 7.320644
10 0.000013 0.002911 600.000000 7.290401
10 0.000015 0.002447 700.000000 7.201646
10 0.000016 0.001835 800.000000 7.332722
20 0.000095 0.011097 100.000000 8.196721
20 0.000056 0.005047 200.000000 7.782101
20 0.000024 0.003726 300.000000 7.042253
20 0.000014 0.003456 400.000000 6.968641
20 0.000010 0.002486 500.000000 7.352941
20 0.000012 0.002765 600.000000 7.299270
20 0.000012 0.002188 700.000000 7.209063
20 0.000016 0.001778 800.000000 7.352941
30 0.000076 0.009529 100.000000 7.751938
30 0.000056 0.004639 200.000000 7.782101
30 0.000023 0.003630 300.000000 7.009346
30 0.000015 0.003176 400.000000 6.980803
30 0.000011 0.002277 500.000000 7.374631
30 0.000009 0.002675 600.000000 7.299270
30 0.000014 0.001989 700.000000 7.194244
30 0.000016 0.001627 800.000000 7.359705
40 0.000081 0.009193 100.000000 7.575758
40 0.000049 0.004675 200.000000 7.692307
40 0.000020 0.003662 300.000000 6.993007
40 0.000015 0.003041 400.000000 6.956522
40 0.000014 0.002370 500.000000 7.374631
40 0.000007 0.002779 600.000000 7.281553
40 0.000015 0.002051 700.000000 7.150153
40 0.000015 0.001716 800.000000 7.352941
50 0.000071 0.008372 100.000000 7.407407
50 0.000049 0.004864 200.000000 7.575758
50 0.000020 0.003927 300.000000 6.976744
50 0.000014 0.003023 400.000000 6.932409
50 0.000017 0.002381 500.000000 7.363770
50 0.000008 0.002811 600.000000 7.194244
50 0.000014 0.002082 700.000000 7.113821
50 0.000013 0.001793 800.000000 7.332722
60 0.000066 0.006819 100.000000 7.194244
60 0.000046 0.004901 200.000000 7.407407
60 0.000019 0.004027 300.000000 6.944445
60 0.000015 0.002787 400.000000 6.920415
60 0.000016 0.002221 500.000000 7.352941
60 0.000007 0.002550 600.000000 7.050529
60 0.000014 0.001918 700.000000 7.099391
60 0.000012 0.001717 800.000000 7.305936
70 0.000085 0.005478 100.000000 6.944445
70 0.000058 0.004450 200.000000 7.220217
70 0.000024 0.004024 300.000000 6.849315
70 0.000015 0.002315 400.000000 6.908463
70 0.000014 0.002108 500.000000 7.331378
70 0.000012 0.002514 600.000000 6.993007
70 0.000014 0.001645 700.000000 7.092198
70 0.000014 0.001518 800.000000 7.252946
80 0.000082 0.005687 100.000000 6.711410
80 0.000063 0.004533 200.000000 6.968641
80 0.000033 0.004353 300.000000 6.622517
80 0.000015 0.002281 400.000000 6.896552
80 0.000012 0.002064 500.000000 7.278020
80 0.000012 0.002285 600.000000 6.960557
80 0.000015 0.001611 700.000000 7.092198
80 0.000016 0.001797 800.000000 7.111111
90 0.000094 0.006186 100.000000 6.535948
90 0.000064 0.004813 200.000000 6.711410
90 0.000023 0.004881 300.000000 6.396588
90 0.000015 0.002085 400.000000 6.884682
90 0.000013 0.001963 500.000000 7.173601
90 0.000014 0.001989 600.000000 6.936416
90 0.000014 0.001430 700.000000 7.085020
90 0.000016 0.001790 800.000000 7.048458
100 0.000102 0.006299 100.000000 6.451613
100 0.000071 0.005551 200.000000 6.578948
100 0.000027 0.004463 300.000000 6.342494
100 0.000015 0.001930 400.000000 6.884682
100 0.000019 0.001947 500.000000 7.002801
100 0.000015 0.001788 600.000000 6.928406
100 0.000017 0.001340 700.000000 7.085020
100 0.000014 0.001808 800.000000 7.023705
110 0.000100 0.006357 100.000000 6.535948
110 0.000063 0.005283 200.000000 6.451613
110 0.000017 0.003936 300.000000 6.369427
110 0.000016 0.001863 400.000000 6.920415
110 0.000014 0.001955 500.000000 6.983240
110 0.000015 0.001733 600.000000 6.936416
110 0.000016 0.001309 700.000000 7.099391
110 0.000013 0.001683 800.000000 7.029877
120 0.000104 0.005574 100.000000 6.756757
120 0.000047 0.005322 200.000000 6.410256
120 0.000015 0.003642 300.000000 6.437768
120 0.000014 0.001529 400.000000 6.993007
120 0.000012 0.001939 500.000000 7.022472
120 0.000017 0.001608 600.000000 6.968641
120 0.000017 0.001215 700.000000 7.135576
120 0.000013 0.001547 800.000000 7.060900
130 0.000100 0.009011 100.000000 6.993007
130 0.000039 0.007535 200.000000 6.451613
130 0.000011 0.004800 300.000000 6.521739
130 0.000013 0.002061 400.000000 7.067138
130 0.000005 0.002009 500.000000 7.072136
130 0.000015 0.001965 600.000000 7.009346
130 0.000014 0.002056 700.000000 7.179487
130 0.000012 0.002036 800.000000 7.098492
140 0.000090 0.009718 100.000000 7.299270
140 0.000030 0.007339 200.000000 6.535948
140 0.000013 0.004808 300.000000 6.607930
140 0.000012 0.002110 400.000000 7.142857
140 0.000005 0.002013 500.000000 7.122507
140 0.000011 0.001974 600.000000 7.050529
140 0.000014 0.002155 700.000000 7.231405
140 0.000012 0.002079 800.000000 7.130125
150 0.000058 0.010593 100.000000 7.575758
150 0.000028 0.007379 200.000000 6.622517
150 0.000017 0.004406 300.000000 6.681514
150 0.000011 0.001819 400.000000 7.220217
150 0.000010 0.001561 500.000000 7.173601
150 0.000005 0.001513 600.000000 7.083825
150 0.000009 0.001865 700.000000 7.268951
150 0.000009 0.001970 800.000000 7.162041
160 0.000040 0.011118 100.000000 7.751938
160 0.000043 0.007409 200.000000 6.666667
160 0.000023 0.004069 300.000000 6.741573
160 0.000018 0.001477 400.000000 7.272727
160 0.000014 0.001061 500.000000 7.204611
160 0.000005 0.001030 600.000000 7.092198
160 0.000005 0.001546 700.000000 7.299270
160 0.000007 0.002009 800.000000 7.174888
170 0.000036 0.011423 100.000000 7.751938
170 0.000042 0.007737 200.000000 6.711410
170 0.000027 0.004297 300.000000 6.756757
170 0.000020 0.001638 400.000000 7.312614
170 0.000016 0.001281 500.000000 7.215007
170 0.000010 0.001385 600.000000 7.083825
170 0.000009 0.001916 700.000000 7.314525
170 0.000010 0.002231 800.000000 7.162041
180 0.000051 0.010776 100.000000 7.692307
180 0.000037 0.006644 200.000000 6.734007
180 0.000022 0.003456 300.000000 6.772009
180 0.000017 0.001323 400.000000 7.326007
180 0.000015 0.001260 500.000000 7.173601
180 0.000006 0.001129 600.000000 7.058824
180 0.000005 0.001631 700.000000 7.314525
180 0.000009 0.001895 800.000000 7.117438
190 0.000039 0.011079 100.000000 7.575758
190 0.000036 0.006608 200.000000 6.756757
190 0.000021 0.003182 300.000000 6.787330
190 0.000016 0.001259 400.000000 7.352941
190 0.000015 0.001386 500.000000 7.072136
190 0.000004 0.001150 600.000000 7.058824
190 0.000005 0.001729 700.000000 7.306890
190 0.000008 0.001771 800.000000 7.085917
200 0.000041 0.010050 100.000000 7.518797
200 0.000040 0.005504 200.000000 6.779661
200 0.000019 0.002514 300.000000 6.818182
200 0.000016 0.001042 400.000000 7.366483
200 0.000008 0.001255 500.000000 6.993007
200 0.000004 0.000916 600.000000 7.075472
200 0.000006 0.001358 700.000000 7.306890
200 0.000008 0.001397 800.000000 7.079646
210 0.000060 0.010445 100.000000 7.407407
210 0.000039 0.005959 200.000000 6.779661
210 0.000023 0.002710 300.000000 6.864988
210 0.000020 0.001086 400.000000 7.393715
210 0.000007 0.001306 500.000000 6.983240
210 0.000006 0.001163 600.000000 7.100592
210 0.000007 0.001741 700.000000 7.291667
210 0.000008 0.001547 800.000000 7.092198
220 0.000062 0.010546 100.000000 7.352941
220 0.000028 0.006111 200.000000 6.688963
220 0.000025 0.002574 300.000000 6.912442
220 0.000020 0.001166 400.000000 7.421150
220 0.000006 0.001379 500.000000 6.993007
220 0.000008 0.001415 600.000000 7.125891
220 0.000005 0.001969 700.000000 7.231405
220 0.000009 0.001465 800.000000 7.104796
230 0.000075 0.010143 100.000000 7.142857
230 0.000019 0.005952 200.000000 6.514658
230 0.000025 0.002079 300.000000 6.944445
230 0.000022 0.001268 400.000000 7.407407
230 0.000000 0.001245 500.000000 7.002801
230 0.000007 0.001177 600.000000 7.151371
230 0.000011 0.001857 700.000000 7.150153
230 0.000009 0.001263 800.000000 7.123775
240 0.000074 0.007349 100.000000 6.896552
240 0.000047 0.006053 200.000000 6.329114
240 0.000029 0.001059 300.000000 6.976744
240 0.000026 0.001623 400.000000 7.352941
240 0.000005 0.001254 500.000000 7.012623
240 0.000008 0.000919 600.000000 7.168459
240 0.000012 0.001798 700.000000 7.121058
240 0.000010 0.000959 800.000000 7.136485
250 0.000078 0.007121 100.000000 6.711410
250 0.000054 0.005010 200.000000 6.269592
250 0.000032 0.001003 300.000000 7.009346
250 0.000035 0.001919 400.000000 7.194244
250 0.000008 0.001257 500.000000 7.012623
250 0.000010 0.000880 600.000000 7.185629
250 0.000013 0.001711 700.000000 7.106599
250 0.000011 0.000791 800.000000 7.142857
260 0.000042 0.007403 100.000000 6.369427
260 0.000046 0.003933 200.000000 6.269592
260 0.000031 0.001073 300.000000 7.042253
260 0.000029 0.002217 400.000000 7.092198
260 0.000008 0.001372 500.000000 7.012623
260 0.000008 0.000776 600.000000 7.194244
260 0.000013 0.001492 700.000000 7.099391
260 0.000010 0.000586 800.000000 7.149240
270 0.000038 0.006568 100.000000 5.952381
270 0.000047 0.003234 200.000000 6.269592
270 0.000032 0.001337 300.000000 7.058824
270 0.000025 0.002453 400.000000 7.067138
270 0.000008 0.001358 500.000000 6.993007
270 0.000007 0.000754 600.000000 7.202881
270 0.000012 0.001393 700.000000 7.099391
270 0.000011 0.000500 800.000000 7.155635
280 0.000088 0.006732 100.000000 5.813953
280 0.000050 0.002572 200.000000 6.289308
280 0.000031 0.002021 300.000000 7.075472
280 0.000022 0.003166 400.000000 7.067138
280 0.000006 0.001653 500.000000 6.983240
280 0.000006 0.000691 600.000000 7.211538
280 0.000010 0.001230 700.000000 7.099391
280 0.000012 0.000423 800.000000 7.168459
290 0.000083 0.006245 100.000000 5.813953
290 0.000049 0.001929 200.000000 6.309148
290 0.000034 0.002306 300.000000 7.109005
290 0.000021 0.003314 400.000000 7.067138
290 0.000009 0.001470 500.000000 6.963789
290 0.000008 0.000803 600.000000 7.220217
290 0.000013 0.001161 700.000000 7.092198
290 0.000012 0.000277 800.000000 7.181329
300 0.000076 0.005342 100.000000 5.882353
300 0.000047 0.001559 200.000000 6.329114
300 0.000033 0.002429 300.000000 7.159904
300 0.000020 0.003158 400.000000 7.067138
300 0.000012 0.001267 500.000000 6.944445
300 0.000009 0.000842 600.000000 7.237636
300 0.000014 0.001122 700.000000 7.063572
300 0.000012 0.000318 800.000000 7.200720
310 0.000066 0.004743 100.000000 5.952381
310 0.000042 0.001094 200.000000 6.369427
310 0.000031 0.003162 300.000000 7.194244
310 0.000021 0.003853 400.000000 7.017544
310 0.000010 0.001670 500.000000 6.934813
310 0.000004 0.001010 600.000000 7.246377
310 0.000013 0.000843 700.000000 7.028112
310 0.000012 0.000549 800.000000 7.220217
320 0.000070 0.003702 100.000000 6.024096
320 0.000038 0.001384 200.000000 6.410256
320 0.000024 0.003352 300.000000 7.246377
320 0.000017 0.004003 400.000000 6.932409
320 0.000007 0.001755 500.000000 6.944445
320 0.000004 0.000940 600.000000 7.255139
320 0.000010 0.000597 700.000000 7.007007
320 0.000011 0.000654 800.000000 7.246377
330 0.000073 0.002942 100.000000 6.097561
330 0.000036 0.001623 200.000000 6.472492
330 0.000028 0.003635 300.000000 7.299270
330 0.000014 0.004030 400.000000 6.861063
330 0.000004 0.001723 500.000000 6.973501
330 0.000003 0.000825 600.000000 7.263923
330 0.000011 0.000450 700.000000 7.007007
330 0.000010 0.000758 800.000000 7.266122
340 0.000083 0.003142 100.000000 6.172840
340 0.000044 0.002358 200.000000 6.535948
340 0.000031 0.004449 300.000000 7.352941
340 0.000020 0.004245 400.000000 6.849315
340 0.000008 0.002003 500.000000 7.012623
340 0.000003 0.000949 600.000000 7.263923
340 0.000013 0.000278 700.000000 7.028112
340 0.000012 0.000993 800.000000 7.292616
350 0.000089 0.002453 100.000000 6.134969
350 0.000041 0.002787 200.000000 6.622517
350 0.000027 0.004539 300.000000 7.389163
350 0.000017 0.004106 400.000000 6.872852
350 0.000002 0.001925 500.000000 7.052186
350 0.000004 0.000821 600.000000 7.228916
350 0.000011 0.000336 700.000000 7.049345
350 0.000011 0.001084 800.000000 7.326007
360 0.000115 0.003107 100.000000 6.024096
360 0.000051 0.003759 200.000000 6.734007
360 0.000030 0.005747 300.000000 7.444169
360 0.000021 0.004898 400.000000 6.920415
360 0.000009 0.002462 500.000000 7.092198
360 0.000004 0.001541 600.000000 7.168459
360 0.000014 0.000266 700.000000 7.077857
360 0.000012 0.001458 800.000000 7.359705
370 0.000108 0.001208 100.000000 5.917160
370 0.000046 0.004504 200.000000 6.825939
370 0.000033 0.006265 300.000000 7.481297
370 0.000019 0.005118 400.000000 6.956522
370 0.000007 0.002589 500.000000 7.142857
370 0.000002 0.001349 600.000000 7.142857
370 0.000013 0.000478 700.000000 7.113821
370 0.000012 0.001642 800.000000 7.400555
380 0.000092 0.002404 100.000000 5.813953
380 0.000044 0.004746 200.000000 6.944445
380 0.000032 0.006201 300.000000 7.500000
380 0.000015 0.004854 400.000000 7.005254
380 0.000007 0.002471 500.000000 7.194244
380 0.000004 0.001110 600.000000 7.142857
380 0.000012 0.000599 700.000000 7.150153
380 0.000012 0.001676 800.000000 7.434944
390 0.000087 0.002460 100.000000 5.813953
390 0.000050 0.004914 200.000000 7.067138
390 0.000032 0.006604 300.000000 7.444169
390 0.000012 0.004759 400.000000 7.054674
390 0.000006 0.002450 500.000000 7.235890
390 0.000007 0.000840 600.000000 7.159904
390 0.000013 0.000679 700.000000 7.179487
390 0.000013 0.001783 800.000000 7.476635
400 0.000095 0.003257 100.000000 5.847953
400 0.000048 0.005969 200.000000 7.168459
400 0.000037 0.007495 300.000000 7.317073
400 0.000013 0.005166 400.000000 7.092198
400 0.000007 0.002716 500.000000 7.278020
400 0.000010 0.000854 600.000000 7.168459
400 0.000014 0.000940 700.000000 7.209063
400 0.000013 0.002090 800.000000 7.511737
410 0.000091 0.004122 100.000000 5.988024
410 0.000049 0.006444 200.000000 7.299270
410 0.000041 0.007636 300.000000 7.317073
410 0.000013 0.005184 400.000000 7.142857
410 0.000004 0.002732 500.000000 7.331378
410 0.000011 0.000852 600.000000 7.202881
410 0.000014 0.001093 700.000000 7.246377
410 0.000013 0.002209 800.000000 7.547170
420 0.000098 0.003760 100.000000 6.211180
420 0.000050 0.006222 200.000000 7.462687
420 0.000036 0.007240 300.000000 7.371007
420 0.000011 0.004693 400.000000 7.194244
420 0.000005 0.002338 500.000000 7.396450
420 0.000012 0.000555 600.000000 7.246377
420 0.000015 0.001019 700.000000 7.284079
420 0.000013 0.002113 800.000000 7.597341
430 0.000086 0.002556 100.000000 6.410256
430 0.000044 0.004516 200.000000 7.633588
430 0.000028 0.005196 300.000000 7.462687
430 0.000013 0.002993 400.000000 7.259528
430 0.000012 0.001402 500.000000 7.462687
430 0.000015 0.000613 600.000000 7.290401
430 0.000013 0.000602 700.000000 7.329843
430 0.000011 0.001527 800.000000 7.648183
440 0.000078 0.003127 100.000000 6.622517
440 0.000042 0.003545 200.000000 7.782101
440 0.000021 0.004073 300.000000 7.537688
440 0.000014 0.002394 400.000000 7.312614
440 0.000017 0.001545 500.000000 7.518797
440 0.000018 0.000826 600.000000 7.334963
440 0.000011 0.000465 700.000000 7.376185
440 0.000011 0.001167 800.000000 7.684918
450 0.000075 0.003196 100.000000 6.756757
450 0.000035 0.004096 200.000000 7.905138
450 0.000007 0.004558 300.000000 7.575758
450 0.000017 0.002933 400.000000 7.326007
450 0.000020 0.001895 500.000000 7.552870
450 0.000019 0.000680 600.000000 7.352941
450 0.000009 0.000564 700.000000 7.399577
450 0.000009 0.001282 800.000000 7.714561
460 0.000070 0.003278 100.000000 6.802721
460 0.000036 0.005308 200.000000 7.936508
460 0.000007 0.005567 300.000000 7.575758
460 0.000023 0.003537 400.000000 7.299270
460 0.000024 0.002128 500.000000 7.564297
460 0.000021 0.000547 600.000000 7.343941
460 0.000010 0.000815 700.000000 7.415254
460 0.000009 0.001616 800.000000 7.722008
470 0.000076 0.003222 100.000000 6.802721
470 0.000042 0.005367 200.000000 7.968128
470 0.000010 0.005349 300.000000 7.537688
470 0.000025 0.003001 400.000000 7.233273
470 0.000023 0.001843 500.000000 7.564297
470 0.000021 0.000432 600.000000 7.290401
470 0.000011 0.000801 700.000000 7.430998
470 0.000043 0.002074 800.000000 7.707129
480 0.000062 0.003072 100.000000 6.756757
480 0.000044 0.005060 200.000000 8.000000
480 0.000011 0.004974 300.000000 7.371007
480 0.000022 0.002485 400.000000 7.207207
480 0.000015 0.001508 500.000000 7.552870
480 0.000012 0.000407 600.000000 7.211538
480 0.000011 0.000830 700.000000 7.438895
480 0.000009 0.001624 800.000000 7.677543
490 0.000063 0.003897 100.000000 6.802721
490 0.000040 0.005041 200.000000 8.032128
490 0.000011 0.004901 300.000000 7.159904
490 0.000021 0.002409 400.000000 7.207207
490 0.000013 0.001468 500.000000 7.530120
490 0.000010 0.000303 600.000000 7.177033
490 0.000011 0.000850 700.000000 7.454739
490 0.000008 0.001635 800.000000 7.504691
500 0.000069 0.005048 100.000000 6.896552
500 0.000042 0.005763 200.000000 8.064516
500 0.000022 0.004688 300.000000 7.092198
500 0.000020 0.002647 400.000000 7.233273
500 0.000016 0.001576 500.000000 7.518797
500 0.000012 0.000259 600.000000 7.177033
500 0.000011 0.001051 700.000000 7.478632
500 0.000009 0.001819 800.000000 7.469655
510 0.000079 0.005144 100.000000 7.092198
510 0.000046 0.005727 200.000000 8.163265
510 0.000028 0.004412 300.000000 7.125891
510 0.000023 0.002505 400.000000 7.299270
510 0.000016 0.001586 500.000000 7.485030
510 0.000012 0.000264 600.000000 7.211538
510 0.000012 0.001096 700.000000 7.518797
510 0.000009 0.001763 800.000000 7.483630
520 0.000083 0.004444 100.000000 7.407407
520 0.000039 0.005417 200.000000 8.298756
520 0.000023 0.004009 300.000000 7.211538
520 0.000025 0.002157 400.000000 7.366483
520 0.000018 0.001341 500.000000 7.440476
520 0.000011 0.000149 600.000000 7.255139
520 0.000012 0.000953 700.000000 7.567567
520 0.000009 0.001547 800.000000 7.518797
530 0.000113 0.009671 100.000000 7.692307
530 0.000057 0.009833 200.000000 8.438819
530 0.000036 0.007321 300.000000 7.299270
530 0.000037 0.003419 400.000000 7.448790
530 0.000034 0.001475 500.000000 7.418397
530 0.000016 0.000532 600.000000 7.308161
530 0.000015 0.001773 700.000000 7.616975
530 0.000014 0.002742 800.000000 7.561437
540 0.000061 0.007695 100.000000 8.130081
540 0.000032 0.007657 200.000000 8.620689
540 0.000023 0.005270 300.000000 7.389163
540 0.000026 0.002626 400.000000 7.532957
540 0.000025 0.001076 500.000000 7.440476
540 0.000009 0.000471 600.000000 7.361963
540 0.000008 0.001414 700.000000 7.675438
540 0.000008 0.002123 800.000000 7.604563
550 0.000023 0.008984 100.000000 8.547009
550 0.000013 0.008203 200.000000 8.695652
550 0.000023 0.005407 300.000000 7.500000
550 0.000024 0.002859 400.000000 7.619048
550 0.000018 0.000926 500.000000 7.473842
550 0.000002 0.000639 600.000000 7.416564
550 0.000001 0.001691 700.000000 7.726269
550 0.000003 0.002369 800.000000 7.648183
560 0.000025 0.009824 100.000000 8.849558
560 0.000015 0.009619 200.000000 8.620689
560 0.000026 0.006038 300.000000 7.556675
560 0.000022 0.003221 400.000000 7.692307
560 0.000015 0.000833 500.000000 7.485030
560 0.000006 0.000709 600.000000 7.453416
560 0.000004 0.002023 700.000000 7.777778
560 0.000005 0.002827 800.000000 7.684918
570 0.000032 0.009899 100.000000 9.090909
570 0.000025 0.010217 200.000000 8.298756
570 0.000025 0.005874 300.000000 7.594937
570 0.000021 0.002952 400.000000 7.736944
570 0.000013 0.000602 500.000000 7.485030
570 0.000008 0.000719 600.000000 7.481297
570 0.000005 0.002091 700.000000 7.812500
570 0.000005 0.002930 800.000000 7.707129
580 0.000018 0.007513 100.000000 9.259259
580 0.000031 0.007706 200.000000 8.097166
580 0.000019 0.004060 300.000000 7.575758
580 0.000020 0.002005 400.000000 7.751938
580 0.000013 0.000255 500.000000 7.485030
580 0.000002 0.000493 600.000000 7.490637
580 0.000002 0.001613 700.000000 7.838746
580 0.000004 0.002257 800.000000 7.722008
590 0.000017 0.008557 100.000000 9.345795
590 0.000020 0.007785 200.000000 8.032128
590 0.000019 0.004151 300.000000 7.537688
590 0.000021 0.001917 400.000000 7.751938
590 0.000016 0.000368 500.000000 7.473842
590 0.000005 0.000576 600.000000 7.500000
590 0.000003 0.001715 700.000000 7.856341
590 0.000003 0.002381 800.000000 7.736944
600 0.000007 0.009092 100.000000 9.345795
600 0.000027 0.007533 200.000000 8.000000
600 0.000020 0.003671 300.000000 7.481297
600 0.000022 0.001547 400.000000 7.766990
600 0.000014 0.000592 500.000000 7.462687
600 0.000002 0.000617 600.000000 7.509387
600 0.000002 0.001705 700.000000 7.865169
600 0.000005 0.002313 800.000000 7.751938
610 0.000000 0.009029 100.000000 9.523809
610 0.000025 0.007453 200.000000 7.968128
610 0.000023 0.003420 300.000000 7.425743
610 0.000023 0.001320 400.000000 7.766990
610 0.000015 0.000754 500.000000 7.429420
610 0.000003 0.000608 600.000000 7.528231
610 0.000003 0.001700 700.000000 7.865169
610 0.000005 0.002261 800.000000 7.759457
620 0.000014 0.008283 100.000000 9.615385
620 0.000027 0.006974 200.000000 7.874016
620 0.000026 0.002700 300.000000 7.352941
620 0.000020 0.000969 400.000000 7.766990
620 0.000008 0.001023 500.000000 7.342144
620 0.000002 0.000536 600.000000 7.547170
620 0.000031 0.001889 700.000000 7.838746
620 0.000004 0.002094 800.000000 7.774539
630 0.000021 0.007442 100.000000 9.615385
630 0.000025 0.006361 200.000000 7.518797
630 0.000021 0.002076 300.000000 7.334963
630 0.000020 0.000701 400.000000 7.736944
630 0.000001 0.001162 500.000000 7.267442
630 0.000003 0.000445 600.000000 7.556675
630 0.000003 0.001561 700.000000 7.769145
630 0.000005 0.001903 800.000000 7.789679
640 0.000020 0.007205 100.000000 9.615385
640 0.000031 0.005322 200.000000 7.220217
640 0.000021 0.001877 300.000000 7.334963
640 0.000020 0.000845 400.000000 7.707129
640 0.000004 0.001082 500.000000 7.225433
640 0.000003 0.000452 600.000000 7.566204
640 0.000003 0.001567 700.000000 7.567567
640 0.000004 0.001917 800.000000 7.797271
650 0.000015 0.006968 100.000000 9.433962
650 0.000043 0.004633 200.000000 7.117438
650 0.000025 0.001665 300.000000 7.334963
650 0.000024 0.001260 400.000000 7.561437
650 0.000003 0.001098 500.000000 7.215007
650 0.000002 0.000497 600.000000 7.575758
650 0.000003 0.001497 700.000000 7.534984
650 0.000002 0.001965 800.000000 7.804878
660 0.000014 0.007665 100.000000 9.174312
660 0.000037 0.004336 200.000000 7.067138
660 0.000029 0.001500 300.000000 7.334963
660 0.000022 0.002030 400.000000 7.299270
660 0.000004 0.001069 500.000000 7.215007
660 0.000001 0.000572 600.000000 7.585335
660 0.000005 0.001571 700.000000 7.526882
660 0.000003 0.002081 800.000000 7.812500
670 0.000037 0.008283 100.000000 8.403361
670 0.000033 0.003619 200.000000 7.017544
670 0.000029 0.001346 300.000000 7.334963
670 0.000020 0.002071 400.000000 7.194244
670 0.000003 0.001037 500.000000 7.215007
670 0.000003 0.000622 600.000000 7.604563
670 0.000005 0.001576 700.000000 7.526882
670 0.000004 0.002054 800.000000 7.827789
680 0.000072 0.008495 100.000000 7.407407
680 0.000028 0.002959 200.000000 6.968641
680 0.000027 0.001171 300.000000 7.334963
680 0.000015 0.002039 400.000000 7.142857
680 0.000003 0.000894 500.000000 7.204611
680 0.000002 0.000644 600.000000 7.623888
680 0.000004 0.001524 700.000000 7.534984
680 0.000004 0.001955 800.000000 7.835455
690 0.000065 0.007455 100.000000 7.092198
690 0.000029 0.002387 200.000000 6.896552
690 0.000029 0.001372 300.000000 7.317073
690 0.000016 0.002246 400.000000 7.117438
690 0.000003 0.000937 500.000000 7.204611
690 0.000001 0.000649 600.000000 7.633588
690 0.000005 0.001497 700.000000 7.534984
690 0.000004 0.001875 800.000000 7.850834
700 0.000061 0.006828 100.000000 6.944445
700 0.000034 0.001961 200.000000 6.825939
700 0.000032 0.001856 300.000000 7.317073
700 0.000018 0.002880 400.000000 7.092198
700 0.000004 0.001107 500.000000 7.204611
700 0.000002 0.000560 600.000000 7.643312
700 0.000005 0.001495 700.000000 7.543103
700 0.000005 0.001951 800.000000 7.858546
710 0.000050 0.006415 100.000000 6.849315
710 0.000035 0.001692 200.000000 6.711410
710 0.000034 0.002235 300.000000 7.299270
710 0.000020 0.003122 400.000000 7.054674
710 0.000003 0.001059 500.000000 7.215007
710 0.000001 0.000508 600.000000 7.633588
710 0.000004 0.001397 700.000000 7.551240
710 0.000006 0.001731 800.000000 7.866273
720 0.000070 0.006200 100.000000 6.666667
720 0.000036 0.001814 200.000000 6.578948
720 0.000031 0.002940 300.000000 7.281553
720 0.000015 0.003504 400.000000 6.956522
720 0.000006 0.001184 500.000000 7.215007
720 0.000059 0.001076 600.000000 7.604563
720 0.000007 0.001440 700.000000 7.559395
720 0.000006 0.001813 800.000000 7.866273
730 0.000072 0.005707 100.000000 6.250000
730 0.000032 0.002088 200.000000 6.514658
730 0.000027 0.002985 300.000000 7.246377
730 0.000007 0.003472 400.000000 6.837607
730 0.000005 0.001075 500.000000 7.225433
730 0.000007 0.000646 600.000000 7.547170
730 0.000008 0.001295 700.000000 7.567567
730 0.000005 0.001616 800.000000 7.858546
740 0.000075 0.005392 100.000000 5.780347
740 0.000039 0.002314 200.000000 6.514658
740 0.000032 0.003230 300.000000 7.194244
740 0.000006 0.003471 400.000000 6.791172
740 0.000004 0.001035 500.000000 7.235890
740 0.000004 0.000730 600.000000 7.308161
740 0.000007 0.001406 700.000000 7.575758
740 0.000005 0.001747 800.000000 7.858546
750 0.000098 0.004092 100.000000 5.649717
750 0.000038 0.002703 200.000000 6.535948
750 0.000033 0.003781 300.000000 7.109005
750 0.000008 0.003358 400.000000 6.791172
750 0.000004 0.001003 500.000000 7.256894
750 0.000005 0.000726 600.000000 7.272727
750 0.000004 0.001452 700.000000 7.592191
750 0.000004 0.001929 800.000000 7.850834
760 0.000088 0.003774 100.000000 5.649717
760 0.000041 0.002584 200.000000 6.600660
760 0.000030 0.004256 300.000000 6.912442
760 0.000007 0.003222 400.000000 6.814310
760 0.000004 0.000883 500.000000 7.288630
760 0.000003 0.000727 600.000000 7.272727
760 0.000003 0.001407 700.000000 7.616975
760 0.000006 0.001894 800.000000 7.850834
770 0.000084 0.003472 100.000000 5.714286
770 0.000047 0.003223 200.000000 6.666667
770 0.000032 0.005179 300.000000 6.802721
770 0.000007 0.003401 400.000000 6.849315
770 0.000002 0.000969 500.000000 7.331378
770 0.000003 0.000711 600.000000 7.299270
770 0.000003 0.001463 700.000000 7.650273
770 0.000005 0.002011 800.000000 7.850834
780 0.000087 0.003932 100.000000 5.813953
780 0.000045 0.004241 200.000000 6.756757
780 0.000031 0.006035 300.000000 6.802721
780 0.000009 0.003779 400.000000 6.896552
780 0.000005 0.001058 500.000000 7.396450
780 0.000003 0.000699 600.000000 7.343941
780 0.000005 0.001584 700.000000 7.700770
780 0.000006 0.002186 800.000000 7.843137
790 0.000086 0.004434 100.000000 5.988024
790 0.000049 0.004935 200.000000 6.896552
790 0.000032 0.006337 300.000000 6.864988
790 0.000011 0.003961 400.000000 6.968641
790 0.000007 0.001060 500.000000 7.462687
790 0.000005 0.000712 600.000000 7.398274
790 0.000007 0.001674 700.000000 7.751938
790 0.000014 0.002259 800.000000 7.835455
800 0.000104 0.006951 100.000000 6.211180
800 0.000057 0.007402 200.000000 7.042253
800 0.000032 0.008102 300.000000 6.928406
800 0.000020 0.004873 400.000000 7.042253
800 0.000014 0.001351 500.000000 7.541478
800 0.000010 0.000765 600.000000 7.462687
800 0.000011 0.002050 700.000000 7.812500
800 0.000012 0.002769 800.000000 7.835455
810 0.000105 0.007034 100.000000 6.451613
810 0.000057 0.007401 200.000000 7.220217
810 0.000036 0.007968 300.000000 7.009346
810 0.000020 0.004767 400.000000 7.117438
810 0.000015 0.001383 500.000000 7.621951
810 0.000009 0.000665 600.000000 7.518797
810 0.000012 0.001898 700.000000 7.874016
810 0.000014 0.002406 800.000000 7.812500
820 0.000095 0.006643 100.000000 6.622517
820 0.000057 0.006764 200.000000 7.326007
820 0.000040 0.007193 300.000000 7.075472
820 0.000019 0.004198 400.000000 7.181329
820 0.000016 0.001195 500.000000 7.692307
820 0.000011 0.000604 600.000000 7.566204
820 0.000011 0.001601 700.000000 7.918552
820 0.000017 0.001934 800.000000 7.782101
830 0.000088 0.005659 100.000000 6.666667
830 0.000056 0.005877 200.000000 7.407407
830 0.000039 0.006111 300.000000 7.109005
830 0.000016 0.003471 400.000000 7.220217
830 0.000015 0.000910 500.000000 7.739938
830 0.000010 0.000665 600.000000 7.604563
830 0.000011 0.001374 700.000000 7.963595
830 0.000015 0.001594 800.000000 7.766990
840 0.000076 0.003940 100.000000 6.622517
840 0.000058 0.004861 200.000000 7.462687
840 0.000037 0.005533 300.000000 7.109005
840 0.000016 0.002921 400.000000 7.246377
840 0.000012 0.000824 500.000000 7.776050
840 0.000008 0.000786 600.000000 7.633588
840 0.000012 0.001204 700.000000 7.990868
840 0.000013 0.001369 800.000000 7.766990
850 0.000080 0.004035 100.000000 6.535948
850 0.000054 0.004626 200.000000 7.490637
850 0.000037 0.005416 300.000000 7.109005
850 0.000014 0.002611 400.000000 7.272727
850 0.000011 0.000831 500.000000 7.788162
850 0.000007 0.000771 600.000000 7.653061
850 0.000011 0.000944 700.000000 8.009153
850 0.000013 0.001213 800.000000 7.782101
860 0.000097 0.004298 100.000000 6.451613
860 0.000056 0.005016 200.000000 7.518797
860 0.000038 0.005846 300.000000 7.075472
860 0.000012 0.002756 400.000000 7.299270
860 0.000014 0.000887 500.000000 7.800312
860 0.000005 0.000814 600.000000 7.682458
860 0.000011 0.000884 700.000000 8.027523
860 0.000014 0.001041 800.000000 7.804878
870 0.000095 0.005289 100.000000 6.410256
870 0.000053 0.005214 200.000000 7.575758
870 0.000034 0.006049 300.000000 7.009346
870 0.000012 0.002766 400.000000 7.352941
870 0.000069 0.000862 500.000000 7.800312
870 0.000006 0.000827 600.000000 7.712082
870 0.000011 0.000866 700.000000 8.064516
870 0.000014 0.001069 800.000000 7.835455
880 0.000086 0.005731 100.000000 6.578948
880 0.000051 0.005709 200.000000 7.692307
880 0.000021 0.006180 300.000000 7.009346
880 0.000014 0.002727 400.000000 7.421150
880 0.000007 0.000992 500.000000 7.836991
880 0.000007 0.001043 600.000000 7.772021
880 0.000012 0.001092 700.000000 8.101851
880 0.000013 0.001313 800.000000 7.881773
890 0.000089 0.006379 100.000000 6.802721
890 0.000050 0.006029 200.000000 7.843137
890 0.000014 0.006548 300.000000 7.042253
890 0.000011 0.002872 400.000000 7.518797
890 0.000005 0.000856 500.000000 7.861635
890 0.000003 0.000871 600.000000 7.832898
890 0.000009 0.000941 700.000000 8.158508
890 0.000013 0.000939 800.000000 7.936508
900 0.000052 0.006605 100.000000 7.042253
900 0.000029 0.006152 200.000000 8.000000
900 0.000012 0.005954 300.000000 7.109005
900 0.000011 0.002585 400.000000 7.604563
900 0.000007 0.000917 500.000000 7.788162
900 0.000008 0.001118 600.000000 7.905138
900 0.000012 0.001221 700.000000 8.215962
900 0.000008 0.001271 800.000000 7.984032
910 0.000078 0.006244 100.000000 7.352941
910 0.000033 0.005686 200.000000 8.163265
910 0.000020 0.005189 300.000000 7.177033
910 0.000018 0.002202 400.000000 7.692307
910 0.000013 0.000910 500.000000 7.704160
910 0.000011 0.001024 600.000000 7.968128
910 0.000015 0.001371 700.000000 8.264462
910 0.000013 0.001838 800.000000 8.040201
920 0.000063 0.006691 100.000000 7.575758
920 0.000030 0.006511 200.000000 8.196721
920 0.000022 0.004999 300.000000 7.228916
920 0.000019 0.001981 400.000000 7.766990
920 0.000017 0.000999 500.000000 7.704160
920 0.000012 0.001125 600.000000 8.021390
920 0.000015 0.001828 700.000000 8.293839
920 0.000013 0.002234 800.000000 8.080808
930 0.000065 0.007859 100.000000 7.751938
930 0.000032 0.007249 200.000000 8.000000
930 0.000024 0.005038 300.000000 7.263923
930 0.000021 0.002032 400.000000 7.812500
930 0.000020 0.001018 500.000000 7.704160
930 0.000015 0.001347 600.000000 8.053691
930 0.000015 0.002256 700.000000 8.303678
930 0.000012 0.002528 800.000000 8.105370
940 0.000049 0.007326 100.000000 7.874016
940 0.000041 0.006884 200.000000 7.575758
940 0.000024 0.004366 300.000000 7.299270
940 0.000021 0.001753 400.000000 7.858546
940 0.000019 0.000955 500.000000 7.704160
940 0.000015 0.001347 600.000000 8.086253
940 0.000016 0.002242 700.000000 8.293839
940 0.000011 0.002268 800.000000 8.130081
950 0.000032 0.005725 100.000000 7.936508
950 0.000034 0.006577 200.000000 7.380074
950 0.000019 0.003624 300.000000 7.317073
950 0.000017 0.001322 400.000000 7.905138
950 0.000016 0.000964 500.000000 7.727975
950 0.000014 0.001284 600.000000 8.119080
950 0.000014 0.002056 700.000000 8.235294
950 0.000010 0.001844 800.000000 8.154943
960 0.000030 0.004924 100.000000 8.064516
960 0.000030 0.006347 200.000000 7.299270
960 0.000017 0.003186 300.000000 7.334963
960 0.000016 0.001022 400.000000 7.952286
960 0.000014 0.001051 500.000000 7.751938
960 0.000012 0.001426 600.000000 8.141112
960 0.000015 0.001680 700.000000 8.101851
960 0.000008 0.001798 800.000000 8.171603
970 0.000029 0.005145 100.000000 8.130081
970 0.000024 0.006388 200.000000 7.299270
970 0.000018 0.003031 300.000000 7.371007
970 0.000015 0.000949 400.000000 8.000000
970 0.000016 0.001166 500.000000 7.776050
970 0.000012 0.001547 600.000000 8.174387
970 0.000012 0.001774 700.000000 7.972665
970 0.000007 0.001830 800.000000 8.196721
980 0.000018 0.005722 100.000000 8.264462
980 0.000023 0.006728 200.000000 7.299270
980 0.000022 0.003001 300.000000 7.407407
980 0.000016 0.000969 400.000000 8.048289
980 0.000018 0.001350 500.000000 7.812500
980 0.000015 0.001684 600.000000 8.219178
980 0.000009 0.001935 700.000000 7.936508
980 0.000006 0.001894 800.000000 8.213552
990 0.000038 0.005529 100.000000 8.403361
990 0.000025 0.006249 200.000000 7.352941
990 0.000020 0.002448 300.000000 7.444169
990 0.000015 0.000790 400.000000 8.097166
990 0.000016 0.001324 500.000000 7.849294
990 0.000015 0.001594 600.000000 8.253095
990 0.000009 0.001898 700.000000 7.954545
990 0.000008 0.001919 800.000000 8.238929
1000 0.000031 0.006030 100.000000 8.620689
1000 0.000024 0.006552 200.000000 7.380074
1000 0.000020 0.002356 300.000000 7.518797
1000 0.000017 0.000816 400.000000 8.146640
1000 0.000018 0.001518 500.000000 7.898894
1000 0.000015 0.001794 600.000000 8.298756
1000 0.000010 0.002019 700.000000 7.981756
1000 0.000009 0.001926 800.000000 8.273009
1010 0.000038 0.006510 100.000000 8.849558
1010 0.000024 0.006614 200.000000 7.407407
1010 0.000023 0.002099 300.000000 7.594937
1010 0.000019 0.000769 400.000000 8.196721
1010 0.000019 0.001598 500.000000 7.949126
1010 0.000015 0.001945 600.000000 8.344924
1010 0.000010 0.002211 700.000000 8.018328
1010 0.000009 0.002076 800.000000 8.298756
1020 0.000025 0.006310 100.000000 9.090909
1020 0.000018 0.006665 200.000000 7.352941
1020 0.000026 0.002063 300.000000 7.672634
1020 0.000089 0.001852 400.000000 8.213552
1020 0.000021 0.001683 500.000000 8.000000
1020 0.000016 0.001961 600.000000 8.379889
1020 0.000007 0.001963 700.000000 8.064516
1020 0.000008 0.001726 800.000000 8.333333
1030 0.000032 0.006695 100.000000 9.174312
1030 0.000032 0.006273 200.000000 7.220217
1030 0.000024 0.001555 300.000000 7.731959
1030 0.000022 0.001221 400.000000 8.213552
1030 0.000020 0.001804 500.000000 8.038586
1030 0.000016 0.002170 600.000000 8.415147
1030 0.000009 0.002119 700.000000 8.101851
1030 0.000008 0.001872 800.000000 8.350731
1040 0.000031 0.006591 100.000000 9.090909
1040 0.000034 0.005587 200.000000 7.092198
1040 0.000027 0.001307 300.000000 7.772021
1040 0.000019 0.001473 400.000000 7.984032
1040 0.000018 0.001999 500.000000 8.077544
1040 0.000017 0.002448 600.000000 8.426967
1040 0.000008 0.002384 700.000000 8.130081
1040 0.000009 0.002145 800.000000 8.368201
1050 0.000052 0.007029 100.000000 8.849558
1050 0.000040 0.005308 200.000000 7.042253
1050 0.000028 0.001297 300.000000 7.792208
1050 0.000022 0.001656 400.000000 7.707129
1050 0.000017 0.002225 500.000000 8.090615
1050 0.000018 0.002821 600.000000 8.415147
1050 0.000007 0.002576 700.000000 8.139535
1050 0.000007 0.002285 800.000000 8.368201
1060 0.000032 0.007705 100.000000 7.874016
1060 0.000040 0.004736 200.000000 7.017544
1060 0.000028 0.001306 300.000000 7.812500
1060 0.000024 0.001887 400.000000 7.662835
1060 0.000020 0.002621 500.000000 8.103727
1060 0.000018 0.003256 600.000000 8.379889
1060 0.000008 0.002773 700.000000 8.149011
1060 0.000009 0.002479 800.000000 8.368201
1070 0.000030 0.009405 100.000000 6.944445
1070 0.000042 0.004032 200.000000 6.993007
1070 0.000030 0.001746 300.000000 7.832898
1070 0.000025 0.002588 400.000000 7.648183
1070 0.000022 0.003346 500.000000 8.116883
1070 0.000021 0.004159 600.000000 8.310249
1070 0.000011 0.003404 700.000000 8.158508
1070 0.000010 0.002992 800.000000 8.376964
1080 0.000061 0.009233 100.000000 6.666667
1080 0.000039 0.003344 200.000000 6.993007
1080 0.000029 0.001828 300.000000 7.874016
1080 0.000024 0.002760 400.000000 7.648183
1080 0.000021 0.003259 500.000000 8.143323
1080 0.000021 0.003834 600.000000 8.163265
1080 0.000009 0.003369 700.000000 8.168028
1080 0.000011 0.002967 800.000000 8.394544
1090 0.000050 0.009137 100.000000 6.535948
1090 0.000040 0.002881 200.000000 6.993007
1090 0.000028 0.002266 300.000000 7.915567
1090 0.000025 0.003160 400.000000 7.677543
1090 0.000022 0.003646 500.000000 8.169934
1090 0.000018 0.004024 600.000000 7.947020
1090 0.000007 0.003590 700.000000 8.187135
1090 0.000010 0.003039 800.000000 8.403361
1100 0.000054 0.008950 100.000000 6.493506
1100 0.000042 0.002358 200.000000 6.993007
1100 0.000027 0.002327 300.000000 7.957560
1100 0.000026 0.003240 400.000000 7.692307
1100 0.000024 0.003568 500.000000 8.183306
1100 0.000013 0.003842 600.000000 7.874016
1100 0.000008 0.003342 700.000000 8.196721
1100 0.000011 0.002756 800.000000 8.412198
1110 0.000046 0.008374 100.000000 6.451613
1110 0.000044 0.001633 200.000000 7.017544
1110 0.000031 0.002377 300.000000 7.978724
1110 0.000028 0.003256 400.000000 7.707129
1110 0.000024 0.003453 500.000000 8.210180
1110 0.000012 0.003634 600.000000 7.863696
1110 0.000009 0.003090 700.000000 8.206330
1110 0.000013 0.002522 800.000000 8.412198
1120 0.000052 0.008363 100.000000 6.329114
1120 0.000050 0.001584 200.000000 7.042253
1120 0.000035 0.003154 300.000000 7.978724
1120 0.000030 0.004101 400.000000 7.722008
1120 0.000025 0.004382 500.000000 8.223684
1120 0.000014 0.004430 600.000000 7.874016
1120 0.000010 0.003673 700.000000 8.215962
1120 0.000012 0.002947 800.000000 8.350731
1130 0.000052 0.008380 100.000000 6.097561
1130 0.000047 0.002115 200.000000 7.092198
1130 0.000127 0.004581 300.000000 7.936508
1130 0.000032 0.004373 400.000000 7.751938
1130 0.000023 0.004590 500.000000 8.237232
1130 0.000012 0.004314 600.000000 7.905138
1130 0.000010 0.003467 700.000000 8.225616
1130 0.000008 0.002845 800.000000 8.205129
1140 0.000082 0.006821 100.000000 5.847953
1140 0.000048 0.003273 200.000000 7.142857
1140 0.000034 0.004568 300.000000 7.874016
1140 0.000027 0.005169 400.000000 7.797271
1140 0.000024 0.005554 500.000000 8.264462
1140 0.000014 0.005270 600.000000 7.936508
1140 0.000011 0.004559 700.000000 8.235294
1140 0.000010 0.003832 800.000000 8.171603
1150 0.000082 0.006386 100.000000 5.747127
1150 0.000040 0.003792 200.000000 7.220217
1150 0.000031 0.004853 300.000000 7.518797
1150 0.000026 0.005388 400.000000 7.827789
1150 0.000023 0.005705 500.000000 8.278146
1150 0.000012 0.005339 600.000000 7.968128
1150 0.000012 0.004677 700.000000 8.254717
1150 0.000012 0.003939 800.000000 8.171603
1160 0.000094 0.005952 100.000000 5.780347
1160 0.000051 0.004879 200.000000 7.299270
1160 0.000032 0.005829 300.000000 7.371007
1160 0.000025 0.006222 400.000000 7.889546
1160 0.000025 0.006621 500.000000 8.305648
1160 0.000015 0.006198 600.000000 8.010681
1160 0.000012 0.005587 700.000000 8.284023
1160 0.000013 0.004546 800.000000 8.196721
1170 0.000093 0.006071 100.000000 5.917160
1170 0.000050 0.005442 200.000000 7.434944
1170 0.000036 0.006169 300.000000 7.407407
1170 0.000025 0.006511 400.000000 7.968128
1170 0.000024 0.006915 500.000000 8.347245
1170 0.000015 0.006340 600.000000 8.064516
1170 0.000012 0.005766 700.000000 8.333333
1170 0.000012 0.004611 800.000000 8.238929
1180 0.000091 0.006431 100.000000 6.134969
1180 0.000050 0.005839 200.000000 7.633588
1180 0.000034 0.006423 300.000000 7.500000
1180 0.000027 0.006763 400.000000 8.080808
1180 0.000025 0.007197 500.000000 8.417508
1180 0.000014 0.006447 600.000000 8.141112
1180 0.000013 0.005771 700.000000 8.393286
1180 0.000012 0.004512 800.000000 8.290155
1190 0.000087 0.006559 100.000000 6.369427
1190 0.000050 0.005790 200.000000 7.843137
1190 0.000032 0.006244 300.000000 7.614213
1190 0.000027 0.006514 400.000000 8.196721
1190 0.000024 0.006834 500.000000 8.503402
1190 0.000013 0.005904 600.000000 8.219178
1190 0.000012 0.005194 700.000000 8.464329
1190 0.000010 0.004070 800.000000 8.359457
1200 0.000093 0.007153 100.000000 6.666667
1200 0.000047 0.006945 200.000000 8.064516
1200 0.000034 0.007301 300.000000 7.751938
1200 0.000030 0.007444 400.000000 8.316009
1200 0.000026 0.007761 500.000000 8.576329
1200 0.000011 0.006455 600.000000 8.298756
1200 0.000009 0.005528 700.000000 8.536586
1200 0.000009 0.004315 800.000000 8.421053
1210 0.000094 0.007125 100.000000 6.896552
1210 0.000045 0.007501 200.000000 8.264462
1210 0.000032 0.007747 300.000000 7.853403
1210 0.000028 0.007841 400.000000 8.421053
1210 0.000026 0.008099 500.000000 8.620689
1210 0.000012 0.006542 600.000000 8.368201
1210 0.000008 0.005521 700.000000 8.599508
1210 0.000007 0.004326 800.000000 8.474576
1220 0.000084 0.005520 100.000000 7.142857
1220 0.000046 0.006865 200.000000 8.438819
1220 0.000036 0.007185 300.000000 7.936508
1220 0.000029 0.007067 400.000000 8.510638
1220 0.000024 0.007343 500.000000 8.605852
1220 0.000009 0.005615 600.000000 8.426967
1220 0.000006 0.004680 700.000000 8.652658
1220 0.000008 0.003681 800.000000 8.528785
1230 0.000085 0.005339 100.000000 7.299270
1230 0.000044 0.007594 200.000000 8.620689
1230 0.000032 0.007977 300.000000 8.021390
1230 0.000027 0.007844 400.000000 8.602151
1230 0.000021 0.007738 500.000000 8.488964
1230 0.000007 0.006241 600.000000 8.474576
1230 0.000003 0.005173 700.000000 8.706468
1230 0.000006 0.004018 800.000000 8.565310
1240 0.000064 0.003628 100.000000 7.407407
1240 0.000032 0.005689 200.000000 8.771930
1240 0.000029 0.005797 300.000000 8.086253
1240 0.000022 0.005394 400.000000 8.658009
1240 0.000014 0.004773 500.000000 8.291874
1240 0.000002 0.004127 600.000000 8.522727
1240 0.000008 0.003451 700.000000 8.739077
1240 0.000009 0.002676 800.000000 8.602151
1250 0.000072 0.004059 100.000000 7.462687
1250 0.000032 0.005714 200.000000 8.888889
1250 0.000034 0.005598 300.000000 8.152174
1250 0.000023 0.004997 400.000000 8.714597
1250 0.000009 0.004444 500.000000 8.210180
1250 0.000004 0.003884 600.000000 8.547009
1250 0.000010 0.003335 700.000000 8.760951
1250 0.000010 0.002574 800.000000 8.639309
1260 0.000074 0.004965 100.000000 7.575758
1260 0.000036 0.005938 200.000000 8.968610
1260 0.000035 0.005612 300.000000 8.196721
1260 0.000021 0.004943 400.000000 8.771930
1260 0.000006 0.004447 500.000000 8.196721
1260 0.000006 0.003901 600.000000 8.571428
1260 0.000011 0.003421 700.000000 8.782936
1260 0.000011 0.002525 800.000000 8.658009
1270 0.000076 0.005909 100.000000 7.692307
1270 0.000038 0.006409 200.000000 9.049774
1270 0.000034 0.005876 300.000000 8.241758
1270 0.000025 0.005169 400.000000 8.810573
1270 0.000007 0.004556 500.000000 8.223684
1270 0.000006 0.003972 600.000000 8.595988
1270 0.000011 0.003467 700.000000 8.760951
1270 0.000011 0.002588 800.000000 8.695652
1280 0.000081 0.006529 100.000000 7.936508
1280 0.000041 0.006678 200.000000 9.132421
1280 0.000039 0.006065 300.000000 8.333333
1280 0.000021 0.005346 400.000000 8.888889
1280 0.000006 0.004613 500.000000 8.291874
1280 0.000006 0.003907 600.000000 8.633094
1280 0.000008 0.003457 700.000000 8.717310
1280 0.000011 0.002426 800.000000 8.733624
1290 0.000078 0.007392 100.000000 8.264462
1290 0.000153 0.009258 200.000000 9.259259
1290 0.000035 0.006822 300.000000 8.450705
1290 0.000025 0.006017 400.000000 8.988764
1290 0.000005 0.005051 500.000000 8.361204
1290 0.000004 0.004177 600.000000 8.695652
1290 0.000006 0.003699 700.000000 8.631319
1290 0.000009 0.002541 800.000000 8.781559
1300 0.000051 0.008729 100.000000 8.620689
1300 0.000103 0.009573 200.000000 9.389671
1300 0.000024 0.007832 300.000000 8.595988
1300 0.000018 0.006925 400.000000 9.090909
1300 0.000006 0.005816 500.000000 8.445946
1300 0.000007 0.004843 600.000000 8.759124
1300 0.000006 0.004116 700.000000 8.620689
1300 0.000009 0.002877 800.000000 8.839779
1310 0.000021 0.008657 100.000000 9.090909
1310 0.000012 0.008527 200.000000 9.478673
1310 0.000012 0.007153 300.000000 8.720930
1310 0.000011 0.006264 400.000000 9.195402
1310 0.000012 0.005124 500.000000 8.532423
1310 0.000012 0.004163 600.000000 8.823529
1310 0.000009 0.003645 700.000000 8.641975
1310 0.000007 0.002329 800.000000 8.888889
1320 0.000020 0.007816 100.000000 9.433962
1320 0.000014 0.008218 200.000000 9.049774
1320 0.000010 0.006705 300.000000 8.849558
1320 0.000013 0.005993 400.000000 9.259259
1320 0.000013 0.004998 500.000000 8.605852
1320 0.000015 0.004257 600.000000 8.875740
1320 0.000013 0.003729 700.000000 8.674102
1320 0.000011 0.002253 800.000000 8.938547
1330 0.000012 0.007114 100.000000 9.708738
1330 0.000018 0.007738 200.000000 8.510638
1330 0.000005 0.006592 300.000000 8.928572
1330 0.000010 0.005999 400.000000 9.280743
1330 0.000016 0.004803 500.000000 8.650519
1330 0.000018 0.004024 600.000000 8.902077
1330 0.000015 0.003359 700.000000 8.695652
1330 0.000010 0.001993 800.000000 8.968610
1340 0.000012 0.007798 100.000000 9.900990
1340 0.000014 0.007683 200.000000 8.403361
1340 0.000006 0.006756 300.000000 8.982036
1340 0.000010 0.006308 400.000000 9.280743
1340 0.000015 0.004847 500.000000 8.680555
1340 0.000018 0.004134 600.000000 8.928572
1340 0.000013 0.003318 700.000000 8.717310
1340 0.000008 0.002045 800.000000 8.998875
1350 0.000012 0.007663 100.000000 10.101010
1350 0.000017 0.007381 200.000000 8.368201
1350 0.000009 0.006546 300.000000 9.036144
1350 0.000010 0.006246 400.000000 9.195402
1350 0.000013 0.004536 500.000000 8.710801
1350 0.000019 0.003786 600.000000 8.941877
1350 0.000012 0.002964 700.000000 8.739077
1350 0.000008 0.001780 800.000000 9.009009
1360 0.000019 0.008002 100.000000 10.204082
1360 0.000022 0.007467 200.000000 8.403361
1360 0.000012 0.006456 300.000000 9.063444
1360 0.000010 0.006065 400.000000 9.029346
1360 0.000012 0.004469 500.000000 8.726004
1360 0.000017 0.003734 600.000000 8.968610
1360 0.000011 0.002853 700.000000 8.760951
1360 0.000008 0.001780 800.000000 9.029346
1370 0.000012 0.008117 100.000000 10.526316
1370 0.000013 0.007420 200.000000 8.438819
1370 0.000007 0.006580 300.000000 9.118541
1370 0.000015 0.005349 400.000000 8.658009
1370 0.000014 0.004395 500.000000 8.756567
1370 0.000017 0.003542 600.000000 8.982036
1370 0.000011 0.002625 700.000000 8.782936
1370 0.000009 0.001626 800.000000 9.039548
1380 0.000024 0.008148 100.000000 10.638298
1380 0.000013 0.007305 200.000000 8.474576
1380 0.000007 0.006369 300.000000 9.174312
1380 0.000018 0.005223 400.000000 8.403361
1380 0.000016 0.004232 500.000000 8.771930
1380 0.000018 0.003352 600.000000 8.995502
1380 0.000010 0.002403 700.000000 8.805032
1380 0.000007 0.001466 800.000000 9.049774
1390 0.000022 0.007831 100.000000 10.752688
1390 0.000013 0.006970 200.000000 8.510638
1390 0.000009 0.006073 300.000000 9.202454
1390 0.000017 0.005046 400.000000 8.350731
1390 0.000016 0.004052 500.000000 8.787346
1390 0.000020 0.003207 600.000000 8.995502
1390 0.000010 0.002202 700.000000 8.827238
1390 0.000008 0.001344 800.000000 9.049774
1400 0.000012 0.008058 100.000000 10.752688
1400 0.000009 0.007139 200.000000 8.510638
1400 0.000015 0.006183 300.000000 9.230769
1400 0.000016 0.005046 400.000000 8.350731
1400 0.000016 0.003948 500.000000 8.771930
1400 0.000019 0.003023 600.000000 8.928572
1400 0.000009 0.002055 700.000000 8.838384
1400 0.000008 0.001289 800.000000 9.039548
1410 0.000332 0.011744 100.000000 10.309278
1410 0.000015 0.007160 200.000000 8.510638
1410 0.000011 0.006316 300.000000 9.202454
1410 0.000017 0.005067 400.000000 8.368201
1410 0.000017 0.003955 500.000000 8.771930
1410 0.000015 0.003224 600.000000 8.670520
1410 0.000010 0.001923 700.000000 8.849558
1410 0.000009 0.001238 800.000000 8.978676
1420 0.000028 0.009129 100.000000 9.615385
1420 0.000017 0.006964 200.000000 8.510638
1420 0.000010 0.006055 300.000000 9.174312
1420 0.000017 0.004794 400.000000 8.385744
1420 0.000017 0.003762 500.000000 8.741259
1420 0.000014 0.003135 600.000000 8.559201
1420 0.000010 0.001772 700.000000 8.849558
1420 0.000007 0.001288 800.000000 8.064516
1430 0.000029 0.008689 100.000000 7.575758
1430 0.000010 0.006661 200.000000 8.510638
1430 0.000013 0.005855 300.000000 9.118541
1430 0.000015 0.004417 400.000000 8.385744
1430 0.000019 0.003528 500.000000 8.741259
1430 0.000015 0.002970 600.000000 8.522727
1430 0.000011 0.001627 700.000000 8.860760
1430 0.000008 0.001412 800.000000 7.984032
1440 0.000025 0.007999 100.000000 7.194244
1440 0.000008 0.006747 200.000000 8.547009
1440 0.000013 0.006254 300.000000 9.036144
1440 0.000018 0.004319 400.000000 8.403361
1440 0.000023 0.003421 500.000000 8.726004
1440 0.000013 0.002659 600.000000 8.522727
1440 0.000010 0.001572 700.000000 8.860760
1440 0.000006 0.001387 800.000000 7.968128
1450 0.000027 0.007828 100.000000 7.042253
1450 0.000009 0.006548 200.000000 8.547009
1450 0.000012 0.006357 300.000000 8.849558
1450 0.000015 0.003985 400.000000 8.403361
1450 0.000022 0.003058 500.000000 8.726004
1450 0.000011 0.002299 600.000000 8.534851
1450 0.000010 0.001405 700.000000 8.860760
1450 0.000005 0.001227 800.000000 7.968128
1460 0.000018 0.007897 100.000000 6.993007
1460 0.000010 0.006686 200.000000 8.510638
1460 0.000016 0.005474 300.000000 8.403361
1460 0.000017 0.003832 400.000000 8.385744
1460 0.000022 0.002845 500.000000 8.710801
1460 0.000010 0.002009 600.000000 8.534851
1460 0.000009 0.001407 700.000000 8.849558
1460 0.000004 0.001033 800.000000 7.968128
1470 0.000035 0.007322 100.000000 6.944445
1470 0.000012 0.006374 200.000000 8.510638
1470 0.000020 0.004848 300.000000 7.874016
1470 0.000017 0.003815 400.000000 8.368201
1470 0.000019 0.002806 500.000000 8.710801
1470 0.000011 0.001983 600.000000 8.534851
1470 0.000009 0.001445 700.000000 8.838384
1470 0.000006 0.000886 800.000000 7.968128
1480 0.000028 0.006856 100.000000 6.944445
1480 0.000015 0.005705 200.000000 8.510638
1480 0.000017 0.004495 300.000000 7.731959
1480 0.000016 0.003497 400.000000 8.368201
1480 0.000019 0.002579 500.000000 8.695652
1480 0.000010 0.001822 600.000000 8.547009
1480 0.000008 0.001438 700.000000 8.827238
1480 0.000006 0.000734 800.000000 7.960199
1490 0.000029 0.006709 100.000000 6.944445
1490 0.000018 0.005683 200.000000 8.547009
1490 0.000018 0.004373 300.000000 7.731959
1490 0.000020 0.003313 400.000000 8.368201
1490 0.000022 0.002332 500.000000 8.635578
1490 0.000010 0.001634 600.000000 8.559201
1490 0.000009 0.001443 700.000000 8.827238
1490 0.000005 0.000603 800.000000 7.968128
1500 0.000053 0.010142 100.000000 7.042253
1500 0.000044 0.008941 200.000000 8.620689
1500 0.000038 0.006987 300.000000 7.792208
1500 0.000030 0.005380 400.000000 8.385744
1500 0.000024 0.004462 500.000000 8.488964
1500 0.000012 0.003180 600.000000 8.595988
1500 0.000015 0.002884 700.000000 8.805032
1500 0.000009 0.001106 800.000000 7.984032
1510 0.000332 0.035823 100.000000 7.246377
1510 0.000179 0.034470 200.000000 8.733624
1510 0.000114 0.030110 300.000000 7.874016
1510 0.000083 0.025905 400.000000 8.438819
1510 0.000059 0.021054 500.000000 8.333333
1510 0.000051 0.013352 600.000000 8.645534
1510 0.000046 0.009702 700.000000 8.771930
1510 0.000043 0.003760 800.000000 8.008008
1520 0.000015 0.005543 100.000000 7.462687
1520 0.000027 0.004756 200.000000 8.849558
1520 0.000028 0.003255 300.000000 7.978724
1520 0.000024 0.002286 400.000000 8.510638
1520 0.000015 0.002323 500.000000 8.333333
1520 0.000011 0.001507 600.000000 8.695652
1520 0.000009 0.001734 700.000000 7.874016
1520 0.000003 0.000569 800.000000 8.040201
1530 0.000028 0.005332 100.000000 7.874016
1530 0.000031 0.004539 200.000000 9.090909
1530 0.000027 0.003076 300.000000 8.108109
1530 0.000026 0.002262 400.000000 8.620689
1530 0.000016 0.002338 500.000000 8.403361
1530 0.000013 0.001498 600.000000 8.784773
1530 0.000012 0.001797 700.000000 7.874016
1530 0.000005 0.000577 800.000000 8.088979
1540 0.000018 0.004985 100.000000 8.403361
1540 0.000032 0.004263 200.000000 9.433962
1540 0.000025 0.002891 300.000000 8.310249
1540 0.000024 0.002260 400.000000 8.771930
1540 0.000014 0.002348 500.000000 8.517887
1540 0.000012 0.001553 600.000000 8.888889
1540 0.000009 0.001785 700.000000 7.927520
1540 0.000006 0.000596 800.000000 8.154943
1550 0.000022 0.005051 100.000000 9.009009
1550 0.000022 0.004395 200.000000 9.756098
1550 0.000022 0.002897 300.000000 8.498584
1550 0.000023 0.002221 400.000000 8.908686
1550 0.000017 0.002247 500.000000 8.620689
1550 0.000010 0.001453 600.000000 8.995502
1550 0.000011 0.001779 700.000000 7.990868
1550 0.000006 0.000539 800.000000 8.221993
1560 0.000034 0.005607 100.000000 9.615385
1560 0.000031 0.004932 200.000000 10.050251
1560 0.000023 0.003163 300.000000 8.670520
1560 0.000024 0.002605 400.000000 9.049774
1560 0.000015 0.002446 500.000000 8.726004
1560 0.000009 0.001805 600.000000 9.090909
1560 0.000010 0.002003 700.000000 8.036739
1560 0.000006 0.000600 800.000000 8.281573
1570 0.000038 0.005707 100.000000 10.000000
1570 0.000024 0.005558 200.000000 10.256411
1570 0.000024 0.003267 300.000000 8.797654
1570 0.000022 0.002534 400.000000 9.132421
1570 0.000014 0.002317 500.000000 8.787346
1570 0.000009 0.001822 600.000000 9.160305
1570 0.000009 0.002029 700.000000 8.064516
1570 0.000006 0.000511 800.000000 8.316009
1580 0.000017 0.006169 100.000000 10.416667
1580 0.000030 0.005811 200.000000 10.256411
1580 0.000028 0.002986 300.000000 8.875740
1580 0.000028 0.002437 400.000000 9.195402
1580 0.000014 0.002286 500.000000 8.833922
1580 0.000011 0.001823 600.000000 9.202454
1580 0.000005 0.001933 700.000000 8.083141
1580 0.000004 0.000468 800.000000 8.350731
1590 0.000030 0.005790 100.000000 10.638298
1590 0.000028 0.005941 200.000000 10.050251
1590 0.000026 0.002968 300.000000 8.928572
1590 0.000029 0.002758 400.000000 9.237875
1590 0.000011 0.002432 500.000000 8.880995
1590 0.000009 0.002089 600.000000 9.230769
1590 0.000004 0.001922 700.000000 8.101851
1590 0.000005 0.000495 800.000000 8.368201
1600 0.000026 0.005612 100.000000 10.752688
1600 0.000045 0.005228 200.000000 9.433962
1600 0.000033 0.002465 300.000000 8.928572
1600 0.000031 0.002411 400.000000 9.259259
1600 0.000014 0.002027 500.000000 8.896797
1600 0.000010 0.002045 600.000000 9.244992
1600 0.000003 0.001696 700.000000 8.111239
1600 0.000003 0.000500 800.000000 8.376964
1610 0.000021 0.005907 100.000000 10.752688
1610 0.000042 0.003976 200.000000 8.510638
1610 0.000032 0.002578 300.000000 8.955224
1610 0.000030 0.002233 400.000000 9.259259
1610 0.000013 0.001750 500.000000 8.912656
1610 0.000009 0.001990 600.000000 9.244992
1610 0.000003 0.001492 700.000000 8.120649
1610 0.000003 0.000417 800.000000 8.376964
1620 0.000035 0.005186 100.000000 10.869565
1620 0.000035 0.003525 200.000000 8.196721
1620 0.000031 0.002300 300.000000 8.955224
1620 0.000029 0.001948 400.000000 9.259259
1620 0.000014 0.001462 500.000000 8.944544
1620 0.000010 0.001832 600.000000 9.244992
1620 0.000004 0.001217 700.000000 8.120649
1620 0.000006 0.000423 800.000000 8.368201
1630 0.000040 0.004617 100.000000 10.869565
1630 0.000046 0.003036 200.000000 8.130081
1630 0.000034 0.002145 300.000000 8.928572
1630 0.000035 0.002499 400.000000 9.195402
1630 0.000014 0.001883 500.000000 8.960573
1630 0.000012 0.002175 600.000000 9.216590
1630 0.000002 0.001260 700.000000 8.120649
1630 0.000004 0.000468 800.000000 8.368201
1640 0.000054 0.004811 100.000000 10.869565
1640 0.000048 0.002786 200.000000 8.163265
1640 0.000037 0.001886 300.000000 8.928572
1640 0.000030 0.002725 400.000000 8.908686
1640 0.000016 0.002028 500.000000 8.960573
1640 0.000014 0.002514 600.000000 9.174312
1640 0.000002 0.001344 700.000000 8.120649
1640 0.000005 0.000711 800.000000 8.376964
1650 0.000061 0.004099 100.000000 10.752688
1650 0.000050 0.002225 200.000000 8.196721
1650 0.000039 0.002383 300.000000 8.875740
1650 0.000022 0.003263 400.000000 8.583691
1650 0.000015 0.002325 500.000000 8.976661
1650 0.000014 0.002684 600.000000 8.941877
1650 0.000004 0.001285 700.000000 8.111239
1650 0.000004 0.000758 800.000000 8.376964
1660 0.000050 0.004569 100.000000 10.526316
1660 0.000045 0.002126 200.000000 8.196721
1660 0.000038 0.001728 300.000000 8.849558
1660 0.000025 0.002600 400.000000 8.510638
1660 0.000016 0.002119 500.000000 8.976661
1660 0.000011 0.002580 600.000000 7.822686
1660 0.000004 0.001341 700.000000 8.111239
1660 0.000005 0.000894 800.000000 8.368201
1670 0.000040 0.005705 100.000000 10.204082
1670 0.000041 0.002272 200.000000 8.230453
1670 0.000038 0.001679 300.000000 8.823529
1670 0.000024 0.001915 400.000000 8.492569
1670 0.000015 0.001911 500.000000 8.976661
1670 0.000007 0.002490 600.000000 7.792208
1670 0.000005 0.001261 700.000000 8.111239
1670 0.000008 0.000972 800.000000 8.350731
1680 0.000029 0.006874 100.000000 9.708738
1680 0.000044 0.002226 200.000000 8.230453
1680 0.000041 0.001652 300.000000 8.823529
1680 0.000022 0.001816 400.000000 8.492569
1680 0.000016 0.002292 500.000000 8.976661
1680 0.000006 0.002572 600.000000 7.782101
1680 0.000006 0.001390 700.000000 8.111239
1680 0.000007 0.001144 800.000000 8.342023
1690 0.000052 0.006195 100.000000 8.620689
1690 0.000040 0.001699 200.000000 8.196721
1690 0.000044 0.002196 300.000000 8.823529
1690 0.000022 0.002305 400.000000 8.510638
1690 0.000016 0.002796 500.000000 8.976661
1690 0.000004 0.002620 600.000000 7.782101
1690 0.000005 0.001474 700.000000 8.111239
1690 0.000005 0.001189 800.000000 8.333333
1700 0.000056 0.003967 100.000000 7.042253
1700 0.000044 0.002117 200.000000 8.196721
1700 0.000040 0.001949 300.000000 8.797654
1700 0.000025 0.001730 400.000000 8.510638
1700 0.000017 0.002583 500.000000 8.960573
1700 0.000007 0.002315 600.000000 7.782101
1700 0.000009 0.001428 700.000000 8.101851
1700 0.000007 0.001441 800.000000 8.333333
1710 0.000067 0.004994 100.000000 6.493506
1710 0.000051 0.002531 200.000000 8.163265
1710 0.000042 0.001822 300.000000 8.771930
1710 0.000026 0.001756 400.000000 8.528785
1710 0.000019 0.002815 500.000000 8.944544
1710 0.000010 0.002423 600.000000 7.782101
1710 0.000010 0.001789 700.000000 8.092485
1710 0.000010 0.001807 800.000000 8.333333
1720 0.000067 0.002965 100.000000 6.410256
1720 0.000042 0.001956 200.000000 8.130081
1720 0.000043 0.002132 300.000000 8.695652
1720 0.000021 0.002083 400.000000 8.547009
1720 0.000015 0.002844 500.000000 8.928572
1720 0.000006 0.002054 600.000000 7.772021
1720 0.000009 0.001378 700.000000 8.083141
1720 0.000006 0.001360 800.000000 8.333333
1730 0.000066 0.002878 100.000000 6.451613
1730 0.000043 0.001815 200.000000 8.130081
1730 0.000033 0.002133 300.000000 8.379889
1730 0.000024 0.002122 400.000000 8.547009
1730 0.000017 0.003130 500.000000 8.865249
1730 0.000007 0.002139 600.000000 7.772021
1730 0.000012 0.001581 700.000000 8.092485
1730 0.000007 0.001714 800.000000 8.324662
1740 0.000079 0.002461 100.000000 6.535948
1740 0.000049 0.001722 200.000000 8.130081
1740 0.000036 0.002794 300.000000 8.021390
1740 0.000026 0.002678 400.000000 8.583691
1740 0.000019 0.003697 500.000000 8.695652
1740 0.000006 0.002410 600.000000 7.782101
1740 0.000011 0.001744 700.000000 8.101851
1740 0.000007 0.001814 800.000000 8.316009
1750 0.000075 0.003060 100.000000 6.622517
1750 0.000050 0.002360 200.000000 8.130081
1750 0.000036 0.002343 300.000000 7.978724
1750 0.000030 0.002400 400.000000 8.620689
1750 0.000016 0.003394 500.000000 7.440476
1750 0.000011 0.002425 600.000000 7.792208
1750 0.000014 0.002067 700.000000 8.111239
1750 0.000009 0.002399 800.000000 8.324662
1760 0.000076 0.001970 100.000000 6.711410
1760 0.000056 0.001615 200.000000 8.163265
1760 0.000037 0.002105 300.000000 7.978724
1760 0.000027 0.002713 400.000000 8.658009
1760 0.000014 0.003602 500.000000 7.418397
1760 0.000010 0.002409 600.000000 7.802341
1760 0.000013 0.002028 700.000000 8.120649
1760 0.000010 0.002439 800.000000 8.342023
1770 0.000080 0.001710 100.000000 6.849315
1770 0.000066 0.001279 200.000000 8.230453
1770 0.000036 0.002173 300.000000 8.042895
1770 0.000027 0.003316 400.000000 8.695652
1770 0.000013 0.004023 500.000000 7.429420
1770 0.000011 0.002750 600.000000 7.832898
1770 0.000013 0.002403 700.000000 8.130081
1770 0.000011 0.002858 800.000000 8.368201
1780 0.000079 0.002154 100.000000 7.042253
1780 0.000064 0.001510 200.000000 8.368201
1780 0.000034 0.002608 300.000000 8.108109
1780 0.000026 0.003889 400.000000 8.771930
1780 0.000012 0.004238 500.000000 7.462687
1780 0.000011 0.002913 600.000000 7.874016
1780 0.000013 0.002539 700.000000 8.158508
1780 0.000011 0.002921 800.000000 8.403361
1790 0.000087 0.003055 100.000000 7.246377
1790 0.000066 0.002629 200.000000 8.547009
1790 0.000035 0.003668 300.000000 8.219178
1790 0.000025 0.004792 400.000000 8.869180
1790 0.000010 0.004783 500.000000 7.518797
1790 0.000010 0.003274 600.000000 7.926024
1790 0.000012 0.002721 700.000000 8.196721
1790 0.000012 0.002871 800.000000 8.447730
1800 0.000075 0.001661 100.000000 7.575758
1800 0.000065 0.002232 200.000000 8.733624
1800 0.000036 0.003223 300.000000 8.356546
1800 0.000024 0.004429 400.000000 8.968610
1800 0.000011 0.004335 500.000000 7.587254
1800 0.000011 0.003008 600.000000 7.978724
1800 0.000010 0.002540 700.000000 8.244994
1800 0.000011 0.002651 800.000000 8.501594
1810 0.000122 0.003889 100.000000 7.936508
1810 0.000088 0.005163 200.000000 9.009009
1810 0.000052 0.004405 300.000000 8.522727
1810 0.000034 0.005004 400.000000 9.111617
1810 0.000017 0.005088 500.000000 7.656968
1810 0.000016 0.003931 600.000000 8.053691
1810 0.000015 0.003445 700.000000 8.313540
1810 0.000016 0.003472 800.000000 8.565310
1820 0.000090 0.001238 100.000000 8.474576
1820 0.000060 0.001928 200.000000 9.302325
1820 0.000032 0.002807 300.000000 8.720930
1820 0.000025 0.004303 400.000000 9.259259
1820 0.000014 0.004067 500.000000 7.751938
1820 0.000013 0.003032 600.000000 8.130081
1820 0.000010 0.003021 700.000000 8.383233
1820 0.000014 0.003320 800.000000 8.629990
1830 0.000067 0.004351 100.000000 9.009009
1830 0.000051 0.003140 200.000000 9.615385
1830 0.000037 0.002182 300.000000 8.902077
1830 0.000029 0.003313 400.000000 9.411765
1830 0.000017 0.003164 500.000000 7.836991
1830 0.000018 0.002488 600.000000 8.207934
1830 0.000016 0.002937 700.000000 8.464329
1830 0.000014 0.003532 800.000000 8.695652
1840 0.000073 0.004756 100.000000 9.615385
1840 0.000051 0.003473 200.000000 9.950249
1840 0.000038 0.002484 300.000000 9.118541
1840 0.000028 0.003611 400.000000 9.569378
1840 0.000020 0.003302 500.000000 7.923930
1840 0.000020 0.002726 600.000000 8.287292
1840 0.000015 0.003282 700.000000 8.536586
1840 0.000016 0.003893 800.000000 8.771930
1850 0.000063 0.006317 100.000000 10.204082
1850 0.000051 0.004875 200.000000 10.309278
1850 0.000035 0.003444 300.000000 9.287926
1850 0.000027 0.003535 400.000000 9.708738
1850 0.000021 0.002761 500.000000 8.012820
1850 0.000019 0.001883 600.000000 8.356546
1850 0.000015 0.002363 700.000000 8.610086
1850 0.000015 0.003014 800.000000 8.830022
1860 0.000047 0.005434 100.000000 10.752688
1860 0.000044 0.004222 200.000000 10.526316
1860 0.000030 0.003312 300.000000 9.433962
1860 0.000023 0.003598 400.000000 9.828010
1860 0.000018 0.002532 500.000000 8.064516
1860 0.000018 0.001519 600.000000 8.403361
1860 0.000016 0.001944 700.000000 8.663366
1860 0.000014 0.002633 800.000000 8.879024
1870 0.000033 0.005353 100.000000 10.869565
1870 0.000037 0.004137 200.000000 10.582010
1870 0.000028 0.003503 300.000000 9.523809
1870 0.000020 0.003823 400.000000 9.852217
1870 0.000018 0.002463 500.000000 8.090615
1870 0.000018 0.001647 600.000000 8.426967
1870 0.000015 0.002178 700.000000 8.684863
1880 0.000024 0.005084 100.000000 10.869565
1880 0.000030 0.004053 200.000000 10.152285
1880 0.000027 0.003759 300.000000 9.554140
1880 0.000016 0.004290 400.000000 9.803922
1880 0.000020 0.002484 500.000000 8.090615
1880 0.000017 0.001720 600.000000 8.426967
1880 0.000014 0.002328 700.000000 8.674102
1890 0.000033 0.005663 100.000000 10.638298
1890 0.000035 0.003855 200.000000 9.049774
1890 0.000034 0.003679 300.000000 9.523809
1890 0.000018 0.004484 400.000000 9.546539
1890 0.000020 0.002522 500.000000 8.077544
1890 0.000018 0.002352 600.000000 8.426967
1890 0.000015 0.003103 700.000000 8.641975
1900 0.000025 0.005284 100.000000 10.416667
1900 0.000038 0.004195 200.000000 8.810573
1900 0.000026 0.004177 300.000000 9.523809
1900 0.000024 0.004478 400.000000 7.648183
1900 0.000024 0.002318 500.000000 8.051530
1900 0.000019 0.001982 600.000000 8.415147
1900 0.000013 0.002777 700.000000 8.631319
1910 0.000031 0.004425 100.000000 10.204082
1910 0.000045 0.004216 200.000000 8.733624
1910 0.000024 0.004533 300.000000 9.523809
1910 0.000028 0.004561 400.000000 7.575758
1910 0.000023 0.002165 500.000000 8.038586
1910 0.000019 0.001866 600.000000 8.391608
1910 0.000014 0.002773 700.000000 8.620689
1920 0.000055 0.004510 100.000000 10.204082
1920 0.000040 0.004261 200.000000 8.733624
1920 0.000028 0.004786 300.000000 9.523809
1920 0.000026 0.004208 400.000000 7.561437
1920 0.000024 0.002068 500.000000 8.051530
1920 0.000020 0.002110 600.000000 8.368201
1920 0.000015 0.003256 700.000000 8.620689
1930 0.000058 0.004520 100.000000 10.204082
1930 0.000040 0.003944 200.000000 8.771930
1930 0.000029 0.004630 300.000000 9.523809
1930 0.000026 0.003852 400.000000 7.561437
1930 0.000023 0.002208 500.000000 8.051530
1930 0.000019 0.002750 600.000000 8.356546
1930 0.000016 0.003805 700.000000 8.631319
1940 0.000046 0.004296 100.000000 10.204082
1940 0.000036 0.004151 200.000000 8.810573
1940 0.000026 0.004961 300.000000 9.523809
1940 0.000025 0.003789 400.000000 7.575758
1940 0.000023 0.002104 500.000000 8.051530
1940 0.000020 0.002676 600.000000 8.368201
1940 0.000014 0.003501 700.000000 8.641975
1950 0.000043 0.004870 100.000000 10.204082
1950 0.000038 0.004685 200.000000 8.849558
1950 0.000025 0.005189 300.000000 9.523809
1950 0.000027 0.003658 400.000000 7.575758
1950 0.000023 0.002439 500.000000 8.038586
1950 0.000020 0.002938 600.000000 8.368201
1950 0.000014 0.003855 700.000000 8.652658
1960 0.000046 0.005212 100.000000 10.101010
1960 0.000036 0.004814 200.000000 8.888889
1960 0.000022 0.005343 300.000000 9.493670
1960 0.000027 0.003580 400.000000 7.575758
1960 0.000022 0.002829 500.000000 8.038586
1960 0.000019 0.003404 600.000000 8.379889
1970 0.000038 0.005386 100.000000 9.433962
1970 0.000041 0.004781 200.000000 8.968610
1970 0.000022 0.005586 300.000000 9.463722
1970 0.000031 0.003594 400.000000 7.590133
1970 0.000024 0.003344 500.000000 8.051530
1970 0.000020 0.004126 600.000000 8.379889
1980 0.000043 0.004139 100.000000 8.000000
1980 0.000038 0.004779 200.000000 9.009009
1980 0.000021 0.005723 300.000000 9.287926
1980 0.000030 0.003676 400.000000 7.590133
1980 0.000025 0.003956 500.000000 8.064516
1980 0.000020 0.004755 600.000000 8.368201
1990 0.000078 0.004355 100.000000 7.633588
1990 0.000035 0.005068 200.000000 9.049774
1990 0.000030 0.005814 300.000000 7.109005
1990 0.000032 0.003296 400.000000 7.604563
1990 0.000026 0.003462 500.000000 8.077544
1990 0.000021 0.004317 600.000000 8.368201
2000 0.000087 0.004884 100.000000 7.518797
2000 0.000036 0.005659 200.000000 9.132421
2000 0.000050 0.005710 300.000000 6.976744
2000 0.000035 0.003254 400.000000 7.604563
2000 0.000025 0.003665 500.000000 8.077544
2000 0.000020 0.004685 600.000000 8.379889
2010 0.000082 0.006755 100.000000 7.575758
2010 0.000045 0.007389 200.000000 9.132421
2010 0.000050 0.006540 300.000000 6.944445
2010 0.000036 0.004208 400.000000 7.619048
2010 0.000028 0.004540 500.000000 8.064516
2010 0.000022 0.005601 600.000000 8.391608
2020 0.000061 0.007024 100.000000 7.575758
2020 0.000046 0.008138 200.000000 9.174312
2020 0.000046 0.006770 300.000000 6.944445
2020 0.000038 0.005198 400.000000 7.633588
2020 0.000025 0.005703 500.000000 8.051530
2020 0.000021 0.006684 600.000000 8.403361
2030 0.000051 0.006711 100.000000 7.633588
2030 0.000045 0.007845 200.000000 9.132421
2030 0.000045 0.006527 300.000000 6.944445
2030 0.000035 0.005473 400.000000 7.633588
2030 0.000027 0.006355 500.000000 8.051530
2030 0.000023 0.007370 600.000000 8.403361
2040 0.000079 0.006875 100.000000 7.692307
2040 0.000043 0.007667 200.000000 9.132421
2040 0.000043 0.006196 300.000000 6.944445
2040 0.000034 0.005591 400.000000 7.619048
2040 0.000028 0.006480 500.000000 8.051530
2040 0.000021 0.007432 600.000000 8.415147
2050 0.000070 0.006687 100.000000 7.751938
2050 0.000049 0.007609 200.000000 9.132421
2050 0.000045 0.006215 300.000000 6.960557
2050 0.000033 0.006286 400.000000 7.619048
2050 0.000028 0.006999 500.000000 8.064516
2060 0.000096 0.006764 100.000000 7.936508
2060 0.000053 0.007937 200.000000 9.174312
2060 0.000052 0.006757 300.000000 6.993007
2060 0.000037 0.007350 400.000000 7.648183
2060 0.000030 0.008256 500.000000 8.090615
2070 0.000075 0.006508 100.000000 8.196721
2070 0.000041 0.007730 200.000000 9.302325
2070 0.000048 0.006358 300.000000 7.058824
2070 0.000035 0.006979 400.000000 7.707129
2070 0.000029 0.007782 500.000000 8.143323
2080 0.000084 0.006055 100.000000 8.620689
2080 0.000037 0.007376 200.000000 9.478673
2080 0.000047 0.005784 300.000000 7.142857
2080 0.000034 0.006576 400.000000 7.797271
2080 0.000027 0.007463 500.000000 8.210180
2090 0.000063 0.006997 100.000000 9.259259
2090 0.000023 0.007875 200.000000 9.756098
2090 0.000041 0.004950 300.000000 7.263923
2090 0.000028 0.005147 400.000000 7.905138
2090 0.000023 0.005691 500.000000 8.305648
2100 0.000049 0.007860 100.000000 9.900990
2100 0.000017 0.008513 200.000000 9.950249
2100 0.000042 0.005413 300.000000 7.389163
2100 0.000027 0.005426 400.000000 8.016032
2100 0.000022 0.005795 500.000000 8.389262
2110 0.000050 0.008294 100.000000 10.526316
2110 0.000019 0.009141 200.000000 9.950249
2110 0.000036 0.005909 300.000000 7.500000
2110 0.000021 0.006038 400.000000 8.113590
2110 0.000022 0.006280 500.000000 8.474576
2120 0.000023 0.009423 100.000000 10.989011
2120 0.000047 0.009476 200.000000 6.849315
2120 0.000036 0.006686 300.000000 7.575758
2120 0.000021 0.006778 400.000000 8.179959
2120 0.000020 0.006714 500.000000 8.517887
2130 0.000042 0.010069 100.000000 11.235955
2130 0.000076 0.008904 200.000000 6.688963
2130 0.000040 0.007177 300.000000 7.594937
2130 0.000025 0.007629 400.000000 8.213552
2130 0.000020 0.007948 500.000000 8.547009
2140 0.000051 0.010051 100.000000 11.363636
2140 0.000060 0.008082 200.000000 6.644518
2140 0.000039 0.007179 300.000000 7.614213
2140 0.000023 0.007697 400.000000 8.196721
2140 0.000019 0.008090 500.000000 8.561644
2150 0.000045 0.009511 100.000000 11.363636
2150 0.000046 0.006969 200.000000 6.622517
2150 0.000035 0.006183 300.000000 7.614213
2150 0.000019 0.006862 400.000000 8.146640
2150 0.000017 0.007418 500.000000 8.561644
2160 0.000041 0.008966 100.000000 11.235955
2160 0.000049 0.006438 200.000000 6.622517
2160 0.000034 0.005296 300.000000 7.594937
2160 0.000024 0.006062 400.000000 8.130081
2160 0.000018 0.006699 500.000000 8.561644
2170 0.000026 0.008100 100.000000 11.111111
2170 0.000038 0.005773 200.000000 6.600660
2170 0.000027 0.005242 300.000000 7.575758
2170 0.000018 0.005662 400.000000 8.130081
2170 0.000011 0.006188 500.000000 8.547009
2180 0.000026 0.008400 100.000000 10.869565
2180 0.000041 0.006025 200.000000 6.578948
2180 0.000024 0.006028 300.000000 7.537688
2180 0.000019 0.006225 400.000000 8.130081
2190 0.000028 0.008844 100.000000 10.526316
2190 0.000046 0.005793 200.000000 6.557377
2190 0.000024 0.006158 300.000000 7.518797
2190 0.000021 0.006378 400.000000 8.097166
2200 0.000025 0.009234 100.000000 9.900990
2200 0.000048 0.005704 200.000000 6.535948
2200 0.000021 0.006409 300.000000 7.518797
2200 0.000019 0.006342 400.000000 8.064516
2210 0.000096 0.009034 100.000000 4.901961
2210 0.000049 0.005697 200.000000 6.514658
2210 0.000026 0.006703 300.000000 7.518797
2210 0.000022 0.006633 400.000000 8.032128
2220 0.000117 0.007064 100.000000 4.694836
2220 0.000053 0.005776 200.000000 6.493506
2220 0.000023 0.006908 300.000000 7.481297
2220 0.000017 0.006953 400.000000 8.032128
2230 0.000084 0.005455 100.000000 4.651163
2230 0.000042 0.005711 200.000000 6.493506
2230 0.000023 0.006474 300.000000 7.444169
2230 0.000014 0.006653 400.000000 8.032128
2240 0.000079 0.004522 100.000000 4.651163
2240 0.000042 0.005653 200.000000 6.514658
2240 0.000023 0.006617 300.000000 7.425743
2240 0.000013 0.006833 400.000000 8.048289
2250 0.000074 0.005044 100.000000 4.651163
2250 0.000034 0.005981 200.000000 6.514658
2250 0.000019 0.006522 300.000000 7.425743
2250 0.000010 0.006670 400.000000 8.064516
2260 0.000077 0.005422 100.000000 4.672897
2260 0.000033 0.006514 200.000000 6.514658
2260 0.000020 0.006570 300.000000 7.444169
2260 0.000008 0.006832 400.000000 8.064516
2270 0.000070 0.005767 100.000000 4.672897
2270 0.000029 0.006898 200.000000 6.493506
2270 0.000021 0.006613 300.000000 7.462687
2280 0.000080 0.006398 100.000000 4.716981
2280 0.000030 0.007304 200.000000 6.535948
2280 0.000026 0.006946 300.000000 7.481297
2290 0.000093 0.007301 100.000000 4.761905
2290 0.000042 0.008075 200.000000 6.578948
2290 0.000027 0.007385 300.000000 7.518797
2300 0.000103 0.009282 100.000000 4.854369
2300 0.000038 0.009603 200.000000 6.688963
2300 0.000028 0.008664 300.000000 7.575758
2310 0.000095 0.009881 100.000000 5.000000
2310 0.000031 0.009707 200.000000 6.825939
2310 0.000030 0.008658 300.000000 7.692307
2320 0.000110 0.009658 100.000000 5.181347
2320 0.000035 0.009449 200.000000 7.017544
2320 0.000028 0.008444 300.000000 7.832898
2330 0.000101 0.010166 100.000000 5.434783
2330 0.000034 0.009871 200.000000 7.246377
2330 0.000025 0.008652 300.000000 8.021390
2340 0.000103 0.010351 100.000000 5.747127
2340 0.000035 0.010116 200.000000 7.518797
2340 0.000026 0.008936 300.000000 8.241758
2350 0.000108 0.010194 100.000000 6.097561
2350 0.000037 0.010108 200.000000 7.812500
2350 0.000028 0.009014 300.000000 8.474576
2360 0.000108 0.009755 100.000000 6.493506
2360 0.000038 0.009761 200.000000 8.130081
2360 0.000028 0.008732 300.000000 8.720930
2370 0.000106 0.009228 100.000000 6.944445
2370 0.000037 0.009314 200.000000 8.474576
2370 0.000027 0.008314 300.000000 8.982036
2380 0.000103 0.008657 100.000000 7.462687
2380 0.000035 0.008782 200.000000 8.849558
2380 0.000026 0.007804 300.000000 9.259259
2390 0.000098 0.008391 100.000000 8.064516
2390 0.000032 0.008501 200.000000 9.259259
2390 0.000024 0.007477 300.000000 9.554140
2400 0.000094 0.007847 100.000000 8.771930
2400 0.000031 0.007785 200.000000 9.708738
2400 0.000022 0.006723 300.000000 9.868421
2410 0.000079 0.006157 100.000000 9.433962
2410 0.000032 0.005943 200.000000 10.101010
2410 0.000025 0.005026 300.000000 10.101010
2420 0.000070 0.006450 100.000000 10.000000
2420 0.000037 0.005618 200.000000 10.362695
2420 0.000017 0.004944 300.000000 10.309278
2430 0.000040 0.007259 100.000000 10.416667
2430 0.000030 0.006525 200.000000 10.582010
2430 0.000016 0.005501 300.000000 10.452962
2440 0.000026 0.008508 100.000000 10.638298
2440 0.000024 0.007229 200.000000 10.582010
2440 0.000016 0.005962 300.000000 10.526316
2450 0.000016 0.008675 100.000000 10.638298
2450 0.000015 0.007733 200.000000 10.526316
2450 0.000015 0.006765 300.000000 10.563380
2460 0.000026 0.007244 100.000000 10.638298
2460 0.000014 0.006722 200.000000 10.471204
2460 0.000015 0.006192 300.000000 10.600707
2470 0.000024 0.007601 100.000000 10.638298
2470 0.000012 0.006531 200.000000 10.526316
2470 0.000020 0.006102 300.000000 10.600707
2480 0.000016 0.007263 100.000000 10.526316
2480 0.000012 0.005710 200.000000 10.526316
2490 0.000043 0.006381 100.000000 10.526316
2490 0.000008 0.005353 200.000000 10.526316
2500 0.000047 0.007065 100.000000 10.526316
2500 0.000008 0.005518 200.000000 10.471204
2510 0.000051 0.007158 100.000000 10.638298
2510 0.000015 0.005254 200.000000 10.416667
2520 0.000048 0.007627 100.000000 10.638298
2520 0.000018 0.005716 200.000000 10.416667
2530 0.000041 0.007652 100.000000 10.526316
2530 0.000029 0.006025 200.000000 10.416667
2540 0.000037 0.007104 100.000000 10.204082
2540 0.000026 0.006016 200.000000 10.416667
2550 0.000011 0.007664 100.000000 10.101010
2550 0.000023 0.006624 200.000000 10.471204
2560 0.000007 0.007256 100.000000 10.204082
2560 0.000023 0.006597 200.000000 10.526316
2570 0.000007 0.005443 100.000000 10.309278
2570 0.000022 0.005831 200.000000 10.582010
2580 0.000016 0.006202 100.000000 10.416667
2590 0.000030 0.006071 100.000000 10.309278
2600 0.000035 0.005131 100.000000 10.101010
2610 0.000049 0.006331 100.000000 10.000000
2620 0.000026 0.005667 100.000000 10.101010
2630 0.000029 0.005971 100.000000 10.309278
2640 0.000038 0.006495 100.000000 10.526316
2650 0.000044 0.006135 100.000000 10.638298
2660 0.000058 0.006603 100.000000 10.638298
