0 0.000056 0.005938 100.000000 5.780347
0 0.000066 0.004909 200.000000 6.369427
0 0.000038 0.004270 300.000000 6.726458
0 0.000016 0.002193 400.000000 6.908463
0 0.000006 0.002060 500.000000 6.297229
0 0.000014 0.001570 600.000000 6.741573
10 0.000063 0.005424 100.000000 6.097561
10 0.000050 0.005190 200.000000 6.451613
10 0.000036 0.004465 300.000000 6.849315
10 0.000016 0.002388 400.000000 7.017544
10 0.000007 0.002106 500.000000 6.369427
10 0.000015 0.001500 600.000000 6.802721
20 0.000073 0.003784 100.000000 6.369427
20 0.000036 0.004989 200.000000 6.493506
20 0.000031 0.004266 300.000000 6.960557
20 0.000014 0.002572 400.000000 7.117438
20 0.000010 0.002172 500.000000 6.435007
20 0.000018 0.001587 600.000000 6.857143
30 0.000124 0.001208 100.000000 6.622517
30 0.000047 0.006917 200.000000 6.535948
30 0.000038 0.006204 300.000000 7.042253
30 0.000017 0.004023 400.000000 7.207207
30 0.000023 0.002802 500.000000 6.501951
30 0.000022 0.001044 600.000000 6.888634
40 0.000141 0.000512 100.000000 6.849315
40 0.000046 0.005824 200.000000 6.578948
40 0.000031 0.005807 300.000000 7.075472
40 0.000016 0.004096 400.000000 7.299270
40 0.000026 0.002873 500.000000 6.561680
40 0.000020 0.000916 600.000000 6.912442
50 0.000159 0.002715 100.000000 7.042253
50 0.000057 0.005335 200.000000 6.600660
50 0.000033 0.004428 300.000000 7.058824
50 0.000014 0.003962 400.000000 7.366483
50 0.000027 0.002914 500.000000 6.605020
50 0.000019 0.001098 600.000000 6.896552
60 0.000155 0.002895 100.000000 7.092198
60 0.000065 0.004902 200.000000 6.622517
60 0.000036 0.004607 300.000000 6.993007
60 0.000013 0.004048 400.000000 7.407407
60 0.000027 0.002834 500.000000 6.640106
60 0.000018 0.001066 600.000000 6.880734
70 0.000161 0.002097 100.000000 7.142857
70 0.000077 0.004840 200.000000 6.644518
70 0.000037 0.005126 300.000000 6.944445
70 0.000014 0.004075 400.000000 7.421150
70 0.000027 0.002729 500.000000 6.666667
70 0.000016 0.000951 600.000000 6.872852
80 0.000172 0.002483 100.000000 7.142857
80 0.000076 0.004383 200.000000 6.688963
80 0.000038 0.004871 300.000000 6.928406
80 0.000015 0.004209 400.000000 7.434944
80 0.000027 0.002662 500.000000 6.684492
80 0.000017 0.000905 600.000000 6.864988
90 0.000182 0.002761 100.000000 7.142857
90 0.000071 0.004612 200.000000 6.711410
90 0.000039 0.005011 300.000000 6.944445
90 0.000016 0.004429 400.000000 7.434944
90 0.000028 0.002485 500.000000 6.711410
90 0.000019 0.000895 600.000000 6.857143
100 0.000156 0.002080 100.000000 7.092198
100 0.000064 0.004819 200.000000 6.756757
100 0.000029 0.005011 300.000000 6.960557
100 0.000014 0.004125 400.000000 7.299270
100 0.000028 0.002169 500.000000 6.729475
100 0.000018 0.000875 600.000000 6.833713
110 0.000172 0.002927 100.000000 7.092198
110 0.000061 0.005468 200.000000 6.802721
110 0.000030 0.005038 300.000000 6.993007
110 0.000022 0.003743 400.000000 6.220840
110 0.000029 0.002009 500.000000 6.756757
110 0.000020 0.000785 600.000000 6.810442
120 0.000160 0.003717 100.000000 7.142857
120 0.000059 0.005085 200.000000 6.872852
120 0.000022 0.004718 300.000000 7.025761
120 0.000027 0.003739 400.000000 6.211180
120 0.000028 0.002041 500.000000 6.793478
120 0.000017 0.000932 600.000000 6.779661
130 0.000132 0.005142 100.000000 7.352941
130 0.000030 0.003195 200.000000 6.993007
130 0.000017 0.004078 300.000000 7.092198
130 0.000034 0.003498 400.000000 6.250000
130 0.000028 0.002800 500.000000 6.839945
130 0.000013 0.001657 600.000000 6.726458
140 0.000059 0.008379 100.000000 7.575758
140 0.000016 0.002112 200.000000 7.142857
140 0.000032 0.003038 300.000000 7.177033
140 0.000035 0.003839 400.000000 6.299212
140 0.000029 0.003908 500.000000 6.896552
140 0.000012 0.002199 600.000000 6.666667
150 0.000059 0.004573 100.000000 7.751938
150 0.000033 0.003366 200.000000 7.246377
150 0.000028 0.003144 300.000000 7.263923
150 0.000025 0.003590 400.000000 6.339144
150 0.000025 0.003324 500.000000 6.934813
150 0.000008 0.001600 600.000000 6.593407
160 0.000088 0.001760 100.000000 7.692307
160 0.000050 0.004574 200.000000 7.299270
160 0.000027 0.003303 300.000000 7.317073
160 0.000015 0.003566 400.000000 6.379585
160 0.000023 0.003005 500.000000 6.963789
160 0.000006 0.001157 600.000000 6.535948
170 0.000086 0.003842 100.000000 7.142857
170 0.000053 0.005552 200.000000 7.272727
170 0.000030 0.003487 300.000000 7.352941
170 0.000013 0.003581 400.000000 6.420546
170 0.000024 0.002871 500.000000 6.963789
180 0.000067 0.005179 100.000000 6.369427
180 0.000038 0.005071 200.000000 7.220217
180 0.000033 0.003590 300.000000 7.407407
180 0.000014 0.003811 400.000000 6.451613
180 0.000020 0.003086 500.000000 6.925208
190 0.000088 0.004715 100.000000 6.172840
190 0.000046 0.005114 200.000000 7.067138
190 0.000038 0.003948 300.000000 7.444169
190 0.000015 0.004232 400.000000 6.493506
190 0.000016 0.003206 500.000000 6.868132
200 0.000093 0.005474 100.000000 6.134969
200 0.000031 0.005354 200.000000 6.872852
200 0.000038 0.003920 300.000000 7.481297
200 0.000018 0.004238 400.000000 6.514658
200 0.000010 0.003023 500.000000 6.821282
210 0.000111 0.004870 100.000000 6.172840
210 0.000022 0.005150 200.000000 6.802721
210 0.000038 0.004024 300.000000 7.500000
210 0.000021 0.004502 400.000000 6.546645
210 0.000011 0.003022 500.000000 6.802721
220 0.000114 0.004925 100.000000 6.211180
220 0.000034 0.004913 200.000000 6.802721
220 0.000041 0.004789 300.000000 7.518797
220 0.000024 0.005104 400.000000 6.568144
220 0.000013 0.003340 500.000000 6.793478
230 0.000115 0.006248 100.000000 6.289308
230 0.000039 0.005105 200.000000 6.825939
230 0.000045 0.004918 300.000000 7.518797
230 0.000027 0.005185 400.000000 6.600660
230 0.000012 0.003269 500.000000 6.784261
240 0.000095 0.006679 100.000000 6.410256
240 0.000041 0.005037 200.000000 6.872852
240 0.000046 0.004817 300.000000 7.334963
240 0.000028 0.005056 400.000000 6.633499
240 0.000012 0.003072 500.000000 6.765900
250 0.000101 0.008166 100.000000 6.493506
250 0.000049 0.005959 200.000000 6.920415
250 0.000051 0.007325 300.000000 5.964215
250 0.000034 0.006129 400.000000 6.666667
250 0.000014 0.003393 500.000000 6.747638
260 0.000086 0.008556 100.000000 6.578948
260 0.000052 0.006560 200.000000 6.944445
260 0.000046 0.007702 300.000000 5.928854
260 0.000031 0.006227 400.000000 6.700168
260 0.000015 0.003335 500.000000 6.693440
270 0.000087 0.009312 100.000000 6.666667
270 0.000062 0.007289 200.000000 6.968641
270 0.000045 0.008304 300.000000 5.940594
270 0.000037 0.006705 400.000000 6.722689
270 0.000016 0.003197 500.000000 6.510417
280 0.000088 0.010608 100.000000 6.756757
280 0.000067 0.008035 200.000000 7.017544
280 0.000046 0.008731 300.000000 5.976096
280 0.000035 0.007211 400.000000 6.756757
280 0.000017 0.003172 500.000000 6.377551
290 0.000081 0.011676 100.000000 6.849315
290 0.000070 0.008464 200.000000 7.117438
290 0.000044 0.009201 300.000000 6.024096
290 0.000042 0.007862 400.000000 6.791172
290 0.000020 0.002839 500.000000 6.321113
300 0.000078 0.011488 100.000000 7.092198
300 0.000072 0.008504 200.000000 7.246377
300 0.000043 0.009155 300.000000 6.109980
300 0.000043 0.007878 400.000000 6.837607
310 0.000086 0.009689 100.000000 7.407407
310 0.000066 0.007240 200.000000 7.462687
310 0.000039 0.008171 300.000000 6.198347
310 0.000041 0.007084 400.000000 6.908463
320 0.000069 0.007839 100.000000 7.751938
320 0.000057 0.005210 200.000000 7.692307
320 0.000031 0.006182 300.000000 6.315790
320 0.000037 0.005352 400.000000 6.993007
330 0.000061 0.006903 100.000000 8.130081
330 0.000040 0.003753 200.000000 7.905138
330 0.000026 0.003946 300.000000 6.410256
330 0.000030 0.003376 400.000000 7.054674
340 0.000029 0.008782 100.000000 8.264462
340 0.000031 0.004953 200.000000 8.097166
340 0.000035 0.003849 300.000000 6.507592
340 0.000030 0.003071 400.000000 7.079646
350 0.000066 0.008428 100.000000 8.130081
350 0.000034 0.006891 200.000000 8.230453
350 0.000036 0.005820 300.000000 6.578948
350 0.000029 0.004566 400.000000 7.042253
360 0.000062 0.008284 100.000000 7.751938
360 0.000041 0.007019 200.000000 8.333333
360 0.000038 0.006392 300.000000 6.622517
360 0.000021 0.004874 400.000000 6.993007
370 0.000085 0.010334 100.000000 7.518797
370 0.000055 0.009701 200.000000 8.368201
370 0.000049 0.008889 300.000000 6.651885
370 0.000025 0.006507 400.000000 6.968641
380 0.000087 0.009722 100.000000 7.407407
380 0.000049 0.009899 200.000000 8.333333
380 0.000048 0.008812 300.000000 6.666667
380 0.000024 0.006088 400.000000 6.932409
390 0.000099 0.008477 100.000000 7.352941
390 0.000048 0.007808 200.000000 8.196721
390 0.000048 0.007507 300.000000 6.681514
390 0.000026 0.004961 400.000000 6.884682
400 0.000101 0.007377 100.000000 7.299270
400 0.000053 0.007089 200.000000 5.747127
400 0.000050 0.006895 300.000000 6.696429
400 0.000025 0.004196 400.000000 6.814310
410 0.000086 0.007475 100.000000 7.246377
410 0.000081 0.007799 200.000000 5.617978
410 0.000049 0.007008 300.000000 6.711410
410 0.000023 0.004128 400.000000 6.700168
420 0.000092 0.006922 100.000000 7.194244
420 0.000072 0.007209 200.000000 5.617978
420 0.000050 0.006652 300.000000 6.726458
420 0.000019 0.003509 400.000000 6.400000
430 0.000099 0.006665 100.000000 7.246377
430 0.000073 0.007992 200.000000 5.633803
430 0.000052 0.007745 300.000000 6.726458
430 0.000026 0.004079 400.000000 6.230530
440 0.000099 0.006497 100.000000 7.352941
440 0.000068 0.008185 200.000000 5.698006
440 0.000054 0.008037 300.000000 6.741573
450 0.000075 0.005255 100.000000 7.575758
450 0.000053 0.006346 200.000000 5.763689
450 0.000046 0.006033 300.000000 6.741573
460 0.000054 0.004268 100.000000 7.874016
460 0.000051 0.003910 200.000000 5.865103
460 0.000040 0.003444 300.000000 6.726458
470 0.000038 0.005026 100.000000 8.196721
470 0.000032 0.001661 200.000000 5.952381
470 0.000024 0.000367 300.000000 6.726458
480 0.000055 0.004611 100.000000 8.620689
480 0.000021 0.001972 200.000000 6.060606
480 0.000009 0.000868 300.000000 6.741573
490 0.000046 0.004464 100.000000 8.928572
490 0.000030 0.003277 200.000000 6.172840
490 0.000011 0.001740 300.000000 6.756757
500 0.000055 0.004573 100.000000 9.259259
500 0.000032 0.003552 200.000000 6.250000
500 0.000007 0.001543 300.000000 6.787330
510 0.000054 0.004589 100.000000 9.433962
510 0.000034 0.004131 200.000000 6.309148
510 0.000006 0.001822 300.000000 6.787330
520 0.000057 0.004736 100.000000 9.345795
520 0.000032 0.004023 200.000000 6.349206
520 0.000012 0.001659 300.000000 6.741573
530 0.000072 0.004033 100.000000 8.196721
530 0.000032 0.001515 200.000000 6.369427
530 0.000008 0.000291 300.000000 6.681514
540 0.000067 0.003040 100.000000 4.608295
540 0.000037 0.001991 200.000000 6.410256
540 0.000011 0.000814 300.000000 6.593407
550 0.000085 0.003157 100.000000 4.566210
550 0.000042 0.002168 200.000000 6.451613
550 0.000012 0.001729 300.000000 6.410256
560 0.000070 0.004001 100.000000 4.566210
560 0.000041 0.001680 200.000000 6.472492
560 0.000016 0.001997 300.000000 6.072875
570 0.000079 0.004510 100.000000 4.587156
570 0.000055 0.003333 200.000000 6.472492
570 0.000020 0.003810 300.000000 5.870842
580 0.000087 0.004478 100.000000 4.629630
580 0.000058 0.003324 200.000000 6.349206
590 0.000086 0.004064 100.000000 4.651163
590 0.000046 0.002595 200.000000 6.153846
600 0.000093 0.004720 100.000000 4.672897
600 0.000033 0.003644 200.000000 5.988024
610 0.000085 0.006162 100.000000 4.694836
610 0.000031 0.004201 200.000000 5.934718
620 0.000101 0.007281 100.000000 4.739336
620 0.000031 0.004870 200.000000 5.899705
630 0.000105 0.008306 100.000000 4.807693
630 0.000036 0.005219 200.000000 5.899705
640 0.000116 0.010982 100.000000 4.950495
640 0.000047 0.007129 200.000000 5.952381
650 0.000116 0.010900 100.000000 5.154639
650 0.000046 0.007018 200.000000 6.079027
660 0.000107 0.010036 100.000000 5.405406
660 0.000044 0.006012 200.000000 6.230530
670 0.000107 0.010505 100.000000 5.714286
670 0.000044 0.006195 200.000000 6.430868
680 0.000108 0.009961 100.000000 6.060606
680 0.000044 0.005869 200.000000 6.644518
690 0.000108 0.009981 100.000000 6.451613
690 0.000045 0.005863 200.000000 6.872852
700 0.000110 0.009945 100.000000 6.896552
700 0.000045 0.005887 200.000000 7.117438
710 0.000109 0.009702 100.000000 7.407407
710 0.000045 0.005644 200.000000 7.380074
720 0.000105 0.007514 100.000000 8.000000
720 0.000042 0.004504 200.000000 7.633588
730 0.000101 0.005840 100.000000 8.695652
730 0.000040 0.003895 200.000000 7.936508
740 0.000102 0.005676 100.000000 9.345795
740 0.000039 0.004002 200.000000 8.163265
750 0.000089 0.004009 100.000000 10.101010
750 0.000038 0.003818 200.000000 8.333333
760 0.000096 0.006860 100.000000 10.526316
760 0.000043 0.006117 200.000000 8.333333
770 0.000090 0.006553 100.000000 10.869565
770 0.000034 0.005944 200.000000 7.843137
780 0.000105 0.006416 100.000000 10.869565
780 0.000040 0.006444 200.000000 7.092198
790 0.000083 0.004217 100.000000 10.526316
800 0.000041 0.005378 100.000000 9.433962
810 0.000050 0.004725 100.000000 8.403361
820 0.000067 0.004483 100.000000 8.000000
830 0.000076 0.004473 100.000000 7.692307
840 0.000068 0.004530 100.000000 7.352941
850 0.000065 0.005314 100.000000 6.993007
860 0.000075 0.007065 100.000000 6.134969
870 0.000071 0.009526 100.000000 5.208333
880 0.000098 0.013502 100.000000 4.830918
