0 0.000076 0.005827 100.000000 8.474576
0 0.000023 0.005935 200.000000 9.433962
0 0.000029 0.009019 300.000000 10.416667
0 0.000032 0.008558 400.000000 10.471204
0 0.000029 0.006472 500.000000 10.416667
0 0.000021 0.006454 600.000000 10.416667
0 0.000019 0.007360 700.000000 10.279001
0 0.000026 0.006194 800.000000 10.282776
10 0.000102 0.005352 100.000000 9.009009
10 0.000031 0.008445 200.000000 9.756098
10 0.000029 0.010807 300.000000 10.714286
10 0.000031 0.009817 400.000000 10.666667
10 0.000029 0.007399 500.000000 10.570825
10 0.000029 0.007826 600.000000 10.544815
10 0.000023 0.008802 700.000000 10.370370
10 0.000026 0.007414 800.000000 10.376135
20 0.000086 0.006369 100.000000 9.615385
20 0.000020 0.008593 200.000000 10.000000
20 0.000038 0.010850 300.000000 10.948905
20 0.000037 0.009524 400.000000 10.810811
20 0.000036 0.007086 500.000000 10.706638
20 0.000028 0.007397 600.000000 10.657193
20 0.000026 0.008341 700.000000 10.447762
20 0.000029 0.006832 800.000000 10.471204
30 0.000095 0.006854 100.000000 10.101010
30 0.000021 0.009443 200.000000 10.256411
30 0.000041 0.011322 300.000000 11.194030
30 0.000037 0.009889 400.000000 10.928962
30 0.000034 0.007415 500.000000 10.822511
30 0.000030 0.007876 600.000000 10.752688
30 0.000027 0.008816 700.000000 10.510510
30 0.000030 0.007087 800.000000 10.554090
40 0.000099 0.007662 100.000000 10.638298
40 0.000020 0.009599 200.000000 10.471204
40 0.000045 0.011432 300.000000 11.406844
40 0.000037 0.009701 400.000000 11.019283
40 0.000039 0.007464 500.000000 10.917030
40 0.000032 0.007975 600.000000 10.830325
40 0.000027 0.008810 700.000000 10.542169
40 0.000032 0.006912 800.000000 10.624170
50 0.000109 0.007277 100.000000 10.989011
50 0.000025 0.009339 200.000000 10.638298
50 0.000048 0.011472 300.000000 11.538462
50 0.000033 0.009345 400.000000 11.080333
50 0.000034 0.007516 500.000000 10.989011
50 0.000031 0.008039 600.000000 10.889292
50 0.000026 0.008750 700.000000 10.558069
50 0.000032 0.006625 800.000000 10.680908
60 0.000090 0.008104 100.000000 11.363636
60 0.000039 0.009952 200.000000 10.810811
60 0.000052 0.011540 300.000000 11.627907
60 0.000039 0.008991 400.000000 11.080333
60 0.000040 0.007312 500.000000 11.013216
60 0.000031 0.007783 600.000000 10.909091
60 0.000029 0.008209 700.000000 10.558069
60 0.000034 0.006115 800.000000 10.723861
70 0.000105 0.010887 100.000000 11.494253
70 0.000052 0.011907 200.000000 10.928962
70 0.000057 0.012562 300.000000 11.627907
70 0.000042 0.009322 400.000000 11.080333
70 0.000039 0.007448 500.000000 10.964912
70 0.000033 0.008035 600.000000 10.909091
70 0.000033 0.008343 700.000000 10.558069
70 0.000036 0.006248 800.000000 10.767160
80 0.000100 0.010626 100.000000 11.494253
80 0.000059 0.012557 200.000000 11.049724
80 0.000065 0.012289 300.000000 11.583012
80 0.000045 0.008814 400.000000 11.049724
80 0.000040 0.007221 500.000000 10.940919
80 0.000034 0.008043 600.000000 10.889292
80 0.000034 0.008055 700.000000 10.558069
80 0.000038 0.005978 800.000000 10.796222
90 0.000073 0.008914 100.000000 11.494253
90 0.000059 0.012560 200.000000 11.235955
90 0.000059 0.011899 300.000000 11.538462
90 0.000042 0.008408 400.000000 11.049724
90 0.000040 0.007171 500.000000 10.917030
90 0.000033 0.007849 600.000000 10.849910
90 0.000034 0.007505 700.000000 10.558069
90 0.000038 0.005731 800.000000 10.825439
100 0.000032 0.008977 100.000000 11.235955
100 0.000067 0.012298 200.000000 11.428572
100 0.000059 0.011559 300.000000 11.450381
100 0.000047 0.008034 400.000000 11.019283
100 0.000039 0.006778 500.000000 10.917030
100 0.000032 0.007197 600.000000 10.771993
100 0.000036 0.006691 700.000000 10.558069
100 0.000039 0.005844 800.000000 10.854816
110 0.000044 0.008454 100.000000 10.869565
110 0.000080 0.012083 200.000000 11.560694
110 0.000063 0.011286 300.000000 11.406844
110 0.000048 0.008001 400.000000 11.019283
110 0.000039 0.006626 500.000000 10.917030
110 0.000035 0.007144 600.000000 10.695188
110 0.000038 0.006338 700.000000 10.574018
110 0.000042 0.006017 800.000000 10.854816
120 0.000061 0.008756 100.000000 10.416667
120 0.000083 0.012487 200.000000 11.695907
120 0.000063 0.011379 300.000000 11.278195
120 0.000048 0.008190 400.000000 11.019283
120 0.000039 0.007134 500.000000 10.893247
120 0.000033 0.007620 600.000000 10.600707
120 0.000038 0.006366 700.000000 10.590015
120 0.000043 0.006165 800.000000 10.825439
130 0.000087 0.008773 100.000000 10.204082
130 0.000094 0.012485 200.000000 11.764706
130 0.000055 0.011846 300.000000 11.152416
130 0.000050 0.008788 400.000000 10.958904
130 0.000040 0.007115 500.000000 10.845987
130 0.000035 0.007314 600.000000 10.526316
130 0.000039 0.006468 700.000000 10.590015
130 0.000041 0.007082 800.000000 10.796222
140 0.000136 0.010239 100.000000 10.101010
140 0.000102 0.013515 200.000000 11.695907
140 0.000055 0.012027 300.000000 11.029411
140 0.000053 0.009783 400.000000 10.928962
140 0.000039 0.007560 500.000000 10.822511
140 0.000037 0.007446 600.000000 10.452962
140 0.000041 0.007284 700.000000 10.606061
140 0.000041 0.008367 800.000000 10.767160
150 0.000179 0.011078 100.000000 10.204082
150 0.000113 0.014365 200.000000 11.627907
150 0.000058 0.012331 300.000000 10.909091
150 0.000051 0.010053 400.000000 10.840109
150 0.000039 0.007809 500.000000 10.775862
150 0.000039 0.007703 600.000000 10.398614
150 0.000041 0.007748 700.000000 10.638298
150 0.000040 0.008860 800.000000 10.752688
160 0.000190 0.012592 100.000000 10.309278
160 0.000116 0.015160 200.000000 11.560694
160 0.000061 0.012463 300.000000 10.869565
160 0.000055 0.009978 400.000000 10.781672
160 0.000041 0.007896 500.000000 10.752688
160 0.000040 0.007920 600.000000 10.380623
160 0.000044 0.008202 700.000000 10.670732
160 0.000042 0.009265 800.000000 10.752688
170 0.000170 0.015077 100.000000 10.638298
170 0.000113 0.015687 200.000000 11.494253
170 0.000060 0.012024 300.000000 10.830325
170 0.000048 0.009161 400.000000 10.752688
170 0.000042 0.007497 500.000000 10.729613
170 0.000042 0.007565 600.000000 10.380623
170 0.000044 0.007857 700.000000 10.703364
170 0.000043 0.008737 800.000000 10.767160
180 0.000146 0.016521 100.000000 10.989011
180 0.000092 0.015661 200.000000 11.428572
180 0.000054 0.010966 300.000000 10.869565
180 0.000043 0.008352 400.000000 10.752688
180 0.000035 0.007149 500.000000 10.683761
180 0.000039 0.007236 600.000000 10.398614
180 0.000042 0.007329 700.000000 10.736197
180 0.000040 0.007997 800.000000 10.767160
190 0.000122 0.015782 100.000000 11.494253
190 0.000077 0.014579 200.000000 11.494253
190 0.000056 0.009082 300.000000 10.909091
190 0.000042 0.006915 400.000000 10.810811
190 0.000035 0.006702 500.000000 10.638298
190 0.000038 0.006617 600.000000 10.434783
190 0.000042 0.006482 700.000000 10.785825
190 0.000042 0.007242 800.000000 10.752688
200 0.000113 0.015147 100.000000 12.195122
200 0.000072 0.013857 200.000000 11.560694
200 0.000051 0.008401 300.000000 11.029411
200 0.000040 0.006671 400.000000 10.869565
200 0.000035 0.006909 500.000000 10.638298
200 0.000037 0.006507 600.000000 10.507881
200 0.000041 0.006181 700.000000 10.819165
200 0.000042 0.007019 800.000000 10.723861
210 0.000109 0.015394 100.000000 12.820513
210 0.000063 0.013109 200.000000 11.695907
210 0.000055 0.007864 300.000000 11.111111
210 0.000035 0.006810 400.000000 10.928962
210 0.000034 0.007430 500.000000 10.615711
210 0.000038 0.006525 600.000000 10.563380
210 0.000042 0.006207 700.000000 10.852714
210 0.000041 0.007263 800.000000 10.709505
220 0.000119 0.015436 100.000000 13.333333
220 0.000063 0.012616 200.000000 11.695907
220 0.000057 0.007379 300.000000 11.194030
220 0.000038 0.006791 400.000000 10.989011
220 0.000033 0.007476 500.000000 10.593221
220 0.000036 0.006241 600.000000 10.619469
220 0.000040 0.006105 700.000000 10.852714
220 0.000042 0.007338 800.000000 10.666667
230 0.000102 0.016585 100.000000 13.698630
230 0.000056 0.012515 200.000000 11.560694
230 0.000054 0.007861 300.000000 11.194030
230 0.000041 0.008127 400.000000 10.989011
230 0.000033 0.008745 500.000000 10.548523
230 0.000037 0.007004 600.000000 10.657193
230 0.000037 0.006404 700.000000 10.852714
230 0.000040 0.007443 800.000000 10.582010
240 0.000094 0.019375 100.000000 13.513514
240 0.000056 0.012850 200.000000 11.428572
240 0.000059 0.009294 300.000000 11.152416
240 0.000042 0.010103 400.000000 10.958904
240 0.000034 0.010549 500.000000 10.460251
240 0.000037 0.008240 600.000000 10.676157
240 0.000035 0.007320 700.000000 10.835914
240 0.000039 0.008114 800.000000 10.498688
250 0.000121 0.022044 100.000000 13.157895
250 0.000075 0.014034 200.000000 11.173184
250 0.000061 0.012246 300.000000 10.989011
250 0.000050 0.012792 400.000000 10.869565
250 0.000041 0.013243 500.000000 10.395010
250 0.000041 0.010322 600.000000 10.695188
250 0.000039 0.009741 700.000000 10.819165
250 0.000041 0.010142 800.000000 10.430247
260 0.000092 0.021545 100.000000 12.500000
260 0.000061 0.012916 200.000000 10.928962
260 0.000052 0.011909 300.000000 10.791367
260 0.000042 0.011956 400.000000 10.752688
260 0.000037 0.012093 500.000000 10.309278
260 0.000038 0.009208 600.000000 10.676157
260 0.000036 0.008818 700.000000 10.769231
260 0.000036 0.008908 800.000000 10.376135
270 0.000070 0.020742 100.000000 11.627907
270 0.000054 0.011170 200.000000 10.695188
270 0.000044 0.010484 300.000000 10.600707
270 0.000030 0.010725 400.000000 10.526316
270 0.000030 0.010225 500.000000 10.245902
270 0.000036 0.007491 600.000000 10.657193
270 0.000033 0.007080 700.000000 10.703364
270 0.000034 0.007022 800.000000 10.309278
280 0.000064 0.017809 100.000000 10.869565
280 0.000050 0.010638 200.000000 10.471204
280 0.000040 0.010199 300.000000 10.452962
280 0.000033 0.010178 400.000000 10.282776
280 0.000029 0.009217 500.000000 10.183299
280 0.000035 0.006922 600.000000 10.600707
280 0.000036 0.006708 700.000000 10.542169
280 0.000034 0.006381 800.000000 10.243278
290 0.000063 0.014829 100.000000 10.416667
290 0.000039 0.009906 200.000000 10.309278
290 0.000036 0.009853 300.000000 10.344828
290 0.000025 0.009832 400.000000 10.101010
290 0.000027 0.008332 500.000000 10.162601
290 0.000034 0.006416 600.000000 10.526316
290 0.000037 0.006181 700.000000 10.385756
290 0.000033 0.005501 800.000000 10.191083
300 0.000063 0.013731 100.000000 9.900990
300 0.000053 0.009769 200.000000 10.204082
300 0.000039 0.009751 300.000000 10.273973
300 0.000027 0.009526 400.000000 9.950249
300 0.000027 0.007944 500.000000 10.162601
300 0.000030 0.006530 600.000000 10.471204
300 0.000036 0.006711 700.000000 10.248902
300 0.000034 0.005760 800.000000 10.139417
310 0.000078 0.013508 100.000000 9.708738
310 0.000069 0.009828 200.000000 10.152285
310 0.000045 0.009794 300.000000 10.238908
310 0.000032 0.009678 400.000000 9.876543
310 0.000030 0.007972 500.000000 10.204082
310 0.000027 0.006989 600.000000 10.452962
310 0.000035 0.007407 700.000000 10.159652
310 0.000037 0.006548 800.000000 10.050251
320 0.000087 0.012832 100.000000 9.615385
320 0.000057 0.009544 200.000000 10.101010
320 0.000046 0.008938 300.000000 10.238908
320 0.000034 0.009140 400.000000 9.828010
320 0.000027 0.007379 500.000000 10.245902
320 0.000027 0.006944 600.000000 10.452962
320 0.000030 0.007377 700.000000 10.115607
320 0.000035 0.006742 800.000000 9.962640
330 0.000087 0.011444 100.000000 9.523809
330 0.000058 0.009089 200.000000 10.050251
330 0.000048 0.008180 300.000000 10.238908
330 0.000034 0.008947 400.000000 9.852217
330 0.000028 0.006856 500.000000 10.309278
330 0.000028 0.006749 600.000000 10.489511
330 0.000031 0.007194 700.000000 10.115607
330 0.000032 0.006802 800.000000 9.925558
340 0.000077 0.009776 100.000000 9.615385
340 0.000058 0.007668 200.000000 10.000000
340 0.000042 0.006634 300.000000 10.238908
340 0.000032 0.007568 400.000000 9.852217
340 0.000028 0.005572 500.000000 10.373444
340 0.000029 0.005713 600.000000 10.507881
340 0.000026 0.006236 700.000000 10.115607
340 0.000028 0.006374 800.000000 9.913259
350 0.000068 0.008849 100.000000 9.708738
350 0.000054 0.006541 200.000000 10.050251
350 0.000039 0.006094 300.000000 10.204082
350 0.000029 0.006752 400.000000 9.900990
350 0.000028 0.004803 500.000000 10.438414
350 0.000029 0.005021 600.000000 10.526316
350 0.000028 0.005540 700.000000 10.130246
350 0.000028 0.006089 800.000000 9.925558
360 0.000083 0.008773 100.000000 9.803922
360 0.000050 0.006533 200.000000 10.101010
360 0.000038 0.006108 300.000000 10.135135
360 0.000027 0.006357 400.000000 9.950249
360 0.000030 0.004474 500.000000 10.482181
360 0.000031 0.004691 600.000000 10.507881
360 0.000030 0.005043 700.000000 10.130246
360 0.000029 0.005730 800.000000 9.937888
370 0.000074 0.008096 100.000000 9.900990
370 0.000047 0.006143 200.000000 10.152285
370 0.000040 0.005791 300.000000 10.033444
370 0.000026 0.005678 400.000000 10.000000
370 0.000028 0.004052 500.000000 10.526316
370 0.000033 0.004283 600.000000 10.452962
370 0.000031 0.004633 700.000000 10.130246
370 0.000030 0.005481 800.000000 9.950249
380 0.000074 0.006755 100.000000 10.000000
380 0.000043 0.005539 200.000000 10.204082
380 0.000037 0.005696 300.000000 9.966778
380 0.000028 0.005062 400.000000 10.050251
380 0.000035 0.003982 500.000000 10.526316
380 0.000037 0.004694 600.000000 10.380623
380 0.000032 0.004931 700.000000 10.144928
380 0.000032 0.005801 800.000000 9.962640
390 0.000065 0.005749 100.000000 10.204082
390 0.000038 0.004114 200.000000 10.309278
390 0.000033 0.004445 300.000000 9.933775
390 0.000025 0.003733 400.000000 10.101010
390 0.000030 0.003122 500.000000 10.526316
390 0.000035 0.004185 600.000000 10.344828
390 0.000031 0.004417 700.000000 10.144928
390 0.000031 0.005553 800.000000 9.975062
400 0.000058 0.004917 100.000000 10.309278
400 0.000034 0.003924 200.000000 10.362695
400 0.000031 0.004494 300.000000 9.900990
400 0.000029 0.003183 400.000000 10.204082
400 0.000030 0.002688 500.000000 10.548523
400 0.000038 0.004274 600.000000 10.273973
400 0.000035 0.004790 700.000000 10.144928
400 0.000031 0.006036 800.000000 10.000000
410 0.000072 0.005887 100.000000 10.416667
410 0.000035 0.005151 200.000000 10.471204
410 0.000029 0.005574 300.000000 9.900990
410 0.000031 0.003562 400.000000 10.282776
410 0.000033 0.002592 500.000000 10.570825
410 0.000037 0.004038 600.000000 10.221465
410 0.000038 0.005042 700.000000 10.101010
410 0.000032 0.006162 800.000000 10.025063
420 0.000065 0.004030 100.000000 10.526316
420 0.000032 0.003426 200.000000 10.471204
420 0.000030 0.004343 300.000000 9.868421
420 0.000031 0.002832 400.000000 10.362695
420 0.000030 0.002879 500.000000 10.615711
420 0.000032 0.004702 600.000000 10.186757
420 0.000037 0.006068 700.000000 10.014306
420 0.000027 0.006526 800.000000 10.062893
430 0.000040 0.003382 100.000000 10.416667
430 0.000030 0.004080 200.000000 10.526316
430 0.000028 0.004793 300.000000 9.868421
430 0.000030 0.002928 400.000000 10.443864
430 0.000029 0.002687 500.000000 10.638298
430 0.000033 0.004565 600.000000 10.186757
430 0.000032 0.006113 700.000000 9.971510
430 0.000027 0.006487 800.000000 10.088272
440 0.000047 0.001143 100.000000 10.309278
440 0.000032 0.003089 200.000000 10.526316
440 0.000030 0.004595 300.000000 9.900990
440 0.000029 0.003109 400.000000 10.526316
440 0.000031 0.003253 500.000000 10.683761
440 0.000029 0.005259 600.000000 10.186757
440 0.000027 0.006686 700.000000 9.943182
440 0.000025 0.006836 800.000000 10.126582
450 0.000044 0.003255 100.000000 10.309278
450 0.000028 0.004390 200.000000 10.416667
450 0.000027 0.005130 300.000000 9.933775
450 0.000030 0.003296 400.000000 10.582010
450 0.000030 0.003086 500.000000 10.683761
450 0.000031 0.004671 600.000000 10.186757
450 0.000029 0.006441 700.000000 9.943182
450 0.000026 0.006963 800.000000 10.152285
460 0.000028 0.003955 100.000000 10.309278
460 0.000021 0.004835 200.000000 10.256411
460 0.000023 0.005018 300.000000 9.933775
460 0.000033 0.003446 400.000000 10.638298
460 0.000032 0.003448 500.000000 10.638298
460 0.000032 0.004725 600.000000 10.169492
460 0.000031 0.006582 700.000000 9.943182
460 0.000025 0.007195 800.000000 10.178117
470 0.000023 0.004754 100.000000 10.309278
470 0.000027 0.005741 200.000000 10.050251
470 0.000025 0.005015 300.000000 9.966778
470 0.000040 0.003610 400.000000 10.638298
470 0.000037 0.004053 500.000000 10.526316
470 0.000035 0.004890 600.000000 10.152285
470 0.000032 0.006594 700.000000 9.929078
470 0.000025 0.007686 800.000000 10.204082
480 0.000028 0.004599 100.000000 10.309278
480 0.000029 0.005445 200.000000 9.852217
480 0.000024 0.004834 300.000000 10.000000
480 0.000038 0.003763 400.000000 10.610080
480 0.000040 0.004569 500.000000 10.416667
480 0.000033 0.004985 600.000000 10.135135
480 0.000031 0.006493 700.000000 9.929078
480 0.000024 0.007954 800.000000 10.243278
490 0.000022 0.004408 100.000000 10.204082
490 0.000028 0.005690 200.000000 9.708738
490 0.000028 0.004623 300.000000 10.067114
490 0.000036 0.004011 400.000000 10.582010
490 0.000040 0.005307 500.000000 10.309278
490 0.000034 0.005359 600.000000 10.101010
490 0.000032 0.006896 700.000000 9.929078
490 0.000023 0.008481 800.000000 10.269576
500 0.000022 0.004789 100.000000 10.309278
500 0.000023 0.006079 200.000000 9.615385
500 0.000031 0.004668 300.000000 10.135135
500 0.000033 0.003925 400.000000 10.582010
500 0.000039 0.004907 500.000000 10.183299
500 0.000038 0.005487 600.000000 10.050251
500 0.000031 0.007054 700.000000 9.943182
500 0.000024 0.008710 800.000000 10.309278
510 0.000008 0.004483 100.000000 10.309278
510 0.000029 0.005695 200.000000 9.523809
510 0.000034 0.004540 300.000000 10.204082
510 0.000034 0.004205 400.000000 10.582010
510 0.000037 0.005262 500.000000 10.101010
510 0.000038 0.006660 600.000000 9.950249
510 0.000031 0.007569 700.000000 9.971510
510 0.000023 0.009105 800.000000 10.335917
520 0.000027 0.004961 100.000000 10.416667
520 0.000024 0.005870 200.000000 9.523809
520 0.000033 0.004104 300.000000 10.344828
520 0.000031 0.003672 400.000000 10.638298
520 0.000038 0.005141 500.000000 10.101010
520 0.000036 0.006952 600.000000 9.884679
520 0.000030 0.007577 700.000000 10.000000
520 0.000024 0.009030 800.000000 10.389610
530 0.000033 0.005485 100.000000 10.526316
530 0.000019 0.006688 200.000000 9.569378
530 0.000030 0.004558 300.000000 10.452962
530 0.000031 0.003567 400.000000 10.695188
530 0.000036 0.004866 500.000000 10.121457
530 0.000033 0.006541 600.000000 9.852217
530 0.000030 0.007303 700.000000 10.043041
530 0.000025 0.008932 800.000000 10.443864
540 0.000022 0.005985 100.000000 10.526316
540 0.000024 0.006371 200.000000 9.661836
540 0.000037 0.004829 300.000000 10.563380
540 0.000034 0.004366 400.000000 10.752688
540 0.000035 0.005739 500.000000 10.121457
540 0.000031 0.007616 600.000000 9.852217
540 0.000031 0.008204 700.000000 10.086455
540 0.000023 0.009565 800.000000 10.484928
550 0.000040 0.006085 100.000000 10.309278
550 0.000034 0.006048 200.000000 9.708738
550 0.000046 0.004766 300.000000 10.676157
550 0.000040 0.004820 400.000000 10.752688
550 0.000038 0.006465 500.000000 10.121457
550 0.000033 0.008398 600.000000 9.868421
550 0.000028 0.008876 700.000000 10.130246
550 0.000022 0.009970 800.000000 10.526316
560 0.000045 0.007122 100.000000 9.803922
560 0.000036 0.006150 200.000000 9.708738
560 0.000051 0.005022 300.000000 10.714286
560 0.000045 0.005409 400.000000 10.638298
560 0.000041 0.006757 500.000000 10.101010
560 0.000034 0.008720 600.000000 9.852217
560 0.000026 0.009330 700.000000 10.159652
560 0.000022 0.010350 800.000000 10.554090
570 0.000070 0.007194 100.000000 9.523809
570 0.000049 0.005988 200.000000 9.756098
570 0.000056 0.005599 300.000000 10.676157
570 0.000052 0.006798 400.000000 10.498688
570 0.000040 0.007630 500.000000 10.080646
570 0.000036 0.009060 600.000000 9.852217
570 0.000027 0.009967 700.000000 10.189228
570 0.000021 0.010473 800.000000 10.596026
580 0.000057 0.007798 100.000000 9.259259
580 0.000056 0.005839 200.000000 9.852217
580 0.000062 0.006049 300.000000 10.676157
580 0.000057 0.007828 400.000000 10.362695
580 0.000044 0.008239 500.000000 10.060362
580 0.000039 0.009713 600.000000 9.852217
580 0.000027 0.011084 700.000000 10.233918
580 0.000023 0.011406 800.000000 10.624170
590 0.000048 0.008464 100.000000 9.009009
590 0.000048 0.006115 200.000000 9.950249
590 0.000049 0.005889 300.000000 10.638298
590 0.000050 0.007392 400.000000 10.204082
590 0.000043 0.007566 500.000000 10.020041
590 0.000037 0.009072 600.000000 9.852217
590 0.000026 0.010673 700.000000 10.263929
590 0.000022 0.010871 800.000000 10.652463
600 0.000062 0.008440 100.000000 8.849558
600 0.000054 0.005880 200.000000 10.050251
600 0.000051 0.005919 300.000000 10.600707
600 0.000049 0.007337 400.000000 10.075566
600 0.000046 0.008436 500.000000 9.920635
600 0.000037 0.009619 600.000000 9.868421
600 0.000027 0.011121 700.000000 10.294118
600 0.000023 0.011200 800.000000 10.695188
610 0.000052 0.008029 100.000000 8.695652
610 0.000053 0.005549 200.000000 10.152285
610 0.000043 0.005386 300.000000 10.638298
610 0.000046 0.007035 400.000000 10.000000
610 0.000046 0.009037 500.000000 9.803922
610 0.000036 0.009708 600.000000 9.900990
610 0.000026 0.011235 700.000000 10.339734
610 0.000024 0.011348 800.000000 10.723861
620 0.000033 0.008737 100.000000 8.695652
620 0.000053 0.005662 200.000000 10.309278
620 0.000043 0.005199 300.000000 10.676157
620 0.000047 0.007129 400.000000 10.000000
620 0.000041 0.009282 500.000000 9.727627
620 0.000034 0.009848 600.000000 9.933775
620 0.000030 0.011472 700.000000 10.385756
620 0.000024 0.011590 800.000000 10.767160
630 0.000046 0.009087 100.000000 8.771930
630 0.000061 0.005696 200.000000 10.471204
630 0.000049 0.005168 300.000000 10.752688
630 0.000048 0.007635 400.000000 10.000000
630 0.000041 0.009919 500.000000 9.708738
630 0.000035 0.010323 600.000000 9.983361
630 0.000029 0.011799 700.000000 10.447762
630 0.000023 0.011876 800.000000 10.810811
640 0.000064 0.009697 100.000000 8.928572
640 0.000066 0.005981 200.000000 10.638298
640 0.000051 0.005412 300.000000 10.830325
640 0.000051 0.007749 400.000000 10.025063
640 0.000044 0.010393 500.000000 9.727627
640 0.000038 0.011151 600.000000 10.033444
640 0.000030 0.012601 700.000000 10.494753
640 0.000025 0.012685 800.000000 10.869565
650 0.000071 0.009407 100.000000 9.174312
650 0.000078 0.006432 200.000000 10.869565
650 0.000059 0.006145 300.000000 10.869565
650 0.000056 0.008679 400.000000 10.075566
650 0.000047 0.011262 500.000000 9.765625
650 0.000037 0.011914 600.000000 10.101010
650 0.000030 0.013120 700.000000 10.574018
650 0.000026 0.013102 800.000000 10.928962
660 0.000080 0.009366 100.000000 9.433962
660 0.000086 0.007076 200.000000 11.111111
660 0.000062 0.006812 300.000000 10.869565
660 0.000058 0.009103 400.000000 10.126582
660 0.000047 0.011772 500.000000 9.823183
660 0.000036 0.012612 600.000000 10.186757
660 0.000031 0.013870 700.000000 10.638298
660 0.000026 0.013913 800.000000 11.004127
670 0.000088 0.009305 100.000000 9.803922
670 0.000092 0.007349 200.000000 11.299435
670 0.000064 0.007550 300.000000 10.830325
670 0.000056 0.009113 400.000000 10.178117
670 0.000049 0.011458 500.000000 9.881423
670 0.000037 0.012844 600.000000 10.256411
670 0.000031 0.013909 700.000000 10.719755
670 0.000025 0.014000 800.000000 11.065007
680 0.000103 0.007820 100.000000 10.101010
680 0.000095 0.007228 200.000000 11.363636
680 0.000076 0.007731 300.000000 10.791367
680 0.000061 0.009464 400.000000 10.230179
680 0.000053 0.011950 500.000000 9.920635
680 0.000041 0.013786 600.000000 10.344828
680 0.000033 0.014681 700.000000 10.785825
680 0.000028 0.014819 800.000000 11.142061
690 0.000109 0.007117 100.000000 10.526316
690 0.000092 0.007210 200.000000 11.494253
690 0.000078 0.008211 300.000000 10.714286
690 0.000060 0.009338 400.000000 10.256411
690 0.000055 0.011957 500.000000 9.960159
690 0.000040 0.014083 600.000000 10.416667
690 0.000033 0.014812 700.000000 10.852714
690 0.000028 0.014977 800.000000 11.204482
700 0.000106 0.006694 100.000000 10.869565
700 0.000081 0.006520 200.000000 11.560694
700 0.000072 0.007699 300.000000 10.600707
700 0.000060 0.008851 400.000000 10.282776
700 0.000051 0.011258 500.000000 10.020041
700 0.000037 0.013389 600.000000 10.489511
700 0.000032 0.013826 700.000000 10.920437
700 0.000027 0.014176 800.000000 11.267606
710 0.000124 0.005743 100.000000 11.363636
710 0.000073 0.005696 200.000000 11.695907
710 0.000073 0.007313 300.000000 10.526316
710 0.000065 0.009460 400.000000 10.230179
710 0.000053 0.011855 500.000000 10.080646
710 0.000041 0.014044 600.000000 10.563380
710 0.000034 0.014513 700.000000 10.989011
710 0.000029 0.015096 800.000000 11.331445
720 0.000108 0.004358 100.000000 11.764706
720 0.000062 0.004405 200.000000 11.834319
720 0.000071 0.007042 300.000000 10.489511
720 0.000062 0.009962 400.000000 10.126582
720 0.000049 0.011511 500.000000 10.121457
720 0.000038 0.013439 600.000000 10.619469
720 0.000032 0.013803 700.000000 11.041010
720 0.000028 0.014158 800.000000 11.396011
730 0.000101 0.002916 100.000000 12.195122
730 0.000060 0.003312 200.000000 11.904762
730 0.000066 0.006431 300.000000 10.452962
730 0.000060 0.009887 400.000000 10.000000
730 0.000047 0.011105 500.000000 10.183299
730 0.000038 0.013223 600.000000 10.695188
730 0.000034 0.013769 700.000000 11.093502
730 0.000029 0.014303 800.000000 11.444921
740 0.000098 0.003007 100.000000 12.658228
740 0.000061 0.003029 200.000000 11.976048
740 0.000062 0.006708 300.000000 10.416667
740 0.000050 0.009944 400.000000 9.950249
740 0.000043 0.010875 500.000000 10.224949
740 0.000033 0.012882 600.000000 10.733453
740 0.000031 0.013155 700.000000 11.146497
740 0.000027 0.013799 800.000000 11.494253
750 0.000087 0.003202 100.000000 12.987013
750 0.000046 0.003578 200.000000 11.976048
750 0.000053 0.005406 300.000000 10.416667
750 0.000049 0.008969 400.000000 9.925558
750 0.000043 0.010225 500.000000 10.266940
750 0.000036 0.012212 600.000000 10.791367
750 0.000030 0.012571 700.000000 11.182109
750 0.000031 0.013619 800.000000 11.544011
760 0.000082 0.002309 100.000000 13.157895
760 0.000048 0.002986 200.000000 11.834319
760 0.000052 0.005723 300.000000 10.344828
760 0.000048 0.009079 400.000000 9.900990
760 0.000038 0.010008 500.000000 10.288066
760 0.000033 0.011564 600.000000 10.830325
760 0.000029 0.011776 700.000000 11.217949
760 0.000028 0.012904 800.000000 11.577424
770 0.000104 0.003042 100.000000 12.987013
770 0.000057 0.003985 200.000000 11.363636
770 0.000050 0.005859 300.000000 10.273973
770 0.000048 0.008722 400.000000 9.852217
770 0.000037 0.010224 500.000000 10.330579
770 0.000032 0.011445 600.000000 10.849910
770 0.000027 0.011608 700.000000 11.254020
770 0.000026 0.012899 800.000000 11.611031
780 0.000102 0.004576 100.000000 12.658228
780 0.000067 0.005238 200.000000 10.928962
780 0.000054 0.006229 300.000000 10.169492
780 0.000048 0.008889 400.000000 9.828010
780 0.000037 0.011127 500.000000 10.351967
780 0.000031 0.011809 600.000000 10.869565
780 0.000029 0.012106 700.000000 11.272141
780 0.000028 0.013540 800.000000 11.627907
790 0.000064 0.004922 100.000000 12.048193
790 0.000064 0.006225 200.000000 10.416667
790 0.000050 0.005952 300.000000 10.033444
790 0.000045 0.008047 400.000000 9.779951
790 0.000034 0.010033 500.000000 10.373444
790 0.000030 0.010078 600.000000 10.889292
790 0.000027 0.010483 700.000000 11.290322
790 0.000026 0.012090 800.000000 11.644833
800 0.000027 0.004753 100.000000 11.764706
800 0.000054 0.006170 200.000000 9.950249
800 0.000057 0.006586 300.000000 9.740260
800 0.000045 0.007769 400.000000 9.756098
800 0.000031 0.009559 500.000000 10.373444
800 0.000029 0.009517 600.000000 10.889292
800 0.000028 0.010056 700.000000 11.308562
800 0.000028 0.011799 800.000000 11.611031
810 0.000035 0.004535 100.000000 11.363636
810 0.000051 0.006921 200.000000 9.661836
810 0.000057 0.008313 300.000000 9.404388
810 0.000039 0.008409 400.000000 9.732360
810 0.000032 0.010180 500.000000 10.395010
810 0.000031 0.010089 600.000000 10.889292
810 0.000029 0.010583 700.000000 11.308562
810 0.000029 0.012104 800.000000 11.510792
820 0.000032 0.004977 100.000000 11.111111
820 0.000044 0.006867 200.000000 9.478673
820 0.000047 0.008771 300.000000 9.202454
820 0.000040 0.008741 400.000000 9.708738
820 0.000035 0.010530 500.000000 10.395010
820 0.000032 0.010387 600.000000 10.909091
820 0.000031 0.011275 700.000000 11.326860
820 0.000041 0.012699 800.000000 11.267606
830 0.000047 0.004630 100.000000 10.752688
830 0.000038 0.006544 200.000000 9.345795
830 0.000044 0.008453 300.000000 9.118541
830 0.000037 0.008259 400.000000 9.732360
830 0.000034 0.009619 500.000000 10.416667
830 0.000029 0.009326 600.000000 10.909091
830 0.000029 0.010475 700.000000 11.345219
830 0.000033 0.011735 800.000000 11.111111
840 0.000061 0.004771 100.000000 10.204082
840 0.000038 0.005866 200.000000 9.259259
840 0.000045 0.007633 300.000000 9.090909
840 0.000038 0.007860 400.000000 9.756098
840 0.000033 0.009014 500.000000 10.438414
840 0.000030 0.009002 600.000000 10.948905
840 0.000029 0.010425 700.000000 11.382113
840 0.000031 0.011386 800.000000 11.034483
850 0.000061 0.006330 100.000000 9.708738
850 0.000048 0.005237 200.000000 9.216590
850 0.000048 0.006666 300.000000 9.090909
850 0.000041 0.007949 400.000000 9.803922
850 0.000035 0.008543 500.000000 10.504202
850 0.000032 0.008754 600.000000 11.009174
850 0.000029 0.010441 700.000000 11.419250
850 0.000035 0.011346 800.000000 10.973937
860 0.000068 0.007076 100.000000 9.433962
860 0.000047 0.004826 200.000000 9.216590
860 0.000049 0.006637 300.000000 9.118541
860 0.000041 0.008578 400.000000 9.900990
860 0.000034 0.008720 500.000000 10.570825
860 0.000032 0.008999 600.000000 11.070110
860 0.000030 0.010739 700.000000 11.494253
870 0.000093 0.008323 100.000000 9.009009
870 0.000056 0.005046 200.000000 9.174312
870 0.000054 0.007480 300.000000 9.146341
870 0.000046 0.009808 400.000000 9.975062
870 0.000039 0.009731 500.000000 10.638298
870 0.000035 0.010411 600.000000 11.131725
870 0.000032 0.012352 700.000000 11.532125
880 0.000118 0.008722 100.000000 8.620689
880 0.000077 0.007205 200.000000 9.009009
880 0.000061 0.009604 300.000000 9.174312
880 0.000048 0.011836 400.000000 10.025063
880 0.000041 0.011640 500.000000 10.683761
880 0.000036 0.012491 600.000000 11.194030
880 0.000034 0.014437 700.000000 11.570248
890 0.000090 0.009861 100.000000 8.403361
890 0.000090 0.009959 200.000000 8.733624
890 0.000053 0.010487 300.000000 9.202454
890 0.000043 0.012395 400.000000 10.101010
890 0.000042 0.012082 500.000000 10.729613
890 0.000036 0.012580 600.000000 11.235955
890 0.000034 0.014207 700.000000 11.570248
900 0.000095 0.011322 100.000000 8.264462
900 0.000079 0.012047 200.000000 8.510638
900 0.000055 0.011765 300.000000 9.259259
900 0.000047 0.013690 400.000000 10.152285
900 0.000042 0.013226 500.000000 10.775862
900 0.000038 0.013839 600.000000 11.278195
900 0.000039 0.015258 700.000000 11.419250
910 0.000094 0.011625 100.000000 8.130081
910 0.000079 0.012844 200.000000 8.403361
910 0.000056 0.012309 300.000000 9.287926
910 0.000047 0.014011 400.000000 10.204082
910 0.000043 0.013522 500.000000 10.822511
910 0.000041 0.014505 600.000000 11.320755
910 0.000050 0.016093 700.000000 11.217949
920 0.000105 0.011400 100.000000 8.130081
920 0.000076 0.013625 200.000000 8.403361
920 0.000060 0.013248 300.000000 9.345795
920 0.000051 0.014567 400.000000 10.256411
920 0.000045 0.014081 500.000000 10.893247
920 0.000041 0.015202 600.000000 11.406844
920 0.000041 0.016480 700.000000 11.128776
930 0.000102 0.012116 100.000000 8.264462
930 0.000077 0.014544 200.000000 8.474576
930 0.000060 0.013896 300.000000 9.463722
930 0.000052 0.015029 400.000000 10.389610
930 0.000044 0.014508 500.000000 10.989011
930 0.000041 0.015829 600.000000 11.494253
930 0.000039 0.016545 700.000000 11.128776
940 0.000089 0.011803 100.000000 8.403361
940 0.000072 0.013835 200.000000 8.583691
940 0.000059 0.013865 300.000000 9.615385
940 0.000051 0.014680 400.000000 10.526316
940 0.000046 0.014192 500.000000 11.111111
940 0.000041 0.015617 600.000000 11.605416
940 0.000038 0.015996 700.000000 11.146497
950 0.000083 0.007659 100.000000 8.620689
950 0.000062 0.009910 200.000000 8.733624
950 0.000060 0.011142 300.000000 9.771987
950 0.000049 0.011608 400.000000 10.666667
950 0.000045 0.011471 500.000000 11.235955
950 0.000040 0.013233 600.000000 11.718750
950 0.000041 0.014017 700.000000 11.146497
960 0.000068 0.007801 100.000000 8.849558
960 0.000061 0.009321 200.000000 8.849558
960 0.000056 0.010882 300.000000 9.933775
960 0.000045 0.010725 400.000000 10.781672
960 0.000044 0.010438 500.000000 11.363636
960 0.000039 0.012189 600.000000 11.834319
960 0.000043 0.013045 700.000000 11.146497
970 0.000043 0.007584 100.000000 9.009009
970 0.000052 0.007249 200.000000 8.968610
970 0.000053 0.008647 300.000000 10.101010
970 0.000042 0.008085 400.000000 10.928962
970 0.000042 0.007780 500.000000 11.494253
970 0.000038 0.009792 600.000000 11.952191
980 0.000028 0.007474 100.000000 9.259259
980 0.000043 0.008083 200.000000 9.174312
980 0.000049 0.009758 300.000000 10.273973
980 0.000042 0.008671 400.000000 11.080333
980 0.000042 0.008413 500.000000 11.627907
980 0.000035 0.010265 600.000000 12.072434
990 0.000039 0.008869 100.000000 9.345795
990 0.000033 0.009488 200.000000 9.345795
990 0.000040 0.010567 300.000000 10.452962
990 0.000032 0.009035 400.000000 11.235955
990 0.000036 0.008424 500.000000 11.792453
990 0.000030 0.009934 600.000000 12.195122
1000 0.000071 0.008588 100.000000 9.174312
1000 0.000040 0.007881 200.000000 9.523809
1000 0.000036 0.009151 300.000000 10.638298
1000 0.000032 0.007618 400.000000 11.396011
1000 0.000035 0.007174 500.000000 11.904762
1000 0.000031 0.008903 600.000000 12.269938
1010 0.000102 0.009095 100.000000 8.928572
1010 0.000038 0.006556 200.000000 9.661836
1010 0.000037 0.008303 300.000000 10.791367
1010 0.000040 0.006709 400.000000 11.527377
1010 0.000036 0.006560 500.000000 12.048193
1010 0.000032 0.008180 600.000000 12.295082
1020 0.000089 0.009549 100.000000 8.695652
1020 0.000045 0.006761 200.000000 9.756098
1020 0.000041 0.008790 300.000000 10.948905
1020 0.000041 0.007212 400.000000 11.627907
1020 0.000039 0.007560 500.000000 12.135922
1020 0.000040 0.009024 600.000000 12.170385
1030 0.000080 0.010600 100.000000 8.620689
1030 0.000044 0.007330 200.000000 9.900990
1030 0.000044 0.009187 300.000000 11.070110
1030 0.000041 0.007638 400.000000 11.730206
1030 0.000042 0.008297 500.000000 12.224939
1030 0.000053 0.009956 600.000000 11.952191
1040 0.000071 0.010176 100.000000 8.620689
1040 0.000050 0.006639 200.000000 10.000000
1040 0.000043 0.007977 300.000000 11.194030
1040 0.000040 0.006335 400.000000 11.834319
1040 0.000037 0.007337 500.000000 12.345679
1040 0.000045 0.009140 600.000000 11.834319
1050 0.000063 0.011537 100.000000 8.620689
1050 0.000051 0.007791 200.000000 10.152285
1050 0.000045 0.008653 300.000000 11.320755
1050 0.000040 0.007039 400.000000 11.940298
1050 0.000035 0.008257 500.000000 12.437811
1050 0.000041 0.009617 600.000000 11.764706
1060 0.000055 0.010623 100.000000 8.695652
1060 0.000048 0.008795 200.000000 10.309278
1060 0.000045 0.008746 300.000000 11.450381
1060 0.000043 0.007147 400.000000 12.048193
1060 0.000035 0.008507 500.000000 12.531328
1060 0.000039 0.009548 600.000000 11.718750
1070 0.000062 0.010611 100.000000 8.771930
1070 0.000054 0.010331 200.000000 10.471204
1070 0.000042 0.009033 300.000000 11.583012
1070 0.000040 0.007435 400.000000 12.158054
1070 0.000037 0.008796 500.000000 12.626263
1070 0.000044 0.009864 600.000000 11.627907
1080 0.000062 0.011864 100.000000 8.849558
1080 0.000061 0.012194 200.000000 10.695188
1080 0.000044 0.010130 300.000000 11.718750
1080 0.000045 0.008683 400.000000 12.307693
1080 0.000039 0.010364 500.000000 12.755102
1090 0.000065 0.010828 100.000000 9.009009
1090 0.000067 0.011586 200.000000 10.869565
1090 0.000052 0.008684 300.000000 11.904762
1090 0.000050 0.007754 400.000000 12.461060
1090 0.000040 0.009598 500.000000 12.853471
1100 0.000084 0.010207 100.000000 9.345795
1100 0.000069 0.011166 200.000000 11.173184
1100 0.000053 0.008231 300.000000 12.096774
1100 0.000052 0.007770 400.000000 12.658228
1100 0.000043 0.009817 500.000000 12.987013
1110 0.000063 0.010399 100.000000 9.803922
1110 0.000065 0.011885 200.000000 11.560694
1110 0.000049 0.009462 300.000000 12.396694
1110 0.000050 0.008336 400.000000 12.861736
1110 0.000042 0.009858 500.000000 13.157895
1120 0.000041 0.010464 100.000000 10.309278
1120 0.000048 0.012608 200.000000 11.976048
1120 0.000043 0.010838 300.000000 12.658228
1120 0.000041 0.009480 400.000000 13.114754
1120 0.000032 0.010072 500.000000 13.262600
1130 0.000027 0.007991 100.000000 10.869565
1130 0.000040 0.010868 200.000000 12.345679
1130 0.000035 0.008822 300.000000 12.931034
1130 0.000037 0.007813 400.000000 13.333333
1130 0.000029 0.008398 500.000000 13.262600
1140 0.000020 0.005644 100.000000 11.235955
1140 0.000031 0.009154 200.000000 12.658228
1140 0.000034 0.006842 300.000000 13.157895
1140 0.000034 0.006217 400.000000 13.559322
1140 0.000040 0.006623 500.000000 13.054831
1150 0.000020 0.004569 100.000000 11.627907
1150 0.000036 0.007895 200.000000 12.903226
1150 0.000034 0.005333 300.000000 13.333333
1150 0.000032 0.004932 400.000000 13.698630
1150 0.000049 0.005664 500.000000 12.820513
1160 0.000040 0.004476 100.000000 11.904762
1160 0.000039 0.007772 200.000000 13.157895
1160 0.000037 0.005156 300.000000 13.513514
1160 0.000034 0.005633 400.000000 13.840831
1160 0.000043 0.006399 500.000000 12.690355
1170 0.000054 0.006021 100.000000 12.345679
1170 0.000044 0.007978 200.000000 13.333333
1170 0.000043 0.005555 300.000000 13.698630
1170 0.000034 0.006370 400.000000 13.986014
1170 0.000041 0.006983 500.000000 12.594459
1180 0.000068 0.010524 100.000000 12.658228
1180 0.000051 0.009753 200.000000 13.605442
1180 0.000047 0.007230 300.000000 13.824884
1180 0.000040 0.008203 400.000000 14.084507
1180 0.000044 0.008338 500.000000 12.468828
1190 0.000096 0.012671 100.000000 13.157895
1190 0.000058 0.009908 200.000000 13.793103
1190 0.000055 0.007464 300.000000 14.018692
1190 0.000043 0.008857 400.000000 14.234876
1200 0.000087 0.013143 100.000000 13.513514
1200 0.000050 0.009294 200.000000 13.986014
1200 0.000050 0.007195 300.000000 14.150944
1200 0.000037 0.008604 400.000000 14.285714
1210 0.000072 0.013018 100.000000 13.698630
1210 0.000044 0.008794 200.000000 14.084507
1210 0.000049 0.006762 300.000000 14.285714
1210 0.000037 0.008189 400.000000 14.285714
1220 0.000065 0.012995 100.000000 13.888889
1220 0.000046 0.007615 200.000000 14.184397
1220 0.000045 0.005987 300.000000 14.354067
1220 0.000033 0.007076 400.000000 13.986014
1230 0.000065 0.012518 100.000000 14.084507
1230 0.000055 0.006651 200.000000 14.285714
1230 0.000045 0.005696 300.000000 14.423077
1230 0.000066 0.006195 400.000000 13.333333
1240 0.000051 0.011477 100.000000 14.285714
1240 0.000038 0.005800 200.000000 14.285714
1240 0.000033 0.005340 300.000000 14.492754
1240 0.000051 0.005626 400.000000 12.861736
1250 0.000037 0.010906 100.000000 14.285714
1250 0.000039 0.006313 200.000000 14.388489
1250 0.000030 0.006575 300.000000 14.492754
1250 0.000042 0.005964 400.000000 12.578616
1260 0.000018 0.008249 100.000000 14.285714
1260 0.000031 0.005143 200.000000 14.388489
1260 0.000028 0.005521 300.000000 14.563107
1260 0.000050 0.005723 400.000000 12.232416
1270 0.000033 0.007648 100.000000 14.285714
1270 0.000037 0.004920 200.000000 14.388489
1270 0.000025 0.005509 300.000000 14.492754
1280 0.000038 0.004546 100.000000 14.084507
1280 0.000037 0.002278 200.000000 14.388489
1280 0.000027 0.004190 300.000000 14.423077
1290 0.000042 0.003411 100.000000 14.084507
1290 0.000040 0.002095 200.000000 14.388489
1290 0.000031 0.003370 300.000000 13.953488
1300 0.000040 0.003256 100.000000 14.084507
1300 0.000043 0.001834 200.000000 14.388489
1300 0.000080 0.002603 300.000000 12.931034
1310 0.000028 0.003419 100.000000 14.084507
1310 0.000024 0.002723 200.000000 14.492754
1310 0.000057 0.003671 300.000000 12.345679
1320 0.000047 0.003097 100.000000 14.084507
1320 0.000026 0.003824 200.000000 14.492754
1320 0.000052 0.004554 300.000000 12.000000
1330 0.000048 0.002652 100.000000 14.084507
1330 0.000033 0.004955 200.000000 14.492754
1330 0.000065 0.006444 300.000000 11.538462
1340 0.000055 0.003668 100.000000 14.084507
1340 0.000035 0.007120 200.000000 14.492754
1350 0.000062 0.002865 100.000000 14.285714
1350 0.000038 0.007391 200.000000 14.285714
1360 0.000050 0.003790 100.000000 14.285714
1360 0.000025 0.005365 200.000000 13.605442
1370 0.000060 0.004047 100.000000 14.492754
1370 0.000106 0.004787 200.000000 12.269938
1380 0.000035 0.005680 100.000000 14.492754
1380 0.000083 0.006538 200.000000 11.494253
1390 0.000030 0.007708 100.000000 14.492754
1390 0.000075 0.006803 200.000000 11.049724
1400 0.000032 0.008929 100.000000 14.492754
1410 0.000046 0.010231 100.000000 14.492754
1420 0.000040 0.009767 100.000000 13.888889
1430 0.000066 0.006220 100.000000 12.195122
1440 0.000192 0.006967 100.000000 10.101010
1450 0.000172 0.007667 100.000000 9.259259
1460 0.000188 0.010720 100.000000 8.547009
