0 0.000022 0.005764 100.000000 13.513514
0 0.000032 0.003792 200.000000 13.605442
0 0.000026 0.003247 300.000000 14.084507
10 0.000014 0.005606 100.000000 13.513514
10 0.000021 0.003436 200.000000 13.698630
10 0.000021 0.002875 300.000000 14.150944
20 0.000014 0.006070 100.000000 13.513514
20 0.000034 0.003357 200.000000 13.698630
20 0.000024 0.002774 300.000000 14.285714
30 0.000012 0.006312 100.000000 13.513514
30 0.000030 0.004028 200.000000 13.793103
30 0.000023 0.003856 300.000000 14.354067
40 0.000018 0.006334 100.000000 13.333333
40 0.000037 0.003372 200.000000 13.888889
40 0.000027 0.003493 300.000000 14.492754
50 0.000047 0.005570 100.000000 13.333333
50 0.000047 0.002402 200.000000 13.986014
50 0.000031 0.002881 300.000000 14.563107
60 0.000069 0.003842 100.000000 13.333333
60 0.000053 0.002584 200.000000 13.986014
60 0.000031 0.002632 300.000000 14.634147
70 0.000074 0.002815 100.000000 13.333333
70 0.000051 0.002623 200.000000 14.184397
80 0.000075 0.003560 100.000000 13.513514
80 0.000048 0.003251 200.000000 14.285714
90 0.000069 0.003257 100.000000 13.513514
90 0.000040 0.003224 200.000000 14.492754
100 0.000063 0.004026 100.000000 13.698630
100 0.000036 0.004136 200.000000 14.705882
110 0.000057 0.005182 100.000000 14.084507
110 0.000033 0.005377 200.000000 14.814815
120 0.000056 0.005803 100.000000 14.285714
120 0.000031 0.005355 200.000000 15.037594
130 0.000051 0.005811 100.000000 14.492754
130 0.000024 0.005534 200.000000 15.151515
140 0.000033 0.005853 100.000000 14.705882
140 0.000024 0.005339 200.000000 15.384615
150 0.000027 0.005170 100.000000 14.925373
160 0.000031 0.005811 100.000000 15.151515
170 0.000045 0.006709 100.000000 15.384615
180 0.000043 0.006447 100.000000 15.384615
190 0.000058 0.008120 100.000000 15.625000
200 0.000040 0.006935 100.000000 15.625000
