0 0.000159 0.011087 100.000000 11.627907
0 0.000089 0.011537 200.000000 12.048193
0 0.000051 0.012528 300.000000 10.273973
0 0.000033 0.009012 400.000000 10.282776
0 0.000029 0.005206 500.000000 10.330579
0 0.000026 0.002800 600.000000 10.771993
0 0.000026 0.001301 700.000000 11.128776
0 0.000016 0.001396 800.000000 10.796222
10 0.000010 0.005805 100.000000 11.627907
10 0.000021 0.005815 200.000000 12.048193
10 0.000028 0.004034 300.000000 9.771987
10 0.000018 0.002742 400.000000 10.335917
10 0.000017 0.002534 500.000000 10.309278
10 0.000013 0.002743 600.000000 10.791367
10 0.000012 0.002869 700.000000 11.146497
10 0.000003 0.001352 800.000000 10.796222
20 0.000035 0.005450 100.000000 11.764706
20 0.000030 0.005267 200.000000 11.904762
20 0.000023 0.004823 300.000000 9.615385
20 0.000019 0.003285 400.000000 10.362695
20 0.000019 0.002967 500.000000 10.330579
20 0.000013 0.002826 600.000000 10.830325
20 0.000011 0.002732 700.000000 11.164274
20 0.000002 0.001137 800.000000 10.810811
30 0.000035 0.004911 100.000000 11.764706
30 0.000029 0.004740 200.000000 11.494253
30 0.000022 0.004527 300.000000 9.615385
30 0.000018 0.003178 400.000000 10.416667
30 0.000016 0.003120 500.000000 10.373444
30 0.000012 0.002942 600.000000 10.849910
30 0.000011 0.002790 700.000000 11.164274
30 0.000001 0.001048 800.000000 10.825439
40 0.000043 0.005143 100.000000 11.904762
40 0.000033 0.004701 200.000000 11.049724
40 0.000023 0.004447 300.000000 9.615385
40 0.000019 0.003276 400.000000 10.443864
40 0.000016 0.003219 500.000000 10.416667
40 0.000013 0.003013 600.000000 10.889292
40 0.000011 0.002819 700.000000 11.164274
40 0.000002 0.000979 800.000000 10.854816
50 0.000023 0.005978 100.000000 11.904762
50 0.000030 0.005418 200.000000 10.752688
50 0.000027 0.003898 300.000000 9.646302
50 0.000021 0.003093 400.000000 10.416667
50 0.000017 0.003391 500.000000 10.438414
50 0.000013 0.003478 600.000000 10.909091
50 0.000015 0.003452 700.000000 11.093502
50 0.000002 0.001240 800.000000 10.884354
60 0.000018 0.006377 100.000000 12.048193
60 0.000026 0.005831 200.000000 10.526316
60 0.000028 0.003622 300.000000 9.708738
60 0.000022 0.003159 400.000000 10.282776
60 0.000019 0.003557 500.000000 10.482181
60 0.000014 0.003750 600.000000 10.948905
60 0.000021 0.002971 700.000000 10.869565
60 0.000003 0.001208 800.000000 10.914052
70 0.000019 0.006728 100.000000 12.048193
70 0.000020 0.006085 200.000000 10.309278
70 0.000028 0.003596 300.000000 9.740260
70 0.000020 0.003314 400.000000 10.126582
70 0.000017 0.003756 500.000000 10.526316
70 0.000015 0.004032 600.000000 10.968922
70 0.000010 0.002720 700.000000 10.719755
70 0.000002 0.001254 800.000000 10.943913
80 0.000018 0.006989 100.000000 12.195122
80 0.000011 0.005664 200.000000 9.900990
80 0.000028 0.003651 300.000000 9.803922
80 0.000021 0.003592 400.000000 10.025063
80 0.000019 0.004038 500.000000 10.570825
80 0.000016 0.004284 600.000000 11.009174
80 0.000006 0.002777 700.000000 10.654490
80 0.000002 0.001285 800.000000 10.973937
90 0.000029 0.006925 100.000000 12.195122
90 0.000058 0.004276 200.000000 9.174312
90 0.000025 0.003646 300.000000 9.868421
90 0.000020 0.003976 400.000000 10.000000
90 0.000018 0.004312 500.000000 10.593221
90 0.000016 0.004437 600.000000 11.029411
90 0.000006 0.002661 700.000000 10.654490
90 0.000002 0.001232 800.000000 11.004127
100 0.000031 0.006327 100.000000 12.048193
100 0.000036 0.004415 200.000000 8.810573
100 0.000026 0.003785 300.000000 9.933775
100 0.000019 0.004395 400.000000 10.000000
100 0.000017 0.004655 500.000000 10.615711
100 0.000016 0.004734 600.000000 11.049724
100 0.000005 0.002629 700.000000 10.654490
100 0.000003 0.001209 800.000000 11.019283
110 0.000032 0.006428 100.000000 11.363636
110 0.000032 0.004751 200.000000 8.733624
110 0.000028 0.004031 300.000000 9.966778
110 0.000022 0.004860 400.000000 10.025063
110 0.000018 0.005000 500.000000 10.638298
110 0.000016 0.005045 600.000000 11.049724
110 0.000004 0.002677 700.000000 10.670732
110 0.000002 0.001223 800.000000 11.034483
120 0.000033 0.006680 100.000000 10.416667
120 0.000039 0.004431 200.000000 8.733624
120 0.000029 0.004368 300.000000 10.000000
120 0.000024 0.005293 400.000000 10.050251
120 0.000018 0.005459 500.000000 10.660981
120 0.000018 0.005512 600.000000 11.029411
120 0.000004 0.002844 700.000000 10.703364
120 0.000002 0.001297 800.000000 11.049724
130 0.000030 0.006057 100.000000 9.803922
130 0.000038 0.004103 200.000000 8.771930
130 0.000029 0.004827 300.000000 9.966778
130 0.000023 0.005711 400.000000 10.075566
130 0.000018 0.005836 500.000000 10.683761
130 0.000019 0.005841 600.000000 10.968922
130 0.000004 0.002761 700.000000 10.719755
130 0.000003 0.001170 800.000000 11.049724
140 0.000037 0.005969 100.000000 9.345795
140 0.000044 0.004483 200.000000 8.771930
140 0.000030 0.005260 300.000000 9.803922
140 0.000023 0.005898 400.000000 10.126582
140 0.000019 0.006000 500.000000 10.706638
140 0.000026 0.005246 600.000000 10.733453
140 0.000003 0.002652 700.000000 10.752688
140 0.000003 0.001128 800.000000 11.065007
150 0.000028 0.006239 100.000000 8.928572
150 0.000045 0.005085 200.000000 8.810573
150 0.000029 0.005975 300.000000 9.584664
150 0.000024 0.006407 400.000000 10.152285
150 0.000020 0.006550 500.000000 10.729613
150 0.000017 0.004830 600.000000 10.507881
150 0.000004 0.002702 700.000000 10.769231
150 0.000002 0.001155 800.000000 11.065007
160 0.000033 0.005877 100.000000 8.264462
160 0.000049 0.005865 200.000000 8.849558
160 0.000033 0.006923 300.000000 9.404388
160 0.000027 0.007303 400.000000 10.178117
160 0.000022 0.007425 500.000000 10.752688
160 0.000011 0.005369 600.000000 10.416667
160 0.000005 0.003045 700.000000 10.802469
160 0.000003 0.001373 800.000000 11.065007
170 0.000128 0.003304 100.000000 7.299270
170 0.000050 0.006720 200.000000 8.928572
170 0.000034 0.007996 300.000000 9.375000
170 0.000028 0.008257 400.000000 10.204082
170 0.000023 0.008256 500.000000 10.775862
170 0.000011 0.005689 600.000000 10.398614
170 0.000006 0.003231 700.000000 10.819165
170 0.000004 0.001538 800.000000 11.080333
180 0.000104 0.005424 100.000000 6.896552
180 0.000051 0.007440 200.000000 9.049774
180 0.000035 0.008534 300.000000 9.404388
180 0.000027 0.008639 400.000000 10.256411
180 0.000024 0.008540 500.000000 10.822511
180 0.000011 0.005528 600.000000 10.416667
180 0.000006 0.003135 700.000000 10.852714
180 0.000004 0.001551 800.000000 11.080333
190 0.000093 0.006759 100.000000 6.896552
190 0.000053 0.008343 200.000000 9.174312
190 0.000038 0.009432 300.000000 9.493670
190 0.000028 0.009333 400.000000 10.362695
190 0.000026 0.009191 500.000000 10.893247
190 0.000011 0.005811 600.000000 10.471204
190 0.000007 0.003279 700.000000 10.920437
190 0.000004 0.001633 800.000000 11.095700
200 0.000091 0.007486 100.000000 7.092198
200 0.000056 0.009052 200.000000 9.389671
200 0.000037 0.009975 300.000000 9.646302
200 0.000028 0.009785 400.000000 10.471204
200 0.000026 0.009563 500.000000 10.989011
200 0.000012 0.005841 600.000000 10.563380
200 0.000007 0.003261 700.000000 10.989011
200 0.000005 0.001662 800.000000 11.142061
210 0.000085 0.008573 100.000000 7.299270
210 0.000054 0.009615 200.000000 9.615385
210 0.000038 0.010215 300.000000 9.803922
210 0.000029 0.009903 400.000000 10.610080
210 0.000025 0.009637 500.000000 11.086474
210 0.000010 0.005724 600.000000 10.676157
210 0.000006 0.003188 700.000000 11.075950
210 0.000004 0.001602 800.000000 11.204482
220 0.000088 0.009248 100.000000 7.575758
220 0.000053 0.010150 200.000000 9.803922
220 0.000038 0.010602 300.000000 9.966778
220 0.000029 0.010189 400.000000 10.752688
220 0.000027 0.009885 500.000000 11.160714
220 0.000009 0.005679 600.000000 10.771993
220 0.000007 0.003141 700.000000 11.164274
220 0.000004 0.001576 800.000000 11.267606
230 0.000099 0.010257 100.000000 7.812500
230 0.000057 0.011095 200.000000 10.000000
230 0.000040 0.011356 300.000000 10.135135
230 0.000031 0.010890 400.000000 10.899182
230 0.000029 0.010564 500.000000 11.210762
230 0.000010 0.005854 600.000000 10.869565
230 0.000007 0.003171 700.000000 11.235955
230 0.000003 0.001561 800.000000 11.315417
240 0.000096 0.011341 100.000000 8.064516
240 0.000056 0.011489 200.000000 10.050251
240 0.000041 0.011489 300.000000 10.273973
240 0.000032 0.010963 400.000000 11.019283
240 0.000033 0.010271 500.000000 11.135858
240 0.000009 0.005591 600.000000 10.948905
240 0.000008 0.003042 700.000000 11.308562
240 0.000005 0.001464 800.000000 11.363636
250 0.000099 0.012204 100.000000 8.333333
250 0.000054 0.011532 200.000000 10.000000
250 0.000038 0.011127 300.000000 10.416667
250 0.000031 0.010579 400.000000 11.142061
250 0.000037 0.008794 500.000000 10.964912
250 0.000008 0.005117 600.000000 11.029411
250 0.000007 0.002781 700.000000 11.363636
250 0.000004 0.001357 800.000000 11.428572
260 0.000096 0.013403 100.000000 8.620689
260 0.000051 0.011955 200.000000 9.852217
260 0.000037 0.010970 300.000000 10.563380
260 0.000031 0.010364 400.000000 11.267606
260 0.000021 0.007922 500.000000 10.845987
260 0.000006 0.004828 600.000000 11.131725
260 0.000006 0.002620 700.000000 11.437908
260 0.000005 0.001269 800.000000 11.494253
270 0.000096 0.014477 100.000000 8.928572
270 0.000052 0.012604 200.000000 9.900990
270 0.000038 0.011357 300.000000 10.752688
270 0.000032 0.010722 400.000000 11.396011
270 0.000012 0.008035 500.000000 10.869565
270 0.000008 0.004879 600.000000 11.235955
270 0.000007 0.002650 700.000000 11.513158
270 0.000004 0.001253 800.000000 11.577424
280 0.000089 0.012605 100.000000 9.433962
280 0.000046 0.010452 200.000000 10.050251
280 0.000035 0.009124 300.000000 10.989011
280 0.000027 0.008424 400.000000 11.594203
280 0.000007 0.006147 500.000000 10.964912
280 0.000004 0.003752 600.000000 11.342155
280 0.000005 0.002102 700.000000 11.608624
280 0.000004 0.000951 800.000000 11.678832
290 0.000088 0.009528 100.000000 10.101010
290 0.000043 0.007776 200.000000 10.309278
290 0.000029 0.006508 300.000000 11.235955
290 0.000021 0.005816 400.000000 11.834319
290 0.000006 0.004339 500.000000 11.086474
290 0.000005 0.002784 600.000000 11.494253
290 0.000007 0.001703 700.000000 11.725293
290 0.000006 0.000798 800.000000 11.782032
300 0.000074 0.004550 100.000000 10.869565
300 0.000040 0.004143 200.000000 10.638298
300 0.000023 0.003129 300.000000 11.538462
300 0.000014 0.002489 400.000000 12.048193
300 0.000011 0.003768 500.000000 11.235955
300 0.000011 0.002807 600.000000 11.650485
300 0.000012 0.002096 700.000000 11.864407
300 0.000011 0.001208 800.000000 11.904762
310 0.000096 0.004446 100.000000 11.764706
310 0.000052 0.006776 200.000000 10.989011
310 0.000031 0.006884 300.000000 11.857708
310 0.000022 0.007094 400.000000 12.307693
310 0.000022 0.008354 500.000000 11.389522
310 0.000021 0.005910 600.000000 11.811024
310 0.000021 0.004019 700.000000 11.986301
310 0.000019 0.002268 800.000000 12.030075
320 0.000047 0.004640 100.000000 12.500000
320 0.000028 0.005606 200.000000 11.299435
320 0.000012 0.004238 300.000000 12.096774
320 0.000008 0.003335 400.000000 12.500000
320 0.000012 0.003681 500.000000 11.520738
320 0.000011 0.002726 600.000000 11.928430
320 0.000012 0.002174 700.000000 12.068966
320 0.000011 0.001417 800.000000 12.121212
330 0.000020 0.007215 100.000000 13.157895
330 0.000013 0.007580 200.000000 11.494253
330 0.000012 0.006001 300.000000 12.295082
330 0.000015 0.004929 400.000000 12.618297
330 0.000013 0.003306 500.000000 11.627907
330 0.000009 0.002001 600.000000 12.024048
330 0.000010 0.001697 700.000000 12.110726
330 0.000010 0.001221 800.000000 12.195122
340 0.000027 0.007670 100.000000 13.698630
340 0.000011 0.007769 200.000000 11.695907
340 0.000017 0.006082 300.000000 12.396694
340 0.000019 0.005060 400.000000 12.658228
340 0.000013 0.003111 500.000000 11.682243
340 0.000009 0.001921 600.000000 12.072434
340 0.000010 0.001649 700.000000 12.110726
340 0.000010 0.001242 800.000000 12.232416
350 0.000039 0.007340 100.000000 13.698630
350 0.000024 0.007378 200.000000 11.764706
350 0.000027 0.005868 300.000000 12.448133
350 0.000023 0.004958 400.000000 12.618297
350 0.000015 0.002670 500.000000 11.709601
350 0.000013 0.001681 600.000000 12.072434
350 0.000013 0.001475 700.000000 12.068966
350 0.000012 0.001267 800.000000 12.232416
360 0.000033 0.006819 100.000000 13.333333
360 0.000019 0.006423 200.000000 11.834319
360 0.000026 0.005108 300.000000 12.448133
360 0.000023 0.004369 400.000000 12.383901
360 0.000013 0.002584 500.000000 11.737089
360 0.000013 0.001889 600.000000 12.072434
360 0.000013 0.001575 700.000000 12.048193
360 0.000013 0.001418 800.000000 12.213740
370 0.000032 0.006150 100.000000 12.048193
370 0.000019 0.005147 200.000000 11.834319
370 0.000026 0.003994 300.000000 12.500000
370 0.000033 0.002942 400.000000 11.799410
370 0.000013 0.002769 500.000000 11.764706
370 0.000012 0.002330 600.000000 12.072434
370 0.000012 0.001774 700.000000 12.048193
370 0.000012 0.001479 800.000000 12.066365
380 0.000010 0.007651 100.000000 10.869565
380 0.000011 0.005728 200.000000 11.834319
380 0.000023 0.004703 300.000000 12.448133
380 0.000019 0.004291 400.000000 11.428572
380 0.000015 0.002795 500.000000 11.792453
380 0.000015 0.002323 600.000000 12.048193
380 0.000013 0.001755 700.000000 12.048193
380 0.000012 0.001498 800.000000 11.922503
390 0.000017 0.008116 100.000000 10.309278
390 0.000012 0.005553 200.000000 11.834319
390 0.000022 0.004296 300.000000 12.448133
390 0.000018 0.004282 400.000000 11.299435
390 0.000014 0.002855 500.000000 11.792453
390 0.000015 0.002390 600.000000 12.000000
390 0.000013 0.001795 700.000000 12.048193
390 0.000011 0.001495 800.000000 11.816839
400 0.000010 0.008350 100.000000 10.101010
400 0.000014 0.006040 200.000000 11.764706
400 0.000018 0.004871 300.000000 12.396694
400 0.000019 0.003977 400.000000 11.235955
400 0.000015 0.002659 500.000000 11.764706
400 0.000014 0.002273 600.000000 11.952191
400 0.000013 0.001825 700.000000 12.027492
400 0.000012 0.001597 800.000000 11.713031
410 0.000007 0.008476 100.000000 10.000000
410 0.000015 0.005784 200.000000 11.764706
410 0.000020 0.004692 300.000000 12.295082
410 0.000019 0.003686 400.000000 11.235955
410 0.000015 0.002602 500.000000 11.764706
410 0.000014 0.002238 600.000000 11.857708
410 0.000014 0.001877 700.000000 12.027492
410 0.000012 0.001603 800.000000 11.577424
420 0.000013 0.008157 100.000000 10.101010
420 0.000019 0.006053 200.000000 11.764706
420 0.000020 0.005051 300.000000 12.244898
420 0.000020 0.003489 400.000000 11.267606
420 0.000015 0.002549 500.000000 11.764706
420 0.000015 0.002194 600.000000 11.811024
420 0.000015 0.002042 700.000000 12.027492
430 0.000010 0.007093 100.000000 10.309278
430 0.000023 0.005269 200.000000 11.904762
430 0.000022 0.004818 300.000000 12.096774
430 0.000020 0.003378 400.000000 11.331445
430 0.000017 0.002735 500.000000 11.792453
430 0.000015 0.002300 600.000000 11.811024
430 0.000016 0.002194 700.000000 12.027492
440 0.000007 0.006423 100.000000 10.752688
440 0.000024 0.004718 200.000000 12.195122
440 0.000026 0.003912 300.000000 11.904762
440 0.000020 0.003243 400.000000 11.461318
440 0.000015 0.002807 500.000000 11.876485
440 0.000015 0.002368 600.000000 11.881188
440 0.000016 0.002291 700.000000 12.027492
450 0.000010 0.006008 100.000000 11.363636
450 0.000028 0.004683 200.000000 12.500000
450 0.000048 0.003889 300.000000 11.627907
450 0.000019 0.003092 400.000000 11.627907
450 0.000015 0.002799 500.000000 12.019231
450 0.000015 0.002415 600.000000 11.976048
450 0.000015 0.002395 700.000000 12.048193
460 0.000016 0.005142 100.000000 12.048193
460 0.000026 0.004218 200.000000 12.903226
460 0.000033 0.003424 300.000000 11.583012
460 0.000019 0.002672 400.000000 11.799410
460 0.000016 0.002772 500.000000 12.135922
460 0.000014 0.002509 600.000000 12.096774
460 0.000013 0.002499 700.000000 12.048193
470 0.000015 0.004846 100.000000 12.820513
470 0.000026 0.004079 200.000000 13.333333
470 0.000027 0.004150 300.000000 11.583012
470 0.000019 0.002942 400.000000 11.976048
470 0.000017 0.002912 500.000000 12.254902
470 0.000015 0.002580 600.000000 12.219959
470 0.000014 0.002505 700.000000 12.068966
480 0.000023 0.004727 100.000000 13.333333
480 0.000028 0.003922 200.000000 13.605442
480 0.000028 0.004777 300.000000 11.583012
480 0.000021 0.003327 400.000000 12.121212
480 0.000020 0.003026 500.000000 12.345679
480 0.000017 0.002613 600.000000 12.320329
480 0.000015 0.002516 700.000000 12.048193
490 0.000033 0.005386 100.000000 13.698630
490 0.000031 0.004534 200.000000 13.793103
490 0.000030 0.004175 300.000000 11.627907
490 0.000020 0.003079 400.000000 12.195122
490 0.000018 0.003020 500.000000 12.376238
490 0.000016 0.002934 600.000000 12.371134
490 0.000014 0.002961 700.000000 12.006861
500 0.000044 0.004899 100.000000 13.888889
500 0.000033 0.004260 200.000000 13.793103
500 0.000032 0.004581 300.000000 11.627907
500 0.000022 0.003585 400.000000 12.232416
500 0.000021 0.003138 500.000000 12.345679
500 0.000018 0.002872 600.000000 12.396694
500 0.000016 0.002810 700.000000 11.925042
510 0.000043 0.003729 100.000000 13.888889
510 0.000035 0.003226 200.000000 13.698630
510 0.000027 0.003924 300.000000 11.627907
510 0.000019 0.003692 400.000000 12.232416
510 0.000018 0.003272 500.000000 12.254902
510 0.000017 0.003068 600.000000 12.396694
520 0.000035 0.003935 100.000000 13.888889
520 0.000029 0.003580 200.000000 13.422819
520 0.000027 0.004109 300.000000 11.627907
520 0.000021 0.003906 400.000000 12.195122
520 0.000019 0.003433 500.000000 12.165450
520 0.000019 0.003278 600.000000 12.371134
530 0.000046 0.003860 100.000000 13.698630
530 0.000033 0.003914 200.000000 12.658228
530 0.000030 0.004396 300.000000 11.627907
530 0.000021 0.004095 400.000000 12.158054
530 0.000021 0.003543 500.000000 12.106538
530 0.000020 0.003416 600.000000 12.269938
540 0.000049 0.003388 100.000000 13.698630
540 0.000045 0.005975 200.000000 11.363636
540 0.000026 0.004508 300.000000 11.673152
540 0.000021 0.004145 400.000000 12.121212
540 0.000020 0.003530 500.000000 12.077294
540 0.000018 0.003352 600.000000 12.048193
550 0.000045 0.003251 100.000000 13.698630
550 0.000043 0.005937 200.000000 10.869565
550 0.000026 0.004542 300.000000 11.673152
550 0.000023 0.004275 400.000000 12.084592
550 0.000019 0.003789 500.000000 12.077294
550 0.000017 0.003583 600.000000 11.881188
560 0.000040 0.003367 100.000000 13.698630
560 0.000042 0.006021 200.000000 10.695188
560 0.000028 0.004867 300.000000 11.673152
560 0.000022 0.004398 400.000000 12.048193
560 0.000018 0.003979 500.000000 12.106538
560 0.000017 0.003822 600.000000 11.741683
570 0.000026 0.003152 100.000000 13.513514
570 0.000039 0.005741 200.000000 10.638298
570 0.000028 0.005145 300.000000 11.718750
570 0.000022 0.004540 400.000000 11.976048
570 0.000019 0.004103 500.000000 12.106538
570 0.000019 0.003898 600.000000 11.627907
580 0.000038 0.003668 100.000000 13.333333
580 0.000038 0.005747 200.000000 10.638298
580 0.000024 0.005496 300.000000 11.673152
580 0.000020 0.004802 400.000000 11.869436
580 0.000021 0.004458 500.000000 12.106538
590 0.000022 0.003939 100.000000 12.987013
590 0.000044 0.005986 200.000000 10.695188
590 0.000027 0.005936 300.000000 11.673152
590 0.000023 0.005223 400.000000 11.764706
590 0.000024 0.004970 500.000000 12.077294
600 0.000076 0.004282 100.000000 11.764706
600 0.000043 0.006483 200.000000 10.752688
600 0.000024 0.006449 300.000000 11.627907
600 0.000022 0.005706 400.000000 11.695907
600 0.000024 0.005455 500.000000 11.990408
610 0.000145 0.007845 100.000000 9.803922
610 0.000044 0.007018 200.000000 10.752688
610 0.000026 0.006415 300.000000 11.627907
610 0.000023 0.005510 400.000000 11.695907
610 0.000023 0.005140 500.000000 11.764706
620 0.000091 0.010951 100.000000 8.928572
620 0.000044 0.007342 200.000000 10.810811
620 0.000031 0.006417 300.000000 11.583012
620 0.000025 0.005489 400.000000 11.695907
620 0.000023 0.005116 500.000000 11.547344
630 0.000090 0.011355 100.000000 8.695652
630 0.000041 0.007696 200.000000 10.810811
630 0.000029 0.006304 300.000000 11.538462
630 0.000023 0.005396 400.000000 11.695907
630 0.000022 0.004962 500.000000 11.415525
640 0.000092 0.011178 100.000000 8.695652
640 0.000041 0.007940 200.000000 10.869565
640 0.000031 0.006215 300.000000 11.494253
640 0.000027 0.005281 400.000000 11.730206
640 0.000023 0.004860 500.000000 11.312217
650 0.000083 0.010975 100.000000 8.771930
650 0.000043 0.008007 200.000000 10.928962
650 0.000034 0.006125 300.000000 11.406844
650 0.000027 0.005302 400.000000 11.764706
650 0.000024 0.004940 500.000000 11.185682
660 0.000085 0.011198 100.000000 8.849558
660 0.000041 0.008075 200.000000 10.989011
660 0.000031 0.005934 300.000000 11.363636
660 0.000030 0.005142 400.000000 11.799410
670 0.000093 0.011827 100.000000 9.090909
670 0.000046 0.008777 200.000000 11.111111
670 0.000037 0.006775 300.000000 11.363636
670 0.000035 0.006013 400.000000 11.869436
680 0.000106 0.009800 100.000000 9.523809
680 0.000053 0.007001 200.000000 11.363636
680 0.000045 0.005561 300.000000 11.538462
680 0.000040 0.005339 400.000000 11.940298
690 0.000118 0.006096 100.000000 10.101010
690 0.000061 0.004097 200.000000 11.764706
690 0.000047 0.004258 300.000000 11.764706
690 0.000042 0.004868 400.000000 12.084592
700 0.000115 0.001974 100.000000 10.869565
700 0.000060 0.001995 200.000000 12.195122
700 0.000046 0.003857 300.000000 12.096774
700 0.000039 0.004846 400.000000 12.232416
710 0.000138 0.004648 100.000000 11.627907
710 0.000075 0.006496 200.000000 12.658228
710 0.000056 0.008238 300.000000 12.396694
710 0.000044 0.009099 400.000000 12.345679
720 0.000074 0.003856 100.000000 12.500000
720 0.000045 0.004657 200.000000 13.071896
720 0.000035 0.005291 300.000000 12.658228
720 0.000025 0.005762 400.000000 12.422360
730 0.000026 0.006508 100.000000 13.333333
730 0.000027 0.006299 200.000000 13.422819
730 0.000018 0.005771 300.000000 12.931034
730 0.000014 0.005562 400.000000 12.383901
740 0.000030 0.006151 100.000000 13.888889
740 0.000032 0.005843 200.000000 13.605442
740 0.000020 0.005732 300.000000 13.100436
740 0.000012 0.005675 400.000000 12.345679
750 0.000024 0.006403 100.000000 14.084507
750 0.000025 0.005699 200.000000 13.605442
750 0.000016 0.005625 300.000000 13.215859
750 0.000011 0.005583 400.000000 12.232416
760 0.000015 0.006563 100.000000 14.285714
760 0.000022 0.005161 200.000000 13.422819
760 0.000016 0.005152 300.000000 13.215859
760 0.000014 0.004976 400.000000 12.048193
770 0.000013 0.007333 100.000000 14.084507
770 0.000018 0.005723 200.000000 13.071896
770 0.000018 0.005713 300.000000 13.157895
780 0.000020 0.008143 100.000000 13.888889
780 0.000020 0.006482 200.000000 12.820513
780 0.000019 0.006444 300.000000 13.043478
790 0.000028 0.008200 100.000000 13.698630
790 0.000017 0.006830 200.000000 12.658228
790 0.000016 0.006803 300.000000 12.711864
800 0.000030 0.007696 100.000000 13.333333
800 0.000016 0.006343 200.000000 12.658228
800 0.000009 0.006075 300.000000 12.195122
810 0.000034 0.006893 100.000000 13.157895
810 0.000015 0.006236 200.000000 12.658228
810 0.000012 0.005894 300.000000 11.857708
820 0.000030 0.006346 100.000000 12.820513
820 0.000013 0.006060 200.000000 12.658228
820 0.000011 0.005832 300.000000 11.627907
830 0.000021 0.005557 100.000000 12.345679
830 0.000014 0.005564 200.000000 12.658228
830 0.000013 0.005220 300.000000 11.363636
840 0.000027 0.004757 100.000000 12.048193
840 0.000023 0.005255 200.000000 12.658228
850 0.000028 0.005373 100.000000 11.764706
850 0.000024 0.005840 200.000000 12.578616
860 0.000018 0.005328 100.000000 11.627907
860 0.000026 0.005993 200.000000 12.269938
870 0.000024 0.005496 100.000000 11.764706
870 0.000016 0.005683 200.000000 11.764706
880 0.000010 0.006845 100.000000 11.904762
880 0.000019 0.006507 200.000000 11.363636
890 0.000010 0.007367 100.000000 12.048193
890 0.000021 0.006884 200.000000 11.111111
900 0.000018 0.007539 100.000000 12.345679
900 0.000020 0.007030 200.000000 10.989011
910 0.000012 0.007361 100.000000 12.658228
910 0.000017 0.006638 200.000000 10.810811
920 0.000024 0.007414 100.000000 12.987013
930 0.000029 0.008379 100.000000 13.333333
940 0.000028 0.008674 100.000000 13.157895
950 0.000027 0.007807 100.000000 12.048193
960 0.000017 0.006719 100.000000 10.989011
970 0.000036 0.006820 100.000000 10.204082
980 0.000022 0.007404 100.000000 9.708738
990 0.000026 0.006232 100.000000 9.090909
