0.000000 -0.000000 0.000000 0.000000
0.020455 2.389887 -0.022789 2.272898
0.038167 4.630767 -0.027461 4.418429
0.062475 6.584575 -0.039669 6.376147
0.078062 8.294502 -0.020613 8.123383
0.036300 9.647129 -0.008285 9.603992
0.037691 10.755690 0.012346 10.856688
0.070396 11.572020 0.053088 11.801126
0.096690 12.008000 0.083028 12.493315
0.124405 12.280970 0.104454 13.023257
0.106056 12.366960 0.124555 13.464396
0.125276 12.480720 0.145343 13.857739
0.156946 12.590120 0.164830 14.233505
0.151509 12.702880 0.174492 14.608262
0.146149 12.836600 0.174444 14.980459
0.118103 12.986600 0.145283 15.395181
0.046011 13.251830 0.060146 15.895844
-0.102743 13.662450 -0.093003 16.535685
-0.377391 14.237180 -0.358497 17.300226
-0.803739 14.918100 -0.781412 18.119761
-1.393517 15.599510 -1.331283 18.935350
-2.183640 16.257910 -2.076497 19.747335
-3.168635 16.891620 -3.074071 20.548050
-4.410526 17.491970 -4.272918 21.228523
-5.887262 17.957870 -5.724110 21.799738
-7.603442 18.241840 -7.387801 22.124640
-9.593783 18.333530 -9.224365 22.240778
-11.737930 18.262400 -11.237341 22.195963
-14.123570 18.137210 -13.464173 22.091223
-16.660080 18.043560 -15.880154 22.026731
-19.380350 17.941480 -18.486048 21.973696
-22.232040 17.791200 -21.261148 21.866478
-25.294530 17.612590 -24.237997 21.738403
-28.420350 17.436630 -27.274557 21.610989
-31.735350 17.259230 -30.337875 21.445543
-35.061830 17.012340 -33.476616 21.212065
-38.405680 16.701380 -36.688217 20.912874
-41.726310 16.376210 -39.912609 20.593624
-45.021050 16.012440 -43.158230 20.264103
-48.346970 15.612790 -46.462406 19.934898
-51.676860 15.192430 -49.792000 19.632875
-55.031060 14.742560 -53.173355 19.337263
-58.401830 14.329930 -56.606194 19.132341
-61.829840 14.034770 -60.052258 18.979490
-65.245090 13.824430 -63.512672 18.886950
-68.803470 13.628730 -67.028618 18.830376
-72.396330 13.444870 -70.545013 18.780609
-76.040760 13.365020 -74.095139 18.749065
-79.629870 13.286290 -77.652283 18.708014
-83.178040 13.172320 -81.214386 18.680677
-86.806450 13.116270 -84.760246 18.663136
-90.407370 13.030230 -88.299576 18.628595
-93.932750 12.938240 -91.793472 18.619917
-97.425940 12.830290 -95.298790 18.599539
-100.921800 12.721040 -98.776482 18.579538
-104.418700 12.646790 -102.251503 18.570072
-107.950700 12.574710 -105.747078 18.552868
-111.506500 12.491980 -109.266068 18.521105
-115.125400 12.427530 -112.838974 18.512459
-118.791400 12.356860 -116.524788 18.492447
-122.506900 12.277580 -120.212021 18.456030
-126.283000 12.162340 -124.015999 18.392567
-130.058300 12.056810 -127.820854 18.315779
-133.838200 11.940140 -131.617920 18.274567
-137.647000 11.763370 -135.415390 18.220795
-141.424200 11.624670 -139.166000 18.180367
-145.185900 11.523690 -142.962982 18.136198
-148.919300 11.449460 -146.692612 18.123035
-152.638200 11.381770 -150.431656 18.102320
-156.350400 11.310530 -154.132111 18.077703
-160.047400 11.214060 -157.819901 18.049967
-163.709400 11.107560 -161.516495 17.999796
-167.360400 10.983380 -165.144852 17.998957
-170.967600 10.933720 -168.839584 17.999550
-174.571400 10.876820 -172.477432 17.997738
-178.137200 10.833080 -176.096069 18.012775
-181.490500 10.796130 -179.474396 18.026497
-184.602400 10.773720 -182.635773 18.049883
-187.458300 10.758840 -185.521164 18.084978
-190.232700 10.733900 -188.320358 18.094408
-192.986900 10.663320 -191.108124 18.063728
-195.706100 10.585910 -193.849792 18.029579
-198.416300 10.495740 -196.557755 17.969563
-201.152700 10.412030 -199.322769 17.930723
-203.946700 10.341460 -202.127701 17.909531
-206.802300 10.298350 -204.991760 17.875980
-209.757100 10.317680 -207.877304 17.863056
-212.804800 10.361070 -210.893158 17.867453
-215.930200 10.396430 -213.955414 17.890676
-219.012900 10.360590 -217.064285 17.949596
-222.155100 10.298380 -220.266205 17.999149
-225.365500 10.246810 -223.531082 18.078142
-228.707300 10.215510 -226.849411 18.144066
-232.112300 10.220950 -230.274323 18.218554
-235.564300 10.214940 -233.714294 18.273155
-239.104300 10.217730 -237.278519 18.338463
-242.702700 10.183390 -240.872955 18.358461
-246.347300 10.130220 -244.533051 18.357948
-250.052800 10.036800 -248.267151 18.322596
-253.773800 9.880518 -252.055878 18.255976
-257.535100 9.718989 -255.812912 18.180130
-261.300500 9.591512 -259.583984 18.120665
-265.059000 9.459547 -263.327271 18.056305
-268.826900 9.337703 -267.075439 17.997419
-272.549600 9.176257 -270.818909 17.926514
-276.263700 8.976101 -274.517761 17.845816
-279.947200 8.832825 -278.219910 17.803844
-283.650400 8.715404 -281.924072 17.745865
-287.322900 8.610515 -285.568176 17.701643
-290.988400 8.505150 -289.260529 17.660379
-294.654700 8.394904 -292.961548 17.618437
-298.320400 8.294475 -296.640167 17.571253
-302.013000 8.169718 -300.328979 17.503881
-305.746200 8.074212 -304.058716 17.476488
-309.494500 7.982975 -307.744415 17.430853
-313.220200 7.863686 -311.511139 17.378904
-316.989500 7.782544 -315.243317 17.320045
-320.754000 7.679468 -318.986328 17.285948
-324.529500 7.563218 -322.757721 17.242990
-328.344000 7.456111 -326.522675 17.214628
-332.109700 7.347334 -330.281799 17.188631
-335.860100 7.242255 -333.996948 17.170246
-339.608800 7.147781 -337.751709 17.143469
-343.309300 7.053936 -341.456451 17.153528
-346.907500 6.957315 -345.042938 17.128294
-350.384600 6.860419 -348.526611 17.120409
-353.708400 6.768393 -351.858093 17.105494
-356.877800 6.663296 -355.048859 17.087515
-360.001200 6.552425 -358.193329 17.048023
-363.041000 6.435692 -361.264282 16.999640
-365.855800 6.345080 -364.143768 16.976463
-368.437600 6.307072 -366.790771 17.003452
-370.781400 6.383962 -369.207977 17.123804
-372.865900 6.648568 -371.365692 17.438904
-374.725000 7.109350 -373.238556 17.943638
-376.363200 7.741893 -374.935272 18.656368
-377.862400 8.633829 -376.461334 19.572430
-379.196300 9.712570 -377.816681 20.731604
-380.348700 10.965970 -378.995544 22.079323
-381.385700 12.448140 -380.029053 23.626295
-382.260100 14.122720 -380.914062 25.381994
-383.010800 15.994530 -381.644531 27.338766
-383.610300 18.057930 -382.211548 29.457199
-384.100300 20.314520 -382.655121 31.781469
-384.497100 22.748260 -383.000488 34.267742
-384.776600 25.364410 -383.225555 36.895016
-384.988900 28.128190 -383.377808 39.705402
-385.212700 31.086220 -383.482483 42.624561
-385.449300 34.192050 -383.585571 45.651402
-385.780600 37.315730 -383.659271 48.697697
-386.061000 40.426600 -383.721161 51.762085
-386.229000 43.492690 -383.761536 54.800117
-386.309000 46.518630 -383.779358 57.817551
-386.383200 49.505740 -383.789124 60.796368
-386.435500 52.415800 -383.781036 63.712990
-386.493200 55.225360 -383.757751 66.493881
-386.554400 57.943820 -383.735199 69.216232
-386.610300 60.578530 -383.669891 71.838585
-386.585600 63.079020 -383.558990 74.355072
-386.370900 65.433820 -383.320038 76.736870
-385.914800 67.648300 -382.902496 78.974380
-385.249200 69.694860 -382.314453 81.048508
-384.335100 71.573620 -381.588898 82.950615
-383.335600 73.255020 -380.713226 84.681122
-382.295300 74.818880 -379.636475 86.218307
-381.091700 76.191700 -378.338074 87.532326
-379.774700 77.364460 -376.867584 88.639725
-378.271000 78.251970 -375.243011 89.545937
-376.573900 78.987050 -373.499969 90.254066
-374.728100 79.537850 -371.602631 90.754440
-372.739900 79.941840 -369.552917 91.158127
-370.607000 80.199980 -367.408020 91.371635
-368.370300 80.415580 -365.169464 91.522202
-366.032000 80.571350 -362.806671 91.615028
-363.598400 80.673300 -360.352112 91.636314
-361.071700 80.716320 -357.813263 91.605682
-358.469900 80.705850 -355.204163 91.498474
-355.832800 80.638300 -352.525513 91.359978
-353.161000 80.553900 -349.846771 91.211227
-350.450100 80.465550 -347.136475 91.055336
-347.763100 80.398460 -344.422150 90.926628
-345.086900 80.370740 -341.738464 90.817780
-342.417400 80.402970 -339.059540 90.791771
-339.774100 80.483360 -336.420990 90.800751
-337.139800 80.575110 -333.789062 90.823288
-334.528900 80.693480 -331.151367 90.848167
-331.932700 80.824510 -328.513550 90.876732
-329.325200 80.918500 -325.875336 90.873276
-326.739100 80.990700 -323.238770 90.850983
-324.144100 81.038770 -320.621674 90.805717
-321.562300 81.091140 -317.990234 90.758759
-319.011600 81.190070 -315.409576 90.747162
-316.450900 81.308090 -312.808807 90.765518
-313.909200 81.444650 -310.231110 90.797646
-311.391900 81.580060 -307.683716 90.831551
-308.876400 81.706970 -305.150818 90.853943
-306.378900 81.849250 -302.617371 90.894646
-303.888700 81.994400 -300.103912 90.929672
-301.376300 82.158190 -297.591797 91.001678
-298.832900 82.325730 -295.024048 91.092651
-296.237900 82.504140 -292.437469 91.190964
-293.590400 82.683410 -289.774719 91.311646
-290.876600 82.853340 -287.071869 91.400269
-288.120000 82.987710 -284.300293 91.450027
-285.314700 83.062010 -281.471344 91.440300
-282.460400 83.089330 -278.589111 91.386971
-279.611400 83.105040 -275.748444 91.324570
-276.801100 83.107970 -272.939728 91.237358
-274.051500 83.099890 -270.191071 91.136238
-271.353100 83.054870 -267.486938 91.001503
-268.676800 82.970950 -264.826324 90.841019
-266.029200 82.903900 -262.154755 90.691254
-263.418800 82.873250 -259.558136 90.565529
-260.804200 82.903330 -256.940948 90.510193
-258.168800 82.990410 -254.313751 90.510460
-255.510500 83.145560 -251.689178 90.598457
-252.844700 83.373830 -249.024246 90.738777
-250.152200 83.637690 -246.336426 90.909721
-247.440300 83.910960 -243.609512 91.099770
-244.714300 84.178610 -240.885132 91.272842
-242.002000 84.383000 -238.208252 91.370369
-239.314700 84.514710 -235.516678 91.413506
-236.657500 84.567850 -232.862640 91.375351
-234.029000 84.526210 -230.211548 91.253883
-231.443300 84.405890 -227.598633 91.037766
-228.920700 84.255810 -225.069382 90.804100
-226.536800 84.105460 -222.669922 90.574081
-224.322600 83.973260 -220.476196 90.385033
-222.317800 83.852920 -218.500351 90.211647
-220.525500 83.748690 -216.726456 90.063148
-218.913500 83.654780 -215.150620 89.944275
-217.491400 83.614870 -213.760956 89.876396
-216.200400 83.663530 -212.494720 89.915588
-214.975300 83.890580 -211.295578 90.109596
-213.812900 84.303130 -210.185028 90.445839
-212.768400 84.851980 -209.129303 90.936989
-211.819400 85.505150 -208.214935 91.470825
-210.944500 86.249430 -207.314438 92.184525
-210.114900 87.190980 -206.398117 93.086647
-209.375900 88.379450 -205.578537 94.221466
-208.685500 89.786110 -204.859344 95.587242
-208.120100 91.447000 -204.287155 97.213577
-207.636800 93.318040 -203.746414 99.096603
-207.343700 95.377570 -203.418304 101.132050
-207.198500 97.677330 -203.236298 103.382065
-207.176800 100.117600 -203.152481 105.836700
-207.235900 102.732400 -203.183823 108.489601
-207.357900 105.495500 -203.245239 111.291199
-207.446900 108.321400 -203.267273 114.156593
-207.501200 111.206800 -203.245895 117.086258
-207.496800 114.153500 -203.166183 120.050697
-207.467000 117.040300 -203.078690 122.954605
-207.357100 119.818100 -202.977936 125.866150
-207.231600 122.580500 -202.849686 128.776352
-207.169600 125.360700 -202.765762 131.621689
-207.151600 128.086900 -202.732513 134.393967
-207.158900 130.676600 -202.693756 137.010468
-207.192200 133.099300 -202.681503 139.472031
-207.257200 135.311800 -202.712936 141.707520
-207.357800 137.293400 -202.797073 143.706680
-207.516000 139.039300 -202.926285 145.466339
-207.792700 140.624300 -203.201553 147.065506
-208.199400 142.155800 -203.556503 148.583786
-208.796100 143.591400 -204.110703 149.970749
-209.578000 144.906500 -204.809082 151.236572
-210.509400 146.123000 -205.654114 152.456696
-211.640600 147.221600 -206.703857 153.660187
-212.986500 148.243400 -208.024887 154.737305
-214.560800 149.101800 -209.564362 155.606430
-216.375500 149.752000 -211.368134 156.272354
-218.364200 150.183000 -213.326965 156.731522
-220.495700 150.431900 -215.424683 157.003235
-222.758400 150.560900 -217.704041 157.166550
-225.125500 150.643600 -220.075897 157.299210
-227.596900 150.727300 -222.566422 157.441971
-230.175200 150.835400 -225.159286 157.601639
-232.870900 150.954400 -227.858093 157.778015
-235.686400 151.084500 -230.678177 157.955948
-238.634600 151.219200 -233.609665 158.132462
-241.714000 151.324200 -236.673676 158.293442
-244.893500 151.370200 -239.838989 158.384201
-248.152800 151.340800 -243.111664 158.403549
-251.386800 151.245500 -246.348724 158.337875
-254.628800 151.083900 -249.598892 158.231140
-257.855100 150.860900 -252.816864 158.063614
-260.989500 150.595900 -255.929077 157.851303
-263.979600 150.335600 -258.921387 157.646194
-266.766600 150.087700 -261.725586 157.447464
-269.368500 149.866200 -264.315277 157.266388
-271.910000 149.696000 -266.860565 157.135956
-274.432000 149.547300 -269.365021 157.029037
-276.917800 149.419800 -271.839874 156.949142
-279.393400 149.337600 -274.326111 156.904327
-281.842600 149.284100 -276.788757 156.883133
-284.327000 149.245300 -279.271362 156.893341
-286.851400 149.215900 -281.780151 156.905914
-289.374600 149.175400 -284.308167 156.915192
-291.872700 149.113700 -286.833527 156.903259
-294.367000 149.035300 -289.335785 156.871170
-296.900400 148.946800 -291.884064 156.821381
-299.496800 148.857900 -294.481018 156.783386
-302.152700 148.763000 -297.151672 156.732346
-304.894400 148.662700 -299.942871 156.692108
-307.698800 148.565200 -302.777832 156.651154
-310.542800 148.472300 -305.656616 156.608215
-313.401900 148.388500 -308.536133 156.576996
-316.253600 148.309200 -311.410248 156.542908
-319.087100 148.246300 -314.253540 156.512329
-321.874200 148.159600 -317.066376 156.496841
-324.643500 148.080700 -319.861023 156.483566
-327.380000 148.017900 -322.630737 156.477539
-330.084600 147.943700 -325.352936 156.468689
-332.768800 147.879400 -327.997437 156.462570
-335.339000 147.849200 -330.576752 156.460342
-337.917500 147.821400 -333.146881 156.466873
-340.461700 147.771400 -335.689728 156.464142
-342.975500 147.703700 -338.182251 156.433365
-345.507800 147.596800 -340.711182 156.380035
-348.088400 147.502000 -343.274506 156.309570
-350.695500 147.387300 -345.887421 156.234177
-353.357500 147.254200 -348.523773 156.140320
-356.035100 147.123000 -351.169434 156.059631
-358.706400 146.987600 -353.863647 155.941299
-361.365400 146.869000 -356.513885 155.850937
-363.998800 146.747300 -359.143555 155.760193
-366.592400 146.651500 -361.723328 155.684418
-369.103200 146.586000 -364.227692 155.653061
-371.498800 146.552500 -366.622864 155.666611
-373.734100 146.569400 -368.860718 155.710602
-375.766000 146.687900 -370.903503 155.872604
-377.587800 146.923500 -372.736511 156.135361
-379.228200 147.254000 -374.364288 156.496796
-380.680100 147.681500 -375.813873 156.931229
-381.983900 148.240600 -377.128784 157.520905
-383.189300 148.967100 -378.315430 158.258469
-384.260600 149.832600 -379.389191 159.142120
-385.261700 150.822900 -380.374451 160.150742
-386.189600 152.026900 -381.315643 161.413147
-387.088300 153.508400 -382.199005 162.915909
-387.803500 155.255200 -382.877441 164.690918
-388.328200 157.227600 -383.385315 166.694702
-388.690100 159.390500 -383.703247 168.886856
-388.914300 161.727400 -383.869751 171.236786
-389.033800 164.223600 -383.925842 173.767059
-389.107700 166.899500 -383.934143 176.461487
-389.177200 169.703100 -383.940887 179.257431
-389.249200 172.602600 -383.937225 182.149582
-389.294800 175.566200 -383.926880 185.125397
-389.340400 178.518800 -383.922852 188.095993
-389.408400 181.466200 -383.939606 191.030472
-389.477100 184.395100 -383.942535 193.948837
-389.534000 187.303900 -383.935028 196.854095
-389.596100 190.151400 -383.939667 199.694214
-389.650400 192.868100 -383.934601 202.418808
-389.688600 195.381200 -383.927368 204.947952
-389.706500 197.729300 -383.902069 207.308228
-389.637200 199.881000 -383.782806 209.483582
-389.406500 201.894300 -383.528168 211.535751
-388.964400 203.824800 -383.028320 213.466888
-388.237500 205.641900 -382.249023 215.265045
-387.225600 207.247400 -381.214203 216.899109
-385.985200 208.725400 -379.959015 218.347534
-384.487500 210.025200 -378.448914 219.652985
-382.766900 211.133700 -376.697418 220.760513
-380.848000 212.024300 -374.747314 221.626282
-378.741200 212.710800 -372.624664 222.299622
-376.473400 213.257300 -370.371490 222.792267
-374.038800 213.683400 -367.950104 223.161987
-371.458500 214.025200 -365.353546 223.454712
-368.731200 214.304000 -362.642609 223.692108
-365.907000 214.548400 -359.804504 223.886902
-362.986400 214.774600 -356.892456 224.073151
-360.000500 214.982500 -353.901062 224.231155
-356.946700 215.144300 -350.848846 224.343582
-353.844800 215.269100 -347.768280 224.437012
-350.728200 215.343800 -344.683258 224.471909
-347.621800 215.396600 -341.560150 224.484436
-344.503600 215.436100 -338.494171 224.471573
-341.404500 215.431500 -335.409271 224.430405
-338.307200 215.374700 -332.335846 224.319336
-335.222900 215.258300 -329.263062 224.141220
-332.176900 215.090700 -326.228638 223.892731
-329.113900 214.919400 -323.180634 223.657730
-326.083300 214.755000 -320.147125 223.402023
-323.035500 214.645100 -317.113129 223.223618
-319.997700 214.594500 -314.086243 223.101837
-316.949800 214.613400 -311.051910 223.070160
-313.894600 214.701700 -308.011597 223.092789
-310.834000 214.851800 -304.963043 223.174393
-307.768800 215.021500 -301.901611 223.293716
-304.682000 215.209600 -298.814362 223.415100
-301.619300 215.403400 -295.773560 223.543396
-298.564100 215.602100 -292.730804 223.673279
-295.523500 215.774500 -289.681671 223.775269
-292.524500 215.925700 -286.691650 223.880417
-289.569200 216.080100 -283.741516 223.973404
-286.686000 216.208000 -280.868134 224.040268
-283.844300 216.320800 -278.037262 224.096527
-281.075400 216.414900 -275.302673 224.128586
-278.384800 216.482400 -272.621674 224.134399
-275.749900 216.524700 -269.993958 224.126556
-273.211000 216.563500 -267.463287 224.109573
-270.786900 216.596800 -265.051270 224.090515
-268.452200 216.627400 -262.718231 224.060471
-266.210100 216.670200 -260.470032 224.041519
-264.057900 216.715000 -258.332306 224.031662
-261.977600 216.758700 -256.248657 224.022034
-260.009300 216.805500 -254.281860 224.016190
-258.118000 216.846900 -252.412659 224.013000
-256.324100 216.892100 -250.624313 224.018692
-254.591600 216.937100 -248.895248 224.017303
-252.914000 216.968800 -247.226089 224.022736
-251.261500 217.002300 -245.580719 224.028320
-249.623300 217.030600 -243.941895 224.029816
-248.000000 217.075100 -242.323380 224.043808
-246.394700 217.123600 -240.709946 224.047607
-244.798500 217.177700 -239.124710 224.057602
-243.238500 217.242300 -237.575348 224.086288
-241.697700 217.301200 -236.042313 224.123489
-240.159500 217.379600 -234.507996 224.162109
-238.623700 217.447500 -232.981003 224.191727
-237.098100 217.517700 -231.464569 224.225464
-235.568700 217.578300 -229.921097 224.245758
-234.013600 217.632400 -228.367249 224.254471
-232.429300 217.675500 -226.788025 224.259796
-230.825000 217.709000 -225.175476 224.254776
-229.213500 217.727400 -223.564270 224.243423
-227.620200 217.743200 -221.977097 224.227814
-226.038600 217.749200 -220.394073 224.196945
-224.474500 217.720600 -218.835342 224.127838
-222.943700 217.646400 -217.295486 224.027740
-221.517500 217.497700 -215.865921 223.852600
-220.196400 217.264300 -214.572571 223.565979
-219.015400 216.979300 -213.381805 223.242645
-218.000600 216.671300 -212.411270 222.915207
-217.074300 216.316400 -211.496979 222.554489
-216.224900 215.882000 -210.628464 222.104752
-215.453800 215.357600 -209.876801 221.605499
-214.757400 214.782900 -209.174744 221.017349
-214.077200 214.065600 -208.477020 220.271729
-213.459700 213.182900 -207.868149 219.353409
-212.907500 212.086400 -207.327606 218.260223
-212.452200 210.870600 -206.900314 217.003616
-212.114300 209.456600 -206.604446 215.560303
-211.858500 207.837000 -206.403381 213.904816
-211.742000 206.028400 -206.333252 212.095596
-211.736300 204.033600 -206.397339 210.081589
-211.766900 201.873300 -206.488129 207.908554
-211.796200 199.533500 -206.589798 205.577713
-211.786800 197.027400 -206.664658 203.065338
-211.759900 194.373900 -206.721497 200.414398
-211.697900 191.633600 -206.748749 197.667557
-211.626700 188.816000 -206.780411 194.819290
-211.537000 185.992200 -206.795990 191.949509
-211.444400 183.173400 -206.804810 189.120041
-211.362800 180.374100 -206.824280 186.327682
-211.264700 177.600300 -206.823822 183.501724
-211.172000 174.834700 -206.815033 180.725098
-211.067900 172.132300 -206.799591 177.999207
-210.942500 169.548500 -206.750977 175.386230
-210.807500 167.115600 -206.674271 172.938339
-210.677900 164.891300 -206.594223 170.683762
-210.523800 162.831600 -206.488663 168.599838
-210.369300 160.883900 -206.376358 166.631790
-210.243400 159.140700 -206.286423 164.841888
-210.180400 157.654800 -206.248520 163.334488
-210.119700 156.263000 -206.215271 161.921783
-210.059800 154.892900 -206.179428 160.524719
-209.978700 153.571000 -206.102448 159.198074
-209.891700 152.272500 -206.048019 157.904907
-209.766700 150.900300 -205.940018 156.521317
-209.618400 149.453900 -205.828888 155.073227
-209.402000 147.911800 -205.655182 153.515045
-209.174500 146.248000 -205.496292 151.843094
-208.939400 144.453000 -205.325073 150.030914
-208.714900 142.497200 -205.167526 148.049271
-208.503800 140.403200 -205.023438 145.934845
-208.393000 138.150900 -204.975739 143.651886
-208.389600 135.751000 -205.045044 141.240128
-208.458300 133.190500 -205.186035 138.662613
-208.554900 130.503800 -205.378784 135.957596
-208.679600 127.708900 -205.580750 133.122040
-208.807700 124.788300 -205.779953 130.205078
-208.927800 121.786000 -205.963440 127.203682
-208.986400 118.770600 -206.153503 124.146744
-209.010800 115.753900 -206.294937 121.161179
-208.944000 112.761900 -206.339951 118.195892
-208.836500 109.809100 -206.353790 115.232056
-208.710600 106.913800 -206.303467 112.317093
-208.612900 104.164800 -206.263489 109.525169
-208.524100 101.612900 -206.236084 106.951080
-208.411800 99.291950 -206.178391 104.600296
-208.304000 97.231400 -206.140533 102.542030
-208.239900 95.441440 -206.121246 100.746323
-208.186600 93.928990 -206.073807 99.199280
-208.169400 92.620100 -206.078323 97.868874
-208.111400 91.359060 -206.047028 96.603996
-208.103700 90.108060 -206.053833 95.338409
-208.057300 88.899050 -206.021942 94.133598
-207.989700 87.686220 -205.985779 92.909218
-207.887500 86.424840 -205.906860 91.644478
-207.749700 85.106480 -205.803574 90.317879
-207.573400 83.679430 -205.654221 88.892448
-207.363800 82.128210 -205.492020 87.335175
-207.117800 80.466750 -205.297485 85.662056
-206.886600 78.657990 -205.107880 83.831039
-206.653200 76.721140 -204.906204 81.885147
-206.474300 74.687190 -204.771393 79.823380
-206.388100 72.537240 -204.742249 77.666077
-206.432200 70.298230 -204.841232 75.384659
-206.610100 68.000610 -205.082352 73.089081
-206.892700 65.622610 -205.421936 70.706497
-207.176400 63.145090 -205.747238 68.244072
-207.411300 60.582530 -206.030487 65.677986
-207.566400 57.936780 -206.249084 63.043789
-207.647700 55.184560 -206.403992 60.286064
-207.661500 52.385390 -206.482422 57.500145
-207.621300 49.546410 -206.551300 54.659538
-207.570900 46.730400 -206.600815 51.862621
-207.528900 43.951520 -206.656036 49.102570
-207.484900 41.207900 -206.721054 46.357082
-207.419300 38.483860 -206.773041 43.617836
-207.398300 35.859080 -206.859619 40.972240
-207.389600 33.323530 -206.946960 38.416653
-207.383600 30.928860 -207.029099 36.022808
-207.365700 28.737950 -207.082764 33.848545
-207.338200 26.780150 -207.122345 31.885008
-207.272200 25.076160 -207.132553 30.162914
-207.184900 23.637860 -207.111313 28.706118
-207.080700 22.407050 -207.051743 27.462057
-206.954300 21.322570 -206.975540 26.368839
-206.781600 20.334400 -206.848938 25.382837
-206.551700 19.436710 -206.696457 24.495590
-206.294700 18.614920 -206.500214 23.679514
-205.959400 17.852300 -206.215958 22.904596
-205.601700 17.147840 -205.895035 22.222620
-205.183200 16.499570 -205.518768 21.567528
-204.640200 15.834340 -205.005081 20.903986
-203.962000 15.126390 -204.385101 20.191439
-203.105900 14.402300 -203.599716 19.463707
-202.093300 13.723770 -202.595154 18.752748
-200.890700 13.072850 -201.416824 18.067698
-199.454900 12.451120 -199.968948 17.392561
-197.803000 11.847900 -198.332108 16.718555
-195.985800 11.251230 -196.526260 16.078558
-194.078300 10.799800 -194.636353 15.573681
-192.241500 10.550030 -192.829102 15.279709
-190.511600 10.492510 -191.060989 15.142507
-188.774500 10.514750 -189.281937 15.088319
-187.053000 10.530790 -187.530045 15.066087
-185.316100 10.589790 -185.762329 15.098440
-183.477200 10.672540 -183.887131 15.142325
-181.518300 10.768400 -181.891449 15.205704
-179.433500 10.895520 -179.753586 15.300919
-177.234800 11.053010 -177.534851 15.422758
-174.912900 11.228010 -175.164932 15.561617
-172.453800 11.406500 -172.680313 15.679067
-169.877600 11.633180 -170.078430 15.848604
-167.172600 11.903480 -167.348129 16.045872
-164.356100 12.241910 -164.515854 16.302944
-161.414200 12.605270 -161.566895 16.595289
-158.375100 12.957560 -158.481720 16.884056
-155.289000 13.266400 -155.356369 17.123888
-152.153500 13.477190 -152.248413 17.264652
-148.978900 13.534370 -149.039764 17.269886
-145.756200 13.449460 -145.829605 17.145651
-142.513300 13.323960 -142.582169 16.970404
-139.219200 13.264090 -139.307892 16.807884
-135.871600 13.235180 -135.952255 16.667625
-132.469300 13.237950 -132.518677 16.564257
-128.998700 13.250220 -129.031830 16.487499
-125.452300 13.247970 -125.509285 16.409986
-121.821900 13.224230 -121.907944 16.345497
-118.142800 13.197060 -118.254379 16.247585
-114.366200 13.195450 -114.537354 16.160198
-110.549500 13.202980 -110.778366 16.079514
-106.721100 13.234960 -106.993118 16.030285
-102.856200 13.237720 -103.194908 15.977839
-99.051970 13.344340 -99.367622 15.937366
-95.237560 13.444760 -95.552696 15.906668
-91.419640 13.530140 -91.724388 15.874924
-87.619070 13.674300 -87.926353 15.875291
-83.825400 13.812150 -84.167542 15.897464
-80.045030 13.941190 -80.411858 15.916386
-76.262920 14.064210 -76.674034 15.968777
-72.527230 14.169690 -73.008148 15.981702
-68.760100 14.314940 -69.325821 16.014803
-65.041990 14.448290 -65.670303 16.048840
-61.409550 14.597510 -62.046150 16.084106
-57.812780 14.752930 -58.462559 16.127670
-54.272080 14.916680 -54.924988 16.172966
-50.863180 15.111690 -51.419163 16.240740
-47.456920 15.288970 -47.940639 16.307407
-44.095940 15.453870 -44.530117 16.371670
-40.863370 15.611510 -41.228405 16.431623
-37.779270 15.768930 -38.101677 16.510572
-34.878460 16.001620 -35.167500 16.568857
-32.108550 16.224310 -32.356972 16.637648
-29.417700 16.336670 -29.684843 16.688450
-26.864830 16.377370 -27.134676 16.694658
-24.569330 16.453910 -24.771877 16.689789
-22.495940 16.503070 -22.620007 16.641706
-20.581990 16.519710 -20.670954 16.586388
-18.846180 16.508190 -18.893089 16.533323
-17.328990 16.482300 -17.322081 16.483459
-16.037550 16.475470 -15.951991 16.451092
-14.956120 16.515220 -14.763392 16.467909
-14.017770 16.603920 -13.770537 16.532970
-13.125570 16.745940 -12.861405 16.648182
-12.277220 17.018620 -12.043414 16.878222
-11.518690 17.387820 -11.295816 17.218163
-10.793900 17.853110 -10.618205 17.595137
-10.023690 18.451760 -9.823182 18.148811
-9.266871 19.249950 -9.036643 18.906523
-8.499983 20.230260 -8.265103 19.897547
-7.714471 21.448790 -7.501916 21.063488
-6.943853 22.899830 -6.696103 22.590757
-6.209422 24.630930 -5.983922 24.376389
-5.580618 26.636760 -5.379267 26.428539
-5.100718 28.938480 -4.880917 28.742674
-4.832290 31.540330 -4.556305 31.329205
-4.752808 34.327710 -4.453035 34.134850
-4.799016 37.335070 -4.459979 37.168995
-4.911943 40.499490 -4.557042 40.356773
-5.090383 43.700800 -4.679680 43.576290
-5.276585 46.904120 -4.786972 46.764748
-5.464336 50.126700 -4.891203 49.962154
-5.701735 53.348430 -4.992456 53.145008
-5.926283 56.566760 -5.076097 56.336697
-6.149722 59.747560 -5.154968 59.475693
-6.326192 62.853260 -5.207974 62.568787
-6.450595 65.815280 -5.270584 65.530647
-6.558018 68.633220 -5.317716 68.357681
-6.625230 71.279560 -5.362062 71.030975
-6.655510 73.749780 -5.399868 73.495354
-6.684464 75.995110 -5.436331 75.738518
-6.652349 77.987890 -5.431568 77.761635
-6.508811 79.715010 -5.308711 79.507133
-6.213677 81.157890 -5.027716 80.973770
-5.729615 82.390460 -4.599145 82.194138
-5.161236 83.435200 -4.103340 83.173485
-4.542652 84.252870 -3.492640 84.014694
-3.866113 84.884560 -2.891579 84.644264
-3.262439 85.311720 -2.317209 85.076103
-2.779876 85.608160 -1.864941 85.401039
-2.292931 85.855430 -1.404824 85.667892
-1.737887 86.025210 -0.913840 85.871277
-1.127115 86.147390 -0.399292 86.015610
-0.518659 86.251250 0.118929 86.132301
0.098283 86.354450 0.671558 86.252502
0.701588 86.427350 1.202904 86.329323
1.306431 86.494190 1.761538 86.378281
1.881704 86.544440 2.327472 86.429283
2.482048 86.571200 2.895295 86.439133
3.081643 86.601540 3.489627 86.467117
3.761151 86.625380 4.159111 86.480423
4.619787 86.696990 4.975462 86.523727
5.591334 86.770900 5.919693 86.578499
6.608439 86.844400 6.924347 86.622871
7.634023 86.901350 7.994164 86.674660
8.711110 86.958450 9.118630 86.691910
9.832777 87.009730 10.281636 86.710518
11.007620 87.011520 11.454020 86.694191
12.275390 86.965120 12.658442 86.625587
13.626340 86.918150 13.959848 86.557487
15.069990 86.825170 15.356252 86.452896
16.615310 86.785220 16.850044 86.411461
18.281790 86.877740 18.454805 86.486183
20.047850 87.081990 20.179697 86.656784
21.900640 87.285740 22.029964 86.820801
23.863160 87.475150 24.039370 86.922241
25.902040 87.591950 26.089983 86.971275
28.010580 87.643840 28.237919 86.992439
30.161670 87.666240 30.421984 86.997276
32.320100 87.664230 32.610863 86.990402
34.457590 87.659770 34.777927 86.958420
36.605810 87.671870 36.972282 86.957130
38.730770 87.693440 39.107903 86.964645
40.845470 87.730240 41.245369 86.959885
42.917780 87.780190 43.347523 86.985847
44.982820 87.855000 45.452366 87.032333
47.029150 87.934110 47.525749 87.066040
49.088540 87.988070 49.615505 87.072853
51.131190 88.046720 51.691067 87.089531
53.178890 88.088740 53.740154 87.096230
55.228720 88.131890 55.790054 87.116394
57.257270 88.189930 57.837620 87.142677
59.284240 88.231390 59.893288 87.157448
61.307870 88.268110 61.941227 87.178024
63.333450 88.313230 63.965965 87.175957
65.383590 88.353950 65.983665 87.190926
67.446480 88.391970 68.030830 87.201103
69.483090 88.432190 70.048027 87.223557
71.551190 88.436950 72.084236 87.231918
73.590280 88.449790 74.102936 87.228180
75.642440 88.447490 76.142067 87.216370
77.675640 88.454840 78.179214 87.200195
79.705830 88.461020 80.221466 87.182419
81.744040 88.480290 82.246040 87.188545
83.774580 88.511400 84.297859 87.185944
85.799340 88.557110 86.334251 87.186104
87.804420 88.601160 88.370087 87.183495
89.806920 88.643630 90.394096 87.180138
91.803370 88.704770 92.405006 87.202835
93.754020 88.738080 94.397453 87.206467
95.670500 88.790390 96.356796 87.220329
97.538390 88.822000 98.272568 87.215279
99.322990 88.859730 100.088799 87.224083
100.954900 88.856800 101.758911 87.188751
102.409400 88.885030 103.253441 87.191833
103.660500 88.873010 104.543465 87.169846
104.773500 88.863290 105.700233 87.161263
105.718200 88.844540 106.674927 87.132515
106.475800 88.845300 107.484520 87.137680
107.080900 88.835950 108.088959 87.142632
107.600100 88.863550 108.576118 87.183784
108.075700 88.966910 109.049301 87.288483
108.506900 89.161700 109.473534 87.484108
108.887900 89.429650 109.815063 87.704605
109.267500 89.752890 110.194572 87.984627
109.650400 90.181660 110.571922 88.378036
110.007800 90.683680 110.947121 88.853630
110.331900 91.262390 111.317543 89.450890
110.663200 91.958220 111.669060 90.120789
110.947400 92.750780 111.990303 90.887917
111.190500 93.649870 112.278259 91.753410
111.329400 94.676260 112.465874 92.762711
111.382200 95.834440 112.557686 93.866615
111.376200 97.156700 112.606918 95.173058
111.321400 98.712080 112.669197 96.667084
111.179000 100.499200 112.689064 98.358627
111.052600 102.454500 112.702667 100.245407
110.953400 104.573600 112.731461 102.338264
110.848100 106.867600 112.753510 104.600166
110.729000 109.311900 112.752411 107.017471
110.604600 111.877700 112.737045 109.589058
110.451100 114.520800 112.672638 112.236252
110.254000 117.240000 112.576172 114.972443
110.055600 119.971100 112.473808 117.698723
109.855900 122.687400 112.355026 120.428307
109.666000 125.388400 112.232628 123.133896
109.501800 128.077800 112.145248 125.822456
109.371200 130.752800 112.103149 128.481064
109.256400 133.406800 112.073723 131.121170
109.149100 136.006600 112.034935 133.712952
109.039300 138.439400 112.009666 136.133301
108.946900 140.687200 111.980453 138.346786
108.848000 142.713600 111.943024 140.355057
108.759900 144.486400 111.903053 142.142685
108.690000 146.045200 111.885338 143.723083
108.715900 147.402400 111.859398 145.119080
108.827800 148.539800 111.837166 146.316986
108.921200 149.485400 111.848885 147.277649
109.006800 150.284400 111.875374 148.098709
109.049700 151.026600 111.917252 148.854233
109.110000 151.749000 111.956688 149.601181
109.240400 152.403100 111.987137 150.333847
109.344100 153.097600 112.026047 151.058167
109.452600 153.933600 112.076180 151.932251
109.521400 154.936000 112.099113 152.954453
109.584300 156.072700 112.131149 154.106018
109.645200 157.328900 112.167686 155.381638
109.667500 158.738000 112.169968 156.798233
109.715500 160.311600 112.210442 158.369324
109.696400 162.088600 112.215477 160.124634
109.648800 164.031700 112.241447 162.038193
109.639100 166.108700 112.244072 164.127808
109.633200 168.339900 112.240440 166.361069
109.612700 170.710700 112.230957 168.723450
109.583300 173.210300 112.206749 171.238464
109.553500 175.810400 112.199707 173.808334
109.534300 178.500200 112.199516 176.512955
109.535800 181.237100 112.231026 179.238953
109.577200 183.940500 112.243683 181.973389
109.589000 186.635900 112.262398 184.663208
109.627500 189.311100 112.276985 187.356842
109.659000 191.927100 112.254868 189.977280
109.629600 194.430300 112.187119 192.489334
109.574900 196.783200 112.106552 194.864624
109.514500 198.966200 112.026375 197.049805
109.471200 200.971300 111.978577 199.054016
109.448700 202.821200 111.934494 200.916748
109.448800 204.602200 111.925873 202.708496
109.487500 206.354100 111.945801 204.466644
109.546200 208.062400 111.987663 206.185867
109.610500 209.709200 112.029053 207.853867
109.671900 211.262700 112.075378 209.393372
109.705900 212.701800 112.074242 210.840195
109.734000 214.083700 112.077721 212.214020
109.731100 215.443500 112.041420 213.581390
109.707300 216.763900 111.976601 214.919266
109.699800 218.051000 111.943405 216.210968
109.686600 219.346900 111.912064 217.505173
109.662800 220.744800 111.891159 218.862823
109.624300 222.181900 111.860771 220.283508
109.632900 223.689900 111.865341 221.764847
109.598100 225.285500 111.812668 223.342987
109.569800 226.964200 111.779060 225.036743
109.440500 228.723900 111.659668 226.799103
109.201500 230.569600 111.456276 228.637741
108.840200 232.500400 111.145020 230.579453
108.453300 234.508400 110.806213 232.587311
108.103400 236.603300 110.500046 234.687729
107.820000 238.782500 110.257385 236.863510
107.625300 241.068300 110.091499 239.162994
107.500700 243.440400 109.989967 241.553177
107.404300 245.878200 109.947968 244.000763
107.332600 248.416100 109.922256 246.560516
107.256600 251.021300 109.878220 249.178162
107.176600 253.624800 109.833580 251.794815
107.085700 256.216800 109.782173 254.397690
106.990300 258.788300 109.711235 256.979645
106.888800 261.345700 109.637306 259.554565
106.803900 263.853500 109.570770 262.084991
106.756800 266.256500 109.519493 264.509857
106.736800 268.495900 109.475060 266.774048
106.721100 270.543000 109.446877 268.869568
106.664600 272.451300 109.416115 270.793365
106.602400 274.231700 109.390617 272.582367
106.541100 275.936000 109.368538 274.293793
106.490100 277.548900 109.369438 275.908875
106.431000 279.024300 109.382950 277.377289
106.436000 280.325900 109.437576 278.684662
106.525700 281.483400 109.569374 279.848206
106.690800 282.500200 109.761284 280.866852
106.934200 283.393700 110.027161 281.735870
107.264500 284.174800 110.324219 282.530212
107.615000 284.885400 110.638077 283.269470
108.052900 285.553000 111.029747 283.945343
108.564200 286.162300 111.488853 284.579559
109.134400 286.814700 112.042145 285.260223
109.716100 287.520500 112.630547 285.940369
110.122000 288.203000 113.086647 286.586121
110.422100 288.820000 113.433655 287.166626
110.586500 289.418300 113.682083 287.765411
110.618300 290.064100 113.757614 288.374084
110.518800 290.708100 113.757278 288.949829
110.370600 291.314300 113.670357 289.499451
110.141900 291.925400 113.502052 290.023499
109.836600 292.549000 113.233093 290.607117
109.496500 293.150200 112.908974 291.174530
109.127000 293.786300 112.555138 291.795868
108.698100 294.485100 112.153069 292.487152
108.256700 295.314100 111.721169 293.304901
107.818100 296.219200 111.323662 294.213013
107.428300 297.304000 110.947784 295.287445
107.065000 298.537100 110.621239 296.521698
106.761100 299.883000 110.351105 297.857178
106.504600 301.404000 110.121399 299.388458
106.275100 303.166000 109.920799 301.130127
106.085800 305.101300 109.750473 303.056488
105.832300 307.215400 109.537895 305.149780
105.631300 309.512000 109.372528 307.450775
105.511000 311.924600 109.263962 309.864502
105.445300 314.490700 109.227669 312.442780
105.421000 317.132600 109.221199 315.095428
105.442800 319.873700 109.241356 317.841553
105.446400 322.691700 109.260208 320.692383
105.418000 325.550100 109.245972 323.608612
105.395200 328.463500 109.230629 326.564850
105.363900 331.394800 109.250656 329.517578
105.291400 334.291700 109.220345 332.435577
105.220100 337.191700 109.197159 335.346771
105.144300 340.052300 109.161011 338.204132
105.074500 342.867900 109.091438 341.047058
105.008900 345.615600 108.997177 343.841034
104.963300 348.183800 108.905746 346.470337
104.902500 350.569000 108.835266 348.908569
104.816700 352.734300 108.771126 351.113342
104.677500 354.661300 108.724037 353.070404
104.615300 356.352300 108.728439 354.802765
104.604300 357.799100 108.738747 356.302734
104.701100 359.026400 108.869659 357.573822
104.890600 360.123900 109.093796 358.664612
105.192900 361.139800 109.393799 359.715363
105.583500 362.033500 109.812935 360.665527
106.094900 362.891300 110.322372 361.532654
106.699400 363.652300 110.932236 362.293213
107.414200 364.337700 111.594818 362.968536
108.207300 364.984000 112.452454 363.719208
109.274200 365.625100 113.548286 364.392822
110.518200 366.322000 114.748222 364.996063
111.969200 367.023500 116.225693 365.681427
113.629200 367.645200 117.904205 366.288025
115.502500 368.145800 119.782722 366.756042
117.562800 368.470200 121.884308 367.081635
119.826500 368.663600 124.158478 367.245087
122.238200 368.733400 126.597946 367.275391
124.812600 368.744200 129.188446 367.249207
127.509600 368.750200 131.909149 367.231873
130.334100 368.742700 134.748276 367.186951
133.295700 368.738200 137.723846 367.151398
136.383900 368.770400 140.846222 367.130035
139.555000 368.815800 144.060272 367.123260
142.817300 368.903900 147.306381 367.148621
146.129200 369.028000 150.606781 367.203583
149.483900 369.137700 153.978012 367.250397
152.891500 369.309800 157.355957 367.287811
156.306000 369.518300 160.775284 367.338806
159.737200 369.684200 164.217010 367.339355
163.198500 369.811800 167.672958 367.344452
166.695400 369.930000 171.154266 367.364868
170.207000 370.046100 174.685120 367.388367
173.771600 370.157300 178.263504 367.422058
177.360900 370.266500 181.837219 367.467468
180.975000 370.366900 185.459961 367.500000
184.518100 370.493400 189.079330 367.538025
188.057900 370.608200 192.650467 367.578735
191.649500 370.691100 196.239716 367.599274
195.256300 370.767500 199.808105 367.640259
198.849500 370.860000 203.382095 367.683502
202.381300 370.945800 206.914825 367.711914
205.845900 371.042000 210.403610 367.740540
209.282900 371.140100 213.839645 367.746155
212.668000 371.264500 217.232346 367.768585
216.064400 371.405600 220.588821 367.798431
219.481600 371.542500 223.970200 367.832520
222.884100 371.677600 227.346268 367.874390
226.298100 371.814800 230.712036 367.920746
229.735800 371.946300 234.080521 367.972809
233.194100 372.081100 237.505356 368.024445
236.650500 372.201800 240.906387 368.056976
240.111200 372.286400 244.340088 368.066681
243.564300 372.361500 247.766800 368.039764
247.015400 372.438700 251.237534 368.043732
250.457000 372.513500 254.661682 368.044312
253.891600 372.590900 258.083710 368.048767
257.290300 372.695800 261.499298 368.058929
260.690700 372.783400 264.880188 368.080994
264.069500 372.879600 268.250031 368.106262
267.431600 372.988700 271.607208 368.153290
270.776800 373.106400 274.963531 368.203186
274.109000 373.236700 278.317719 368.254120
277.432900 373.381900 281.679230 368.338013
280.759300 373.509600 285.005829 368.391541
284.056000 373.639500 288.320007 368.438446
287.359000 373.744400 291.640350 368.458435
290.659600 373.828200 294.956757 368.461548
293.947900 373.890800 298.266510 368.468781
297.237800 373.937600 301.532990 368.465881
300.521400 373.988900 304.798828 368.467133
303.768300 374.045300 308.046539 368.475311
306.957900 374.123300 311.279205 368.459167
310.146500 374.187500 314.501099 368.445221
313.322400 374.161000 317.682068 368.421906
316.483700 374.147700 320.852936 368.408752
319.614100 374.138000 323.970367 368.384186
322.710900 374.134900 327.058044 368.365448
325.754600 374.160500 330.110931 368.354980
328.760000 374.252700 333.107605 368.418488
331.723400 374.480400 336.047821 368.598694
334.629700 374.897700 338.965759 368.975250
337.443500 375.575200 341.731628 369.556458
340.190600 376.425800 344.452179 370.353973
342.858100 377.501000 347.098419 371.340485
345.468300 378.757900 349.677734 372.517548
348.031800 380.138800 352.228180 373.817627
350.528000 381.659100 354.724884 375.214874
353.018700 383.175200 357.240479 376.656128
355.491300 384.652000 359.742432 378.052673
357.947400 386.052400 362.279236 379.383881
360.450400 387.298300 364.844147 380.548065
362.989400 388.343200 367.453308 381.540466
365.629600 389.180000 370.134186 382.316620
368.276800 389.785200 372.842590 382.895538
371.000200 390.203900 375.597809 383.267609
373.810900 390.409900 378.411591 383.438385
376.669700 390.515800 381.269379 383.440430
379.565900 390.475800 384.152283 383.323120
382.519300 390.334600 387.120911 383.082245
385.568500 390.096400 390.136200 382.786682
388.667700 389.806400 393.240448 382.423431
391.801000 389.495500 396.356537 382.048370
394.948500 389.200900 399.476959 381.693695
398.070600 388.865200 402.589447 381.300415
401.148300 388.481900 405.665497 380.852112
404.065800 388.058900 408.626556 380.371033
406.691700 387.530400 411.265594 379.796234
409.000000 386.806300 413.557800 379.033875
410.962900 385.896000 415.452698 378.094391
412.562500 384.785500 417.050964 377.032043
413.996700 383.545300 418.408325 375.775299
415.180900 382.105900 419.547150 374.276489
416.123400 380.517100 420.453247 372.633270
416.780300 378.715300 421.134979 370.829559
417.257500 376.862000 421.567413 368.915741
417.474300 374.922400 421.793182 366.921814
417.570600 372.940800 421.850098 364.891296
417.595000 370.957200 421.829468 362.872223
417.608000 368.989000 421.802673 360.869843
417.583600 367.038100 421.727478 358.887543
417.563900 365.089500 421.685242 356.940369
417.541600 363.162600 421.617950 354.990784
417.537500 361.254500 421.560150 353.060150
417.528500 359.368700 421.497650 351.157227
417.528100 357.497400 421.443329 349.275574
417.533000 355.636800 421.396332 347.394897
417.535200 353.779400 421.339203 345.508240
417.571900 351.871300 421.316071 343.603333
417.625100 349.951000 421.309174 341.661926
417.694000 348.023900 421.340607 339.722626
417.785900 346.081700 421.383026 337.756805
417.908800 344.103500 421.467712 335.755737
418.015700 342.077300 421.521149 333.715393
418.081000 339.964700 421.536469 331.594971
418.090200 337.760700 421.496338 329.355530
418.050600 335.423900 421.399963 327.018463
417.958300 332.974100 421.250519 324.559082
417.860400 330.443200 421.043518 321.997620
417.712700 327.891600 420.785706 319.420013
417.482600 325.340400 420.445557 316.815735
417.033400 322.795700 419.998566 314.260254
416.342400 320.296000 419.335602 311.775604
415.500300 317.846800 418.476959 309.324707
414.502200 315.485600 417.451935 306.950073
413.318100 313.201700 416.249969 304.651154
412.032900 310.983400 414.960785 302.425720
410.705100 308.826400 413.600952 300.291718
409.332700 306.723300 412.189178 298.181030
407.938700 304.690300 410.754150 296.132355
406.473300 302.693100 409.258636 294.130554
404.955000 300.719700 407.719299 292.156677
403.421700 298.744000 406.164520 290.169495
401.884500 296.708900 404.616730 288.148407
400.391900 294.639900 403.094391 286.087891
398.848100 292.568900 401.658020 284.031525
397.412100 290.463600 400.271149 281.937256
396.057400 288.363000 398.959717 279.851105
394.718200 286.280300 397.633820 277.767944
393.408400 284.209500 396.323853 275.700684
392.117400 282.093800 395.022919 273.618439
390.835100 279.982500 393.729034 271.526337
389.579700 277.837900 392.452362 269.407990
388.345300 275.665600 391.201599 267.251404
387.120100 273.483200 389.953461 265.064667
385.875700 271.265000 388.688843 262.870667
384.628200 269.049200 387.397827 260.654663
383.381900 266.843000 386.131439 258.467468
382.125900 264.656300 384.844055 256.296112
380.854500 262.504300 383.557068 254.146439
379.661500 260.394600 382.243622 252.060196
378.446600 258.284100 380.922272 250.011124
377.135400 256.231900 379.587341 248.008942
375.830100 254.203900 378.270538 246.041824
374.666100 252.142300 376.954315 244.043594
373.467400 250.089900 375.635651 242.051590
372.260300 248.016900 374.252533 240.033127
371.007200 245.900200 372.850311 237.957336
369.693400 243.722700 371.413574 235.859573
368.315100 241.489500 369.911163 233.684586
366.888500 239.203500 368.371063 231.457550
365.460800 236.868900 366.805359 229.168640
364.012600 234.509600 365.258423 226.854767
362.529900 232.103900 363.721680 224.509979
361.127000 229.646700 362.179779 222.111771
359.661000 227.165200 360.631165 219.706726
358.172600 224.664800 359.060669 217.262817
356.667000 222.124500 357.417084 214.795792
355.093500 219.562900 355.701965 212.290359
353.424100 216.994400 353.929657 209.781494
351.712100 214.400800 352.111389 207.235352
349.975600 211.757600 350.283813 204.647537
348.217300 209.053900 348.439667 201.997391
346.440100 206.295800 346.552338 199.304855
344.718700 203.491400 344.695343 196.609085
343.048900 200.668300 342.851776 193.882599
341.324500 197.881200 340.998688 191.155579
339.568500 195.094400 339.180511 188.447739
337.852500 192.286600 337.335388 185.666763
336.194600 189.467000 335.525696 182.926300
334.505100 186.643600 333.724426 180.152008
332.810200 183.813400 331.913544 177.360123
331.136400 180.975200 330.150940 174.592926
329.490700 178.148700 328.379150 171.823288
327.932900 175.420200 326.678131 169.155731
326.471500 172.833200 325.079102 166.633209
325.095300 170.445000 323.600647 164.289551
323.762200 168.206100 322.199005 162.083740
322.412400 165.996900 320.754333 159.901428
321.011100 163.835400 319.300659 157.759293
319.641800 161.678600 317.885864 155.625977
318.295500 159.472400 316.479553 153.443939
316.951800 157.229300 315.074860 151.251846
315.588800 154.961100 313.638672 149.024170
314.135600 152.692800 312.151459 146.794266
312.631900 150.387300 310.636292 144.517944
311.148500 148.012100 309.108704 142.202332
309.612900 145.580200 307.510193 139.787186
308.016700 143.109100 305.890930 137.338074
306.331100 140.598200 304.208374 134.844971
304.564400 138.076000 302.469604 132.341446
302.797400 135.508900 300.692505 129.787430
300.997000 132.893600 298.890533 127.197891
299.222800 130.218600 297.056519 124.535660
297.437100 127.496300 295.203217 121.839394
295.655500 124.725500 293.341278 119.136421
293.887000 121.904900 291.461884 116.301796
292.106700 119.014900 289.571136 113.480011
290.285600 116.096800 287.661560 110.607887
288.486200 113.134700 285.750519 107.714325
286.686000 110.204800 283.819275 104.826294
284.893700 107.269000 281.893097 101.954811
283.126100 104.350100 279.974121 99.112434
281.355100 101.454500 278.073486 96.276352
279.594100 98.593690 276.197144 93.478783
277.853700 95.782330 274.354309 90.709190
276.123300 93.015090 272.525970 88.001442
274.407100 90.294590 270.732666 85.327675
272.692900 87.620630 268.944427 82.691856
270.986100 84.990760 267.153290 80.089012
269.325100 82.370640 265.392029 77.529388
267.721500 79.761360 263.665985 75.018967
266.125000 77.187760 261.966736 72.535057
264.542700 74.650060 260.271790 70.051910
262.985600 72.146080 258.608551 67.596771
261.442300 69.672120 256.975800 65.164970
259.914000 67.228910 255.352615 62.756092
258.304500 64.884450 253.769180 60.395527
256.745600 62.566170 252.212036 58.046955
255.295000 60.234750 250.737656 55.723282
253.997800 57.859320 249.424957 53.361851
252.910900 55.413560 248.282303 50.911037
252.070800 52.918370 247.387619 48.412956
251.456200 50.379500 246.743195 45.911079
251.101500 47.849010 246.326202 43.364368
250.932300 45.362320 246.104172 40.857433
250.858900 42.970440 245.967117 38.433258
250.880600 40.703100 245.874405 36.104179
250.860200 38.529600 245.752670 33.868252
250.643100 36.422190 245.475128 31.723888
250.219900 34.431510 244.990952 29.753111
249.550300 32.522370 244.272141 27.846331
248.682400 30.805930 243.445724 26.030188
247.595100 29.296170 242.248230 24.505919
246.325600 27.986790 240.890060 23.158152
244.806500 26.870520 239.345398 22.101654
243.208500 26.046220 237.711884 21.321291
241.618500 25.511990 236.136826 20.855780
240.183400 25.244680 234.700027 20.645367
238.935000 25.182690 233.451477 20.635595
237.834400 25.306400 232.348297 20.786551
236.751000 25.547440 231.330765 21.075626
235.819600 26.015040 230.449173 21.539694
235.018800 26.634010 229.667068 22.149004
234.322500 27.380390 228.975525 22.866249
233.665300 28.270030 228.415115 23.794287
233.152200 29.370220 227.942947 24.902632
232.717700 30.623840 227.591553 26.139545
232.381300 32.026050 227.323227 27.577536
232.146500 33.563930 227.235580 29.015564
231.970000 35.230950 227.177002 30.675785
231.824100 37.057360 227.149780 32.479187
231.711700 38.971820 227.142441 34.392700
231.613800 41.054710 227.155045 36.461979
231.500400 43.265380 227.176514 38.689346
231.399200 45.576380 227.209579 41.013645
231.319600 47.958050 227.264145 43.400734
231.245500 50.455120 227.346725 45.889175
231.179600 53.045730 227.437210 48.458855
231.112600 55.734600 227.532639 51.145657
231.018200 58.532000 227.622818 53.922508
230.923100 61.468330 227.743088 56.801548
230.781800 64.386420 227.814621 59.709698
230.554400 67.301250 227.819214 62.616142
230.382900 70.279420 227.862625 65.594337
230.251900 73.265810 227.921036 68.597412
230.117200 76.279160 227.993149 71.601273
229.963600 79.299000 228.031876 74.632301
229.812600 82.350860 228.073883 77.695953
229.639600 85.361680 228.142395 80.746147
229.508400 88.372400 228.202255 83.801094
229.396200 91.404150 228.285400 86.814400
229.226100 94.390420 228.309708 89.776848
229.043400 97.383610 228.322937 92.749443
228.915600 100.420900 228.393387 95.784767
228.777400 103.429600 228.442215 98.790726
228.620500 106.515300 228.497192 101.842194
228.492800 109.617700 228.565277 104.935875
228.345100 112.766000 228.617950 108.078575
228.262200 115.953800 228.682693 111.251778
228.174500 119.123600 228.736908 114.392586
228.062700 122.300500 228.771317 117.553177
227.923700 125.438600 228.795654 120.691643
227.800300 128.526100 228.832031 123.775825
227.652200 131.598300 228.851944 126.822571
227.534700 134.639400 228.893021 129.857849
227.419600 137.638100 228.935898 132.860138
227.314300 140.648200 228.969650 135.881210
227.209000 143.551900 229.008621 138.797089
227.066800 146.491000 229.014786 141.743210
226.958600 149.420900 229.052170 144.616867
226.876000 152.285800 229.108582 147.470703
226.800700 155.135000 229.164444 150.293396
226.731900 157.928600 229.237442 153.081543
226.671000 160.677000 229.287018 155.822662
226.582000 163.433500 229.319550 158.545303
226.485000 166.141300 229.342773 161.235046
226.397200 168.834800 229.369080 163.947891
226.291800 171.503000 229.375320 166.624008
226.193800 174.156400 229.390839 169.269058
226.097700 176.845900 229.405121 171.947479
226.004100 179.602700 229.436890 174.687347
225.899400 182.370000 229.475449 177.466232
225.790500 185.147000 229.513138 180.190109
225.666400 187.881700 229.538345 182.895538
225.559700 190.596700 229.576187 185.583557
225.450800 193.273500 229.603989 188.238754
225.344100 195.959200 229.646545 190.888290
225.255300 198.650900 229.700577 193.529312
225.193200 201.334900 229.772491 196.180283
225.127200 204.006800 229.831451 198.837616
225.065500 206.635300 229.896042 201.434280
225.010800 209.237100 229.958160 204.026184
224.942500 211.826000 230.018311 206.589447
224.891100 214.400400 230.094498 209.139282
224.851300 216.935700 230.167877 211.665848
224.574700 219.362300 230.252731 214.092270
224.296500 221.836900 230.326187 216.596359
224.077500 224.335800 230.414398 219.111404
223.912600 226.902200 230.516449 221.649689
223.741800 229.521600 230.585678 224.257217
223.606900 232.177000 230.656235 226.904251
223.385500 235.003000 230.693115 229.651047
223.159800 237.809300 230.676300 232.418137
222.960600 240.674800 230.696136 235.236465
222.792300 243.535000 230.722351 238.059143
222.588700 246.352100 230.742355 240.836319
222.380700 249.170100 230.735474 243.601639
222.221500 251.920200 230.780197 246.298645
222.080000 254.672900 230.851410 249.035187
221.956900 257.368500 230.906128 251.725708
221.829100 260.046700 230.967896 254.388748
221.692500 262.646800 231.000824 257.029114
221.568600 265.262200 231.043304 259.666168
221.459700 267.839700 231.113953 262.243225
221.336200 270.381800 231.149567 264.809235
221.189700 272.766200 231.164719 267.181458
221.088000 275.002000 231.209259 269.408264
221.026400 277.045600 231.287811 271.448456
221.049000 278.872300 231.428299 273.279724
221.129600 280.543300 231.604858 274.951019
221.219900 282.100200 231.792435 276.505646
221.344400 283.572300 232.026428 277.971619
221.383300 284.982800 232.164108 279.376984
221.427300 286.297500 232.321289 280.671753
221.355400 287.505400 232.334656 281.865936
221.243100 288.625800 232.315567 282.957123
221.036600 289.678700 232.218597 283.980042
220.706100 290.652000 231.970932 284.957489
220.342100 291.553100 231.669769 285.888519
219.853800 292.364600 231.267380 286.764099
219.269900 293.212700 230.734802 287.647583
218.538100 294.065300 230.093353 288.472961
217.686800 294.889800 229.288101 289.344025
216.657700 295.681400 228.318588 290.183075
215.444500 296.400100 227.156937 290.913757
214.042800 296.980800 225.806442 291.549713
212.392600 297.367200 224.182999 292.013611
210.496800 297.522800 222.357346 292.287842
208.422600 297.550500 220.302765 292.404144
206.131200 297.483400 218.054138 292.431854
203.651200 297.386400 215.545242 292.460083
200.976300 297.310600 212.871552 292.513062
198.089000 297.234800 209.984634 292.579132
194.997600 297.169600 206.876724 292.662292
191.702200 297.088100 203.573227 292.744232
188.259400 296.972900 200.130264 292.813385
184.687600 296.836900 196.537338 292.865082
180.991300 296.697500 192.840439 292.919098
177.262000 296.545800 189.083755 292.951599
173.558400 296.374900 185.382538 292.965607
169.919200 296.277600 181.691071 292.991241
166.317100 296.215600 177.986786 293.011597
162.711100 296.177000 174.355515 293.011444
159.134700 296.119900 170.707047 293.025879
155.571100 296.037800 167.040131 293.044312
152.007700 295.960500 163.419205 293.056641
148.468000 295.873200 159.844955 293.085419
144.946600 295.784900 156.266693 293.101624
141.444100 295.697900 152.734970 293.129456
137.975600 295.609100 149.224609 293.139465
134.474600 295.536100 145.739243 293.145233
131.021500 295.387200 142.269302 293.133362
127.584800 295.185200 138.838608 293.058380
124.194200 294.919100 135.478485 292.904480
120.833000 294.568800 132.139496 292.685883
117.524100 294.148300 128.827347 292.377930
114.277200 293.717200 125.545319 292.050201
111.044200 293.263000 122.317383 291.722839
107.875300 292.820400 119.086815 291.379852
104.688800 292.432800 115.881172 291.094818
101.526200 292.112800 112.676216 290.880310
98.320670 291.867700 109.432838 290.742157
95.075730 291.698100 106.141525 290.675903
91.781610 291.600800 102.830421 290.698730
88.461730 291.510300 99.456696 290.746185
85.094010 291.416400 96.048256 290.794342
81.672540 291.325000 92.598923 290.839722
78.223590 291.216800 89.122940 290.871002
74.766450 291.106600 85.673462 290.891876
71.344240 290.985400 82.260170 290.899811
67.941880 290.873200 78.842743 290.908020
64.574620 290.765700 75.469597 290.929932
61.246410 290.655900 72.120369 290.945160
57.944380 290.555500 68.823509 290.959412
54.688490 290.463900 65.564545 290.970093
51.465180 290.374800 62.342854 290.992493
48.250390 290.298700 59.132000 291.024261
45.050130 290.226400 55.931938 291.049835
41.875270 290.157700 52.765785 291.079865
38.711490 290.079000 49.621605 291.103851
35.578690 289.999000 46.506027 291.128998
32.468040 289.919000 43.401443 291.164337
29.399030 289.855900 40.336590 291.203064
26.374440 289.806000 37.320667 291.254883
23.466190 289.753800 34.412304 291.300751
20.703250 289.695700 31.680559 291.338379
18.065590 289.632000 29.058325 291.366211
15.545090 289.573700 26.542706 291.389893
13.147890 289.520300 24.169104 291.421143
10.888030 289.488100 21.910467 291.462341
8.793075 289.520100 19.826143 291.577637
6.883822 289.607400 17.908646 291.740417
5.082836 289.770600 16.102982 291.973267
3.360773 289.989300 14.385729 292.258148
1.693438 290.246300 12.722126 292.579010
0.081762 290.523900 11.117270 292.918335
-1.454040 290.824700 9.591678 293.265045
-2.912142 291.153900 8.142523 293.636780
-4.263831 291.496500 6.836882 294.007538
-5.469629 291.865200 5.660568 294.390839
-6.561797 292.250200 4.552998 294.839233
-7.567325 292.720400 3.570291 295.323395
-8.250854 293.150700 2.924954 295.751678
-8.615564 293.414600 2.585540 295.992798
-8.701378 293.497800 2.496079 296.072388
-8.677816 293.476200 2.515222 296.049591
-8.670689 293.481400 2.510147 296.052948
-8.660467 293.476600 2.510643 296.051117
-8.651698 293.468700 2.507158 296.056519
-8.643833 293.460000 2.518672 296.043060
-8.651930 293.468400 2.499044 296.074463
-8.687854 293.502400 2.437474 296.113220
-8.762112 293.570000 2.349842 296.194519
-8.920494 293.730700 2.193280 296.356964
-9.169684 294.008200 1.958671 296.652496
-9.506103 294.394700 1.643785 297.066193
-9.958653 294.935000 1.200918 297.642548
-10.520470 295.675700 0.656113 298.419952
-11.117550 296.668100 0.099240 299.434326
-11.708500 297.866400 -0.458047 300.714844
-12.237630 299.339200 -0.945147 302.233978
-12.683330 301.018400 -1.329826 303.937439
-13.070580 302.864600 -1.651854 305.805634
-13.368680 304.910200 -1.887955 307.902618
-13.565630 307.103100 -2.014104 310.128021
-13.722500 309.483700 -2.087277 312.548981
