0.000000 0.000000 0.000000 0.000000
0.054181 0.879235 0.039859 0.886599
0.069768 1.824326 0.057245 1.862907
0.003415 2.875512 -0.034438 2.896711
-0.123130 4.021896 -0.185841 4.013861
-0.355562 5.248722 -0.415744 5.239421
-0.622388 6.586939 -0.687642 6.578668
-0.941959 8.041587 -1.022702 8.023911
-1.317954 9.607606 -1.404451 9.574156
-1.746028 11.261490 -1.872199 11.253207
-2.247333 13.001260 -2.434317 13.020494
-2.819369 14.841550 -3.041248 14.868015
-3.471584 16.794890 -3.734545 16.816467
-4.206227 18.801040 -4.497087 18.858711
-5.002325 20.924250 -5.306223 20.978350
-5.895726 23.141170 -6.195157 23.155874
-6.893668 25.384920 -7.197359 25.403254
-7.982190 27.688730 -8.294361 27.706793
-9.164411 30.059710 -9.469886 30.035698
-10.444260 32.492060 -10.763226 32.474514
-11.824940 34.996970 -12.187338 34.987579
-13.288260 37.616200 -13.640101 37.552650
-14.807970 40.343090 -15.195129 40.230099
-16.405480 43.114560 -16.808586 42.979340
-18.046730 45.856950 -18.487917 45.723434
-19.822820 48.550680 -20.232836 48.395988
-21.675070 51.158150 -22.075230 51.034767
-23.560100 53.734170 -23.968552 53.636887
-25.494780 56.313420 -25.899422 56.207996
-27.482530 58.864650 -27.874466 58.769806
-29.541190 61.360910 -29.924177 61.283714
-31.678300 63.840490 -32.055828 63.791592
-33.902360 66.293940 -34.298370 66.278732
-36.250580 68.681990 -36.613457 68.719589
-38.692550 71.052560 -39.044586 71.119659
-41.192840 73.405700 -41.559872 73.500832
-43.783840 75.735640 -44.165787 75.885666
-46.432290 78.051270 -46.830044 78.229797
-49.152200 80.361270 -49.558281 80.552856
-51.940820 82.646680 -52.351967 82.846817
-54.848670 84.861880 -55.251160 85.053551
-57.859180 86.983730 -58.284321 87.188339
-60.964150 89.027210 -61.409859 89.248611
-64.171330 90.959490 -64.631462 91.216751
-67.486660 92.809380 -67.965088 93.086182
-70.858280 94.583360 -71.311394 94.864365
-74.262510 96.288110 -74.721306 96.586960
-77.676110 97.939670 -78.153130 98.253586
-81.063060 99.532950 -81.536812 99.861298
-84.370760 101.062700 -84.865608 101.438507
-87.620370 102.509100 -88.144943 102.931786
-90.786320 103.874400 -91.298256 104.356934
-93.870530 105.255700 -94.390587 105.799118
-96.881570 106.709600 -97.381111 107.279114
-99.805830 108.239800 -100.295029 108.841324
-102.636000 109.900200 -103.122437 110.482513
-105.378400 111.659200 -105.859970 112.242630
-107.976000 113.472300 -108.441895 114.060715
-110.447900 115.333000 -110.870140 115.934296
-112.784900 117.225600 -113.186958 117.832268
-115.015000 119.132700 -115.376480 119.795319
-117.123400 121.056800 -117.446182 121.757629
-119.078900 122.948300 -119.389343 123.728813
-120.895600 124.857100 -121.199409 125.686668
-122.564000 126.793900 -122.865471 127.659721
-124.115200 128.784700 -124.420692 129.703812
-125.556900 130.848800 -125.865578 131.794449
-126.900700 132.986400 -127.209061 133.960999
-128.166200 135.162700 -128.492462 136.187653
-129.390300 137.438800 -129.719193 138.494797
-130.624700 139.816800 -130.928680 140.879837
-131.850200 142.307900 -132.144440 143.397934
-133.053900 144.928800 -133.341095 146.065689
-134.221100 147.696700 -134.491577 148.850662
-135.286000 150.585100 -135.569031 151.769379
-136.188200 153.654800 -136.516342 154.884888
-136.902400 156.885700 -137.261490 158.147888
-137.414500 160.267800 -137.797623 161.573120
-137.716200 163.797200 -138.152649 165.165924
-137.811800 167.451700 -138.262512 168.842712
-137.693100 171.190300 -138.158234 172.658615
-137.342300 175.019300 -137.809204 176.553589
-136.764600 178.911300 -137.245331 180.513809
-135.961700 182.879700 -136.451584 184.563293
-134.921000 186.887900 -135.418915 188.620209
-133.676900 190.927900 -134.152084 192.748047
-132.176400 194.967500 -132.637604 196.874420
-130.412100 198.974000 -130.862122 200.963791
-128.325000 202.907800 -128.764938 204.963318
-125.879600 206.683600 -126.295425 208.800186
-123.115600 210.265500 -123.500511 212.451935
-120.072500 213.663000 -120.391113 215.937836
-116.797700 216.867700 -117.027214 219.230164
-113.326600 219.882100 -113.495407 222.305145
-109.741800 222.621900 -109.807678 225.119156
-106.071200 225.055100 -106.059250 227.615646
-102.330300 227.163100 -102.224701 229.790695
-98.549080 228.934800 -98.346710 231.594208
-94.765260 230.393600 -94.460297 233.084518
-91.040120 231.572900 -90.623749 234.295227
-87.356360 232.508500 -86.847443 235.254456
-83.712820 233.198800 -83.086052 235.969681
-80.131800 233.665300 -79.400864 236.458008
-76.597140 233.928600 -75.764740 236.743576
-73.221710 234.047000 -72.273460 236.866776
-69.951170 234.094200 -68.876221 236.921356
-66.744420 234.089700 -65.583763 236.947693
-63.631270 234.073000 -62.380768 236.948334
-60.588190 234.080900 -59.236904 236.962326
-57.589970 234.129900 -56.198212 237.023499
-54.631270 234.221300 -53.187714 237.115189
-51.691800 234.380800 -50.230064 237.312469
-48.789980 234.600500 -47.281918 237.550385
-45.914730 234.880700 -44.382027 237.829727
-43.056600 235.221400 -41.530178 238.182800
-40.226560 235.615000 -38.682972 238.575333
-37.436510 236.072300 -35.879623 239.035477
-34.671830 236.602900 -33.117516 239.574936
-31.872100 237.159200 -30.307318 240.138596
-29.030010 237.739000 -27.443914 240.721619
-26.164210 238.361200 -24.556330 241.349960
-23.288400 239.014600 -21.682610 242.025162
-20.420150 239.737800 -18.868488 242.771606
-17.585900 240.557900 -16.030106 243.599045
-14.787740 241.484300 -13.225651 244.538086
-12.027780 242.497800 -10.448593 245.561920
-9.297034 243.589800 -7.693176 246.681381
-6.615868 244.741000 -5.037498 247.807724
-4.000885 245.950200 -2.421852 249.014359
-1.445171 247.223500 0.126007 250.296295
1.045353 248.560800 2.635300 251.617523
3.471952 249.950800 5.060059 253.013367
5.864994 251.410300 7.466156 254.469391
8.235125 252.947800 9.858932 255.970154
10.583690 254.573100 12.251076 257.510376
12.953340 256.177400 14.625626 259.034607
15.346400 257.781100 17.048988 260.615112
17.751050 259.400400 19.479637 262.207458
20.188860 261.030300 21.941895 263.824097
22.647720 262.666800 24.381859 265.453888
25.099450 264.305600 26.818970 267.072418
27.525840 265.954500 29.220024 268.718994
29.936290 267.631700 31.634972 270.415039
32.286150 269.360900 33.954781 272.139435
34.606160 271.143700 36.245468 273.927734
36.885170 273.027100 38.480522 275.787323
39.097050 274.998500 40.680626 277.776306
41.290800 277.096800 42.870743 279.861786
43.439250 279.297300 45.001869 282.060974
45.513250 281.622300 47.062111 284.359314
47.514220 284.070700 49.048523 286.788849
49.431830 286.626800 50.969650 289.339813
51.294100 289.273800 52.829048 291.946198
53.101300 292.012400 54.640587 294.690002
54.875230 294.809700 56.418709 297.483215
56.646400 297.643200 58.206345 300.302307
58.445530 300.513000 60.021019 303.189270
60.252450 303.405100 61.827324 306.060852
62.043860 306.330600 63.623138 308.973022
63.761150 309.296200 65.332436 311.947876
65.349920 312.311900 66.905807 314.981812
66.806830 315.364200 68.369003 318.019318
68.116080 318.458200 69.676315 321.141052
69.296620 321.579600 70.873863 324.262085
70.444270 324.701500 72.032730 327.398529
71.544490 327.823300 73.134346 330.549347
72.579080 330.962600 74.165527 333.677246
73.537630 334.109900 75.128883 336.841614
74.456800 337.228300 76.056870 339.964722
75.339380 340.280400 76.956284 343.035492
76.286690 343.179300 77.933861 345.945526
77.264140 345.918700 78.927078 348.698395
78.217100 348.599200 79.908470 351.395996
79.076510 351.282300 80.784492 354.054626
79.788430 353.970700 81.517807 356.740082
80.289200 356.680100 82.030701 359.429230
80.544210 359.422600 82.312950 362.165405
80.553950 362.181700 82.337730 364.876617
80.325300 364.950100 82.144501 367.620819
79.948290 367.764600 81.772316 370.436646
79.552930 370.623900 81.407959 373.322388
79.189870 373.576200 81.061356 376.283112
78.847720 376.617400 80.727814 379.354126
78.487220 379.779100 80.395149 382.528534
78.109220 383.024900 80.027664 385.794312
77.724340 386.331700 79.662384 389.121063
77.303670 389.673500 79.258781 392.472260
76.785710 392.998500 78.752960 395.816010
76.164260 396.307900 78.151917 399.146454
75.453110 399.563900 77.456581 402.421173
74.687820 402.778100 76.697914 405.649933
73.880590 405.959600 75.898598 408.855286
73.001560 409.140100 75.027542 412.086792
72.077030 412.325000 74.119133 415.264099
71.142260 415.518400 73.204697 418.490662
70.199490 418.732600 72.287643 421.702911
69.226500 421.954700 71.327431 424.929443
68.236100 425.167200 70.354523 428.181793
67.260820 428.363600 69.385071 431.396851
66.313240 431.552600 68.432014 434.624573
65.391740 434.718000 67.507797 437.804718
64.501670 437.856900 66.614082 440.967163
63.634920 440.951000 65.739510 444.109131
62.789470 444.005700 64.887222 447.188873
61.956690 447.015700 64.066574 450.182281
61.133480 449.961200 63.221565 453.201202
60.318620 452.867200 62.395599 456.124695
59.499520 455.718100 61.580002 458.975128
58.682170 458.529200 60.775925 461.797516
57.867160 461.298900 59.981285 464.596436
57.054660 464.035200 59.194283 467.348358
56.243590 466.731100 58.390305 470.028229
55.443060 469.359000 57.602188 472.667816
54.686220 471.907600 56.865776 475.231354
53.957650 474.335100 56.164574 477.663879
53.256730 476.667000 55.481567 479.999512
52.582380 478.963700 54.837196 482.299835
51.956500 481.261900 54.216187 484.631409
51.412610 483.574200 53.685951 486.976654
51.013880 485.899300 53.298553 489.327179
50.812910 488.248800 53.108253 491.684418
50.798080 490.609700 53.104946 494.078003
50.978710 492.984500 53.293579 496.470978
51.345270 495.367500 53.693710 498.877258
51.889050 497.738400 54.224049 501.260956
52.577300 500.130400 54.942612 503.684814
53.407230 502.515400 55.801376 506.064545
54.397040 504.884900 56.803986 508.498871
55.518570 507.215000 57.950272 510.835663
56.765020 509.509300 59.195435 513.161194
58.192020 511.730400 60.641327 515.413940
59.789040 513.824000 62.260086 517.519165
61.540430 515.752700 64.023026 519.447937
63.410000 517.523000 65.897202 521.234619
65.397890 519.217300 67.888702 522.924133
67.496690 520.814600 69.992325 524.509705
69.720640 522.307200 72.276947 526.040100
72.067650 523.642400 74.628677 527.362122
74.549290 524.809100 77.140503 528.518555
77.153850 525.815200 79.804413 529.548462
79.881990 526.633100 82.591293 530.374146
82.715440 527.211700 85.460060 530.953491
85.640790 527.586200 88.447708 531.340759
88.644290 527.748500 91.492119 531.516907
91.710620 527.693700 94.615677 531.452576
94.811790 527.411800 97.771965 531.148010
97.935300 526.886500 100.928757 530.609192
101.063100 526.157900 104.100952 529.851562
104.194600 525.225000 107.243858 528.896606
107.305700 524.079000 110.383392 527.720398
110.385400 522.743600 113.476830 526.363159
113.459600 521.282300 116.580925 524.898499
116.567100 519.769500 119.702065 523.363281
119.739300 518.237200 122.851265 521.835815
122.982300 516.640600 126.035324 520.253906
126.165500 515.061000 129.243896 518.647034
129.459200 513.419400 132.534653 516.990845
132.785400 511.739500 135.862213 515.292053
136.164500 510.030300 139.238052 513.565674
139.600200 508.311400 142.609436 511.843964
143.109700 506.548700 146.102158 510.066589
146.672500 504.761300 149.637863 508.266602
150.295000 502.937800 153.239365 506.422913
153.967100 501.081900 156.902786 504.546021
157.696200 499.214100 160.598785 502.659790
161.457700 497.333800 164.338562 500.775055
165.216700 495.416600 168.073792 498.835510
168.984800 493.501000 171.828217 496.921051
172.746400 491.586700 175.591736 494.976929
176.518000 489.688800 179.346252 493.072479
180.295200 487.819900 183.131958 491.182251
184.036700 485.970500 186.889069 489.322876
187.779200 484.135700 190.665009 487.473907
191.500200 482.306500 194.396667 485.622681
195.180200 480.469600 198.097015 483.768066
198.815300 478.621300 201.733490 481.899841
202.393600 476.753100 205.354340 480.000244
205.912000 474.880400 208.890854 478.111877
209.296500 473.041000 212.320740 476.242126
212.515400 471.274700 215.552063 474.476227
215.580600 469.586600 218.666748 472.750427
218.489200 468.019000 221.596313 471.173615
221.328300 466.599200 224.466339 469.768585
224.156800 465.368500 227.328491 468.512054
226.991800 464.316200 230.216141 467.435181
229.883500 463.424700 233.168732 466.550568
232.820800 462.731300 236.124695 465.878967
235.780100 462.243300 239.097610 465.400208
238.782200 461.945800 242.122223 465.091675
241.848400 461.905600 245.207047 465.037079
244.967900 462.147500 248.304031 465.274323
248.086200 462.682300 251.415833 465.822510
251.186900 463.495800 254.491028 466.620483
254.278000 464.580100 257.566406 467.697876
257.287900 465.915200 260.593872 469.023804
260.242000 467.523100 263.515869 470.635010
263.106900 469.351100 266.330139 472.447998
265.866100 471.381400 269.108917 474.486572
268.559300 473.556000 271.834747 476.658356
271.204400 475.840000 274.472046 478.947296
273.819900 478.206700 277.072205 481.293701
276.385100 480.590800 279.617615 483.664703
278.915500 482.977100 282.176178 486.065430
281.390900 485.346800 284.691772 488.429108
283.809500 487.633100 287.134888 490.713989
286.165500 489.759700 289.506409 492.855347
288.479300 491.699500 291.852539 494.809082
290.753400 493.425200 294.142273 496.546997
292.943900 494.909400 296.355530 498.047546
295.050000 496.208200 298.479431 499.370148
297.157600 497.295500 300.617798 500.488464
299.275300 498.080400 302.756012 501.277496
301.409300 498.552800 304.933380 501.800964
303.638500 498.806300 307.181061 502.067688
305.825500 498.755800 309.418732 502.014801
307.969500 498.413400 311.619080 501.701294
310.082700 497.866400 313.788513 501.183807
312.168500 497.169500 315.931824 500.505310
314.242500 496.345000 318.048370 499.708984
316.287200 495.404000 320.170380 498.803192
318.242200 494.293900 322.144623 497.723755
320.067800 492.959300 323.991760 496.415649
321.691800 491.422900 325.658173 494.877563
323.027900 489.679600 327.070648 493.169250
324.128000 487.907400 328.248779 491.383453
325.083100 486.074100 329.231659 489.487976
325.901600 484.156200 330.049133 487.514099
326.541500 482.161200 330.714111 485.461853
326.975000 480.110600 331.164490 483.363647
327.199900 477.981300 331.395203 481.214417
327.207600 475.816100 331.413696 479.019958
326.987100 473.574900 331.199249 476.779297
326.612600 471.312500 330.832275 474.426453
326.101700 468.984300 330.315399 472.052765
325.485000 466.584700 329.703369 469.596924
324.770900 464.117300 329.000214 467.076843
324.015300 461.568800 328.272888 464.527100
323.241500 458.937100 327.490112 461.847137
322.428100 456.221600 326.681580 459.117676
321.582200 453.438700 325.848389 456.350159
320.700500 450.590200 324.968567 453.491791
319.803300 447.709400 324.082092 450.620789
318.882300 444.812700 323.155090 447.725616
317.933600 441.902000 322.249146 444.855438
317.026500 438.982700 321.339233 441.937714
316.159500 436.052700 320.477234 439.013916
315.357400 433.104800 319.671967 436.069550
314.633500 430.138600 318.930725 433.090057
314.023700 427.174800 318.325989 430.133728
313.546100 424.188800 317.860046 427.142517
313.186000 421.191700 317.501251 424.158966
312.967300 418.184200 317.304382 421.169250
312.864500 415.179900 317.203827 418.164764
312.872600 412.155500 317.213440 415.150269
312.990400 409.162100 317.324402 412.160156
313.203500 406.159400 317.557037 409.171631
313.520300 403.163500 317.874329 406.165253
313.923800 400.189100 318.275818 403.187866
314.410500 397.252500 318.767151 400.224396
314.957200 394.350700 319.323212 397.321228
315.563700 391.486400 319.933929 394.415985
316.210700 388.682600 320.588348 391.595276
316.875600 385.969600 321.283081 388.868256
317.575400 383.411700 321.992249 386.319519
318.278300 381.082600 322.702393 383.958099
318.940600 378.964700 323.375580 381.850006
319.536100 376.960800 324.005890 379.849854
320.051600 374.976800 324.589447 377.872528
320.455200 373.030400 325.065552 375.906067
320.667900 371.083600 325.305023 373.965149
320.639300 369.178900 325.314545 372.052002
320.367200 367.308200 325.087830 370.189911
319.812200 365.451900 324.593384 368.309784
318.977600 363.612500 323.817871 366.498535
317.917200 361.899400 322.802795 364.787781
316.653200 360.259800 321.560333 363.136353
315.183100 358.649300 320.114227 361.521484
313.573000 357.006500 318.513397 359.871979
311.803000 355.325900 316.742584 358.174927
309.911600 353.572300 314.862183 356.404663
307.954100 351.681100 312.930267 354.524414
305.918800 349.709900 310.915955 352.553009
303.815100 347.660800 308.832031 350.500153
301.671400 345.530600 306.703644 348.373077
299.493500 343.321800 304.539062 346.168945
297.311600 341.063800 302.358429 343.919952
295.144200 338.750800 300.186371 341.618866
293.010900 336.383800 298.048248 339.274048
290.937000 333.945100 295.977814 336.855896
288.991700 331.405200 294.003601 334.318451
287.170900 328.759000 292.174408 331.690674
285.462000 326.045600 290.459534 328.986847
283.830800 323.246400 288.777832 326.153656
282.268800 320.363300 287.188293 323.282196
280.755300 317.391500 285.660583 320.319519
279.273700 314.371200 284.171387 317.315186
277.774600 311.308900 282.680542 314.263733
276.264200 308.193000 281.159851 311.143707
274.757100 305.022400 279.653015 307.975403
273.207400 301.793600 278.118439 304.737885
271.619600 298.531900 276.551300 301.465240
270.024400 295.205700 274.976746 298.132355
268.363800 291.836000 273.336761 294.766479
266.611600 288.477200 271.581726 291.415466
264.727500 285.132100 269.695953 288.091766
262.759200 281.800100 267.721161 284.787720
260.701700 278.471600 265.669556 281.472839
258.620500 275.176300 263.554504 278.152832
256.506400 271.837700 261.426758 274.834534
254.344100 268.488000 259.262238 271.473480
252.173900 265.097000 257.104004 268.127075
249.944700 261.678700 254.897690 264.772095
247.696800 258.253900 252.693665 261.371063
245.448300 254.808000 250.419006 257.936768
243.193400 251.334600 248.166718 254.488388
240.896500 247.824500 245.901703 251.009674
238.556700 244.277400 243.598267 247.506714
236.174700 240.690700 241.236176 243.928055
233.763000 237.091500 238.872482 240.348969
231.332800 233.457600 236.535370 236.771484
228.838300 229.808000 234.138535 233.182617
226.342900 226.169100 231.703979 229.591995
223.818800 222.533800 229.221252 225.997955
221.285700 218.901400 226.732620 222.400482
218.752300 215.265000 224.227585 218.786987
216.249600 211.634900 221.748383 215.164032
213.762100 207.997700 219.300293 211.558014
211.316800 204.351400 216.867767 207.920700
208.893800 200.676600 214.478882 204.267334
206.508300 196.989800 212.091568 200.614639
204.177700 193.291200 209.752060 196.924103
201.927600 189.547700 207.503143 193.172699
199.739900 185.759300 205.318878 189.367508
197.634000 181.950500 203.237305 185.547470
195.568100 178.118500 201.187317 181.685532
193.561400 174.281900 199.194519 177.847687
191.624100 170.408300 197.188293 173.941101
189.716900 166.527700 195.261032 170.059845
187.815500 162.621800 193.349579 166.162354
185.959300 158.681600 191.467331 162.199783
184.094000 154.737900 189.586273 158.258194
182.239600 150.794500 187.726273 154.341675
180.398400 146.846200 185.881317 150.398712
178.592100 142.900000 184.061584 146.473663
176.795000 138.933400 182.246735 142.524414
174.974500 134.967700 180.428970 138.596878
173.137100 131.051800 178.582382 134.690155
171.221700 127.194200 176.643372 130.829590
169.204100 123.403700 174.586273 127.019730
167.059300 119.698200 172.417877 123.314514
164.778800 116.075700 170.143555 119.725388
162.368900 112.524900 167.725449 116.219116
159.842700 109.067300 165.204498 112.807938
157.243500 105.701500 162.554138 109.448959
154.586000 102.373400 159.860458 106.139709
151.852400 99.075390 157.116867 102.873604
149.065100 95.812170 154.333130 99.636261
146.211000 92.589950 151.482117 96.422897
143.290400 89.438890 148.527359 93.256989
140.313900 86.318510 145.526474 90.146194
137.315300 83.188540 142.498978 87.032623
134.309400 80.022690 139.490234 83.896698
131.293700 76.854850 136.509216 80.782867
128.257000 73.680270 133.494003 77.629089
125.224000 70.510050 130.464584 74.450821
122.171600 67.325860 127.440186 71.295792
119.104200 64.151150 124.353508 68.117393
116.003700 60.986180 121.226738 64.961342
112.861400 57.817240 118.098541 61.822113
109.667300 54.647940 114.929886 58.687275
106.494700 51.468900 111.758316 55.549126
103.294400 48.292970 108.557442 52.405029
100.126400 45.132480 105.380142 49.280132
96.950460 41.977160 102.179184 46.132683
93.739320 38.803750 98.979576 43.006878
90.567830 35.632100 95.817413 39.861229
87.415790 32.458970 92.674316 36.729195
84.260040 29.295850 89.531502 33.590763
81.123540 26.129440 86.393806 30.441145
77.992680 22.957970 83.273094 27.276688
74.890600 19.774830 80.132614 24.104446
71.780370 16.590360 77.003891 20.925154
68.630430 13.396510 73.886299 17.744497
65.471800 10.205970 70.783844 14.590555
62.314330 7.007367 67.719162 11.461859
59.206170 3.808043 64.653290 8.294689
56.091860 0.584754 61.554386 5.098463
53.008120 -2.625659 58.522156 1.950987
49.955730 -5.822352 55.508217 -1.167946
46.935070 -9.021045 52.516468 -4.293678
43.893000 -12.216550 49.544785 -7.375549
40.929340 -15.293680 46.616837 -10.414612
38.089530 -18.317430 43.792763 -13.395186
35.418750 -21.291630 41.100132 -16.349995
32.866820 -24.157290 38.525620 -19.201294
30.511610 -26.943030 36.116440 -21.977016
28.282770 -29.552800 33.881287 -24.567093
26.270910 -31.981160 31.822613 -26.988077
24.406470 -34.119140 29.904915 -29.129541
22.621160 -35.934900 28.097992 -30.954010
20.883450 -37.415600 26.355612 -32.425598
19.174900 -38.513760 24.631657 -33.550465
17.516050 -39.260550 22.956671 -34.294720
15.838890 -39.714580 21.269880 -34.799400
14.191360 -39.829780 19.582043 -34.917755
12.634270 -39.672360 17.999247 -34.833176
11.172310 -39.260550 16.483269 -34.406620
9.789695 -38.629800 15.055840 -33.786156
8.497673 -37.738490 13.722733 -32.862713
7.308945 -36.616890 12.474994 -31.716438
6.256320 -35.282630 11.425514 -30.312748
5.377697 -33.729560 10.588430 -28.697277
4.666734 -31.994970 9.904395 -26.910646
4.118069 -30.087400 9.370018 -24.959517
3.675026 -28.058910 8.943365 -22.872036
3.306982 -25.913550 8.586185 -20.656456
2.950683 -23.671670 8.258763 -18.352688
2.589654 -21.354230 7.903233 -15.981971
2.235350 -18.941910 7.547018 -13.465208
1.883217 -16.438970 7.219596 -10.890364
1.539703 -13.883430 6.881066 -8.251059
1.229057 -11.374200 6.556678 -5.659413
0.914029 -8.934948 6.261271 -3.166122
0.572467 -6.591425 5.947901 -0.782850
0.172462 -4.328516 5.598652 1.525247
-0.233814 -2.148095 5.264804 3.722660
-0.652500 -0.027237 4.901228 5.888892
-1.128803 2.027763 4.495463 7.966606
-1.682534 4.091749 4.032604 10.036120
-2.326851 6.156888 3.477691 12.133371
-3.006582 8.222648 2.860834 14.230582
