0.000000 0.000000 0.000000 0.000000
0.059875 0.430540 0.056255 0.436314
0.240194 0.981257 0.237075 0.987840
0.531827 1.620036 0.528873 1.621186
0.999102 2.286905 0.995291 2.288240
1.634196 2.948016 1.603278 2.921015
2.465897 3.579897 2.418758 3.557868
3.507611 4.202254 3.449693 4.178178
4.794196 4.791823 4.748966 4.777635
6.329744 5.330723 6.301625 5.312043
8.109243 5.878028 8.117778 5.880215
10.112010 6.449695 10.142363 6.446647
12.311460 7.000760 12.379031 7.018518
14.649940 7.512325 14.756743 7.532447
17.045990 7.933466 17.168192 7.963226
19.495760 8.228210 19.638523 8.243332
21.992720 8.306307 22.166821 8.310561
24.504830 8.124873 24.718426 8.115653
26.991550 7.679836 27.188408 7.644117
29.438030 6.997717 29.627293 6.942753
31.783040 6.157692 31.962646 6.095426
34.061480 5.135804 34.222855 5.060339
36.249090 3.963231 36.378624 3.891164
38.339410 2.756405 38.456860 2.678513
40.387000 1.476584 40.499935 1.401163
42.507450 0.121543 42.601158 0.054689
44.798470 -1.255569 44.875275 -1.328905
47.253440 -2.652713 47.287766 -2.720882
49.829130 -4.119797 49.829811 -4.190971
52.496600 -5.654198 52.459576 -5.729280
55.197500 -7.201418 55.131210 -7.285152
57.889050 -8.733355 57.777073 -8.821651
60.568300 -10.237180 60.428589 -10.330208
63.209030 -11.720560 63.055065 -11.828852
65.794730 -13.245590 65.639847 -13.362749
68.306160 -14.789450 68.150589 -14.914564
70.774870 -16.359280 70.591728 -16.491903
73.207180 -17.930420 73.024467 -18.074657
75.585180 -19.500110 75.396362 -19.660557
77.976200 -21.045650 77.793533 -21.205345
80.359750 -22.550030 80.180084 -22.715399
82.721600 -24.045560 82.553284 -24.238487
85.130890 -25.457240 84.958023 -25.662516
87.583520 -26.763470 87.396461 -26.967585
90.052030 -27.962520 89.871796 -28.181946
92.567280 -29.055560 92.380371 -29.275694
95.091560 -30.042180 94.911812 -30.278349
97.627970 -30.999950 97.425102 -31.240717
100.184800 -31.914080 99.968277 -32.175335
102.738700 -32.746220 102.520531 -33.030338
105.306500 -33.553570 105.077660 -33.853600
107.889600 -34.298460 107.647583 -34.610703
110.487000 -34.993230 110.224960 -35.325661
113.094500 -35.631080 112.808144 -35.966614
115.714700 -36.218190 115.416634 -36.563206
118.336800 -36.794500 118.025574 -37.154385
120.956100 -37.311260 120.652039 -37.688297
123.575400 -37.808670 123.272697 -38.188038
126.178100 -38.305940 125.866669 -38.684162
128.749000 -38.789160 128.429169 -39.165096
131.294400 -39.254810 130.962814 -39.646790
133.800300 -39.697620 133.439026 -40.102097
136.267300 -40.152820 135.909134 -40.580769
138.705700 -40.571180 138.335373 -41.015511
141.108200 -40.918610 140.734528 -41.375389
143.486200 -41.184130 143.113983 -41.661491
145.827400 -41.344840 145.464752 -41.832478
148.116900 -41.390150 147.760742 -41.882359
150.394500 -41.337850 150.055603 -41.855366
152.640300 -41.243160 152.310608 -41.798935
154.896300 -41.171990 154.568207 -41.769848
157.139500 -41.129290 156.792618 -41.765648
159.364300 -41.123040 159.019714 -41.804855
161.541500 -41.143410 161.183609 -41.853184
163.691100 -41.184580 163.348785 -41.934662
165.794600 -41.169840 165.438232 -41.941738
167.853000 -41.036680 167.483749 -41.837738
169.861400 -40.814300 169.495544 -41.633965
171.785700 -40.498720 171.425568 -41.328621
173.656900 -40.100850 173.300278 -40.941425
175.466100 -39.643440 175.109924 -40.499344
177.238400 -39.176700 176.886444 -40.045727
179.051200 -38.637820 178.710602 -39.525826
180.842400 -38.130090 180.520874 -39.039860
182.654500 -37.585090 182.348129 -38.501057
184.499200 -36.994200 184.200836 -37.934387
186.326400 -36.336250 186.053146 -37.309925
188.179600 -35.586660 187.921112 -36.606133
190.033300 -34.744990 189.790741 -35.796974
191.950900 -33.866980 191.705597 -34.926460
193.922400 -32.984310 193.687317 -34.047035
195.981900 -32.091960 195.722046 -33.167305
198.044700 -31.179470 197.757965 -32.277969
200.096400 -30.282730 199.798782 -31.403679
202.149000 -29.377620 201.874084 -30.516441
204.205200 -28.490440 203.948242 -29.641220
206.280400 -27.683360 206.036423 -28.864861
208.395100 -26.949400 208.140900 -28.162380
210.511400 -26.248260 210.269791 -27.480576
212.653100 -25.542730 212.389603 -26.812141
214.826000 -24.841570 214.549484 -26.118401
217.025900 -24.115450 216.722031 -25.409973
219.237300 -23.317850 218.935150 -24.646408
221.445500 -22.466040 221.101379 -23.833839
223.667300 -21.584010 223.310120 -22.999275
225.887600 -20.687600 225.524643 -22.136841
228.072000 -19.761640 227.736938 -21.237762
230.220200 -18.813360 229.911652 -20.308487
232.380100 -17.819580 232.098328 -19.340515
234.567900 -16.817990 234.301926 -18.366226
236.713000 -15.809910 236.450378 -17.392960
238.851800 -14.765210 238.606445 -16.374229
241.017000 -13.683470 240.766541 -15.328354
243.189400 -12.578710 242.950638 -14.265854
245.303900 -11.468690 245.060791 -13.183380
247.468200 -10.349670 247.234543 -12.095879
249.645100 -9.231011 249.421143 -10.999695
251.806300 -8.090111 251.582123 -9.897118
253.960700 -6.938930 253.772736 -8.779121
256.101100 -5.755645 255.937393 -7.620964
258.215000 -4.543629 258.098969 -6.424072
260.307600 -3.272954 260.209351 -5.173958
262.344400 -1.883065 262.257721 -3.807938
264.302700 -0.414263 264.231445 -2.365295
266.252100 1.068534 266.209137 -0.919319
268.265900 2.447327 268.260193 0.444237
270.324900 3.759467 270.368835 1.739052
272.419700 5.022290 272.494568 2.976433
274.560900 6.266911 274.677917 4.186172
276.693900 7.483336 276.850006 5.388184
278.872400 8.703796 279.055908 6.578468
281.097600 9.935075 281.315460 7.788765
283.337500 11.219770 283.569885 9.047371
285.578400 12.544850 285.808960 10.330231
287.831600 13.911530 288.065613 11.672928
290.088700 15.396350 290.337799 13.122398
292.311900 16.932960 292.583069 14.627419
294.493900 18.481610 294.805786 16.177940
296.720900 20.090920 297.038330 17.807159
298.978300 21.804860 299.237305 19.536575
301.361000 23.633810 301.373596 21.293198
303.645300 25.487530 303.511017 23.110809
305.870300 27.427630 305.616638 24.971039
308.019400 29.387000 307.742584 26.895721
310.140700 31.374480 309.839050 28.850449
312.194800 33.399420 311.893982 30.831131
314.189200 35.447230 313.902954 32.823654
316.138800 37.517350 315.866547 34.846207
318.049100 39.628100 317.793457 36.926804
319.943200 41.728570 319.692261 38.991074
321.828600 43.822610 321.598877 41.047974
323.748400 45.934260 323.537994 43.126007
325.706500 48.018020 325.513855 45.170868
327.739600 50.080930 327.597626 47.244232
329.840400 52.117880 329.705811 49.239990
331.997600 54.088750 331.895935 51.171936
334.230000 56.046050 334.159515 53.097427
336.499800 57.995180 336.452789 55.020767
338.816900 59.925620 338.792999 56.920868
341.178100 61.833440 341.150696 58.766914
343.554900 63.722300 343.540253 60.619202
345.957800 65.576790 345.972534 62.430122
348.386500 67.418200 348.426025 64.250832
350.801500 69.229240 350.858185 66.040009
353.254100 71.038830 353.323273 67.839561
355.698600 72.844900 355.770905 69.625572
358.141800 74.650950 358.219391 71.402771
360.583100 76.452920 360.663666 73.199684
363.026300 78.255900 363.111420 74.972107
365.452200 80.044720 365.561279 76.727455
367.845000 81.823410 367.960632 78.454193
370.166400 83.579750 370.300903 80.187775
372.393300 85.288160 372.544373 81.864449
374.497600 86.944540 374.671417 83.493576
376.478000 88.495560 376.672791 85.036026
378.371000 89.933730 378.579315 86.451187
380.183400 91.300940 380.414032 87.805687
381.933000 92.573690 382.168976 89.054573
383.660900 93.763590 383.909393 90.243454
385.476400 94.921870 385.772186 91.406586
387.358800 96.029350 387.685028 92.490204
389.297900 97.086300 389.653748 93.541672
391.333900 98.175050 391.717957 94.616661
393.414000 99.266980 393.819214 95.661133
395.549800 100.322500 395.968262 96.670433
397.704500 101.322500 398.156006 97.660774
399.824200 102.279600 400.291748 98.563965
401.916600 103.140900 402.412476 99.390823
403.950600 103.902700 404.464813 100.113678
405.959700 104.590800 406.476654 100.755371
408.011000 105.108200 408.521454 101.233429
410.135100 105.485400 410.676361 101.604301
412.361000 105.790800 412.916656 101.894714
414.624700 106.058600 415.181396 102.137619
416.897400 106.297800 417.463074 102.350601
419.163900 106.506600 419.735321 102.523201
421.493300 106.727000 422.050690 102.702545
423.737200 106.947800 424.286224 102.885277
425.977100 107.191600 426.512177 103.101074
428.102800 107.420100 428.608032 103.308853
430.149200 107.670800 430.656555 103.504524
432.117500 107.907600 432.637115 103.690338
434.025800 108.008100 434.536133 103.742310
435.758200 108.009100 436.302185 103.685402
437.299000 107.930500 437.825256 103.555099
438.581000 107.769400 439.128876 103.342247
439.666200 107.607000 440.218597 103.155678
440.608900 107.409000 441.133972 102.960754
441.398700 107.289400 441.918518 102.819656
441.992900 107.179100 442.495361 102.692627
442.448600 107.110700 442.953644 102.593712
442.905900 107.038600 443.409058 102.470200
443.346800 107.014100 443.850098 102.418900
443.836000 106.989300 444.334961 102.361076
444.473000 106.989500 444.966461 102.323509
445.205500 106.946300 445.716614 102.229843
446.012900 106.953300 446.530670 102.188171
446.902800 107.033600 447.379333 102.226967
447.889800 107.210000 448.347351 102.356041
448.987400 107.446500 449.426849 102.527039
450.189500 107.822200 450.621399 102.848358
451.491100 108.402100 451.919739 103.277832
452.928900 109.084800 453.376465 103.837601
454.502200 109.798100 454.919403 104.508995
456.158200 110.666600 456.554993 105.343201
457.971900 111.646100 458.313446 106.313751
459.877400 112.735800 460.191711 107.381599
461.883200 113.914900 462.191528 108.532928
463.988700 115.182000 464.291779 109.774445
466.175500 116.517700 466.473022 111.072350
468.435400 117.924700 468.729980 112.451729
470.781100 119.404400 471.099609 113.908417
473.219400 120.926800 473.546448 115.393417
475.743400 122.510800 476.043488 116.920670
478.344300 124.160400 478.627838 118.530350
480.992000 125.864000 481.285156 120.204147
483.679900 127.592900 484.024109 121.889549
486.447600 129.273600 486.837646 123.526848
489.320000 130.826500 489.778503 125.040810
492.282900 132.213200 492.789612 126.376274
495.358000 133.438200 495.924225 127.529900
498.513800 134.409800 499.158875 128.456573
501.751100 135.064200 502.394409 129.066910
505.042300 135.427700 505.735870 129.398499
508.395000 135.556900 509.084106 129.510742
511.770400 135.475700 512.498901 129.399612
515.185000 135.299200 515.944702 129.184830
518.623000 135.097900 519.406006 128.934631
522.144800 134.847000 522.944946 128.647018
525.734400 134.578800 526.554382 128.327835
529.399100 134.293800 530.246277 128.008026
533.133700 134.010400 533.993347 127.693398
536.936600 133.686300 537.854370 127.336075
540.806000 133.326000 541.742004 126.936523
544.802000 132.892300 545.665466 126.490273
548.848400 132.415900 549.659363 125.999001
552.948000 131.900800 553.731750 125.452560
557.104100 131.327900 557.877258 124.860275
561.317500 130.706600 562.077515 124.225288
565.599800 130.051200 566.382874 123.541229
569.941500 129.367300 570.724304 122.840866
574.351700 128.666500 575.081604 122.123497
578.779700 127.953800 579.487305 121.384193
583.237100 127.258900 583.893616 120.655190
587.713000 126.567300 588.331482 119.899696
592.202000 125.884700 592.777710 119.165451
596.683800 125.215200 597.224548 118.460976
601.149700 124.558400 601.663086 117.763115
605.601500 123.870200 606.089478 117.061584
610.038700 123.194200 610.521545 116.373077
614.483600 122.547100 614.949890 115.733513
618.926400 121.903400 619.378906 115.083504
623.350300 121.254400 623.773804 114.424561
627.741900 120.615400 628.118713 113.798615
632.071600 120.016600 632.371521 113.211296
636.318800 119.412600 636.551392 112.633499
640.484000 118.825100 640.690674 112.059555
644.497600 118.256100 644.718323 111.486389
648.278400 117.698400 648.526855 110.941170
651.817400 117.176000 652.082764 110.412338
655.064500 116.712400 655.342407 109.969528
657.980700 116.314200 658.259277 109.578102
660.526400 115.964600 660.801270 109.246384
662.701100 115.630800 662.978455 108.929695
664.544000 115.185100 664.874756 108.497955
666.220700 114.557800 666.512146 107.871933
667.731400 113.722400 668.000488 107.002167
668.815500 112.652100 669.141724 105.960907
669.721700 111.420600 670.037659 104.712524
670.375000 110.040000 670.651794 103.298309
670.743500 108.532100 670.997864 101.772308
670.853700 106.905800 671.114014 100.129974
670.479600 105.203700 670.824097 98.429352
669.886200 103.505000 670.227844 96.890015
668.934000 101.811700 669.253235 95.200653
667.713400 100.128500 668.098267 93.532471
666.284600 98.431790 666.607544 91.809875
664.691900 96.730170 664.999512 90.068787
662.951100 95.069520 663.246521 88.413086
661.045400 93.515090 661.314453 86.877380
658.978100 92.108080 659.258606 85.520142
656.784000 90.796840 657.069641 84.258545
654.501500 89.445100 654.788696 82.964767
652.178300 88.060580 652.432373 81.614487
649.787300 86.622730 650.043579 80.207413
647.361600 85.108610 647.596191 78.711487
644.842400 83.549870 645.047363 77.158661
642.252000 81.948280 642.449951 75.585327
639.681300 80.324390 639.875244 73.979691
637.149300 78.658370 637.353027 72.355896
634.666500 76.993840 634.872803 70.720230
632.251900 75.355150 632.462158 69.130905
629.879500 73.738570 630.094360 67.569534
627.590500 72.163550 627.798462 66.033081
625.387200 70.610050 625.598206 64.523804
623.318500 69.115660 623.531006 63.106125
621.410500 67.709240 621.615417 61.756668
619.670100 66.436970 619.892639 60.542175
618.153900 65.289110 618.375977 59.448227
616.867100 64.327580 617.085083 58.517899
615.819600 63.530860 616.073975 57.759186
614.973800 62.932120 615.233948 57.160431
614.330800 62.461620 614.567383 56.680954
613.811100 62.069300 614.036621 56.293457
613.313200 61.694250 613.523254 55.931259
612.830400 61.322490 613.020142 55.550735
612.348000 60.956790 612.510498 55.194946
611.900500 60.618970 612.052429 54.845673
611.476100 60.298910 611.611938 54.518295
611.109300 60.011850 611.240479 54.239502
610.766100 59.758400 610.887817 54.000244
610.434000 59.483890 610.549133 53.728577
610.127300 59.236310 610.228516 53.489517
609.810600 58.983200 609.907410 53.251144
609.426900 58.683240 609.522339 52.960693
608.885000 58.245010 608.960388 52.538239
608.141400 57.643250 608.209106 51.947144
607.226200 56.864850 607.299866 51.196320
606.175100 55.922830 606.270752 50.276398
604.988800 54.815760 605.114746 49.201630
603.721000 53.539790 603.859497 47.956726
602.357600 52.129810 602.507080 46.578949
600.872200 50.598950 601.020752 45.087280
599.313100 48.940800 599.453491 43.469391
597.636500 47.153860 597.752441 41.713623
595.881100 45.248230 595.948303 39.854309
594.057800 43.236600 594.077515 37.875153
592.228600 41.166150 592.221558 35.850464
590.416500 39.097260 590.400574 33.817383
588.589700 37.035950 588.570923 31.775146
586.727400 34.953000 586.700806 29.749329
584.835300 32.869090 584.795471 27.716278
582.909900 30.778460 582.848511 25.657166
580.956400 28.682870 580.867920 23.593414
578.981900 26.559660 578.865906 21.501129
576.989600 24.412110 576.851562 19.394592
575.013400 22.261790 574.833618 17.264252
573.061000 20.092300 572.833862 15.115448
571.135300 17.941960 570.882935 13.009338
569.253000 15.812370 568.964294 10.902161
567.402800 13.684550 567.085083 8.796661
565.597000 11.594760 565.254700 6.739471
563.776800 9.568871 563.402710 4.750549
562.016200 7.610878 561.616211 2.808899
560.357800 5.761759 559.931519 0.987152
558.790600 4.059161 558.350220 -0.682404
557.388800 2.556647 556.920959 -2.157959
556.166300 1.224300 555.683533 -3.472870
555.086800 0.038120 554.578369 -4.650879
554.091900 -1.065239 553.553955 -5.743713
553.156200 -2.093206 552.583496 -6.764099
552.265400 -3.039119 551.672729 -7.690460
551.446200 -3.918816 550.851807 -8.559082
550.714900 -4.709150 550.102539 -9.344666
550.055400 -5.411455 549.413513 -10.035126
549.472200 -6.063502 548.824707 -10.690277
548.991400 -6.627882 548.331482 -11.244843
548.582100 -7.090666 547.910767 -11.695831
548.257600 -7.479973 547.583008 -12.071411
547.987500 -7.803179 547.296814 -12.378571
547.768900 -8.070234 547.065063 -12.636292
547.592600 -8.293718 546.879944 -12.856598
547.438700 -8.468806 546.724976 -13.033386
547.312300 -8.609266 546.597778 -13.177948
547.212800 -8.727030 546.486633 -13.301270
547.137900 -8.816118 546.408081 -13.394470
547.093000 -8.878200 546.351562 -13.455322
547.069500 -8.915003 546.316406 -13.491852
547.040300 -8.948208 546.288879 -13.523285
546.977500 -9.002351 546.243591 -13.571472
546.906300 -9.075048 546.184387 -13.640228
546.823300 -9.175395 546.101624 -13.732147
546.717900 -9.307750 545.991882 -13.854156
546.577700 -9.471357 545.859314 -14.006622
546.411500 -9.667371 545.688293 -14.200989
546.222400 -9.896104 545.491821 -14.419250
546.013600 -10.141830 545.273376 -14.657715
545.783400 -10.398320 545.036987 -14.908447
545.569500 -10.646660 544.811951 -15.155029
545.387700 -10.868510 544.622253 -15.369690
545.242600 -11.049650 544.473999 -15.544281
