0 0.000026 0.004886 100.000000 13.513514
0 0.000018 0.003790 200.000000 13.605442
0 0.000016 0.003176 300.000000 14.084507
10 0.000032 0.005138 100.000000 13.513514
10 0.000009 0.003610 200.000000 13.698630
10 0.000012 0.003198 300.000000 14.150944
20 0.000025 0.005811 100.000000 13.513514
20 0.000017 0.003690 200.000000 13.698630
20 0.000013 0.003359 300.000000 14.285714
30 0.000024 0.006112 100.000000 13.513514
30 0.000013 0.003631 200.000000 13.793103
30 0.000011 0.003635 300.000000 14.354067
40 0.000027 0.006538 100.000000 13.333333
40 0.000019 0.003500 200.000000 13.888889
40 0.000012 0.003709 300.000000 14.492754
50 0.000018 0.005997 100.000000 13.333333
50 0.000029 0.003030 200.000000 13.986014
50 0.000016 0.003562 300.000000 14.563107
60 0.000041 0.004886 100.000000 13.333333
60 0.000032 0.003318 200.000000 13.986014
60 0.000018 0.003449 300.000000 14.634147
70 0.000047 0.003724 100.000000 13.333333
70 0.000035 0.003191 200.000000 14.184397
80 0.000058 0.003780 100.000000 13.513514
80 0.000035 0.003515 200.000000 14.285714
90 0.000046 0.004341 100.000000 13.513514
90 0.000024 0.004227 200.000000 14.492754
100 0.000035 0.004379 100.000000 13.698630
100 0.000019 0.004663 200.000000 14.705882
110 0.000044 0.005008 100.000000 14.084507
110 0.000021 0.005268 200.000000 14.814815
120 0.000048 0.005164 100.000000 14.285714
120 0.000017 0.005075 200.000000 15.037594
130 0.000040 0.005252 100.000000 14.492754
130 0.000015 0.005225 200.000000 15.151515
140 0.000028 0.005521 100.000000 14.705882
140 0.000023 0.005371 200.000000 15.384615
150 0.000032 0.004465 100.000000 14.925373
160 0.000039 0.005704 100.000000 15.151515
170 0.000034 0.006392 100.000000 15.384615
180 0.000032 0.006274 100.000000 15.384615
190 0.000047 0.008229 100.000000 15.625000
200 0.000040 0.006854 100.000000 15.625000
