0 0.000167 0.011627 100.000000 11.627907
0 0.000097 0.012632 200.000000 12.048193
0 0.000061 0.014018 300.000000 10.273973
0 0.000034 0.009229 400.000000 10.282776
0 0.000031 0.005428 500.000000 10.330579
0 0.000025 0.002638 600.000000 10.771993
0 0.000023 0.001212 700.000000 11.128776
0 0.000009 0.001571 800.000000 10.796222
10 0.000021 0.005742 100.000000 11.627907
10 0.000038 0.005532 200.000000 12.048193
10 0.000031 0.004096 300.000000 9.771987
10 0.000019 0.002828 400.000000 10.335917
10 0.000014 0.002705 500.000000 10.309278
10 0.000012 0.002527 600.000000 10.791367
10 0.000010 0.002463 700.000000 11.146497
10 0.000009 0.001333 800.000000 10.796222
20 0.000035 0.005511 100.000000 11.764706
20 0.000046 0.005248 200.000000 11.904762
20 0.000026 0.004655 300.000000 9.615385
20 0.000019 0.003274 400.000000 10.362695
20 0.000017 0.003048 500.000000 10.330579
20 0.000013 0.002629 600.000000 10.830325
20 0.000010 0.002421 700.000000 11.164274
20 0.000007 0.001198 800.000000 10.810811
30 0.000043 0.005300 100.000000 11.764706
30 0.000048 0.004780 200.000000 11.494253
30 0.000024 0.004345 300.000000 9.615385
30 0.000016 0.003236 400.000000 10.416667
30 0.000015 0.003141 500.000000 10.373444
30 0.000011 0.002715 600.000000 10.849910
30 0.000010 0.002452 700.000000 11.164274
30 0.000005 0.001057 800.000000 10.825439
40 0.000042 0.005258 100.000000 11.904762
40 0.000047 0.004739 200.000000 11.049724
40 0.000025 0.004038 300.000000 9.615385
40 0.000018 0.003225 400.000000 10.443864
40 0.000015 0.003216 500.000000 10.416667
40 0.000011 0.002854 600.000000 10.889292
40 0.000011 0.002644 700.000000 11.164274
40 0.000006 0.001108 800.000000 10.854816
50 0.000037 0.006154 100.000000 11.904762
50 0.000046 0.005105 200.000000 10.752688
50 0.000029 0.003773 300.000000 9.646302
50 0.000020 0.003178 400.000000 10.416667
50 0.000017 0.003314 500.000000 10.438414
50 0.000013 0.003146 600.000000 10.909091
50 0.000015 0.003094 700.000000 11.093502
50 0.000007 0.001311 800.000000 10.884354
60 0.000031 0.006584 100.000000 12.048193
60 0.000040 0.005298 200.000000 10.526316
60 0.000032 0.003421 300.000000 9.708738
60 0.000020 0.003246 400.000000 10.282776
60 0.000018 0.003450 500.000000 10.482181
60 0.000013 0.003475 600.000000 10.948905
60 0.000023 0.002834 700.000000 10.869565
60 0.000007 0.001340 800.000000 10.914052
70 0.000038 0.006440 100.000000 12.048193
70 0.000034 0.004971 200.000000 10.309278
70 0.000032 0.003192 300.000000 9.740260
70 0.000017 0.003433 400.000000 10.126582
70 0.000016 0.003680 500.000000 10.526316
70 0.000013 0.003783 600.000000 10.968922
70 0.000019 0.002898 700.000000 10.719755
70 0.000007 0.001347 800.000000 10.943913
80 0.000044 0.006480 100.000000 12.195122
80 0.000019 0.004496 200.000000 9.900990
80 0.000031 0.003370 300.000000 9.803922
80 0.000018 0.003766 400.000000 10.025063
80 0.000017 0.003862 500.000000 10.570825
80 0.000015 0.003908 600.000000 11.009174
80 0.000013 0.002838 700.000000 10.654490
80 0.000006 0.001327 800.000000 10.973937
90 0.000053 0.006674 100.000000 12.195122
90 0.000055 0.004004 200.000000 9.174312
90 0.000027 0.003444 300.000000 9.868421
90 0.000018 0.004184 400.000000 10.000000
90 0.000015 0.004247 500.000000 10.593221
90 0.000013 0.004292 600.000000 11.029411
90 0.000013 0.002880 700.000000 10.654490
90 0.000005 0.001346 800.000000 11.004127
100 0.000057 0.006120 100.000000 12.048193
100 0.000049 0.003870 200.000000 8.810573
100 0.000028 0.003780 300.000000 9.933775
100 0.000017 0.004602 400.000000 10.000000
100 0.000014 0.004568 500.000000 10.615711
100 0.000013 0.004551 600.000000 11.049724
100 0.000012 0.002835 700.000000 10.654490
100 0.000004 0.001313 800.000000 11.019283
110 0.000060 0.006043 100.000000 11.363636
110 0.000042 0.003737 200.000000 8.733624
110 0.000028 0.004063 300.000000 9.966778
110 0.000021 0.005021 400.000000 10.025063
110 0.000015 0.004987 500.000000 10.638298
110 0.000014 0.004977 600.000000 11.049724
110 0.000009 0.002953 700.000000 10.670732
110 0.000004 0.001343 800.000000 11.034483
120 0.000057 0.006296 100.000000 10.416667
120 0.000048 0.003551 200.000000 8.733624
120 0.000030 0.004463 300.000000 10.000000
120 0.000023 0.005426 400.000000 10.050251
120 0.000016 0.005454 500.000000 10.660981
120 0.000017 0.005487 600.000000 11.029411
120 0.000009 0.003135 700.000000 10.703364
120 0.000004 0.001425 800.000000 11.049724
130 0.000053 0.005583 100.000000 9.803922
130 0.000050 0.003207 200.000000 8.771930
130 0.000031 0.005069 300.000000 9.966778
130 0.000022 0.005964 400.000000 10.075566
130 0.000017 0.006019 500.000000 10.683761
130 0.000019 0.006078 600.000000 10.968922
130 0.000008 0.003223 700.000000 10.719755
130 0.000005 0.001371 800.000000 11.049724
140 0.000057 0.005120 100.000000 9.345795
140 0.000053 0.003885 200.000000 8.771930
140 0.000031 0.005559 300.000000 9.803922
140 0.000023 0.006171 400.000000 10.126582
140 0.000017 0.006207 500.000000 10.706638
140 0.000028 0.005588 600.000000 10.733453
140 0.000009 0.003102 700.000000 10.752688
140 0.000003 0.001303 800.000000 11.065007
150 0.000035 0.005409 100.000000 8.928572
150 0.000060 0.004484 200.000000 8.810573
150 0.000031 0.006517 300.000000 9.584664
150 0.000025 0.006980 400.000000 10.152285
150 0.000019 0.007132 500.000000 10.729613
150 0.000027 0.005988 600.000000 10.507881
150 0.000009 0.003349 700.000000 10.769231
150 0.000004 0.001392 800.000000 11.065007
160 0.000032 0.005055 100.000000 8.264462
160 0.000062 0.005507 200.000000 8.849558
160 0.000035 0.007689 300.000000 9.404388
160 0.000028 0.008038 400.000000 10.178117
160 0.000023 0.008199 500.000000 10.752688
160 0.000021 0.006599 600.000000 10.416667
160 0.000010 0.003735 700.000000 10.802469
160 0.000006 0.001627 800.000000 11.065007
170 0.000144 0.002887 100.000000 7.299270
170 0.000064 0.006789 200.000000 8.928572
170 0.000038 0.008969 300.000000 9.375000
170 0.000029 0.009204 400.000000 10.204082
170 0.000024 0.009324 500.000000 10.775862
170 0.000022 0.007061 600.000000 10.398614
170 0.000012 0.004007 700.000000 10.819165
170 0.000007 0.001841 800.000000 11.080333
180 0.000154 0.002808 100.000000 6.896552
180 0.000064 0.007797 200.000000 9.049774
180 0.000038 0.009706 300.000000 9.404388
180 0.000028 0.009729 400.000000 10.256411
180 0.000025 0.009718 500.000000 10.822511
180 0.000021 0.006897 600.000000 10.416667
180 0.000012 0.003901 700.000000 10.852714
180 0.000007 0.001838 800.000000 11.080333
190 0.000143 0.003567 100.000000 6.896552
190 0.000069 0.009019 200.000000 9.174312
190 0.000043 0.010738 300.000000 9.493670
190 0.000030 0.010718 400.000000 10.362695
190 0.000028 0.010708 500.000000 10.893247
190 0.000020 0.007410 600.000000 10.471204
190 0.000013 0.004173 700.000000 10.920437
190 0.000008 0.001988 800.000000 11.095700
200 0.000140 0.004555 100.000000 7.092198
200 0.000071 0.009980 200.000000 9.389671
200 0.000042 0.011444 300.000000 9.646302
200 0.000030 0.011357 400.000000 10.471204
200 0.000028 0.011278 500.000000 10.989011
200 0.000020 0.007532 600.000000 10.563380
200 0.000013 0.004197 700.000000 10.989011
200 0.000008 0.002012 800.000000 11.142061
210 0.000137 0.005985 100.000000 7.299270
210 0.000073 0.010861 200.000000 9.615385
210 0.000045 0.011938 300.000000 9.803922
210 0.000032 0.011759 400.000000 10.610080
210 0.000028 0.011652 500.000000 11.086474
210 0.000018 0.007561 600.000000 10.676157
210 0.000013 0.004192 700.000000 11.075950
210 0.000008 0.002009 800.000000 11.204482
220 0.000143 0.007159 100.000000 7.575758
220 0.000069 0.011419 200.000000 9.803922
220 0.000044 0.012157 300.000000 9.966778
220 0.000031 0.011848 400.000000 10.752688
220 0.000030 0.011687 500.000000 11.160714
220 0.000016 0.007300 600.000000 10.771993
220 0.000012 0.004006 700.000000 11.164274
220 0.000007 0.001914 800.000000 11.267606
230 0.000153 0.008589 100.000000 7.812500
230 0.000074 0.012635 200.000000 10.000000
230 0.000047 0.013213 300.000000 10.135135
230 0.000034 0.012866 400.000000 10.899182
230 0.000033 0.012728 500.000000 11.210762
230 0.000018 0.007669 600.000000 10.869565
230 0.000013 0.004132 700.000000 11.235955
230 0.000007 0.001937 800.000000 11.315417
240 0.000153 0.010351 100.000000 8.064516
240 0.000073 0.013240 200.000000 10.050251
240 0.000048 0.013498 300.000000 10.273973
240 0.000035 0.013061 400.000000 11.019283
240 0.000038 0.012568 500.000000 11.135858
240 0.000017 0.007403 600.000000 10.948905
240 0.000012 0.003959 700.000000 11.308562
240 0.000008 0.001805 800.000000 11.363636
250 0.000153 0.012002 100.000000 8.333333
250 0.000069 0.013636 200.000000 10.000000
250 0.000045 0.013398 300.000000 10.416667
250 0.000034 0.012952 400.000000 11.142061
250 0.000046 0.011554 500.000000 10.964912
250 0.000017 0.006948 600.000000 11.029411
250 0.000011 0.003669 700.000000 11.363636
250 0.000006 0.001642 800.000000 11.428572
260 0.000150 0.013342 100.000000 8.620689
260 0.000064 0.014051 200.000000 9.852217
260 0.000043 0.013216 300.000000 10.563380
260 0.000033 0.012677 400.000000 11.267606
260 0.000037 0.010803 500.000000 10.845987
260 0.000015 0.006487 600.000000 11.131725
260 0.000010 0.003366 700.000000 11.437908
260 0.000006 0.001475 800.000000 11.494253
270 0.000149 0.014842 100.000000 8.928572
270 0.000065 0.014686 200.000000 9.900990
270 0.000045 0.013560 300.000000 10.752688
270 0.000035 0.013035 400.000000 11.396011
270 0.000027 0.010751 500.000000 10.869565
270 0.000016 0.006423 600.000000 11.235955
270 0.000010 0.003328 700.000000 11.513158
270 0.000006 0.001415 800.000000 11.577424
280 0.000130 0.013266 100.000000 9.433962
280 0.000056 0.012588 200.000000 10.050251
280 0.000041 0.011237 300.000000 10.989011
280 0.000031 0.010602 400.000000 11.594203
280 0.000022 0.008474 500.000000 10.964912
280 0.000013 0.005012 600.000000 11.342155
280 0.000006 0.002584 700.000000 11.608624
280 0.000004 0.001033 800.000000 11.678832
290 0.000119 0.010662 100.000000 10.101010
290 0.000049 0.010125 200.000000 10.309278
290 0.000038 0.008735 300.000000 11.235955
290 0.000027 0.008138 400.000000 11.834319
290 0.000022 0.006312 500.000000 11.086474
290 0.000011 0.003754 600.000000 11.494253
290 0.000005 0.001954 700.000000 11.725293
290 0.000005 0.000799 800.000000 11.782032
300 0.000089 0.006041 100.000000 10.869565
300 0.000042 0.005849 200.000000 10.638298
300 0.000033 0.004505 300.000000 11.538462
300 0.000020 0.003816 400.000000 12.048193
300 0.000023 0.002724 500.000000 11.235955
300 0.000013 0.001746 600.000000 11.650485
300 0.000009 0.001347 700.000000 11.864407
300 0.000010 0.000879 800.000000 11.904762
310 0.000091 0.002615 100.000000 11.764706
310 0.000050 0.004609 200.000000 10.989011
310 0.000034 0.004971 300.000000 11.857708
310 0.000023 0.005332 400.000000 12.307693
310 0.000022 0.005944 500.000000 11.389522
310 0.000019 0.004476 600.000000 11.811024
310 0.000017 0.003293 700.000000 11.986301
310 0.000018 0.001992 800.000000 12.030075
320 0.000055 0.004670 100.000000 12.500000
320 0.000036 0.005851 200.000000 11.299435
320 0.000025 0.005587 300.000000 12.096774
320 0.000016 0.005470 400.000000 12.500000
320 0.000022 0.005285 500.000000 11.520738
320 0.000016 0.003850 600.000000 11.928430
320 0.000016 0.002862 700.000000 12.068966
320 0.000017 0.001742 800.000000 12.121212
330 0.000025 0.007366 100.000000 13.157895
330 0.000028 0.007803 200.000000 11.494253
330 0.000013 0.006905 300.000000 12.295082
330 0.000008 0.006307 400.000000 12.618297
330 0.000020 0.004890 500.000000 11.627907
330 0.000012 0.003242 600.000000 12.024048
330 0.000014 0.002369 700.000000 12.110726
330 0.000015 0.001474 800.000000 12.195122
340 0.000005 0.007321 100.000000 13.698630
340 0.000015 0.007224 200.000000 11.695907
340 0.000008 0.006203 300.000000 12.396694
340 0.000001 0.005488 400.000000 12.658228
340 0.000014 0.003997 500.000000 11.682243
340 0.000012 0.002784 600.000000 12.072434
340 0.000013 0.002103 700.000000 12.110726
340 0.000014 0.001367 800.000000 12.232416
350 0.000015 0.007086 100.000000 13.698630
350 0.000004 0.006908 200.000000 11.764706
350 0.000007 0.006023 300.000000 12.448133
350 0.000002 0.005237 400.000000 12.618297
350 0.000013 0.003519 500.000000 11.709601
350 0.000013 0.002504 600.000000 12.072434
350 0.000014 0.001888 700.000000 12.068966
350 0.000016 0.001298 800.000000 12.232416
360 0.000007 0.006639 100.000000 13.333333
360 0.000008 0.006158 200.000000 11.834319
360 0.000009 0.005615 300.000000 12.448133
360 0.000010 0.005073 400.000000 12.383901
360 0.000014 0.003635 500.000000 11.737089
360 0.000014 0.002773 600.000000 12.072434
360 0.000014 0.001975 700.000000 12.048193
360 0.000018 0.001363 800.000000 12.213740
370 0.000019 0.006115 100.000000 12.048193
370 0.000013 0.005597 200.000000 11.834319
370 0.000007 0.005144 300.000000 12.500000
370 0.000035 0.004679 400.000000 11.799410
370 0.000013 0.003594 500.000000 11.764706
370 0.000013 0.002921 600.000000 12.072434
370 0.000014 0.002016 700.000000 12.048193
370 0.000017 0.001343 800.000000 12.066365
380 0.000022 0.006726 100.000000 10.869565
380 0.000015 0.005811 200.000000 11.834319
380 0.000008 0.005509 300.000000 12.448133
380 0.000024 0.005489 400.000000 11.428572
380 0.000013 0.003828 500.000000 11.792453
380 0.000016 0.003020 600.000000 12.048193
380 0.000016 0.002032 700.000000 12.048193
380 0.000018 0.001173 800.000000 11.922503
390 0.000023 0.007166 100.000000 10.309278
390 0.000013 0.005633 200.000000 11.834319
390 0.000007 0.005182 300.000000 12.448133
390 0.000022 0.004990 400.000000 11.299435
390 0.000013 0.003537 500.000000 11.792453
390 0.000016 0.002825 600.000000 12.000000
390 0.000015 0.001940 700.000000 12.048193
390 0.000017 0.001159 800.000000 11.816839
400 0.000015 0.007532 100.000000 10.101010
400 0.000012 0.005833 200.000000 11.764706
400 0.000003 0.005136 300.000000 12.396694
400 0.000022 0.004399 400.000000 11.235955
400 0.000013 0.003229 500.000000 11.764706
400 0.000014 0.002639 600.000000 11.952191
400 0.000016 0.001910 700.000000 12.027492
400 0.000016 0.001139 800.000000 11.713031
410 0.000035 0.007569 100.000000 10.000000
410 0.000012 0.005981 200.000000 11.764706
410 0.000003 0.005217 300.000000 12.295082
410 0.000019 0.004086 400.000000 11.235955
410 0.000014 0.003047 500.000000 11.764706
410 0.000014 0.002490 600.000000 11.857708
410 0.000016 0.001877 700.000000 12.027492
410 0.000015 0.001169 800.000000 11.577424
420 0.000024 0.006649 100.000000 10.101010
420 0.000012 0.005632 200.000000 11.764706
420 0.000000 0.004774 300.000000 12.244898
420 0.000017 0.003735 400.000000 11.267606
420 0.000014 0.003035 500.000000 11.764706
420 0.000016 0.002468 600.000000 11.811024
420 0.000018 0.001940 700.000000 12.027492
430 0.000018 0.005880 100.000000 10.309278
430 0.000010 0.005218 200.000000 11.904762
430 0.000007 0.004779 300.000000 12.096774
430 0.000017 0.003631 400.000000 11.331445
430 0.000015 0.003127 500.000000 11.792453
430 0.000016 0.002476 600.000000 11.811024
430 0.000020 0.002044 700.000000 12.027492
440 0.000024 0.005548 100.000000 10.752688
440 0.000009 0.004809 200.000000 12.195122
440 0.000026 0.003998 300.000000 11.904762
440 0.000017 0.003553 400.000000 11.461318
440 0.000015 0.003187 500.000000 11.876485
440 0.000015 0.002483 600.000000 11.881188
440 0.000020 0.002060 700.000000 12.027492
450 0.000023 0.005556 100.000000 11.363636
450 0.000004 0.004851 200.000000 12.500000
450 0.000051 0.004089 300.000000 11.627907
450 0.000015 0.003243 400.000000 11.627907
450 0.000014 0.003091 500.000000 12.019231
450 0.000014 0.002504 600.000000 11.976048
450 0.000019 0.002198 700.000000 12.048193
460 0.000027 0.004808 100.000000 12.048193
460 0.000005 0.004253 200.000000 12.903226
460 0.000045 0.003567 300.000000 11.583012
460 0.000014 0.002829 400.000000 11.799410
460 0.000014 0.002980 500.000000 12.135922
460 0.000013 0.002581 600.000000 12.096774
460 0.000016 0.002272 700.000000 12.048193
470 0.000015 0.004661 100.000000 12.820513
470 0.000005 0.004286 200.000000 13.333333
470 0.000033 0.004180 300.000000 11.583012
470 0.000012 0.003183 400.000000 11.976048
470 0.000015 0.003113 500.000000 12.254902
470 0.000015 0.002598 600.000000 12.219959
470 0.000017 0.002153 700.000000 12.068966
480 0.000013 0.004518 100.000000 13.333333
480 0.000005 0.004161 200.000000 13.605442
480 0.000033 0.004069 300.000000 11.583012
480 0.000014 0.003212 400.000000 12.121212
480 0.000016 0.003166 500.000000 12.345679
480 0.000015 0.002731 600.000000 12.320329
480 0.000018 0.002321 700.000000 12.048193
490 0.000007 0.004829 100.000000 13.698630
490 0.000006 0.004410 200.000000 13.793103
490 0.000033 0.003928 300.000000 11.627907
490 0.000016 0.003254 400.000000 12.195122
490 0.000016 0.003202 500.000000 12.376238
490 0.000016 0.002886 600.000000 12.371134
490 0.000017 0.002508 700.000000 12.006861
500 0.000020 0.005177 100.000000 13.888889
500 0.000005 0.004755 200.000000 13.793103
500 0.000035 0.004230 300.000000 11.627907
500 0.000017 0.003575 400.000000 12.232416
500 0.000019 0.003283 500.000000 12.345679
500 0.000018 0.002894 600.000000 12.396694
500 0.000019 0.002469 700.000000 11.925042
510 0.000024 0.004269 100.000000 13.888889
510 0.000014 0.003670 200.000000 13.698630
510 0.000021 0.003316 300.000000 11.627907
510 0.000018 0.003505 400.000000 12.232416
510 0.000017 0.003379 500.000000 12.254902
510 0.000017 0.003099 600.000000 12.396694
520 0.000014 0.004721 100.000000 13.888889
520 0.000011 0.003971 200.000000 13.422819
520 0.000021 0.003616 300.000000 11.627907
520 0.000020 0.003781 400.000000 12.195122
520 0.000019 0.003465 500.000000 12.165450
520 0.000020 0.003196 600.000000 12.371134
530 0.000024 0.004392 100.000000 13.698630
530 0.000032 0.003693 200.000000 12.658228
530 0.000022 0.003743 300.000000 11.627907
530 0.000020 0.004026 400.000000 12.158054
530 0.000019 0.003582 500.000000 12.106538
530 0.000022 0.003346 600.000000 12.269938
540 0.000029 0.004179 100.000000 13.698630
540 0.000065 0.004309 200.000000 11.363636
540 0.000017 0.003882 300.000000 11.673152
540 0.000020 0.004063 400.000000 12.121212
540 0.000019 0.003514 500.000000 12.077294
540 0.000021 0.003173 600.000000 12.048193
550 0.000022 0.003934 100.000000 13.698630
550 0.000051 0.004274 200.000000 10.869565
550 0.000019 0.003946 300.000000 11.673152
550 0.000022 0.004174 400.000000 12.084592
550 0.000018 0.003745 500.000000 12.077294
550 0.000021 0.003291 600.000000 11.881188
560 0.000017 0.003932 100.000000 13.698630
560 0.000050 0.004314 200.000000 10.695188
560 0.000021 0.004272 300.000000 11.673152
560 0.000020 0.004319 400.000000 12.048193
560 0.000019 0.003952 500.000000 12.106538
560 0.000019 0.003524 600.000000 11.741683
570 0.000014 0.003298 100.000000 13.513514
570 0.000050 0.004211 200.000000 10.638298
570 0.000020 0.004627 300.000000 11.718750
570 0.000019 0.004456 400.000000 11.976048
570 0.000019 0.004047 500.000000 12.106538
570 0.000020 0.003494 600.000000 11.627907
580 0.000025 0.003809 100.000000 13.333333
580 0.000035 0.004217 200.000000 10.638298
580 0.000023 0.005002 300.000000 11.673152
580 0.000019 0.004811 400.000000 11.869436
580 0.000020 0.004483 500.000000 12.106538
590 0.000026 0.003509 100.000000 12.987013
590 0.000035 0.004673 200.000000 10.695188
590 0.000024 0.005517 300.000000 11.673152
590 0.000020 0.005125 400.000000 11.764706
590 0.000023 0.004835 500.000000 12.077294
600 0.000074 0.003213 100.000000 11.764706
600 0.000032 0.005264 200.000000 10.752688
600 0.000021 0.005895 300.000000 11.627907
600 0.000019 0.005211 400.000000 11.695907
600 0.000026 0.004884 500.000000 11.990408
610 0.000141 0.006051 100.000000 9.803922
610 0.000031 0.005798 200.000000 10.752688
610 0.000022 0.005893 300.000000 11.627907
610 0.000021 0.005041 400.000000 11.695907
610 0.000025 0.004577 500.000000 11.764706
620 0.000105 0.007173 100.000000 8.928572
620 0.000031 0.006232 200.000000 10.810811
620 0.000028 0.005978 300.000000 11.583012
620 0.000024 0.005165 400.000000 11.695907
620 0.000026 0.004663 500.000000 11.547344
630 0.000109 0.007770 100.000000 8.695652
630 0.000033 0.006762 200.000000 10.810811
630 0.000028 0.006096 300.000000 11.538462
630 0.000024 0.005357 400.000000 11.695907
630 0.000025 0.004812 500.000000 11.415525
640 0.000096 0.008394 100.000000 8.695652
640 0.000030 0.006975 200.000000 10.869565
640 0.000027 0.005856 300.000000 11.494253
640 0.000025 0.004981 400.000000 11.730206
640 0.000024 0.004307 500.000000 11.312217
650 0.000076 0.008656 100.000000 8.771930
650 0.000038 0.007002 200.000000 10.928962
650 0.000032 0.005599 300.000000 11.406844
650 0.000029 0.004764 400.000000 11.764706
650 0.000026 0.004293 500.000000 11.185682
660 0.000069 0.009424 100.000000 8.849558
660 0.000036 0.007641 200.000000 10.989011
660 0.000030 0.006043 300.000000 11.363636
660 0.000031 0.005223 400.000000 11.799410
670 0.000072 0.009961 100.000000 9.090909
670 0.000042 0.008025 200.000000 11.111111
670 0.000034 0.006332 300.000000 11.363636
670 0.000037 0.005550 400.000000 11.869436
680 0.000080 0.008148 100.000000 9.523809
680 0.000052 0.006293 200.000000 11.363636
680 0.000044 0.004853 300.000000 11.538462
680 0.000042 0.004630 400.000000 11.940298
690 0.000095 0.004302 100.000000 10.101010
690 0.000064 0.002961 200.000000 11.764706
690 0.000050 0.003243 300.000000 11.764706
690 0.000049 0.004081 400.000000 12.084592
700 0.000117 0.001558 100.000000 10.869565
700 0.000079 0.003273 200.000000 12.195122
700 0.000060 0.005321 300.000000 12.096774
700 0.000053 0.006553 400.000000 12.232416
710 0.000128 0.007022 100.000000 11.627907
710 0.000084 0.008123 200.000000 12.658228
710 0.000063 0.009648 300.000000 12.396694
710 0.000054 0.010653 400.000000 12.345679
720 0.000104 0.006527 100.000000 12.500000
720 0.000070 0.007746 200.000000 13.071896
720 0.000054 0.008819 300.000000 12.658228
720 0.000045 0.009644 400.000000 12.422360
730 0.000062 0.006355 100.000000 13.333333
730 0.000050 0.006921 200.000000 13.422819
730 0.000037 0.007061 300.000000 12.931034
730 0.000032 0.007237 400.000000 12.383901
740 0.000064 0.006112 100.000000 13.888889
740 0.000056 0.006727 200.000000 13.605442
740 0.000039 0.007216 300.000000 13.100436
740 0.000032 0.007485 400.000000 12.345679
750 0.000059 0.005657 100.000000 14.084507
750 0.000053 0.006018 200.000000 13.605442
750 0.000038 0.006519 300.000000 13.215859
750 0.000029 0.006920 400.000000 12.232416
760 0.000038 0.005515 100.000000 14.285714
760 0.000042 0.005053 200.000000 13.422819
760 0.000033 0.005444 300.000000 13.215859
760 0.000027 0.005565 400.000000 12.048193
770 0.000045 0.006246 100.000000 14.084507
770 0.000036 0.004965 200.000000 13.071896
770 0.000032 0.004876 300.000000 13.157895
780 0.000047 0.007956 100.000000 13.888889
780 0.000033 0.006200 200.000000 12.820513
780 0.000030 0.005874 300.000000 13.043478
790 0.000052 0.007281 100.000000 13.698630
790 0.000035 0.005860 200.000000 12.658228
790 0.000036 0.005527 300.000000 12.711864
800 0.000054 0.006837 100.000000 13.333333
800 0.000035 0.005308 200.000000 12.658228
800 0.000029 0.004722 300.000000 12.195122
810 0.000054 0.006447 100.000000 13.157895
810 0.000028 0.005652 200.000000 12.658228
810 0.000027 0.004890 300.000000 11.857708
820 0.000051 0.005657 100.000000 12.820513
820 0.000031 0.005330 200.000000 12.658228
820 0.000025 0.004713 300.000000 11.627907
830 0.000039 0.005114 100.000000 12.345679
830 0.000032 0.005037 200.000000 12.658228
830 0.000025 0.004296 300.000000 11.363636
840 0.000031 0.005355 100.000000 12.048193
840 0.000035 0.005513 200.000000 12.658228
850 0.000040 0.005360 100.000000 11.764706
850 0.000042 0.005601 200.000000 12.578616
860 0.000024 0.005827 100.000000 11.627907
860 0.000042 0.005902 200.000000 12.269938
870 0.000030 0.005667 100.000000 11.764706
870 0.000030 0.005337 200.000000 11.764706
880 0.000021 0.006525 100.000000 11.904762
880 0.000032 0.005497 200.000000 11.363636
890 0.000020 0.007113 100.000000 12.048193
890 0.000023 0.005835 200.000000 11.111111
900 0.000032 0.007385 100.000000 12.345679
900 0.000026 0.005851 200.000000 10.989011
910 0.000034 0.006957 100.000000 12.658228
910 0.000024 0.005191 200.000000 10.810811
920 0.000051 0.007123 100.000000 12.987013
930 0.000051 0.008043 100.000000 13.333333
940 0.000057 0.007929 100.000000 13.157895
950 0.000049 0.007350 100.000000 12.048193
960 0.000037 0.006126 100.000000 10.989011
970 0.000037 0.005817 100.000000 10.204082
980 0.000022 0.006289 100.000000 9.708738
990 0.000029 0.005275 100.000000 9.090909
