0 0.000085 0.006040 100.000000 8.474576
0 0.000025 0.005726 200.000000 9.433962
0 0.000029 0.008832 300.000000 10.416667
0 0.000031 0.008588 400.000000 10.471204
0 0.000029 0.006418 500.000000 10.416667
0 0.000022 0.006456 600.000000 10.416667
0 0.000021 0.007223 700.000000 10.279001
0 0.000028 0.006032 800.000000 10.282776
10 0.000109 0.005968 100.000000 9.009009
10 0.000032 0.008553 200.000000 9.756098
10 0.000029 0.010722 300.000000 10.714286
10 0.000030 0.009894 400.000000 10.666667
10 0.000030 0.007291 500.000000 10.570825
10 0.000030 0.007797 600.000000 10.544815
10 0.000025 0.008736 700.000000 10.370370
10 0.000028 0.007298 800.000000 10.376135
20 0.000097 0.007064 100.000000 9.615385
20 0.000026 0.008890 200.000000 10.000000
20 0.000039 0.010988 300.000000 10.948905
20 0.000035 0.009676 400.000000 10.810811
20 0.000038 0.007151 500.000000 10.706638
20 0.000030 0.007678 600.000000 10.657193
20 0.000028 0.008581 700.000000 10.447762
20 0.000031 0.006957 800.000000 10.471204
30 0.000106 0.007392 100.000000 10.101010
30 0.000028 0.009535 200.000000 10.256411
30 0.000042 0.011427 300.000000 11.194030
30 0.000035 0.009882 400.000000 10.928962
30 0.000034 0.007509 500.000000 10.822511
30 0.000032 0.008116 600.000000 10.752688
30 0.000031 0.009016 700.000000 10.510510
30 0.000032 0.007175 800.000000 10.554090
40 0.000108 0.007926 100.000000 10.638298
40 0.000028 0.009416 200.000000 10.471204
40 0.000044 0.011492 300.000000 11.406844
40 0.000034 0.009597 400.000000 11.019283
40 0.000037 0.007477 500.000000 10.917030
40 0.000032 0.008111 600.000000 10.830325
40 0.000030 0.008852 700.000000 10.542169
40 0.000033 0.006869 800.000000 10.624170
50 0.000120 0.007382 100.000000 10.989011
50 0.000031 0.009141 200.000000 10.638298
50 0.000047 0.011409 300.000000 11.538462
50 0.000029 0.009205 400.000000 11.080333
50 0.000032 0.007438 500.000000 10.989011
50 0.000031 0.008068 600.000000 10.889292
50 0.000030 0.008598 700.000000 10.558069
50 0.000033 0.006510 800.000000 10.680908
60 0.000107 0.008109 100.000000 11.363636
60 0.000043 0.009706 200.000000 10.810811
60 0.000052 0.011597 300.000000 11.627907
60 0.000034 0.008970 400.000000 11.080333
60 0.000034 0.007516 500.000000 11.013216
60 0.000031 0.008087 600.000000 10.909091
60 0.000031 0.008405 700.000000 10.558069
60 0.000035 0.006198 800.000000 10.723861
70 0.000118 0.010355 100.000000 11.494253
70 0.000053 0.011370 200.000000 10.928962
70 0.000054 0.012531 300.000000 11.627907
70 0.000035 0.009165 400.000000 11.080333
70 0.000036 0.007702 500.000000 10.964912
70 0.000033 0.008309 600.000000 10.909091
70 0.000033 0.008399 700.000000 10.558069
70 0.000036 0.006205 800.000000 10.767160
80 0.000116 0.009503 100.000000 11.494253
80 0.000058 0.012090 200.000000 11.049724
80 0.000065 0.012309 300.000000 11.583012
80 0.000039 0.008718 400.000000 11.049724
80 0.000038 0.007560 500.000000 10.940919
80 0.000035 0.008440 600.000000 10.889292
80 0.000035 0.008263 700.000000 10.558069
80 0.000038 0.005921 800.000000 10.796222
90 0.000069 0.007915 100.000000 11.494253
90 0.000060 0.011734 200.000000 11.235955
90 0.000058 0.011706 300.000000 11.538462
90 0.000040 0.008068 400.000000 11.049724
90 0.000040 0.007090 500.000000 10.917030
90 0.000032 0.007606 600.000000 10.849910
90 0.000036 0.007148 700.000000 10.558069
90 0.000039 0.005620 800.000000 10.825439
100 0.000031 0.008087 100.000000 11.235955
100 0.000067 0.011355 200.000000 11.428572
100 0.000056 0.011396 300.000000 11.450381
100 0.000045 0.007764 400.000000 11.019283
100 0.000040 0.006747 500.000000 10.917030
100 0.000033 0.006675 600.000000 10.771993
100 0.000038 0.006380 700.000000 10.558069
100 0.000040 0.006089 800.000000 10.854816
110 0.000050 0.007591 100.000000 10.869565
110 0.000080 0.011104 200.000000 11.560694
110 0.000061 0.011147 300.000000 11.406844
110 0.000049 0.007775 400.000000 11.019283
110 0.000043 0.006570 500.000000 10.917030
110 0.000036 0.006503 600.000000 10.695188
110 0.000042 0.006136 700.000000 10.574018
110 0.000041 0.006599 800.000000 10.854816
120 0.000071 0.008019 100.000000 10.416667
120 0.000086 0.011746 200.000000 11.695907
120 0.000064 0.011145 300.000000 11.278195
120 0.000050 0.007988 400.000000 11.019283
120 0.000043 0.006846 500.000000 10.893247
120 0.000038 0.007075 600.000000 10.600707
120 0.000043 0.006129 700.000000 10.590015
120 0.000043 0.006726 800.000000 10.825439
130 0.000100 0.007617 100.000000 10.204082
130 0.000097 0.011873 200.000000 11.764706
130 0.000057 0.011671 300.000000 11.152416
130 0.000050 0.008815 400.000000 10.958904
130 0.000041 0.007160 500.000000 10.845987
130 0.000041 0.006897 600.000000 10.526316
130 0.000043 0.006621 700.000000 10.590015
130 0.000041 0.007902 800.000000 10.796222
140 0.000145 0.009190 100.000000 10.101010
140 0.000106 0.013095 200.000000 11.695907
140 0.000053 0.011743 300.000000 11.029411
140 0.000052 0.009810 400.000000 10.928962
140 0.000043 0.007622 500.000000 10.822511
140 0.000043 0.007203 600.000000 10.452962
140 0.000045 0.007688 700.000000 10.606061
140 0.000043 0.009284 800.000000 10.767160
150 0.000178 0.010165 100.000000 10.204082
150 0.000113 0.014090 200.000000 11.627907
150 0.000057 0.011811 300.000000 10.909091
150 0.000054 0.009924 400.000000 10.840109
150 0.000043 0.007515 500.000000 10.775862
150 0.000045 0.007347 600.000000 10.398614
150 0.000045 0.007989 700.000000 10.638298
150 0.000043 0.009636 800.000000 10.752688
160 0.000197 0.012110 100.000000 10.309278
160 0.000117 0.014924 200.000000 11.560694
160 0.000059 0.012110 300.000000 10.869565
160 0.000056 0.010135 400.000000 10.781672
160 0.000045 0.007782 500.000000 10.752688
160 0.000046 0.007696 600.000000 10.380623
160 0.000048 0.008513 700.000000 10.670732
160 0.000044 0.009969 800.000000 10.752688
170 0.000169 0.014507 100.000000 10.638298
170 0.000107 0.015463 200.000000 11.494253
170 0.000057 0.011613 300.000000 10.830325
170 0.000048 0.009338 400.000000 10.752688
170 0.000044 0.007373 500.000000 10.729613
170 0.000045 0.007460 600.000000 10.380623
170 0.000045 0.008295 700.000000 10.703364
170 0.000043 0.009473 800.000000 10.767160
180 0.000146 0.015649 100.000000 10.989011
180 0.000088 0.015322 200.000000 11.428572
180 0.000052 0.010436 300.000000 10.869565
180 0.000045 0.008351 400.000000 10.752688
180 0.000037 0.006863 500.000000 10.683761
180 0.000041 0.006994 600.000000 10.398614
180 0.000043 0.007557 700.000000 10.736197
180 0.000041 0.008484 800.000000 10.767160
190 0.000120 0.014739 100.000000 11.494253
190 0.000072 0.014318 200.000000 11.494253
190 0.000055 0.008609 300.000000 10.909091
190 0.000045 0.006992 400.000000 10.810811
190 0.000037 0.006278 500.000000 10.638298
190 0.000041 0.006481 600.000000 10.434783
190 0.000042 0.006823 700.000000 10.785825
190 0.000042 0.007868 800.000000 10.752688
200 0.000115 0.014263 100.000000 12.195122
200 0.000066 0.013582 200.000000 11.560694
200 0.000051 0.007847 300.000000 11.029411
200 0.000043 0.006546 400.000000 10.869565
200 0.000036 0.006446 500.000000 10.638298
200 0.000040 0.006322 600.000000 10.507881
200 0.000040 0.006510 700.000000 10.819165
200 0.000042 0.007638 800.000000 10.723861
210 0.000104 0.014706 100.000000 12.820513
210 0.000063 0.012840 200.000000 11.695907
210 0.000055 0.007313 300.000000 11.111111
210 0.000037 0.006493 400.000000 10.928962
210 0.000036 0.006882 500.000000 10.615711
210 0.000041 0.006317 600.000000 10.563380
210 0.000041 0.006477 700.000000 10.852714
210 0.000042 0.007863 800.000000 10.709505
220 0.000109 0.014664 100.000000 13.333333
220 0.000056 0.012046 200.000000 11.695907
220 0.000055 0.006901 300.000000 11.194030
220 0.000039 0.006449 400.000000 10.989011
220 0.000037 0.006909 500.000000 10.593221
220 0.000038 0.006016 600.000000 10.619469
220 0.000038 0.006234 700.000000 10.852714
220 0.000040 0.007731 800.000000 10.666667
230 0.000088 0.016509 100.000000 13.698630
230 0.000045 0.011660 200.000000 11.560694
230 0.000050 0.007245 300.000000 11.194030
230 0.000039 0.007672 400.000000 10.989011
230 0.000036 0.008146 500.000000 10.548523
230 0.000037 0.006734 600.000000 10.657193
230 0.000036 0.006304 700.000000 10.852714
230 0.000038 0.007677 800.000000 10.582010
240 0.000085 0.019416 100.000000 13.513514
240 0.000044 0.011976 200.000000 11.428572
240 0.000056 0.008604 300.000000 11.152416
240 0.000042 0.009468 400.000000 10.958904
240 0.000039 0.009867 500.000000 10.460251
240 0.000038 0.007947 600.000000 10.676157
240 0.000036 0.007202 700.000000 10.835914
240 0.000037 0.008280 800.000000 10.498688
250 0.000105 0.022120 100.000000 13.157895
250 0.000064 0.013004 200.000000 11.173184
250 0.000059 0.011471 300.000000 10.989011
250 0.000050 0.012133 400.000000 10.869565
250 0.000045 0.012513 500.000000 10.395010
250 0.000042 0.009970 600.000000 10.695188
250 0.000040 0.009387 700.000000 10.819165
250 0.000039 0.010036 800.000000 10.430247
260 0.000090 0.021228 100.000000 12.500000
260 0.000056 0.012056 200.000000 10.928962
260 0.000053 0.011325 300.000000 10.791367
260 0.000044 0.011533 400.000000 10.752688
260 0.000038 0.011773 500.000000 10.309278
260 0.000039 0.008915 600.000000 10.676157
260 0.000037 0.008606 700.000000 10.769231
260 0.000035 0.008932 800.000000 10.376135
270 0.000061 0.020799 100.000000 11.627907
270 0.000050 0.010545 200.000000 10.695188
270 0.000045 0.010030 300.000000 10.600707
270 0.000032 0.010298 400.000000 10.526316
270 0.000031 0.009919 500.000000 10.245902
270 0.000035 0.007151 600.000000 10.657193
270 0.000033 0.006874 700.000000 10.703364
270 0.000031 0.007078 800.000000 10.309278
280 0.000061 0.017509 100.000000 10.869565
280 0.000053 0.009951 200.000000 10.471204
280 0.000043 0.009869 300.000000 10.452962
280 0.000033 0.010137 400.000000 10.282776
280 0.000033 0.009098 500.000000 10.183299
280 0.000033 0.006683 600.000000 10.600707
280 0.000036 0.006649 700.000000 10.542169
280 0.000033 0.006498 800.000000 10.243278
290 0.000052 0.014392 100.000000 10.416667
290 0.000041 0.009042 200.000000 10.309278
290 0.000037 0.009150 300.000000 10.344828
290 0.000029 0.009245 400.000000 10.101010
290 0.000030 0.007785 500.000000 10.162601
290 0.000031 0.005859 600.000000 10.526316
290 0.000037 0.006069 700.000000 10.385756
290 0.000032 0.005627 800.000000 10.191083
300 0.000066 0.012683 100.000000 9.900990
300 0.000054 0.009531 200.000000 10.204082
300 0.000041 0.009494 300.000000 10.273973
300 0.000031 0.009405 400.000000 9.950249
300 0.000028 0.007885 500.000000 10.162601
300 0.000030 0.006316 600.000000 10.471204
300 0.000036 0.006924 700.000000 10.248902
300 0.000032 0.005909 800.000000 10.139417
310 0.000081 0.012686 100.000000 9.708738
310 0.000073 0.009670 200.000000 10.152285
310 0.000049 0.009735 300.000000 10.238908
310 0.000036 0.009753 400.000000 9.876543
310 0.000033 0.008059 500.000000 10.204082
310 0.000030 0.006943 600.000000 10.452962
310 0.000036 0.007629 700.000000 10.159652
310 0.000037 0.006668 800.000000 10.050251
320 0.000092 0.012788 100.000000 9.615385
320 0.000069 0.009579 200.000000 10.101010
320 0.000049 0.009169 300.000000 10.238908
320 0.000038 0.009540 400.000000 9.828010
320 0.000032 0.007772 500.000000 10.245902
320 0.000031 0.007225 600.000000 10.452962
320 0.000031 0.007839 700.000000 10.115607
320 0.000035 0.007055 800.000000 9.962640
330 0.000087 0.011908 100.000000 9.523809
330 0.000057 0.009032 200.000000 10.050251
330 0.000050 0.008403 300.000000 10.238908
330 0.000037 0.009135 400.000000 9.852217
330 0.000033 0.007088 500.000000 10.309278
330 0.000031 0.006890 600.000000 10.489511
330 0.000030 0.007488 700.000000 10.115607
330 0.000031 0.006930 800.000000 9.925558
340 0.000082 0.010300 100.000000 9.615385
340 0.000063 0.007371 200.000000 10.000000
340 0.000047 0.006535 300.000000 10.238908
340 0.000035 0.007602 400.000000 9.852217
340 0.000032 0.005599 500.000000 10.373444
340 0.000031 0.005858 600.000000 10.507881
340 0.000025 0.006567 700.000000 10.115607
340 0.000026 0.006520 800.000000 9.913259
350 0.000071 0.009165 100.000000 9.708738
350 0.000056 0.005867 200.000000 10.050251
350 0.000040 0.005583 300.000000 10.204082
350 0.000035 0.006513 400.000000 9.900990
350 0.000031 0.004516 500.000000 10.438414
350 0.000031 0.005054 600.000000 10.526316
350 0.000027 0.005824 700.000000 10.130246
350 0.000026 0.006222 800.000000 9.925558
360 0.000092 0.009151 100.000000 9.803922
360 0.000055 0.006012 200.000000 10.101010
360 0.000038 0.006062 300.000000 10.135135
360 0.000034 0.006373 400.000000 9.950249
360 0.000033 0.004353 500.000000 10.482181
360 0.000033 0.004859 600.000000 10.507881
360 0.000029 0.005433 700.000000 10.130246
360 0.000029 0.005966 800.000000 9.937888
370 0.000083 0.008456 100.000000 9.900990
370 0.000051 0.005689 200.000000 10.152285
370 0.000039 0.005770 300.000000 10.033444
370 0.000032 0.005564 400.000000 10.000000
370 0.000030 0.003895 500.000000 10.526316
370 0.000035 0.004490 600.000000 10.452962
370 0.000031 0.005010 700.000000 10.130246
370 0.000029 0.005745 800.000000 9.950249
380 0.000079 0.006912 100.000000 10.000000
380 0.000043 0.004760 200.000000 10.204082
380 0.000036 0.005041 300.000000 9.966778
380 0.000033 0.004599 400.000000 10.050251
380 0.000033 0.003585 500.000000 10.526316
380 0.000036 0.004824 600.000000 10.380623
380 0.000030 0.005060 700.000000 10.144928
380 0.000029 0.005779 800.000000 9.962640
390 0.000079 0.005940 100.000000 10.204082
390 0.000042 0.004262 200.000000 10.309278
390 0.000036 0.004724 300.000000 9.933775
390 0.000032 0.003979 400.000000 10.101010
390 0.000032 0.003371 500.000000 10.526316
390 0.000036 0.004821 600.000000 10.344828
390 0.000030 0.004888 700.000000 10.144928
390 0.000031 0.005718 800.000000 9.975062
400 0.000069 0.004842 100.000000 10.309278
400 0.000035 0.003781 200.000000 10.362695
400 0.000037 0.004474 300.000000 9.900990
400 0.000036 0.003034 400.000000 10.204082
400 0.000032 0.002958 500.000000 10.548523
400 0.000039 0.005059 600.000000 10.273973
400 0.000034 0.005419 700.000000 10.144928
400 0.000030 0.006333 800.000000 10.000000
410 0.000072 0.005541 100.000000 10.416667
410 0.000040 0.005158 200.000000 10.471204
410 0.000037 0.005528 300.000000 9.900990
410 0.000038 0.003335 400.000000 10.282776
410 0.000037 0.002883 500.000000 10.570825
410 0.000038 0.004892 600.000000 10.221465
410 0.000038 0.005790 700.000000 10.101010
410 0.000032 0.006564 800.000000 10.025063
420 0.000070 0.004008 100.000000 10.526316
420 0.000040 0.003833 200.000000 10.471204
420 0.000035 0.004434 300.000000 9.868421
420 0.000039 0.002982 400.000000 10.362695
420 0.000036 0.003410 500.000000 10.615711
420 0.000033 0.005493 600.000000 10.186757
420 0.000037 0.006656 700.000000 10.014306
420 0.000029 0.006842 800.000000 10.062893
430 0.000055 0.002940 100.000000 10.416667
430 0.000038 0.004271 200.000000 10.526316
430 0.000035 0.004998 300.000000 9.868421
430 0.000038 0.003170 400.000000 10.443864
430 0.000034 0.003448 500.000000 10.638298
430 0.000033 0.005576 600.000000 10.186757
430 0.000032 0.006805 700.000000 9.971510
430 0.000029 0.006869 800.000000 10.088272
440 0.000060 0.001864 100.000000 10.309278
440 0.000037 0.003579 200.000000 10.526316
440 0.000036 0.004762 300.000000 9.900990
440 0.000037 0.003344 400.000000 10.526316
440 0.000036 0.003858 500.000000 10.683761
440 0.000029 0.005988 600.000000 10.186757
440 0.000028 0.007168 700.000000 9.943182
440 0.000027 0.007149 800.000000 10.126582
450 0.000047 0.003807 100.000000 10.309278
450 0.000026 0.004698 200.000000 10.416667
450 0.000036 0.005136 300.000000 9.933775
450 0.000033 0.003329 400.000000 10.582010
450 0.000033 0.003404 500.000000 10.683761
450 0.000030 0.005250 600.000000 10.186757
450 0.000028 0.006752 700.000000 9.943182
450 0.000027 0.007152 800.000000 10.152285
460 0.000035 0.004656 100.000000 10.309278
460 0.000023 0.004803 200.000000 10.256411
460 0.000030 0.004968 300.000000 9.933775
460 0.000036 0.003521 400.000000 10.638298
460 0.000034 0.003731 500.000000 10.638298
460 0.000030 0.005170 600.000000 10.169492
460 0.000031 0.006785 700.000000 9.943182
460 0.000026 0.007358 800.000000 10.178117
470 0.000024 0.005249 100.000000 10.309278
470 0.000019 0.005743 200.000000 10.050251
470 0.000032 0.004956 300.000000 9.966778
470 0.000037 0.003798 400.000000 10.638298
470 0.000038 0.004398 500.000000 10.526316
470 0.000033 0.005310 600.000000 10.152285
470 0.000031 0.006795 700.000000 9.929078
470 0.000027 0.007808 800.000000 10.204082
480 0.000020 0.004878 100.000000 10.309278
480 0.000023 0.005510 200.000000 9.852217
480 0.000033 0.004748 300.000000 10.000000
480 0.000034 0.003943 400.000000 10.610080
480 0.000040 0.004927 500.000000 10.416667
480 0.000032 0.005339 600.000000 10.135135
480 0.000031 0.006660 700.000000 9.929078
480 0.000024 0.008095 800.000000 10.243278
490 0.000015 0.004720 100.000000 10.204082
490 0.000028 0.005691 200.000000 9.708738
490 0.000036 0.004449 300.000000 10.067114
490 0.000035 0.004228 400.000000 10.582010
490 0.000040 0.005754 500.000000 10.309278
490 0.000033 0.005830 600.000000 10.101010
490 0.000032 0.007105 700.000000 9.929078
490 0.000025 0.008663 800.000000 10.269576
500 0.000028 0.005780 100.000000 10.309278
500 0.000028 0.006633 200.000000 9.615385
500 0.000039 0.004650 300.000000 10.135135
500 0.000036 0.003979 400.000000 10.582010
500 0.000040 0.005332 500.000000 10.183299
500 0.000038 0.006061 600.000000 10.050251
500 0.000032 0.007388 700.000000 9.943182
500 0.000027 0.009072 800.000000 10.309278
510 0.000018 0.004800 100.000000 10.309278
510 0.000037 0.005485 200.000000 9.523809
510 0.000044 0.004159 300.000000 10.204082
510 0.000042 0.004408 400.000000 10.582010
510 0.000038 0.005962 500.000000 10.101010
510 0.000038 0.007319 600.000000 9.950249
510 0.000033 0.007942 700.000000 9.971510
510 0.000025 0.009463 800.000000 10.335917
520 0.000023 0.004052 100.000000 10.416667
520 0.000030 0.005098 200.000000 9.523809
520 0.000039 0.003811 300.000000 10.344828
520 0.000034 0.003822 400.000000 10.638298
520 0.000035 0.005616 500.000000 10.101010
520 0.000034 0.007207 600.000000 9.884679
520 0.000030 0.007597 700.000000 10.000000
520 0.000025 0.009030 800.000000 10.389610
530 0.000032 0.005027 100.000000 10.526316
530 0.000028 0.005980 200.000000 9.569378
530 0.000036 0.004065 300.000000 10.452962
530 0.000033 0.003325 400.000000 10.695188
530 0.000034 0.005268 500.000000 10.121457
530 0.000031 0.006857 600.000000 9.852217
530 0.000031 0.007446 700.000000 10.043041
530 0.000026 0.009021 800.000000 10.443864
540 0.000023 0.005770 100.000000 10.526316
540 0.000037 0.005719 200.000000 9.661836
540 0.000042 0.004518 300.000000 10.563380
540 0.000038 0.004421 400.000000 10.752688
540 0.000033 0.006176 500.000000 10.121457
540 0.000030 0.007875 600.000000 9.852217
540 0.000032 0.008374 700.000000 10.086455
540 0.000024 0.009764 800.000000 10.484928
550 0.000014 0.005363 100.000000 10.309278
550 0.000037 0.005519 200.000000 9.708738
550 0.000045 0.004499 300.000000 10.676157
550 0.000037 0.004559 400.000000 10.752688
550 0.000034 0.006171 500.000000 10.121457
550 0.000031 0.007952 600.000000 9.868421
550 0.000029 0.008572 700.000000 10.130246
550 0.000024 0.009845 800.000000 10.526316
560 0.000016 0.005580 100.000000 9.803922
560 0.000038 0.005496 200.000000 9.708738
560 0.000047 0.004771 300.000000 10.714286
560 0.000041 0.005202 400.000000 10.638298
560 0.000036 0.006521 500.000000 10.101010
560 0.000032 0.008325 600.000000 9.852217
560 0.000028 0.009032 700.000000 10.159652
560 0.000024 0.010150 800.000000 10.554090
570 0.000045 0.006039 100.000000 9.523809
570 0.000053 0.005323 200.000000 9.756098
570 0.000049 0.005293 300.000000 10.676157
570 0.000048 0.006368 400.000000 10.498688
570 0.000036 0.007210 500.000000 10.080646
570 0.000034 0.008565 600.000000 9.852217
570 0.000030 0.009635 700.000000 10.189228
570 0.000023 0.010316 800.000000 10.596026
580 0.000035 0.007265 100.000000 9.259259
580 0.000059 0.005380 200.000000 9.852217
580 0.000053 0.005634 300.000000 10.676157
580 0.000052 0.007278 400.000000 10.362695
580 0.000040 0.007669 500.000000 10.060362
580 0.000039 0.009119 600.000000 9.852217
580 0.000028 0.010707 700.000000 10.233918
580 0.000025 0.011182 800.000000 10.624170
590 0.000056 0.007082 100.000000 9.009009
590 0.000055 0.005298 200.000000 9.950249
590 0.000044 0.005726 300.000000 10.638298
590 0.000049 0.007550 400.000000 10.204082
590 0.000040 0.007673 500.000000 10.020041
590 0.000035 0.008862 600.000000 9.852217
590 0.000027 0.010409 700.000000 10.263929
590 0.000022 0.010555 800.000000 10.652463
600 0.000054 0.007011 100.000000 8.849558
600 0.000055 0.005225 200.000000 10.050251
600 0.000047 0.005574 300.000000 10.600707
600 0.000045 0.007285 400.000000 10.075566
600 0.000040 0.008251 500.000000 9.920635
600 0.000036 0.009141 600.000000 9.868421
600 0.000027 0.010721 700.000000 10.294118
600 0.000023 0.010760 800.000000 10.695188
610 0.000052 0.006845 100.000000 8.695652
610 0.000053 0.005578 200.000000 10.152285
610 0.000043 0.005614 300.000000 10.638298
610 0.000041 0.007362 400.000000 10.000000
610 0.000042 0.008992 500.000000 9.803922
610 0.000035 0.009369 600.000000 9.900990
610 0.000027 0.010962 700.000000 10.339734
610 0.000023 0.011066 800.000000 10.723861
620 0.000046 0.007960 100.000000 8.695652
620 0.000052 0.005797 200.000000 10.309278
620 0.000039 0.005445 300.000000 10.676157
620 0.000040 0.007357 400.000000 10.000000
620 0.000036 0.009042 500.000000 9.727627
620 0.000033 0.009370 600.000000 9.933775
620 0.000029 0.011030 700.000000 10.385756
620 0.000022 0.011140 800.000000 10.767160
630 0.000051 0.008651 100.000000 8.771930
630 0.000058 0.005921 200.000000 10.471204
630 0.000046 0.005404 300.000000 10.752688
630 0.000040 0.007657 400.000000 10.000000
630 0.000036 0.009477 500.000000 9.708738
630 0.000035 0.009825 600.000000 9.983361
630 0.000030 0.011414 700.000000 10.447762
630 0.000022 0.011565 800.000000 10.810811
640 0.000074 0.009091 100.000000 8.928572
640 0.000060 0.005872 200.000000 10.638298
640 0.000048 0.005465 300.000000 10.830325
640 0.000044 0.007882 400.000000 10.025063
640 0.000039 0.010029 500.000000 9.727627
640 0.000037 0.010656 600.000000 10.033444
640 0.000030 0.012081 700.000000 10.494753
640 0.000024 0.012173 800.000000 10.869565
650 0.000068 0.009452 100.000000 9.174312
650 0.000065 0.006460 200.000000 10.869565
650 0.000053 0.006179 300.000000 10.869565
650 0.000047 0.008311 400.000000 10.075566
650 0.000041 0.010403 500.000000 9.765625
650 0.000036 0.011032 600.000000 10.101010
650 0.000029 0.012295 700.000000 10.574018
650 0.000024 0.012352 800.000000 10.928962
660 0.000074 0.009277 100.000000 9.433962
660 0.000074 0.007124 200.000000 11.111111
660 0.000055 0.006929 300.000000 10.869565
660 0.000050 0.008892 400.000000 10.126582
660 0.000042 0.011066 500.000000 9.823183
660 0.000035 0.011781 600.000000 10.186757
660 0.000030 0.012965 700.000000 10.638298
660 0.000025 0.013027 800.000000 11.004127
670 0.000090 0.008889 100.000000 9.803922
670 0.000076 0.007282 200.000000 11.299435
670 0.000059 0.007557 300.000000 10.830325
670 0.000050 0.009073 400.000000 10.178117
670 0.000045 0.011049 500.000000 9.881423
670 0.000038 0.012313 600.000000 10.256411
670 0.000032 0.013321 700.000000 10.719755
670 0.000025 0.013430 800.000000 11.065007
680 0.000098 0.007719 100.000000 10.101010
680 0.000073 0.006910 200.000000 11.363636
680 0.000066 0.007706 300.000000 10.791367
680 0.000054 0.008973 400.000000 10.230179
680 0.000047 0.011033 500.000000 9.920635
680 0.000039 0.012838 600.000000 10.344828
680 0.000032 0.013683 700.000000 10.785825
680 0.000027 0.013856 800.000000 11.142061
690 0.000090 0.007698 100.000000 10.526316
690 0.000069 0.007016 200.000000 11.494253
690 0.000066 0.008229 300.000000 10.714286
690 0.000050 0.008667 400.000000 10.256411
690 0.000048 0.010767 500.000000 9.960159
690 0.000038 0.012895 600.000000 10.416667
690 0.000032 0.013616 700.000000 10.852714
690 0.000026 0.013813 800.000000 11.204482
700 0.000085 0.007201 100.000000 10.869565
700 0.000063 0.005906 200.000000 11.560694
700 0.000063 0.007433 300.000000 10.600707
700 0.000051 0.007981 400.000000 10.282776
700 0.000045 0.010015 500.000000 10.020041
700 0.000036 0.012210 600.000000 10.489511
700 0.000031 0.012674 700.000000 10.920437
700 0.000025 0.013060 800.000000 11.267606
710 0.000087 0.007029 100.000000 11.363636
710 0.000058 0.005788 200.000000 11.695907
710 0.000059 0.007426 300.000000 10.526316
710 0.000052 0.008534 400.000000 10.230179
710 0.000045 0.010336 500.000000 10.080646
710 0.000037 0.012505 600.000000 10.563380
710 0.000030 0.012867 700.000000 10.989011
710 0.000025 0.013364 800.000000 11.331445
720 0.000073 0.005627 100.000000 11.764706
720 0.000051 0.004110 200.000000 11.834319
720 0.000057 0.006547 300.000000 10.489511
720 0.000052 0.008451 400.000000 10.126582
720 0.000044 0.009671 500.000000 10.121457
720 0.000035 0.011744 600.000000 10.619469
720 0.000029 0.012087 700.000000 11.041010
720 0.000025 0.012437 800.000000 11.396011
730 0.000069 0.004633 100.000000 12.195122
730 0.000045 0.003731 200.000000 11.904762
730 0.000051 0.006265 300.000000 10.452962
730 0.000049 0.008681 400.000000 10.000000
730 0.000042 0.009510 500.000000 10.183299
730 0.000034 0.011701 600.000000 10.695188
730 0.000031 0.012163 700.000000 11.093502
730 0.000026 0.012613 800.000000 11.444921
740 0.000080 0.002282 100.000000 12.658228
740 0.000054 0.001824 200.000000 11.976048
740 0.000055 0.005684 300.000000 10.416667
740 0.000047 0.008489 400.000000 9.950249
740 0.000044 0.009558 500.000000 10.224949
740 0.000034 0.011724 600.000000 10.733453
740 0.000031 0.012277 700.000000 11.146497
740 0.000027 0.013000 800.000000 11.494253
750 0.000081 0.002868 100.000000 12.987013
750 0.000043 0.003285 200.000000 11.976048
750 0.000052 0.004924 300.000000 10.416667
750 0.000048 0.008355 400.000000 9.925558
750 0.000046 0.009975 500.000000 10.266940
750 0.000039 0.012231 600.000000 10.791367
750 0.000032 0.012888 700.000000 11.182109
750 0.000030 0.013997 800.000000 11.544011
760 0.000077 0.002063 100.000000 13.157895
760 0.000043 0.002840 200.000000 11.834319
760 0.000051 0.005433 300.000000 10.344828
760 0.000048 0.008693 400.000000 9.900990
760 0.000041 0.010034 500.000000 10.288066
760 0.000036 0.011832 600.000000 10.830325
760 0.000031 0.012284 700.000000 11.217949
760 0.000027 0.013479 800.000000 11.577424
770 0.000076 0.002370 100.000000 12.987013
770 0.000048 0.003923 200.000000 11.363636
770 0.000049 0.005307 300.000000 10.273973
770 0.000046 0.008163 400.000000 9.852217
770 0.000040 0.010033 500.000000 10.330579
770 0.000035 0.011530 600.000000 10.849910
770 0.000028 0.011993 700.000000 11.254020
770 0.000026 0.013333 800.000000 11.611031
780 0.000084 0.002999 100.000000 12.658228
780 0.000060 0.004900 200.000000 10.928962
780 0.000054 0.005336 300.000000 10.169492
780 0.000049 0.008182 400.000000 9.828010
780 0.000039 0.010968 500.000000 10.351967
780 0.000035 0.011964 600.000000 10.869565
780 0.000029 0.012581 700.000000 11.272141
780 0.000029 0.014117 800.000000 11.627907
790 0.000049 0.003125 100.000000 12.048193
790 0.000067 0.005529 200.000000 10.416667
790 0.000050 0.005195 300.000000 10.033444
790 0.000047 0.007623 400.000000 9.779951
790 0.000038 0.010189 500.000000 10.373444
790 0.000034 0.010638 600.000000 10.889292
790 0.000028 0.011321 700.000000 11.290322
790 0.000027 0.013036 800.000000 11.644833
800 0.000022 0.004001 100.000000 11.764706
800 0.000059 0.005687 200.000000 9.950249
800 0.000059 0.005893 300.000000 9.740260
800 0.000049 0.007642 400.000000 9.756098
800 0.000036 0.010095 500.000000 10.373444
800 0.000031 0.010421 600.000000 10.889292
800 0.000028 0.011134 700.000000 11.308562
800 0.000028 0.012969 800.000000 11.611031
810 0.000032 0.003823 100.000000 11.363636
810 0.000052 0.006301 200.000000 9.661836
810 0.000058 0.007734 300.000000 9.404388
810 0.000044 0.008392 400.000000 9.732360
810 0.000035 0.010740 500.000000 10.395010
810 0.000033 0.011046 600.000000 10.889292
810 0.000028 0.011649 700.000000 11.308562
810 0.000030 0.013257 800.000000 11.510792
820 0.000025 0.005128 100.000000 11.111111
820 0.000051 0.006495 200.000000 9.478673
820 0.000051 0.008320 300.000000 9.202454
820 0.000046 0.008976 400.000000 9.708738
820 0.000039 0.011263 500.000000 10.395010
820 0.000034 0.011568 600.000000 10.909091
820 0.000031 0.012544 700.000000 11.326860
820 0.000040 0.014009 800.000000 11.267606
830 0.000034 0.005295 100.000000 10.752688
830 0.000046 0.006398 200.000000 9.345795
830 0.000047 0.008164 300.000000 9.118541
830 0.000042 0.008657 400.000000 9.732360
830 0.000038 0.010436 500.000000 10.416667
830 0.000031 0.010564 600.000000 10.909091
830 0.000028 0.011798 700.000000 11.345219
830 0.000034 0.013049 800.000000 11.111111
840 0.000053 0.004752 100.000000 10.204082
840 0.000045 0.006011 200.000000 9.259259
840 0.000046 0.008159 300.000000 9.090909
840 0.000039 0.008946 400.000000 9.756098
840 0.000036 0.010382 500.000000 10.438414
840 0.000029 0.010596 600.000000 10.948905
840 0.000029 0.011950 700.000000 11.382113
840 0.000031 0.012646 800.000000 11.034483
850 0.000058 0.006344 100.000000 9.708738
850 0.000048 0.005756 200.000000 9.216590
850 0.000043 0.007354 300.000000 9.090909
850 0.000036 0.008895 400.000000 9.803922
850 0.000035 0.009621 500.000000 10.504202
850 0.000027 0.009749 600.000000 11.009174
850 0.000027 0.011276 700.000000 11.419250
850 0.000033 0.011899 800.000000 10.973937
860 0.000063 0.007611 100.000000 9.433962
860 0.000043 0.005557 200.000000 9.216590
860 0.000045 0.007446 300.000000 9.118541
860 0.000035 0.009616 400.000000 9.900990
860 0.000034 0.009807 500.000000 10.570825
860 0.000026 0.009965 600.000000 11.070110
860 0.000027 0.011547 700.000000 11.494253
870 0.000089 0.009364 100.000000 9.009009
870 0.000054 0.006085 200.000000 9.174312
870 0.000051 0.008181 300.000000 9.146341
870 0.000042 0.010641 400.000000 9.975062
870 0.000035 0.010590 500.000000 10.638298
870 0.000029 0.011004 600.000000 11.131725
870 0.000029 0.012801 700.000000 11.532125
880 0.000116 0.008941 100.000000 8.620689
880 0.000073 0.007082 200.000000 9.009009
880 0.000063 0.009542 300.000000 9.174312
880 0.000049 0.012222 400.000000 10.025063
880 0.000041 0.012218 500.000000 10.683761
880 0.000034 0.013034 600.000000 11.194030
880 0.000033 0.014958 700.000000 11.570248
890 0.000086 0.010236 100.000000 8.403361
890 0.000084 0.009756 200.000000 8.733624
890 0.000053 0.010234 300.000000 9.202454
890 0.000042 0.012576 400.000000 10.101010
890 0.000040 0.012387 500.000000 10.729613
890 0.000033 0.012775 600.000000 11.235955
890 0.000033 0.014403 700.000000 11.570248
900 0.000095 0.011796 100.000000 8.264462
900 0.000073 0.012023 200.000000 8.510638
900 0.000055 0.011762 300.000000 9.259259
900 0.000048 0.014002 400.000000 10.152285
900 0.000039 0.013696 500.000000 10.775862
900 0.000034 0.014173 600.000000 11.278195
900 0.000036 0.015546 700.000000 11.419250
910 0.000099 0.012148 100.000000 8.130081
910 0.000074 0.012733 200.000000 8.403361
910 0.000057 0.012413 300.000000 9.287926
910 0.000047 0.014386 400.000000 10.204082
910 0.000040 0.014077 500.000000 10.822511
910 0.000036 0.014919 600.000000 11.320755
910 0.000049 0.016300 700.000000 11.217949
920 0.000106 0.011588 100.000000 8.130081
920 0.000073 0.013372 200.000000 8.403361
920 0.000061 0.013389 300.000000 9.345795
920 0.000051 0.014963 400.000000 10.256411
920 0.000043 0.014628 500.000000 10.893247
920 0.000037 0.015696 600.000000 11.406844
920 0.000039 0.016846 700.000000 11.128776
930 0.000111 0.012098 100.000000 8.264462
930 0.000073 0.014126 200.000000 8.474576
930 0.000057 0.013933 300.000000 9.463722
930 0.000052 0.015277 400.000000 10.389610
930 0.000041 0.014968 500.000000 10.989011
930 0.000038 0.016189 600.000000 11.494253
930 0.000038 0.016788 700.000000 11.128776
940 0.000102 0.011681 100.000000 8.403361
940 0.000070 0.013577 200.000000 8.583691
940 0.000056 0.014008 300.000000 9.615385
940 0.000051 0.015049 400.000000 10.526316
940 0.000042 0.014778 500.000000 11.111111
940 0.000039 0.016132 600.000000 11.605416
940 0.000037 0.016343 700.000000 11.146497
950 0.000098 0.007513 100.000000 8.620689
950 0.000061 0.010153 200.000000 8.733624
950 0.000058 0.011922 300.000000 9.771987
950 0.000051 0.012636 400.000000 10.666667
950 0.000040 0.012678 500.000000 11.235955
950 0.000039 0.014340 600.000000 11.718750
950 0.000041 0.014893 700.000000 11.146497
960 0.000072 0.006870 100.000000 8.849558
960 0.000058 0.009059 200.000000 8.849558
960 0.000051 0.011347 300.000000 9.933775
960 0.000046 0.011446 400.000000 10.781672
960 0.000036 0.011362 500.000000 11.363636
960 0.000036 0.013038 600.000000 11.834319
960 0.000044 0.013734 700.000000 11.146497
970 0.000048 0.006727 100.000000 9.009009
970 0.000049 0.006509 200.000000 8.968610
970 0.000044 0.008595 300.000000 10.101010
970 0.000040 0.008362 400.000000 10.928962
970 0.000033 0.008269 500.000000 11.494253
970 0.000034 0.010229 600.000000 11.952191
980 0.000035 0.006833 100.000000 9.259259
980 0.000043 0.007468 200.000000 9.174312
980 0.000041 0.009669 300.000000 10.273973
980 0.000039 0.008861 400.000000 11.080333
980 0.000034 0.008732 500.000000 11.627907
980 0.000033 0.010602 600.000000 12.072434
990 0.000029 0.007805 100.000000 9.345795
990 0.000035 0.008949 200.000000 9.345795
990 0.000033 0.010674 300.000000 10.452962
990 0.000029 0.009391 400.000000 11.235955
990 0.000028 0.008972 500.000000 11.792453
990 0.000028 0.010551 600.000000 12.195122
1000 0.000064 0.007971 100.000000 9.174312
1000 0.000041 0.007533 200.000000 9.523809
1000 0.000030 0.009506 300.000000 10.638298
1000 0.000027 0.008091 400.000000 11.396011
1000 0.000026 0.007684 500.000000 11.904762
1000 0.000028 0.009448 600.000000 12.269938
1010 0.000094 0.008416 100.000000 8.928572
1010 0.000036 0.006209 200.000000 9.661836
1010 0.000029 0.008518 300.000000 10.791367
1010 0.000034 0.007108 400.000000 11.527377
1010 0.000026 0.006841 500.000000 12.048193
1010 0.000028 0.008497 600.000000 12.295082
1020 0.000068 0.009228 100.000000 8.695652
1020 0.000041 0.006714 200.000000 9.756098
1020 0.000035 0.009146 300.000000 10.948905
1020 0.000031 0.007697 400.000000 11.627907
1020 0.000028 0.007799 500.000000 12.135922
1020 0.000033 0.009183 600.000000 12.170385
1030 0.000060 0.010081 100.000000 8.620689
1030 0.000043 0.007397 200.000000 9.900990
1030 0.000037 0.009662 300.000000 11.070110
1030 0.000034 0.008320 400.000000 11.730206
1030 0.000031 0.008684 500.000000 12.224939
1030 0.000049 0.010079 600.000000 11.952191
1040 0.000054 0.009560 100.000000 8.620689
1040 0.000040 0.006761 200.000000 10.000000
1040 0.000038 0.008454 300.000000 11.194030
1040 0.000031 0.006904 400.000000 11.834319
1040 0.000029 0.007709 500.000000 12.345679
1040 0.000042 0.009277 600.000000 11.834319
1050 0.000038 0.011140 100.000000 8.620689
1050 0.000032 0.008064 200.000000 10.152285
1050 0.000035 0.009196 300.000000 11.320755
1050 0.000029 0.007578 400.000000 11.940298
1050 0.000027 0.008545 500.000000 12.437811
1050 0.000038 0.009438 600.000000 11.764706
1060 0.000036 0.010559 100.000000 8.695652
1060 0.000030 0.009114 200.000000 10.309278
1060 0.000038 0.009390 300.000000 11.450381
1060 0.000031 0.007863 400.000000 12.048193
1060 0.000029 0.008970 500.000000 12.531328
1060 0.000038 0.009565 600.000000 11.718750
1070 0.000043 0.010101 100.000000 8.771930
1070 0.000041 0.010607 200.000000 10.471204
1070 0.000037 0.009534 300.000000 11.583012
1070 0.000028 0.008116 400.000000 12.158054
1070 0.000033 0.009461 500.000000 12.626263
1070 0.000044 0.010230 600.000000 11.627907
1080 0.000053 0.011126 100.000000 8.849558
1080 0.000044 0.012282 200.000000 10.695188
1080 0.000039 0.010578 300.000000 11.718750
1080 0.000032 0.009330 400.000000 12.307693
1080 0.000034 0.010916 500.000000 12.755102
1090 0.000055 0.009977 100.000000 9.009009
1090 0.000043 0.011434 200.000000 10.869565
1090 0.000041 0.008854 300.000000 11.904762
1090 0.000034 0.007919 400.000000 12.461060
1090 0.000034 0.009719 500.000000 12.853471
1100 0.000075 0.010025 100.000000 9.345795
1100 0.000052 0.011756 200.000000 11.173184
1100 0.000044 0.009055 300.000000 12.096774
1100 0.000037 0.008531 400.000000 12.658228
1100 0.000037 0.010506 500.000000 12.987013
1110 0.000062 0.011591 100.000000 9.803922
1110 0.000051 0.013725 200.000000 11.560694
1110 0.000040 0.011505 300.000000 12.396694
1110 0.000037 0.010452 400.000000 12.861736
1110 0.000038 0.011864 500.000000 13.157895
1120 0.000053 0.010490 100.000000 10.309278
1120 0.000039 0.013216 200.000000 11.976048
1120 0.000038 0.011481 300.000000 12.658228
1120 0.000032 0.010349 400.000000 13.114754
1120 0.000030 0.011206 500.000000 13.262600
1130 0.000041 0.008235 100.000000 10.869565
1130 0.000036 0.011559 200.000000 12.345679
1130 0.000030 0.009533 300.000000 12.931034
1130 0.000026 0.008783 400.000000 13.333333
1130 0.000024 0.009675 500.000000 13.262600
1140 0.000037 0.005973 100.000000 11.235955
1140 0.000032 0.009908 200.000000 12.658228
1140 0.000026 0.007689 300.000000 13.157895
1140 0.000024 0.007237 400.000000 13.559322
1140 0.000042 0.007869 500.000000 13.054831
1150 0.000032 0.004766 100.000000 11.627907
1150 0.000028 0.008615 200.000000 12.903226
1150 0.000025 0.006058 300.000000 13.333333
1150 0.000022 0.006069 400.000000 13.698630
1150 0.000050 0.006898 500.000000 12.820513
1160 0.000034 0.004491 100.000000 11.904762
1160 0.000038 0.008016 200.000000 13.157895
1160 0.000033 0.005615 300.000000 13.513514
1160 0.000027 0.006473 400.000000 13.840831
1160 0.000045 0.007516 500.000000 12.690355
1170 0.000039 0.006510 100.000000 12.345679
1170 0.000042 0.008609 200.000000 13.333333
1170 0.000034 0.006479 300.000000 13.698630
1170 0.000032 0.007677 400.000000 13.986014
1170 0.000044 0.008133 500.000000 12.594459
1180 0.000050 0.011388 100.000000 12.658228
1180 0.000049 0.010602 200.000000 13.605442
1180 0.000034 0.008398 300.000000 13.824884
1180 0.000039 0.009674 400.000000 14.084507
1180 0.000047 0.009596 500.000000 12.468828
1190 0.000077 0.012952 100.000000 13.157895
1190 0.000057 0.010237 200.000000 13.793103
1190 0.000042 0.008125 300.000000 14.018692
1190 0.000041 0.009786 400.000000 14.234876
1200 0.000051 0.013464 100.000000 13.513514
1200 0.000039 0.009503 200.000000 13.986014
1200 0.000031 0.007640 300.000000 14.150944
1200 0.000032 0.009183 400.000000 14.285714
1210 0.000051 0.013785 100.000000 13.698630
1210 0.000038 0.008797 200.000000 14.084507
1210 0.000037 0.006994 300.000000 14.285714
1210 0.000035 0.008744 400.000000 14.285714
1220 0.000045 0.013143 100.000000 13.888889
1220 0.000034 0.007468 200.000000 14.184397
1220 0.000031 0.006017 300.000000 14.354067
1220 0.000029 0.007300 400.000000 13.986014
1230 0.000049 0.012841 100.000000 14.084507
1230 0.000048 0.006903 200.000000 14.285714
1230 0.000032 0.005991 300.000000 14.423077
1230 0.000069 0.006461 400.000000 13.333333
1240 0.000053 0.011555 100.000000 14.285714
1240 0.000037 0.005800 200.000000 14.285714
1240 0.000030 0.005765 300.000000 14.492754
1240 0.000058 0.006465 400.000000 12.861736
1250 0.000050 0.010534 100.000000 14.285714
1250 0.000037 0.006116 200.000000 14.388489
1250 0.000032 0.007046 300.000000 14.492754
1250 0.000052 0.006830 400.000000 12.578616
1260 0.000027 0.008035 100.000000 14.285714
1260 0.000019 0.005136 200.000000 14.388489
1260 0.000030 0.006502 300.000000 14.563107
1260 0.000058 0.006885 400.000000 12.232416
1270 0.000046 0.007122 100.000000 14.285714
1270 0.000031 0.004752 200.000000 14.388489
1270 0.000031 0.006342 300.000000 14.492754
1280 0.000039 0.004640 100.000000 14.084507
1280 0.000032 0.002881 200.000000 14.388489
1280 0.000032 0.005479 300.000000 14.423077
1290 0.000040 0.002657 100.000000 14.084507
1290 0.000031 0.002106 200.000000 14.388489
1290 0.000034 0.004548 300.000000 13.953488
1300 0.000043 0.003243 100.000000 14.084507
1300 0.000031 0.002898 200.000000 14.388489
1300 0.000083 0.003612 300.000000 12.931034
1310 0.000030 0.003544 100.000000 14.084507
1310 0.000022 0.004052 200.000000 14.492754
1310 0.000063 0.004760 300.000000 12.345679
1320 0.000030 0.003872 100.000000 14.084507
1320 0.000024 0.005644 200.000000 14.492754
1320 0.000060 0.005391 300.000000 12.000000
1330 0.000026 0.003989 100.000000 14.084507
1330 0.000035 0.006594 200.000000 14.492754
1330 0.000074 0.007169 300.000000 11.538462
1340 0.000030 0.004348 100.000000 14.084507
1340 0.000029 0.008118 200.000000 14.492754
1350 0.000035 0.003249 100.000000 14.285714
1350 0.000035 0.008140 200.000000 14.285714
1360 0.000029 0.004368 100.000000 14.285714
1360 0.000027 0.006555 200.000000 13.605442
1370 0.000029 0.004986 100.000000 14.492754
1370 0.000112 0.005589 200.000000 12.269938
1380 0.000017 0.006794 100.000000 14.492754
1380 0.000090 0.007760 200.000000 11.494253
1390 0.000028 0.009178 100.000000 14.492754
1390 0.000086 0.008536 200.000000 11.049724
1400 0.000040 0.011495 100.000000 14.492754
1410 0.000040 0.012882 100.000000 14.492754
1420 0.000037 0.012596 100.000000 13.888889
1430 0.000070 0.009383 100.000000 12.195122
1440 0.000219 0.009150 100.000000 10.101010
1450 0.000178 0.009262 100.000000 9.259259
1460 0.000197 0.010921 100.000000 8.547009
