0.000000 -0.000000 -0.000000 0.000000
-0.140643 2.574964 -0.026716 2.069698
-0.281220 5.148987 -0.090094 4.293682
-0.421837 7.724036 -0.184204 6.657036
-0.562431 10.298960 -0.316349 9.108937
-0.701879 12.869650 -0.442105 11.642939
-0.854664 15.479570 -0.606790 14.246076
-1.011589 18.173180 -0.782120 16.919083
-1.171840 20.913680 -0.960083 19.637932
-1.334841 23.709530 -1.145926 22.412325
-1.487044 26.544710 -1.321398 25.233511
-1.633363 29.422930 -1.482986 28.079523
-1.768976 32.357140 -1.647090 30.985518
-1.929780 35.330970 -1.835963 33.925182
-2.126953 38.471510 -2.028998 36.863365
-2.329940 41.561110 -2.242479 39.815979
-2.535885 44.597900 -2.467072 42.788704
-2.728914 47.592750 -2.673956 45.742603
-2.937935 50.537730 -2.891090 48.629944
-3.130185 53.464980 -3.097729 51.527302
-3.310922 56.350390 -3.303358 54.389164
-3.511313 59.225400 -3.524559 57.218269
-3.703384 62.006320 -3.757999 59.980431
-3.912602 64.697860 -3.998357 62.661385
-4.114442 67.264550 -4.231452 65.218613
-4.313021 69.714240 -4.456958 67.638382
-4.514875 72.037350 -4.699275 69.945442
-4.709494 74.175390 -4.918464 72.069138
-4.891889 76.138280 -5.132942 74.027092
-5.039038 77.925340 -5.295857 75.828125
-5.159772 79.592300 -5.444580 77.489868
-5.235209 81.135380 -5.525822 79.036827
-5.207469 82.555940 -5.500490 80.462784
-5.029560 83.885300 -5.324389 81.813766
-4.680938 85.118200 -4.985449 83.030983
-4.130089 86.200010 -4.461664 84.117058
-3.393066 87.095580 -3.747307 85.019066
-2.508137 87.820100 -2.870270 85.743011
-1.511055 88.343490 -1.875237 86.280380
-0.450022 88.747950 -0.843750 86.676056
0.676345 89.023150 0.258678 86.972649
1.832910 89.277150 1.400564 87.225822
3.089762 89.418990 2.650443 87.377853
4.475771 89.556060 4.022334 87.524536
5.974572 89.621010 5.516614 87.612663
7.614093 89.671530 7.154966 87.681099
9.420230 89.707860 8.965207 87.739235
11.388370 89.721450 10.938572 87.784851
13.505010 89.738680 13.066966 87.852989
15.773680 89.805260 15.321721 87.954666
18.156510 89.929480 17.704201 88.124619
20.581930 90.082780 20.120087 88.295166
23.034320 90.227690 22.576635 88.486290
25.478370 90.365000 25.018929 88.665939
27.909920 90.499220 27.441830 88.832428
30.340320 90.588890 29.869972 88.955078
32.740690 90.598330 32.264046 89.004288
35.110390 90.529620 34.623268 88.979187
37.430830 90.386730 36.936539 88.870506
39.683630 90.176290 39.193848 88.700584
41.863240 89.910310 41.378250 88.471237
43.959460 89.634420 43.475674 88.230965
45.922800 89.378560 45.415623 88.011086
47.726310 89.193250 47.221588 87.855980
49.366470 89.121130 48.833363 87.813004
50.939410 89.191540 50.381641 87.910873
52.464070 89.450930 51.873535 88.169052
53.889450 89.945260 53.270355 88.670761
55.133190 90.660970 54.500076 89.411346
56.158450 91.620300 55.513725 90.375626
56.967930 92.764920 56.303097 91.519714
57.539920 94.061200 56.865074 92.806641
57.927200 95.446880 57.212086 94.118515
58.277310 96.884370 57.536095 95.528030
58.589460 98.403450 57.817940 97.030800
58.940360 100.002400 58.130810 98.625275
59.343230 101.692600 58.511890 100.310982
59.798800 103.499800 58.934109 102.122047
60.309140 105.392300 59.409035 104.022186
60.819120 107.363700 59.892754 105.982826
61.355080 109.477800 60.390079 108.113792
61.874140 111.669200 60.873455 110.312820
62.417580 113.964900 61.377647 112.615433
62.973720 116.373200 61.886024 114.998001
63.512460 118.836400 62.384277 117.434517
64.057360 121.342700 62.884151 119.934631
64.655860 123.876700 63.444321 122.436295
65.262090 126.422600 64.019890 124.937057
65.864770 128.941000 64.575760 127.431290
66.510510 131.382800 65.157623 129.879974
67.135460 133.867500 65.711823 132.358093
67.748220 136.262500 66.234749 134.750427
68.311480 138.668800 66.755226 137.181076
68.830800 141.066900 67.211563 139.586121
69.359830 143.451000 67.678986 141.966309
69.844620 145.829800 68.130821 144.329147
70.257380 148.240700 68.507362 146.749069
70.634070 150.615300 68.855354 149.088593
70.952630 153.048800 69.137169 151.516571
71.236680 155.482600 69.373276 153.964539
71.430750 157.958600 69.534828 156.432877
71.592060 160.420500 69.669029 158.886826
71.705560 162.889100 69.757019 161.371780
71.811250 165.386800 69.847740 163.842239
71.901490 167.846500 69.902824 166.292725
71.944200 170.358200 69.921997 168.789459
71.944230 172.867000 69.893646 171.272903
71.880770 175.411200 69.797005 173.793274
71.759300 177.947700 69.651474 176.303482
71.629380 180.489300 69.497002 178.826904
71.495820 183.069400 69.332626 181.388062
71.389860 185.611000 69.197533 183.913925
71.229200 188.181800 68.998596 186.467392
71.075770 190.694700 68.803017 188.974838
70.908190 193.208300 68.610359 191.482513
70.732240 195.676300 68.412758 193.923782
70.587330 197.902600 68.211975 196.332764
70.462020 200.022200 68.033012 198.607498
70.336670 202.141700 67.870331 200.697495
70.211280 204.261000 67.740479 202.703049
70.085900 206.379000 67.635307 204.684906
69.986060 208.445300 67.585129 206.609055
70.007780 210.375700 67.600845 208.553986
70.026080 212.295900 67.601631 210.452972
70.017620 214.252400 67.589516 212.399124
70.013230 216.217200 67.574097 214.348343
69.972110 218.270700 67.537399 216.384705
69.934360 220.317400 67.482452 218.426880
69.972850 222.305500 67.439514 220.497223
69.981630 224.353700 67.381882 222.604416
69.981870 226.399100 67.325371 224.673096
69.949190 228.454500 67.243721 226.745331
69.907170 230.454300 67.162148 228.762558
69.859830 232.418200 67.080460 230.745529
69.810200 234.247600 66.997284 232.578384
69.754960 235.896800 66.905235 234.243073
69.602960 237.437200 66.709656 235.782074
69.315000 238.920100 66.408844 237.184464
68.846420 240.276600 65.914597 238.490280
68.166090 241.479400 65.263382 239.618988
67.318270 242.492800 64.439804 240.578934
66.332240 243.344200 63.449127 241.433838
65.260110 243.991900 62.361046 242.049927
64.140300 244.474300 61.221111 242.484634
62.867510 244.772700 59.988636 242.749390
61.458940 244.926000 58.589611 242.873856
59.947420 244.952000 57.112190 242.859375
58.335370 244.902100 55.516785 242.755676
56.595980 244.824000 53.785728 242.647110
54.694040 244.743800 51.878967 242.520844
52.650420 244.604800 49.786560 242.389084
50.451970 244.390700 47.502460 242.252213
48.058070 244.235000 45.042850 242.119415
45.515050 244.100900 42.432091 241.985168
42.921790 243.969200 39.790138 241.849609
40.316590 243.840300 37.129074 241.712296
37.706940 243.722400 34.493225 241.552673
35.094890 243.629800 31.874731 241.357483
32.472950 243.489000 29.273733 241.143509
29.851950 243.348200 26.709169 240.937332
27.264200 243.258500 24.155647 240.758118
24.724050 243.174900 21.641979 240.614136
22.210390 243.091000 19.152670 240.475922
19.736330 242.979500 16.690428 240.303665
17.311070 242.850400 14.283220 240.103958
14.901790 242.682800 11.904106 239.882141
12.542000 242.455300 9.561602 239.623138
10.258080 242.218100 7.274883 239.356705
8.077281 241.997300 5.107471 239.105057
6.032146 241.805400 3.044752 238.882675
4.114420 241.647100 1.134897 238.692032
2.325909 241.523700 -0.659618 238.548889
0.684853 241.422100 -2.314056 238.430008
-0.804697 241.361800 -3.796818 238.349991
-2.147061 241.322400 -5.146110 238.296356
-3.335045 241.321100 -6.335145 238.270386
-4.362696 241.347700 -7.351888 238.268295
-5.195608 241.375100 -8.178679 238.285522
-5.787975 241.411000 -8.764975 238.309174
-6.148943 241.435700 -9.122230 238.314041
-6.347609 241.453500 -9.310852 238.318893
-6.441034 241.457400 -9.401089 238.319489
-6.441440 241.456100 -9.400599 238.322357
-6.439927 241.462600 -9.396446 238.325684
-6.440440 241.482800 -9.403360 238.322342
-6.480607 241.498100 -9.444096 238.324905
-6.560264 241.507700 -9.524977 238.324478
-6.742488 241.516100 -9.704323 238.334305
-7.099251 241.541700 -10.060475 238.354523
-7.627305 241.597900 -10.575104 238.414108
-8.293171 241.705000 -11.246769 238.524521
-9.050632 241.890800 -11.993244 238.701752
-9.863606 242.207700 -12.762024 238.992691
-10.727660 242.661600 -13.616638 239.427017
-11.566170 243.294100 -14.445633 240.046341
-12.317670 244.121800 -15.213783 240.890076
-12.969870 245.164100 -15.862976 241.934341
-13.469580 246.441200 -16.383316 243.228714
-13.828110 247.877300 -16.754032 244.717667
-14.057520 249.558000 -16.989328 246.399017
-14.176210 251.405900 -17.130728 248.235825
-14.264690 253.405000 -17.237295 250.226562
-14.328890 255.544200 -17.324179 252.360046
-14.399650 257.837600 -17.411755 254.625641
-14.471380 260.263200 -17.507357 257.025330
-14.561590 262.807800 -17.632740 259.534088
-14.652820 265.491700 -17.758955 262.209778
-14.739760 268.254400 -17.870052 264.930267
-14.858340 271.134800 -18.007187 267.769165
-14.973530 274.134700 -18.160120 270.743805
-15.069550 277.175700 -18.307121 273.774261
-15.175210 280.293600 -18.466064 276.872498
-15.297230 283.446400 -18.624992 280.000580
-15.436590 286.619600 -18.818405 283.147003
-15.585790 289.810900 -19.046593 286.301514
-15.736240 292.959600 -19.267208 289.417542
-15.885310 296.071900 -19.475473 292.510254
-16.046970 299.165600 -19.690914 295.583405
-16.219660 302.246300 -19.909044 298.648010
-16.389710 305.314100 -20.129278 301.681671
-16.559690 308.378300 -20.340160 304.714600
-16.709350 311.458900 -20.549379 307.750854
-16.839300 314.563300 -20.734123 310.835754
-16.972270 317.709200 -20.931473 313.960907
-17.118400 320.893100 -21.138897 317.135437
-17.281700 324.127200 -21.332874 320.360107
-17.454380 327.375400 -21.532438 323.593903
-17.614190 330.593900 -21.726780 326.790527
-17.775860 333.802500 -21.911301 329.969727
-17.959610 336.995200 -22.093897 333.108459
-18.128440 340.134300 -22.271374 336.213104
-18.295640 343.191900 -22.476330 339.252380
-18.453080 346.169000 -22.663607 342.197571
-18.632610 349.056200 -22.877499 345.052917
-18.817710 351.841100 -23.093761 347.828888
-18.986450 354.488400 -23.281946 350.480713
-19.124870 356.982400 -23.449635 352.966309
-19.220930 359.289500 -23.583111 355.266663
-19.310450 361.377700 -23.706820 357.353729
-19.390050 363.254000 -23.808180 359.244537
-19.458340 364.945900 -23.906162 360.938629
-19.552440 366.417400 -24.031048 362.405701
-19.716910 367.755600 -24.198811 363.753937
-19.992010 369.044200 -24.483269 365.011963
-20.413100 370.267200 -24.939644 366.194427
-20.994480 371.390500 -25.522194 367.265411
-21.767920 372.412000 -26.191498 368.172668
-22.740410 373.381300 -27.154510 369.100616
-23.931400 374.199500 -28.298096 369.865723
-25.311900 374.775400 -29.740021 370.428406
-26.849130 375.102700 -31.305485 370.724060
-28.541320 375.088500 -32.975189 370.679291
-30.331610 374.930400 -34.759735 370.489471
-32.178580 374.714400 -36.594364 370.233185
-34.124600 374.519300 -38.522446 370.012726
-36.192510 374.312000 -40.578163 369.776337
-38.360350 374.089000 -42.732304 369.529327
-40.674090 373.890900 -45.033146 369.300537
-43.125350 373.717400 -47.484016 369.083893
-45.733890 373.570600 -50.081017 368.893158
-48.422050 373.450300 -52.761963 368.713623
-51.153580 373.336900 -55.495941 368.544220
-53.919190 373.217300 -58.270504 368.372803
-56.668140 373.082400 -61.030972 368.180054
-59.399580 372.949600 -63.745846 367.976776
-62.128270 372.797100 -66.478195 367.761658
-64.827270 372.599800 -69.187950 367.497772
-67.509200 372.402100 -71.872406 367.237579
-70.186170 372.208700 -74.531021 366.967133
-72.845340 372.028400 -77.191742 366.732422
-75.495320 371.886100 -79.847427 366.535706
-78.116050 371.787300 -82.470810 366.391632
-80.717850 371.718500 -85.092072 366.275787
-83.311780 371.694800 -87.688232 366.197968
-85.842710 371.709900 -90.224678 366.160309
-88.215690 371.734100 -92.596550 366.139862
-90.402660 371.755300 -94.793266 366.114777
-92.376860 371.747200 -96.775711 366.070007
-94.181170 371.700000 -98.572342 365.982544
-95.954170 371.610100 -100.372498 365.852570
-97.692900 371.484000 -102.110939 365.677551
-99.428840 371.332400 -103.854126 365.486847
-101.212400 371.150100 -105.633881 365.265717
-103.049100 370.929900 -107.462173 364.995544
-104.963700 370.712900 -109.393135 364.745178
-106.999900 370.469800 -111.426727 364.465790
-109.147400 370.218500 -113.577454 364.179230
-111.413900 369.990500 -115.833969 363.914856
-113.850400 369.787500 -118.266388 363.671326
-116.381500 369.587900 -120.794357 363.424194
-119.079000 369.402000 -123.481720 363.198975
-121.870500 369.312400 -126.259003 363.066284
-124.798000 369.251000 -129.211639 362.984131
-127.749200 369.222000 -132.140244 362.914154
-130.738100 369.191300 -135.142365 362.844330
-133.724900 369.151000 -138.137314 362.749603
-136.693200 369.116700 -141.109589 362.640656
-139.640200 369.026200 -144.047058 362.496002
-142.545400 368.909400 -146.964478 362.307068
-145.452900 368.800400 -149.874344 362.138702
-148.326000 368.653700 -152.746704 361.911346
-151.184500 368.483700 -155.614212 361.677856
-154.029500 368.306700 -158.448792 361.435638
-156.834000 368.110800 -161.243790 361.182312
-159.601600 367.929800 -164.005661 360.952301
-162.352900 367.769700 -166.741837 360.743958
-165.025300 367.622800 -169.398026 360.542572
-167.587100 367.473600 -171.953476 360.346802
-169.989700 367.347100 -174.366547 360.194702
-172.229800 367.237400 -176.588562 360.043152
-174.255000 367.118500 -178.631485 359.887085
-176.113500 366.976300 -180.481689 359.712952
-177.851600 366.825100 -182.223236 359.521851
-179.482200 366.619100 -183.849442 359.266357
-181.041000 366.257200 -185.375000 358.877075
-182.506900 365.700900 -186.773773 358.308563
-183.830900 364.922700 -188.019394 357.570129
-184.967900 363.901900 -189.114761 356.554626
-185.900600 362.645300 -190.038757 355.255737
-186.575700 361.163300 -190.645233 353.822784
-186.999600 359.497900 -191.044800 352.154236
-187.152300 357.675600 -191.164642 350.375641
-187.206000 355.773500 -191.178482 348.493988
-187.197400 353.800900 -191.131241 346.531494
-187.078300 351.712900 -190.983948 344.425934
-186.904300 349.515700 -190.766525 342.213379
-186.700200 347.199500 -190.534332 339.889343
-186.441500 344.761700 -190.228592 337.446838
-186.138100 342.245600 -189.890656 334.903015
-185.836200 339.600700 -189.551453 332.248352
-185.558800 336.870000 -189.214493 329.515747
-185.300200 334.088400 -188.895569 326.727875
-185.053400 331.295700 -188.599213 323.925720
-184.825700 328.513100 -188.315292 321.131775
-184.626700 325.706700 -188.063354 318.337219
-184.418100 322.895600 -187.801361 315.542999
-184.219300 320.049800 -187.548065 312.696198
-184.077900 317.187100 -187.342148 309.817963
-183.933200 314.300800 -187.156265 306.881744
-183.761600 311.460200 -186.938690 304.052094
-183.601800 308.616200 -186.712311 301.209534
-183.458100 305.794900 -186.499191 298.405151
-183.343100 303.000200 -186.311295 295.627472
-183.261300 300.211900 -186.147217 292.845581
-183.178800 297.450000 -185.981445 290.060577
-183.090500 294.684900 -185.819839 287.301300
-182.927300 291.908300 -185.579987 284.499115
-182.766600 289.099200 -185.348129 281.653748
-182.613800 286.267300 -185.112732 278.836853
-182.441900 283.385600 -184.871902 275.940369
-182.300400 280.490600 -184.656372 273.060089
-182.149900 277.557000 -184.457596 270.136169
-182.001400 274.627800 -184.250244 267.167786
-181.823500 271.689000 -184.006836 264.207214
-181.638500 268.767800 -183.760468 261.260223
-181.424600 265.787800 -183.490112 258.276215
-181.219800 262.838200 -183.209808 255.298798
-181.009300 259.844900 -182.929413 252.301224
-180.770400 256.828000 -182.619766 249.283920
-180.561000 253.860400 -182.340424 246.334030
-180.372700 250.908200 -182.082275 243.337128
-180.191000 247.979500 -181.830322 240.421738
-180.025600 245.104800 -181.599503 237.571609
-179.890000 242.301100 -181.397690 234.753967
-179.765100 239.629200 -181.201859 232.073578
-179.603400 237.077700 -180.982651 229.522339
-179.486600 234.610600 -180.806274 227.063293
-179.426200 232.293500 -180.690369 224.749695
-179.384800 230.153000 -180.592789 222.579559
-179.372900 228.203000 -180.522598 220.617203
-179.353200 226.445600 -180.459274 218.865326
-179.284500 224.889700 -180.345703 217.291229
-179.159500 223.520400 -180.186890 215.918182
-178.892900 222.222300 -179.876144 214.668655
-178.440800 221.019500 -179.388016 213.485672
-177.799300 219.912400 -178.765076 212.489685
-176.993100 218.868700 -177.927139 211.444931
-175.953700 217.908600 -176.864288 210.468750
-174.646400 217.098800 -175.527161 209.628998
-173.037500 216.423500 -173.968994 208.981812
-171.242400 215.987700 -172.209763 208.590179
-169.251700 215.748100 -170.296570 208.422318
-167.160900 215.651300 -168.294083 208.379517
-164.983800 215.579200 -166.145294 208.396561
-162.753200 215.542200 -163.952194 208.435898
-160.419600 215.517400 -161.632690 208.506012
-157.986900 215.494400 -159.232376 208.575806
-155.493900 215.476600 -156.770859 208.665909
-152.924600 215.528800 -154.225220 208.791534
-150.250300 215.556200 -151.565125 208.917023
-147.567100 215.656900 -148.879196 209.060287
-144.855900 215.751900 -146.179932 209.267105
-142.145800 215.896800 -143.482697 209.510254
-139.455100 216.087400 -140.802017 209.802460
-136.768400 216.330800 -138.125977 210.127411
-134.103700 216.562300 -135.442398 210.452637
-131.505400 216.803000 -132.843719 210.763275
-128.992800 217.018200 -130.323242 211.035965
-126.584900 217.191000 -127.929176 211.283051
-124.357100 217.330100 -125.696342 211.485504
-122.326100 217.418900 -123.658241 211.616135
-120.463500 217.466200 -121.771950 211.699600
-118.653600 217.497200 -119.947525 211.765930
-116.849600 217.495900 -118.124603 211.798065
-115.067800 217.514000 -116.335953 211.842377
-113.324000 217.535300 -114.590157 211.881973
-111.616000 217.623100 -112.884872 212.010071
-109.927700 217.875300 -111.194397 212.254547
-108.290900 218.301300 -109.572273 212.650055
-106.749500 218.945400 -108.056641 213.284058
-105.349200 219.793800 -106.647041 214.125870
-104.115500 220.834900 -105.451080 215.149902
-103.036000 222.051200 -104.434898 216.348358
-102.179100 223.400100 -103.643433 217.690826
-101.543200 224.848700 -103.060562 219.096680
-101.115700 226.383800 -102.658752 220.552322
-100.830600 227.968600 -102.385391 222.128067
-100.531100 229.501100 -102.105629 223.632980
-100.252100 231.017900 -101.817116 225.170456
-99.883990 232.463500 -101.452682 226.600922
-99.425550 233.824100 -100.983612 227.911163
-98.775880 234.872900 -100.330589 228.961746
-98.086100 235.806300 -99.642082 229.867218
-97.174270 236.468700 -98.715012 230.585907
-96.254150 236.931100 -97.755547 231.087067
-95.283150 237.358800 -96.731926 231.515747
-94.185080 237.674800 -95.563370 231.822021
-92.955310 237.898800 -94.286072 232.045929
-91.596850 238.102700 -92.891403 232.253143
-90.074690 238.248300 -91.333527 232.409500
-88.387450 238.391700 -89.606918 232.571838
-86.486290 238.540100 -87.752037 232.754044
-84.443490 238.650800 -85.741920 232.939514
-82.253860 238.746800 -83.598694 233.119949
-79.940140 238.872300 -81.319832 233.296036
-77.539590 239.011100 -78.962234 233.454010
-75.087440 239.150700 -76.541534 233.595840
-72.574930 239.313900 -74.026718 233.752930
-69.991910 239.446400 -71.467285 233.888229
-67.351620 239.548800 -68.850693 234.024643
-64.666360 239.657700 -66.207184 234.208725
-61.998030 239.808800 -63.601707 234.403107
-59.311750 239.952600 -60.987961 234.628967
-56.701950 240.109100 -58.435764 234.837799
-54.151130 240.267600 -55.877213 235.047684
-51.625940 240.427100 -53.362152 235.264786
-49.127390 240.564300 -50.886124 235.477524
-46.665870 240.712700 -48.468201 235.692902
-44.240570 240.886300 -46.064964 235.924622
-41.878960 241.088900 -43.728310 236.154007
-39.649020 241.312800 -41.486046 236.395966
-37.552430 241.539400 -39.389412 236.636703
-35.488740 241.743100 -37.326939 236.862549
-33.456700 241.939000 -35.305729 237.059586
-31.533090 242.124800 -33.379395 237.238190
-29.764560 242.287900 -31.606852 237.395599
-28.172420 242.408100 -30.001953 237.504715
-26.747170 242.468900 -28.566860 237.573502
-25.460260 242.473300 -27.281981 237.579147
-24.318710 242.437400 -26.134453 237.549347
-23.324200 242.322300 -25.171021 237.478943
-22.483780 242.186900 -24.334785 237.374008
-21.843230 242.069500 -23.718237 237.275986
-21.357270 241.937100 -23.231056 237.158157
-20.874950 241.791000 -22.749088 237.007355
-20.410090 241.641000 -22.271606 236.847626
-19.938580 241.453200 -21.843239 236.695724
-19.330890 241.150500 -21.230515 236.401932
-18.603550 240.674100 -20.514099 235.958496
-17.817550 240.000300 -19.735474 235.342529
-17.047940 239.130000 -18.948280 234.491882
-16.371440 238.041100 -18.250412 233.394272
-15.819140 236.731500 -17.700401 232.048828
-15.431720 235.164300 -17.309887 230.473663
-15.160930 233.366900 -17.028000 228.679764
-14.985430 231.359800 -16.842163 226.683136
-14.879450 229.166100 -16.709789 224.477325
-14.834570 226.783800 -16.632032 222.076019
-14.805910 224.227300 -16.552746 219.526413
-14.776150 221.503700 -16.466429 216.830551
-14.726190 218.625200 -16.363028 213.969345
-14.646810 215.602400 -16.229649 210.986374
-14.509690 212.459600 -16.057232 207.891220
-14.353480 209.201300 -15.841404 204.655014
-14.179740 205.869600 -15.619886 201.339157
-13.962380 202.478800 -15.347823 197.960831
-13.739120 199.045100 -15.084161 194.537628
-13.514930 195.572200 -14.796619 191.079514
-13.275440 192.054900 -14.516190 187.577179
-13.052000 188.499600 -14.260489 184.032272
-12.854570 184.884700 -13.994431 180.442062
-12.675140 181.220200 -13.774216 176.780304
-12.508030 177.502000 -13.560522 173.055954
-12.341190 173.718700 -13.346989 169.265472
-12.175010 169.898000 -13.134879 165.417542
-12.018250 166.028100 -12.930712 161.556793
-11.841350 162.134100 -12.708344 157.688797
-11.655180 158.220500 -12.486369 153.754410
-11.466580 154.287300 -12.246329 149.843918
-11.281310 150.320000 -12.006946 145.958420
-11.057620 146.379100 -11.756690 142.072815
-10.815240 142.443600 -11.491121 138.219986
-10.570550 138.517900 -11.224368 134.364960
-10.333980 134.639100 -10.949992 130.549423
-10.123240 130.785800 -10.667244 126.770653
-9.914350 127.027500 -10.391788 123.023048
-9.696148 123.395700 -10.120965 119.436150
-9.493383 119.914400 -9.866832 115.973938
-9.310280 116.607700 -9.659632 112.691910
-9.151332 113.442300 -9.459961 109.595566
-9.017561 110.482000 -9.289466 106.663559
-8.888960 107.744800 -9.136122 103.970337
-8.774269 105.222900 -9.000856 101.509247
-8.679794 102.918000 -8.873108 99.256332
-8.504861 100.812800 -8.669765 97.211647
-8.163715 98.919720 -8.330152 95.405640
-7.618518 97.243660 -7.777122 93.783989
-6.858427 95.725240 -7.028149 92.346138
-5.899838 94.392380 -6.092896 91.096161
-4.759829 93.253900 -4.970333 90.049744
-3.450087 92.348760 -3.702232 89.168655
-1.973871 91.691730 -2.253635 88.603943
-0.436803 91.261860 -0.807228 88.245255
1.138073 91.026340 0.687816 88.102211
2.751248 90.881970 2.242301 88.023376
4.431705 90.766140 3.881897 87.984177
6.211745 90.683570 5.623640 87.965065
8.081090 90.578530 7.469575 87.937233
10.076580 90.469280 9.453504 87.905319
12.205890 90.365360 11.481646 87.882576
14.489810 90.290310 13.824265 87.868660
16.910510 90.321490 16.237509 87.959450
19.453620 90.459650 18.772572 88.154327
22.045730 90.671110 21.371582 88.413414
24.644280 90.895340 23.968285 88.692398
27.207850 91.064010 26.531872 88.883743
29.764780 91.130150 29.102533 88.996231
32.287690 91.085550 31.633966 88.991158
34.803420 90.937800 34.155746 88.905075
37.325120 90.728940 36.667244 88.750908
39.896170 90.508470 39.237782 88.596123
42.547960 90.289960 41.903339 88.452217
45.244630 90.097810 44.595238 88.318398
47.943020 89.903610 47.274658 88.190498
50.617990 89.629730 49.960377 87.995216
53.252150 89.185630 52.594025 87.609398
55.814150 88.557720 55.138176 87.059479
58.313300 87.791630 57.645477 86.353867
60.805470 86.920740 60.119186 85.554939
63.322020 85.994100 62.640289 84.686974
65.833720 85.055040 65.127464 83.815331
68.406220 84.080780 67.682198 82.900391
70.998610 83.045350 70.261169 81.920738
73.578520 81.879280 72.848602 80.811348
76.170160 80.586970 75.452484 79.574310
78.819830 79.219290 78.098244 78.254120
81.480420 77.842690 80.764053 76.944336
84.108690 76.469870 83.399033 75.634186
86.695220 75.055290 85.985283 74.281677
89.188920 73.556030 88.473068 72.845741
91.573040 71.968490 90.851204 71.315247
93.850380 70.285940 93.166435 69.700989
96.020560 68.521450 95.350166 67.999741
98.103890 66.740880 97.449684 66.277527
100.107700 65.034010 99.477348 64.619598
101.996900 63.459780 101.379936 63.112770
103.764900 62.070330 103.164635 61.765388
105.408600 60.801050 104.823227 60.543095
107.003200 59.530310 106.435768 59.313049
108.589500 58.247390 108.023834 58.073681
110.134700 56.970520 109.576202 56.835014
111.717500 55.637520 111.162460 55.550167
113.353400 54.247110 112.817123 54.203091
115.077800 52.831180 114.558144 52.836475
116.904200 51.439420 116.390656 51.487064
118.836800 50.054850 118.341736 50.141533
120.853600 48.602090 120.347313 48.728184
122.938000 47.083700 122.483917 47.238312
125.092700 45.485300 124.653885 45.683605
127.330000 43.820780 126.925858 44.058327
129.637600 42.087830 129.241379 42.376198
131.967100 40.344760 131.578125 40.682713
134.297900 38.609850 133.908997 39.002300
136.621900 36.849050 136.241699 37.301743
138.949900 35.131110 138.592285 35.626682
141.293500 33.464730 140.944427 33.989243
143.603900 31.795640 143.304199 32.346973
145.871800 30.121580 145.590134 30.705502
148.133300 28.418200 147.858887 29.049740
150.347600 26.750990 150.086060 27.438786
152.506100 25.137140 152.284973 25.857990
154.521200 23.603510 154.312622 24.354301
156.409800 22.104300 156.210495 22.922028
158.102600 20.729550 157.933533 21.592384
159.605700 19.470090 159.453552 20.374626
161.034400 18.328640 160.897797 19.316772
162.527500 17.369930 162.335800 18.396271
164.102000 16.690040 163.918976 17.766018
165.725700 16.231240 165.532944 17.335049
167.465400 15.980230 167.241623 17.117279
169.275300 15.912810 169.029373 17.052485
171.157200 15.957740 170.885101 17.086987
173.098700 15.972680 172.820908 17.091078
175.120500 15.945180 174.825439 17.057892
177.167200 15.872150 176.861633 16.991802
179.305300 15.756280 178.985641 16.886639
181.477000 15.604010 181.142639 16.743690
183.703700 15.412020 183.362625 16.569799
185.980700 15.238130 185.626663 16.413010
188.280500 15.072990 187.936600 16.266346
190.577500 14.896800 190.246704 16.106384
192.894300 14.714610 192.572174 15.967175
195.244200 14.510220 194.920349 15.803909
197.633500 14.283820 197.306915 15.621481
200.090000 14.030130 199.755936 15.403713
202.592100 13.785300 202.233246 15.178766
205.104900 13.534110 204.746216 14.961187
207.640700 13.310070 207.271011 14.777220
210.148900 13.111090 209.771439 14.622561
212.697300 12.915740 212.339005 14.466807
215.224700 12.737830 214.844696 14.308380
217.808000 12.513180 217.428268 14.111547
220.389500 12.282700 220.005554 13.909779
223.037500 12.068550 222.649246 13.717035
225.699900 11.872960 225.312119 13.548372
228.380800 11.657570 227.997787 13.359701
231.063800 11.400770 230.678864 13.136570
233.768800 11.157120 233.394379 12.942488
236.452700 10.908570 236.090195 12.740492
239.115400 10.628320 238.755081 12.489065
241.756200 10.390980 241.409378 12.274078
244.376200 10.177670 244.015945 12.080976
246.942400 9.977031 246.607208 11.907482
249.503100 9.796410 249.173508 11.753880
251.962400 9.616742 251.637955 11.604567
254.329800 9.452561 254.008728 11.487711
256.557200 9.297183 256.248566 11.379720
258.681500 9.140396 258.359955 11.247414
260.487900 8.870715 260.382324 11.088018
262.171000 8.558198 262.292389 10.872572
263.852900 8.246051 264.087189 10.573704
265.533700 7.934305 265.709351 10.251205
267.212200 7.623220 267.151855 9.928360
268.719700 7.309828 268.377991 9.617165
269.768600 7.040605 269.449371 9.368595
270.654800 6.869143 270.333771 9.221264
271.433400 6.780906 271.107300 9.164185
272.188300 6.798910 271.875824 9.178516
272.939800 6.915555 272.610260 9.298225
273.674100 7.139266 273.286682 9.539688
274.435500 7.486302 274.007263 9.918709
275.206100 8.021776 274.757141 10.432266
275.841400 9.123003 275.435577 11.204071
276.399700 10.403880 276.040955 12.174896
276.938800 11.672800 276.543274 13.333717
277.461700 12.927990 276.958130 14.704697
277.969300 14.165350 277.366333 16.298668
278.402000 15.600760 277.695282 18.115833
278.675500 17.540870 277.915039 20.090485
278.887100 19.689590 278.084167 22.276709
279.050300 22.004090 278.196259 24.633701
279.153100 24.513040 278.284424 27.144203
279.310000 27.147550 278.411041 29.808090
279.492000 29.910160 278.562744 32.621330
279.682000 32.722430 278.744965 35.444504
279.891600 35.618700 278.946777 38.326603
280.117300 38.587970 279.159760 41.302120
280.340800 41.563150 279.365936 44.278305
280.553900 44.602790 279.548126 47.324417
280.757500 47.669170 279.735046 50.367126
280.966700 50.717990 279.914917 53.391846
281.189800 53.763250 280.105469 56.410828
281.387500 56.840290 280.309052 59.441990
281.609200 59.915920 280.505890 62.473938
281.892800 62.993940 280.763123 65.497414
282.168100 66.061440 281.011475 68.542175
282.386200 69.137860 281.210114 71.587151
282.581400 72.205720 281.388641 74.601326
282.741100 75.260420 281.557404 77.648781
282.945600 78.300480 281.742554 80.666252
283.185400 81.322840 281.943268 83.657257
283.441700 84.363870 282.163910 86.674759
283.683800 87.353300 282.378876 89.663132
283.940100 90.352150 282.611694 92.673676
284.231300 93.355260 282.891418 95.689041
284.541900 96.345100 283.189148 98.693657
284.938000 99.320580 283.575256 101.685562
285.395000 102.259500 284.002777 104.618820
285.844100 105.163200 284.433685 107.512840
286.321900 108.053700 284.881409 110.393311
286.793800 110.912200 285.334473 113.226105
287.216900 113.736500 285.724731 116.041534
287.630900 116.518500 286.110229 118.812393
288.058700 119.219300 286.506256 121.528450
288.448800 121.780900 286.847076 124.121323
288.846400 124.280600 287.203613 126.612686
289.285300 126.630100 287.605072 128.985565
289.743500 128.835400 288.035858 131.188217
290.213000 130.821100 288.483368 133.175400
290.683600 132.626000 288.925720 134.991791
291.166200 134.262000 289.376221 136.643951
291.580800 135.832500 289.776428 138.231018
291.961700 137.426400 290.128906 139.824554
292.194000 139.020100 290.354401 141.416000
292.237900 140.604400 290.372864 142.985428
291.762300 142.158200 290.148102 144.563477
290.662500 143.578100 289.670319 146.080536
289.562400 144.964600 288.891754 147.572098
288.468100 146.318100 287.802704 148.919434
287.386000 147.641500 286.436035 150.117767
286.399400 148.976200 284.846680 151.140121
284.571900 149.919400 283.021851 152.048676
282.598600 150.835500 281.044067 152.967896
280.553400 151.805400 278.999084 153.931213
278.418500 152.847000 276.851471 154.952301
276.187000 153.972900 274.629608 156.046860
273.848800 155.201700 272.296082 157.242218
271.423500 156.516000 269.848236 158.522736
268.909500 157.880900 267.314026 159.838562
266.393100 159.278800 264.797668 161.191376
263.831700 160.712200 262.243530 162.602768
261.343100 162.229400 259.742371 164.101440
258.927700 163.839100 257.308533 165.667511
256.567900 165.515700 254.934616 167.300827
254.220600 167.219800 252.581207 168.960754
251.812400 168.915300 250.168121 170.614365
249.342900 170.564800 247.669388 172.204102
246.829700 172.171100 245.129593 173.753967
244.268800 173.728400 242.543564 175.262497
241.687800 175.211100 239.925537 176.713562
239.066600 176.646400 237.302948 178.089279
236.435100 178.027700 234.662491 179.399261
233.828600 179.391700 232.024078 180.724762
231.251200 180.752600 229.409958 182.039047
228.707700 182.113100 226.863922 183.353256
226.214900 183.484500 224.360016 184.679840
223.769900 184.811700 221.892242 185.955887
221.367300 186.107100 219.514587 187.190277
219.059200 187.344000 217.191589 188.400070
216.843700 188.521200 214.968185 189.527359
214.730300 189.612200 212.844177 190.586029
212.761600 190.600600 210.876099 191.539185
210.934100 191.518800 209.027176 192.424377
209.293500 192.364900 207.365692 193.235062
207.831400 193.113300 205.879730 193.959717
206.576700 193.798300 204.611862 194.613266
205.539900 194.395600 203.544418 195.203690
204.729700 194.901600 202.718231 195.690079
204.122300 195.321500 202.089050 196.106857
203.546300 195.745200 201.506378 196.511566
203.042900 196.282400 200.934952 196.943298
202.515700 196.788100 200.376190 197.351059
201.945400 197.325500 199.781082 197.839111
201.195300 198.000000 199.007156 198.478119
200.227400 198.808500 198.007431 199.270676
199.076800 199.760000 196.837631 200.196426
197.730700 200.791700 195.469620 201.185959
196.253000 201.872000 193.997131 202.235214
194.623700 202.967100 192.355362 203.293289
192.619800 204.117900 190.582245 204.378448
190.615300 205.269000 188.640030 205.481461
188.611600 206.419500 186.622543 206.598404
186.608000 207.569800 184.536026 207.712433
184.604500 208.720100 182.361572 208.859955
182.452000 209.923800 180.117706 210.054337
180.162600 211.202300 177.810944 211.302521
177.855000 212.473600 175.471985 212.541214
175.554100 213.761200 173.165283 213.794189
173.260900 215.031900 170.846649 215.037537
171.006800 216.296100 168.571426 216.268082
168.770100 217.549300 166.315933 217.479309
166.635700 218.725900 164.154556 218.629395
164.640400 219.823800 162.131653 219.691528
162.800000 220.792300 160.271561 220.618134
161.109900 221.618400 158.569168 221.406708
159.510500 222.334400 156.958435 222.090210
157.845500 222.860900 155.279282 222.604843
156.181300 223.202900 153.652298 222.899887
154.511100 223.364000 151.999481 223.014633
152.786900 223.350100 150.272400 222.954453
150.969000 223.245000 148.441513 222.815018
149.048400 223.060600 146.519363 222.605164
146.999200 222.886700 144.422882 222.416473
144.811400 222.709100 142.212646 222.209610
142.452400 222.507300 139.846680 221.978302
139.985700 222.307100 137.358261 221.758453
137.342300 222.162600 134.690781 221.581833
134.568800 222.029900 131.963272 221.415985
131.695500 221.932100 129.067520 221.268707
128.711000 221.803000 126.075592 221.103882
125.647300 221.650100 122.994850 220.920212
122.615400 221.500000 119.951683 220.739609
119.543800 221.309500 116.885414 220.515503
116.511500 221.102100 113.838341 220.281036
113.516800 220.903600 110.822983 220.044327
110.545200 220.708000 107.843483 219.814270
107.636200 220.532300 104.939659 219.610077
104.717200 220.373700 102.018265 219.426727
101.840600 220.218600 99.141998 219.235443
98.994700 220.067300 96.300041 219.059097
96.181550 219.895100 93.502304 218.841721
93.438620 219.686500 90.750313 218.624298
90.855460 219.500600 88.134872 218.374573
88.388610 219.326300 85.664978 218.136154
86.123680 219.157800 83.369125 217.921722
84.049970 219.045300 81.274872 217.781891
82.152880 219.016300 79.354156 217.707184
80.388010 219.115100 77.582283 217.789490
78.664760 219.366200 75.834656 218.000168
77.016290 219.796000 74.127670 218.341782
75.461480 220.446100 72.636597 219.009140
74.069090 221.411200 71.177094 219.935028
72.862850 222.604000 69.955887 221.102539
71.841850 224.015300 68.929245 222.480820
71.023420 225.699900 68.094749 224.107300
70.421670 227.540000 67.405205 225.984436
70.034550 229.518400 67.023682 227.892258
69.813760 231.610700 66.787247 229.948318
69.670080 233.800300 66.641838 232.168823
69.603690 236.022800 66.555672 234.426315
69.545910 238.342600 66.451126 236.760040
69.499400 240.719700 66.352798 239.163773
69.469400 243.192800 66.266594 241.598358
69.384530 245.776400 66.139755 244.191833
69.232580 248.432800 65.950378 246.818848
69.094640 251.146000 65.768593 249.534882
68.950990 253.982700 65.576225 252.337311
68.811860 256.917100 65.414680 255.215927
68.650580 259.920100 65.244156 258.193481
68.462200 263.082100 65.050056 261.313751
68.288560 266.252800 64.857742 264.433990
68.096650 269.464100 64.641174 267.605652
67.903830 272.683000 64.421951 270.795410
67.721470 275.872400 64.209152 273.968384
67.525460 279.043300 63.982342 277.118591
67.317450 282.219100 63.740112 280.255951
67.111650 285.343500 63.502365 283.367981
66.901350 288.508400 63.279945 286.479156
66.688140 291.652400 63.063576 289.549652
66.478800 294.782200 62.832680 292.635651
66.289190 297.878200 62.647110 295.651764
66.078070 300.944500 62.413933 298.696045
65.826270 304.008500 62.161629 301.712341
65.573590 307.018200 61.901958 304.674164
65.274710 310.032300 61.599709 307.635986
64.924470 313.030600 61.251579 310.575256
64.540610 315.995300 60.838223 313.535706
64.089990 318.947600 60.370880 316.424103
63.671720 321.903700 59.945187 319.337860
63.304260 324.895900 59.563511 322.284973
62.967580 327.898100 59.213493 325.239563
62.699080 330.909200 58.934086 328.219391
62.553590 333.929000 58.721405 331.232971
62.402330 336.963400 58.496277 334.260651
62.266570 340.021300 58.296677 337.304474
62.116500 343.035800 58.104923 340.318268
61.993500 346.032900 57.940453 343.322113
61.866370 348.989100 57.772213 346.275421
61.760870 351.857800 57.629051 349.134399
61.679290 354.611700 57.491982 351.871826
61.586300 357.261400 57.371960 354.496796
61.550600 359.776900 57.298042 357.003021
61.577240 362.145700 57.290600 359.377472
61.603020 364.290800 57.288277 361.526031
61.628690 366.323100 57.290150 363.559845
61.649880 368.352400 57.276421 365.576935
61.624730 370.355800 57.222679 367.579773
61.511180 372.339500 57.075905 369.528137
61.271590 374.388200 56.787346 371.546326
60.966710 376.528400 56.439259 373.654419
60.637150 378.796200 56.073109 375.918823
60.324540 381.208000 55.723785 378.316406
60.065570 383.741300 55.426235 380.842560
59.884830 386.413700 55.210506 383.509125
59.789830 389.195600 55.083260 386.279633
59.765420 392.106700 54.997917 389.220734
59.766400 395.121300 54.929253 392.237213
59.728620 398.268800 54.821831 395.385010
59.673270 401.492900 54.707363 398.585663
59.575390 404.694600 54.548210 401.775970
59.425140 407.916600 54.352589 404.964905
59.267000 411.104300 54.136398 408.155243
59.084670 414.257800 53.914940 411.295166
58.913680 417.417100 53.699871 414.438721
58.748810 420.528100 53.493591 417.538788
58.574140 423.604200 53.290054 420.589417
58.437200 426.635400 53.117256 423.618378
58.286850 429.523300 52.929375 426.501495
58.117570 432.280500 52.717255 429.260620
57.924100 434.902000 52.484264 431.872650
57.663190 437.382700 52.189884 434.338806
57.368250 439.710400 51.880005 436.660614
57.036690 441.889000 51.518547 438.844513
56.656850 443.874800 51.120316 440.820892
56.323860 445.645400 50.771980 442.592804
56.148660 447.270100 50.578117 444.197754
56.616130 448.530800 50.654922 445.678375
57.333540 449.649800 50.976624 447.044434
58.025620 450.723300 51.569412 448.157593
58.683230 451.752100 52.403946 449.138580
59.300760 452.745900 53.410034 449.929626
60.051910 453.493100 54.504852 450.471527
61.232100 453.863600 55.716980 450.846252
62.575150 454.072200 57.062836 451.045319
64.075560 454.193600 58.540001 451.158203
65.729870 454.237800 60.189514 451.209656
67.536180 454.320400 61.982716 451.307678
69.481920 454.413600 63.907131 451.425232
71.568440 454.517900 65.969284 451.570007
73.783230 454.637300 68.161224 451.748474
76.158670 454.789800 70.499733 451.945740
78.646770 454.943100 72.973465 452.166992
81.225870 455.115600 75.524338 452.394623
83.916780 455.302300 78.170265 452.636627
86.702020 455.456700 80.939514 452.850800
89.526350 455.578300 83.746368 453.036926
92.412350 455.733700 86.584915 453.252411
95.328570 455.895400 89.475037 453.481171
98.249890 456.054300 92.378906 453.708893
101.184100 456.224200 95.285278 453.918640
104.093100 456.393100 98.194099 454.135132
106.998900 456.525600 101.081894 454.326599
109.897200 456.654500 103.956528 454.506012
112.749700 456.816600 106.782745 454.712036
115.610200 456.965500 109.631165 454.927521
118.400100 457.099300 112.413460 455.120850
121.145900 457.258900 115.154816 455.326813
123.876500 457.448100 117.866364 455.569824
126.583800 457.666500 120.581650 455.827271
129.241600 457.972700 123.205048 456.176849
131.877300 458.360200 125.820419 456.619446
134.472300 458.810900 128.392853 457.123291
137.047800 459.328100 130.952789 457.674744
139.578900 459.909300 133.454987 458.288177
142.082300 460.548100 135.937347 458.978149
144.536100 461.240400 138.388672 459.723450
146.935100 462.035700 140.759491 460.550171
149.323900 462.890800 143.123123 461.436340
151.645200 463.789700 145.416519 462.357788
153.953700 464.746000 147.701355 463.355133
156.216300 465.719100 149.939285 464.362671
158.442000 466.755000 152.147446 465.452118
160.610800 467.844100 154.270172 466.588074
162.721500 468.976400 156.364731 467.764832
164.765200 470.136200 158.376236 468.970886
166.772400 471.335900 160.331436 470.214233
168.632200 472.526000 162.158340 471.460815
170.346500 473.697400 163.839508 472.676514
171.909300 474.797000 165.370636 473.801880
173.302800 475.783300 166.749832 474.825195
174.556500 476.625400 168.017075 475.669739
175.656700 477.273900 169.135330 476.328735
176.667400 477.791400 170.162796 476.850464
177.693700 478.199200 171.186478 477.287628
178.769200 478.445200 172.270538 477.554169
179.820200 478.560500 173.312714 477.686462
180.911200 478.531600 174.430771 477.678436
182.068600 478.323700 175.584656 477.491180
183.262200 477.935100 176.807770 477.107605
184.488300 477.285200 178.060272 476.451904
185.759400 476.306800 179.384430 475.464691
187.077400 475.006900 180.730347 474.181274
188.478700 473.464500 182.135803 472.666870
189.953700 471.703500 183.642426 470.921753
191.518900 469.725200 185.236771 468.996552
193.208300 467.608400 186.949585 466.907684
195.017400 465.320900 188.785965 464.648926
196.863700 462.933100 190.652374 462.294312
198.729100 460.522700 192.557236 459.944946
200.614200 458.121400 194.466202 457.574524
202.510500 455.730200 196.382416 455.242767
204.411000 453.358300 198.318497 452.934479
206.321800 451.001000 200.248856 450.616516
208.222000 448.665100 202.177292 448.350800
210.114400 446.337900 204.096039 446.060150
211.976500 444.014500 205.984360 443.789154
213.836200 441.706600 207.863190 441.532928
215.683700 439.420500 209.746170 439.302032
217.555600 437.143300 211.649445 437.073730
219.471300 434.824100 213.601135 434.810181
221.450500 432.447100 215.629486 432.496643
223.466700 430.017100 217.695038 430.120178
225.486700 427.604100 219.756653 427.706116
227.506500 425.191500 221.829971 425.300812
229.526100 422.779100 223.902649 422.919525
231.545400 420.367100 225.940994 420.586945
233.564400 417.955300 227.966492 418.296753
235.559300 415.588300 229.975281 416.041382
237.436800 413.389000 231.878052 413.880676
238.780200 411.507400 233.642181 411.842529
239.937800 409.690800 235.188522 409.958374
241.095100 407.877000 236.521515 408.193512
242.251200 406.068000 237.568054 406.527252
243.408000 404.262500 238.304413 404.884979
244.011000 402.484000 238.692215 403.212158
244.001400 400.839200 238.711029 401.514282
243.616800 399.284000 238.358643 399.936890
242.890100 397.828700 237.648834 398.422455
241.873600 396.462000 236.661133 397.049774
240.631500 395.201500 235.479767 395.756622
239.221600 394.033800 234.052872 394.526978
237.618600 392.957600 232.461105 393.403625
235.793400 391.994800 230.639191 392.420959
233.764600 391.138800 228.603668 391.542114
231.526900 390.407500 226.360291 390.801025
229.101900 389.773400 223.928986 390.110718
226.502900 389.204300 221.318146 389.490936
223.725900 388.759000 218.527924 388.984772
220.797800 388.372500 215.578934 388.549866
217.710700 387.983400 212.495270 388.110565
214.530600 387.607200 209.328522 387.700958
211.281800 387.245500 206.066467 387.307037
207.989900 386.906600 202.782715 386.929169
204.658000 386.595500 199.440033 386.575745
201.286800 386.304300 196.080688 386.234558
197.918900 386.031200 192.688126 385.932770
194.555800 385.786300 189.333176 385.655701
191.207200 385.554600 185.994263 385.395599
187.886200 385.358400 182.667679 385.149963
184.599200 385.187900 179.388779 384.925842
181.348200 385.028900 176.137878 384.722015
178.125300 384.880300 172.900909 384.516541
174.940200 384.732200 169.718399 384.311096
171.787000 384.605200 166.576843 384.109253
168.667500 384.479200 163.482605 383.916199
165.610000 384.375800 160.447891 383.743469
162.651900 384.300900 157.504379 383.621185
159.841600 384.253100 154.699463 383.506012
157.212800 384.244100 152.085587 383.445435
154.757500 384.238100 149.651077 383.375397
152.465500 384.177300 147.361633 383.261536
150.349500 384.033300 145.288498 383.062012
148.462800 383.774700 143.458755 382.784058
146.861800 383.342900 141.871765 382.290405
145.493000 382.652100 140.598694 381.606354
144.342900 381.710300 139.489273 380.668579
143.476000 380.548800 138.650543 379.480591
142.885900 379.215000 138.112274 378.153778
142.512900 377.743300 137.755951 376.688141
142.317800 376.136600 137.600067 375.105225
142.188100 374.395800 137.498627 373.416046
142.147200 372.567400 137.479599 371.600616
142.122900 370.607400 137.483246 369.665741
142.117600 368.494900 137.513153 367.565582
142.130800 366.233800 137.564545 365.302399
142.204400 363.814600 137.660828 362.903534
142.299400 361.231000 137.802292 360.330994
142.415300 358.474700 137.959518 357.575287
142.582500 355.558100 138.196472 354.679047
142.739700 352.539000 138.423950 351.668060
142.891900 349.439100 138.621780 348.601196
143.064500 346.281300 138.853271 345.457092
143.227100 343.091000 139.074524 342.271179
143.425200 339.887400 139.333145 339.079651
143.616200 336.700500 139.577042 335.905212
143.795900 333.502200 139.795746 332.727509
144.005700 330.337500 140.049042 329.574982
144.230000 327.130600 140.284103 326.384552
144.419100 323.896200 140.493683 323.173645
144.587400 320.591100 140.693085 319.899750
144.754600 317.239000 140.904114 316.588593
144.941900 313.833000 141.133240 313.217621
145.157300 310.363000 141.365952 309.798737
145.368500 306.861100 141.598785 306.318726
145.569800 303.322100 141.816040 302.847778
145.779600 299.781500 142.043076 299.309387
145.995800 296.224300 142.281815 295.760651
146.232800 292.723700 142.551544 292.278229
146.466500 289.221500 142.808655 288.792847
146.685200 285.746000 143.085480 285.327118
146.893800 282.281200 143.349365 281.865631
147.103700 278.834100 143.597702 278.440704
147.309200 275.380000 143.856949 275.004822
147.469000 272.014900 144.063614 271.670715
147.644100 268.640500 144.271652 268.307800
147.828000 265.287400 144.511047 264.979370
148.018700 262.011300 144.741333 261.721680
148.191600 258.776500 144.940445 258.492828
148.362500 255.568000 145.134567 255.271164
148.542700 252.484800 145.346588 252.187363
148.699400 249.530100 145.530914 249.235214
148.855100 246.697000 145.712387 246.422379
149.012000 244.059600 145.915039 243.783966
149.177500 241.565300 146.121201 241.292389
149.354100 239.240800 146.332047 238.955872
149.518500 237.141100 146.531570 236.861023
149.688400 235.241100 146.723450 234.958603
149.831600 233.536700 146.884216 233.241638
149.906300 232.004900 146.993332 231.706818
149.838700 230.619900 146.949707 230.306610
149.635100 229.344100 146.773499 228.999359
149.241300 228.150200 146.397705 227.813797
148.716100 227.039600 145.887726 226.667633
148.000700 226.008200 145.189926 225.580322
147.075700 225.048900 144.283905 224.604660
145.937600 224.217300 143.175751 223.715027
144.564400 223.496400 141.845245 222.957108
143.010800 222.963900 140.323547 222.383987
141.316600 222.568700 138.645477 221.944214
139.454500 222.334500 136.804169 221.648560
137.425000 222.166300 134.817459 221.422699
135.205500 222.050100 132.645874 221.236786
132.804000 221.961500 130.272308 221.084290
130.267400 221.919300 127.742432 220.970764
127.508700 221.882500 124.951256 220.830231
124.622700 221.854300 122.078720 220.683731
121.664000 221.830100 119.122139 220.551620
118.657200 221.763300 116.104454 220.391220
115.641600 221.685500 113.110283 220.191254
112.627300 221.570300 110.099892 219.970917
109.673500 221.356100 107.135147 219.732651
106.754900 221.166500 104.224777 219.513214
103.815900 220.977200 101.297462 219.301773
100.933900 220.822800 98.420227 219.095032
98.075460 220.656000 95.577477 218.898026
95.253020 220.487500 92.759949 218.687073
92.486910 220.344500 90.014763 218.461823
89.875370 220.223200 87.414673 218.256073
87.458400 220.103100 85.010284 218.060974
85.308900 219.940400 82.822861 217.895416
83.404740 219.814900 80.910301 217.791641
81.811460 219.719400 79.291840 217.750488
80.386560 219.682400 77.843994 217.733597
79.003730 219.767200 76.456955 217.788513
77.660700 220.007600 75.114960 217.982620
76.371580 220.406400 73.842690 218.328659
75.155860 220.960300 72.639687 218.818375
74.011040 221.726500 71.469032 219.538406
72.923470 222.715600 70.351562 220.469360
71.978870 223.872400 69.377953 221.576096
71.184520 225.266700 68.591057 222.855682
70.559680 226.755300 67.943604 224.262131
70.106430 228.212400 67.483627 225.736145
69.780350 229.717400 67.167587 227.228806
69.611080 231.273600 66.989441 228.778870
69.507330 232.885000 66.873428 230.378860
69.413710 234.508900 66.754883 231.990524
69.343880 236.144900 66.665924 233.600204
69.165330 237.775100 66.488480 235.166626
68.850580 239.377200 66.160858 236.706253
68.411010 240.827300 65.675186 238.115173
67.727420 242.111200 64.952263 239.380219
66.803100 243.182900 64.006615 240.484512
65.701790 244.107800 62.877571 241.422821
64.448250 244.782200 61.638599 242.076492
63.080800 245.260000 60.256256 242.549469
61.580750 245.474700 58.748360 242.745575
60.021940 245.545100 57.222694 242.768433
58.373630 245.501300 55.599579 242.694824
56.557790 245.387700 53.821571 242.597855
54.575700 245.267600 51.860283 242.481781
52.422320 245.171900 49.730690 242.386490
50.087930 245.081900 47.377991 242.276962
47.581640 245.008900 44.881550 242.159622
44.918970 244.937600 42.227177 242.015320
42.122820 244.817200 39.426941 241.843384
39.164720 244.672400 36.451786 241.646057
36.057060 244.510700 33.344612 241.427429
32.840100 244.318200 30.128641 241.178818
29.595440 244.119000 26.876785 240.925140
26.356030 243.938500 23.631500 240.699432
23.136280 243.778100 20.390419 240.494904
19.923890 243.574600 17.165995 240.240097
16.771670 243.333700 14.007988 239.959213
13.661940 243.082500 10.921860 239.656067
10.666390 242.818300 7.940565 239.350128
7.814747 242.555200 5.122358 239.060303
5.139292 242.325200 2.455875 238.804459
2.679849 242.118700 0.000488 238.575272
0.450309 241.930700 -2.218994 238.364899
-1.528966 241.776000 -4.203972 238.187973
-3.228819 241.670700 -5.889360 238.066467
-4.618300 241.633500 -7.256639 238.011536
-5.727634 241.635600 -8.353677 238.007614
-6.594910 241.676300 -9.220189 238.045700
-7.316062 241.736500 -9.932805 238.105042
-7.999830 241.824600 -10.605219 238.190750
-8.668434 241.971800 -11.257095 238.340958
-9.310473 242.159800 -11.872459 238.513412
-10.040280 242.489600 -12.592903 238.822754
-10.900630 242.986700 -13.447121 239.288208
-11.788840 243.696900 -14.350876 239.967728
-12.605680 244.629900 -15.187164 240.875427
-13.325190 245.805400 -15.945038 242.043640
-13.876090 247.212100 -16.507690 243.503021
-14.262280 248.903900 -16.891682 245.210068
-14.456720 250.843200 -17.082846 247.147461
-14.534350 252.994100 -17.166801 249.309235
-14.597030 255.350200 -17.245087 251.684921
-14.667090 257.910700 -17.345739 254.235825
-14.735990 260.649600 -17.452934 256.972961
-14.849520 263.575900 -17.611837 259.896881
-14.957480 266.729800 -17.783611 263.043274
-15.059630 270.015600 -17.944118 266.321686
-15.182710 273.477200 -18.144655 269.750977
-15.303150 277.021400 -18.355007 273.275879
-15.440230 280.658500 -18.565443 276.871826
-15.590580 284.351600 -18.787233 280.542084
-15.764490 288.068200 -19.037176 284.197876
-15.946800 291.811700 -19.288019 287.914612
-16.099940 295.543400 -19.520744 291.621857
-16.260060 299.308400 -19.751436 295.369965
-16.425310 303.105800 -19.982819 299.156403
-16.590140 306.893300 -20.217321 302.912994
-16.756680 310.705900 -20.446941 306.693146
-16.910250 314.536100 -20.669374 310.489105
-17.062160 318.371600 -20.903549 314.311005
-17.211700 322.183300 -21.155575 318.125671
-17.359600 325.995800 -21.398472 321.922028
-17.503240 329.777900 -21.637516 325.711914
-17.652950 333.537700 -21.861652 329.454742
-17.803470 337.274400 -22.083315 333.164551
-17.965510 340.928300 -22.308193 336.788757
-18.139020 344.467400 -22.540409 340.320770
-18.309560 347.827300 -22.778170 343.667633
-18.498430 351.069300 -23.007700 346.895752
-18.657830 354.177800 -23.219088 349.996948
-18.779270 357.113600 -23.376820 352.934906
-18.870160 359.864000 -23.504206 355.687164
-18.946200 362.402300 -23.617731 358.197449
-18.990920 364.711200 -23.711208 360.493103
-19.050610 366.784400 -23.800694 362.518311
-19.150770 368.599600 -23.931641 364.304596
-19.288630 370.232600 -24.107079 365.899780
-19.600770 371.746300 -24.444569 367.338104
-20.181060 373.134000 -25.039589 368.654999
-21.046240 374.352900 -25.844025 369.764038
-22.127780 375.353800 -26.889954 370.704651
-23.457040 376.098400 -28.175613 371.410828
-24.934490 376.556700 -29.659653 371.821350
-26.555040 376.670400 -31.265846 371.860291
-28.276760 376.521700 -32.950691 371.653625
-30.056280 376.231600 -34.725208 371.301361
-31.975970 375.881500 -36.629910 370.934784
-34.041570 375.538800 -38.659756 370.565857
-36.312400 375.174700 -40.903214 370.162872
-38.740670 374.815500 -43.310875 369.756073
-41.349510 374.513500 -45.885769 369.412323
-44.097790 374.260800 -48.630829 369.134125
-47.011360 374.040700 -51.548660 368.894348
-50.040150 373.823900 -54.589691 368.633148
-53.185680 373.618900 -57.707348 368.392822
-56.406270 373.421900 -60.923874 368.153198
-59.653410 373.251300 -64.147919 367.920105
-62.943060 373.083600 -67.421127 367.693115
-66.219570 372.909300 -70.696266 367.450836
-69.486870 372.732000 -73.944229 367.194122
-72.726120 372.532900 -77.163620 366.939941
-75.949990 372.348800 -80.380447 366.691528
-79.132360 372.198800 -83.549995 366.472229
-82.276670 372.085900 -86.697929 366.290833
-85.318380 372.021300 -89.743759 366.156342
-88.202870 371.999200 -92.631271 366.064331
-90.927450 371.989600 -95.358780 365.985199
-93.555550 371.974900 -97.993645 365.918091
-96.169310 371.894100 -100.617691 365.776520
-98.735200 371.699400 -103.181122 365.514587
-101.335900 371.405700 -105.773422 365.167511
-104.006100 371.090100 -108.432434 364.796082
-106.771100 370.792200 -111.198349 364.448700
-109.682200 370.477800 -114.097389 364.080994
-112.739100 370.228500 -117.146225 363.775238
-115.931600 370.036400 -120.329323 363.516449
-119.286600 369.828600 -123.658585 363.259155
-122.729500 369.724600 -127.095314 363.082092
-126.288700 369.671200 -130.638519 362.945160
-129.839700 369.662300 -134.192123 362.860382
-133.385600 369.650900 -137.744843 362.777008
-136.894400 369.634000 -141.250290 362.691284
-140.398100 369.514400 -144.733200 362.508179
-143.862100 369.340500 -148.181458 362.260132
-147.327600 369.166400 -151.638443 362.028412
-150.737000 368.971100 -155.046219 361.766052
-154.158600 368.781900 -158.459106 361.513916
-157.533900 368.539100 -161.812195 361.206116
-160.863100 368.281900 -165.113190 360.878387
-164.185700 368.025000 -168.437134 360.569397
-167.432800 367.748600 -171.692780 360.241821
-170.642400 367.488400 -174.914642 359.923676
-173.841400 367.227100 -178.113022 359.616943
-177.023700 366.951400 -181.287949 359.277496
-180.244500 366.730400 -184.494705 359.010925
-183.473900 366.580900 -187.703644 358.803162
-186.744800 366.472000 -190.956345 358.629242
-190.033500 366.367300 -194.216125 358.452179
-193.355400 366.250500 -197.500931 358.259094
-196.716900 366.188600 -200.845016 358.126648
-200.121200 366.182600 -204.234268 358.070557
-203.540500 366.199800 -207.633270 358.014099
-206.952700 366.227500 -211.017624 357.979706
-210.347900 366.285500 -214.384506 357.961487
-213.706200 366.365900 -217.748245 357.971039
-217.009500 366.481900 -221.038773 358.013977
-220.179700 366.654500 -224.210617 358.118134
-223.191200 366.879000 -227.225662 358.282562
-226.097000 367.114900 -230.136093 358.463165
-228.814800 367.345400 -232.871597 358.641296
-231.386300 367.584000 -235.440674 358.828613
-233.712600 367.887700 -237.762253 359.089447
-235.782000 368.275800 -239.833359 359.433594
-237.675400 368.737900 -241.739822 359.872864
-239.369400 369.206200 -243.447510 360.304535
-240.923900 369.617600 -245.009445 360.681671
-242.343700 369.946600 -246.441254 360.987854
-243.617800 370.200700 -247.715851 361.208496
-244.859400 370.340600 -248.949448 361.318359
-246.077300 370.391700 -250.151260 361.347687
-247.267700 370.379800 -251.330750 361.305969
-248.493500 370.333700 -252.548462 361.240356
-249.783700 370.306600 -253.836334 361.196381
-251.078800 370.299200 -255.124130 361.166718
-252.358200 370.349900 -256.414642 361.203644
-253.632100 370.436500 -257.686005 361.246796
-254.850600 370.581800 -258.910156 361.374298
-255.940600 370.729900 -259.994080 361.477142
-256.915700 370.895600 -260.973999 361.645508
-257.880300 371.026600 -261.934662 361.772644
-258.825300 371.074700 -262.865387 361.803864
-259.790200 371.036700 -263.822357 361.764954
-260.853800 370.865000 -264.867188 361.579712
-261.981300 370.525600 -265.994659 361.232269
-263.149900 369.955400 -267.128815 360.631165
-264.334300 369.128800 -268.327148 359.809906
-265.453200 367.983800 -269.357788 358.642578
-266.451000 366.525200 -270.346619 357.168732
-267.251800 364.723800 -271.105469 355.423340
-267.949500 362.709300 -271.744385 353.419647
-268.506500 360.485200 -272.257690 351.218079
-268.941500 358.026800 -272.639130 348.763977
-269.220400 355.348600 -272.852875 346.105957
-269.448800 352.477300 -273.018188 343.235138
-269.718000 349.407100 -273.212982 340.200745
-269.985700 346.177700 -273.392548 336.961639
-270.257600 342.841000 -273.562439 333.629028
-270.518100 339.408900 -273.722137 330.192841
-270.754500 335.850800 -273.860718 326.629303
-270.955500 332.279200 -273.948730 323.057068
-271.100700 328.699800 -274.004578 319.506744
-271.205200 325.126400 -274.013489 315.936340
-271.267700 321.587300 -273.965851 312.401794
-271.275200 318.070500 -273.863495 308.894836
-271.222900 314.582000 -273.704102 305.405914
-271.120000 311.120600 -273.490845 301.971161
-270.978000 307.683800 -273.239044 298.549835
-270.782700 304.265600 -272.931030 295.157928
-270.528600 300.853100 -272.583710 291.790070
-270.242000 297.429400 -272.208221 288.383301
-269.919600 293.989900 -271.787811 284.949005
-269.545200 290.528500 -271.323456 281.559174
-269.141700 287.042100 -270.840057 278.099152
-268.688300 283.528200 -270.298248 274.641663
-268.188900 279.998100 -269.713715 271.144470
-267.644900 276.438400 -269.085754 267.616119
-267.060700 272.864800 -268.414551 264.080566
-266.415600 269.267600 -267.677917 260.544067
-265.703700 265.659900 -266.882050 257.024933
-264.933700 262.028500 -266.032043 253.458710
-264.083600 258.356100 -265.096558 249.869690
-263.198600 254.694500 -264.110016 246.285248
-262.249500 251.044300 -263.082947 242.723663
-261.237300 247.429800 -261.990356 239.161530
-260.189300 243.839800 -260.864014 235.663071
-259.094000 240.246100 -259.695923 232.134109
-257.955600 236.666200 -258.488770 228.634094
-256.772700 233.104800 -257.245300 225.160767
-255.531300 229.548500 -255.941788 221.687317
-254.248400 226.028100 -254.596893 218.237045
-252.919100 222.544000 -253.204834 214.803070
-251.574800 219.079600 -251.798981 211.431580
-250.208800 215.633800 -250.372284 208.056717
-248.823500 212.212300 -248.919998 204.697174
-247.396200 208.816100 -247.451431 201.337585
-245.924600 205.438400 -245.923737 198.016190
-244.407500 202.096000 -244.356155 194.737579
-242.864900 198.761700 -242.759460 191.484039
-241.279000 195.474400 -241.117722 188.257706
-239.649300 192.235800 -239.443481 185.082062
-237.983200 189.035400 -237.730103 181.972977
-236.298900 185.858800 -235.994370 178.856842
-234.588400 182.702700 -234.216217 175.769135
-232.835600 179.589900 -232.417038 172.711700
-231.009300 176.491000 -230.547958 169.660767
-229.111700 173.245900 -228.628693 166.598038
-227.176300 170.021800 -226.676270 163.524185
-225.177100 166.838100 -224.650421 160.458862
-223.121100 163.678300 -222.563690 157.413696
-221.021800 160.583500 -220.440643 154.419907
-218.906700 157.528200 -218.298889 151.439606
-216.758300 154.516100 -216.102432 148.489639
-214.598900 151.542200 -213.908478 145.573456
-212.419400 148.613400 -211.689423 142.716797
-210.228200 145.723000 -209.468124 139.898987
-207.984500 142.875200 -207.197296 137.124054
-205.709300 140.044600 -204.903091 134.357544
-203.367700 137.252600 -202.540741 131.632202
-200.986900 134.476000 -200.143494 128.923370
-198.545200 131.709700 -197.685852 126.202255
-196.059300 128.939500 -195.175354 123.494095
-193.510200 126.196800 -192.597992 120.805855
-190.897300 123.468900 -189.977966 118.160477
-188.227400 120.762000 -187.305725 115.510292
-185.497000 118.076800 -184.580811 112.874802
-182.724000 115.414700 -181.805267 110.258095
-179.874900 112.756200 -178.961594 107.663414
-176.963500 110.129700 -176.064484 105.104645
-174.022700 107.478800 -173.139130 102.539001
-171.062700 104.830200 -170.181183 99.981674
-168.072200 102.205400 -167.195862 97.436867
-165.063500 99.572080 -164.179794 94.869019
-162.094200 96.925240 -161.208984 92.307487
-159.158100 94.245620 -158.258438 89.676407
-156.222000 91.591220 -155.320358 87.101868
-153.302600 88.949020 -152.380096 84.520233
-150.415700 86.290970 -149.492813 81.954041
-147.525700 83.616700 -146.613037 79.371735
-144.616800 80.967880 -143.695267 76.792061
-141.680000 78.334030 -140.754944 74.232300
-138.744900 75.701910 -137.823471 71.655594
-135.803000 73.066790 -134.902832 69.093475
-132.863800 70.434610 -131.989532 66.546379
-129.933000 67.796650 -129.068375 63.985168
-127.009300 65.165490 -126.151733 61.415829
-124.094300 62.565200 -123.235603 58.881424
-121.185800 59.961850 -120.326111 56.342152
-118.275800 57.358150 -117.423248 53.793671
-115.383500 54.746480 -114.534256 51.243462
-112.487100 52.132910 -111.621567 48.691719
-109.563100 49.507800 -108.688889 46.137848
-106.649400 46.882310 -105.761688 43.575565
-103.717200 44.240620 -102.819603 41.018059
-100.776700 41.607720 -99.867302 38.462753
-97.815960 38.955960 -96.906456 35.885410
-94.863170 36.299440 -93.949089 33.305515
-91.884440 33.643060 -90.945068 30.720501
-88.909720 30.989760 -87.987785 28.137547
-85.917480 28.322680 -85.005470 25.560946
-82.929050 25.668410 -82.014046 22.983683
-79.941980 23.038030 -79.018753 20.417765
-76.962720 20.421650 -76.053955 17.881863
-74.007520 17.823510 -73.080078 15.351809
-71.092400 15.226900 -70.212097 12.842939
-68.209240 12.634500 -67.320557 10.312777
-65.354250 10.051970 -64.467026 7.791584
-62.542350 7.481356 -61.646233 5.286142
-59.754040 4.927046 -58.860851 2.794287
-57.009180 2.422195 -56.115372 0.354889
-54.340090 0.009828 -53.441547 -2.005934
-51.766990 -2.296378 -50.855026 -4.274717
-49.260900 -4.526641 -48.340370 -6.467710
-46.853800 -6.677798 -45.937237 -8.566492
-44.569730 -8.685225 -43.632797 -10.527403
-42.404320 -10.528340 -41.462711 -12.332737
-40.364200 -12.198710 -39.399788 -13.973745
-38.389800 -13.695430 -37.426079 -15.439325
-36.423220 -15.003710 -35.433167 -16.720501
-34.423200 -16.097900 -33.441914 -17.781557
-32.364650 -16.913830 -31.403206 -18.588545
-30.265120 -17.411740 -29.333170 -19.055733
-28.163420 -17.604910 -27.240023 -19.226921
-26.110560 -17.459960 -25.240032 -19.050200
-24.143360 -16.987220 -23.315226 -18.570507
-22.296980 -16.217800 -21.509146 -17.782217
-20.604650 -15.231400 -19.832113 -16.786354
-19.008910 -14.153640 -18.247242 -15.684431
-17.427180 -13.090130 -16.677467 -14.596016
-15.874640 -12.069320 -15.136572 -13.550398
-14.363580 -11.106930 -13.627816 -12.556697
-12.922670 -10.242620 -12.178114 -11.647999
-11.574780 -9.466819 -10.822334 -10.832706
-10.317910 -8.788752 -9.563844 -10.114430
-9.188230 -8.193104 -8.442155 -9.485658
-8.211014 -7.716742 -7.461096 -8.967064
-7.426664 -7.335419 -6.684195 -8.549103
-6.732949 -7.004384 -6.001878 -8.197123
-6.081177 -6.624412 -5.342840 -7.815958
-5.489078 -6.233971 -4.750687 -7.427048
-4.934984 -5.802268 -4.216002 -7.010920
-4.339961 -5.285216 -3.620564 -6.482815
-3.697865 -4.592905 -2.966084 -5.784295
-3.037676 -3.769289 -2.349684 -4.985921
-2.408137 -2.790908 -1.733160 -4.014136
-1.801721 -1.625169 -1.173457 -2.874735
-1.269630 -0.215074 -0.667099 -1.482594
-0.812186 1.417145 -0.225189 0.120327
-0.577413 3.304554 0.023550 1.940167
-0.470925 5.426109 0.142884 3.976889
-0.476637 7.694492 0.105524 6.174957
-0.570738 10.119870 -0.024629 8.551949
-0.648451 12.686750 -0.132043 11.092537
-0.748385 15.378500 -0.275783 13.758501
-0.860824 18.191740 -0.427732 16.572878
-0.998219 21.084400 -0.591068 19.477077
-1.176238 24.100490 -0.798076 22.491709
-1.395968 27.224660 -1.052901 25.607988
-1.640741 30.420880 -1.330622 28.787624
-1.879320 33.664680 -1.616043 32.021141
-2.150183 36.923590 -1.922149 35.250450
-2.397389 40.249040 -2.222563 38.511189
-2.638864 43.594280 -2.524789 41.798702
-2.848280 46.962570 -2.785093 45.150337
-3.041372 50.356970 -3.029882 48.514145
-3.212653 53.820380 -3.266942 51.927250
-3.380992 57.307360 -3.494540 55.391411
-3.567609 60.834770 -3.737615 58.875534
-3.786600 64.385720 -4.002591 62.415661
-3.981904 67.973540 -4.247450 65.977158
-4.173959 71.565920 -4.503346 69.548546
-4.396788 75.106490 -4.765349 73.070320
-4.593996 78.623730 -4.996564 76.590630
-4.800834 82.136440 -5.230750 80.111694
-5.016400 85.597270 -5.493073 83.568329
-5.214554 89.008160 -5.747496 86.955063
-5.369648 92.435540 -5.946141 90.342087
-5.524006 95.827610 -6.127076 93.705711
