-0.000000 0.000000 0.000000 0.000000
0.002038 3.941730 -0.016184 3.931155
0.007571 7.908775 -0.032682 7.900721
0.006781 11.904260 -0.049322 11.933204
-0.005852 15.930660 -0.091685 15.963120
0.005006 19.986700 -0.109491 20.019922
-0.007369 24.072100 -0.134171 24.121859
0.001962 28.194720 -0.163232 28.204262
0.006827 32.335310 -0.139736 32.383781
0.012119 36.507890 -0.158761 36.529774
0.019429 40.704370 -0.173913 40.743332
0.026224 44.928210 -0.188398 44.977234
0.033592 49.179630 -0.207009 49.216888
0.025370 53.457160 -0.245387 53.461502
0.013229 57.745500 -0.278264 57.776848
0.002764 62.027950 -0.307818 62.052517
-0.005954 66.289400 -0.353932 66.264336
-0.027023 70.530000 -0.398176 70.471779
-0.046776 74.742450 -0.436017 74.665947
-0.052873 78.934960 -0.451977 78.830658
-0.048388 83.097210 -0.458332 82.970970
-0.075180 87.250150 -0.464312 87.089462
-0.111047 91.375240 -0.477371 91.219666
-0.169705 95.460760 -0.517631 95.282776
-0.234406 99.515130 -0.565523 99.314331
-0.286760 103.545900 -0.581610 103.349175
-0.334309 107.565300 -0.610518 107.328758
-0.394315 111.576600 -0.629703 111.348717
-0.429590 115.560100 -0.647096 115.319687
-0.430614 119.561300 -0.638453 119.333519
-0.456074 123.624200 -0.621571 123.348999
-0.470849 127.692500 -0.597225 127.397324
-0.470125 131.755700 -0.551766 131.452133
-0.466120 135.814600 -0.515554 135.498169
-0.464181 139.862600 -0.468721 139.531265
-0.474702 143.909900 -0.442729 143.538361
-0.484415 147.953800 -0.414584 147.585037
-0.497985 151.991700 -0.383107 151.672531
-0.518837 156.032900 -0.385058 155.707642
-0.490889 160.078600 -0.338825 159.769730
-0.476780 164.129500 -0.331707 163.819839
-0.449484 168.200000 -0.290496 167.897522
-0.411154 172.284100 -0.272821 171.998917
-0.358878 176.408600 -0.254540 176.111588
-0.313655 180.542000 -0.222064 180.235107
-0.318656 184.703900 -0.222990 184.430618
-0.308933 188.900300 -0.217616 188.642990
-0.300756 193.121300 -0.201941 192.947311
-0.295505 197.380900 -0.155806 197.219681
-0.332199 201.657300 -0.145795 201.542709
-0.348136 205.970400 -0.125453 205.864136
-0.342964 210.323200 -0.092064 210.237991
-0.357581 214.714200 -0.069695 214.585052
-0.360488 219.141900 -0.049843 218.999786
-0.375507 223.589400 -0.029564 223.456970
-0.378527 228.060200 -0.020453 227.938232
-0.374570 232.542100 -0.010592 232.432755
-0.378408 237.044600 -0.001331 236.952164
-0.382092 241.571200 0.000603 241.486893
-0.377078 246.123100 0.032627 246.028229
-0.365894 250.696400 0.063877 250.628021
-0.356528 255.288500 0.072355 255.231949
-0.340799 259.900300 0.108942 259.837555
-0.325374 264.511300 0.132509 264.499725
-0.317394 269.137700 0.186899 269.182434
-0.314040 273.764900 0.217875 273.805176
-0.306203 278.395200 0.280154 278.459625
-0.276490 283.049800 0.348236 283.161316
-0.230158 287.699900 0.437758 287.851379
-0.192693 292.369200 0.509176 292.527039
-0.168171 297.072300 0.568770 297.221436
-0.143657 301.821100 0.611828 301.962158
-0.111308 306.608600 0.668315 306.738129
-0.093249 311.433100 0.722392 311.538055
-0.107981 316.295300 0.770764 316.414642
-0.103970 321.182300 0.804748 321.259796
-0.096484 326.068200 0.845114 326.101624
-0.074427 330.950800 0.884642 330.962616
-0.054350 335.802400 0.929043 335.798889
-0.042570 340.628700 0.964746 340.606781
-0.035147 345.452500 0.997931 345.416992
-0.041563 350.253200 1.004949 350.200623
-0.075066 355.037900 1.010973 354.977814
-0.109101 359.812500 1.005069 359.743225
-0.141995 364.586700 1.011802 364.528412
-0.185891 369.386600 1.010317 369.315216
-0.237813 374.225300 1.015339 374.083221
-0.270401 378.992900 1.025414 378.902069
-0.296087 383.840800 1.006564 383.739166
-0.316454 388.685700 1.025551 388.594116
-0.323790 393.557900 1.057073 393.469330
