0.000000 0.000000 0.000000 0.000000
0.059875 0.430540 0.056597 0.436452
0.240194 0.981257 0.236210 0.987428
0.531827 1.620036 0.529742 1.619517
0.999102 2.286905 0.993446 2.285074
1.634196 2.948016 1.596242 2.906815
2.465897 3.579897 2.406507 3.555485
3.507611 4.202254 3.457480 4.196707
4.794196 4.791823 4.762386 4.784717
6.329744 5.330723 6.319523 5.344546
8.109243 5.878028 8.114176 5.886313
10.112010 6.449695 10.141157 6.452560
12.311460 7.000760 12.384418 6.994448
14.649940 7.512325 14.751373 7.514897
17.045990 7.933466 17.168509 7.933312
19.495760 8.228210 19.633417 8.226927
21.992720 8.306307 22.153210 8.284381
24.504830 8.124873 24.680882 8.089036
26.991550 7.679836 27.225981 7.617405
29.438030 6.997717 29.664906 6.917463
31.783040 6.157692 32.001312 6.070609
34.061480 5.135804 34.260231 5.041079
36.249090 3.963231 36.419231 3.871799
38.339410 2.756405 38.503941 2.655746
40.387000 1.476584 40.551788 1.375565
42.507450 0.121543 42.678421 0.008608
44.798470 -1.255569 44.933880 -1.362001
47.253440 -2.652713 47.364120 -2.761103
49.829130 -4.119797 49.911812 -4.230902
52.496600 -5.654198 52.541779 -5.767416
55.197500 -7.201418 55.207699 -7.309484
57.889050 -8.733355 57.859570 -8.853626
60.568300 -10.237180 60.510418 -10.361748
63.209030 -11.720560 63.130775 -11.852835
65.794730 -13.245590 65.708694 -13.386654
68.306160 -14.789450 68.222366 -14.936068
70.774870 -16.359280 70.664566 -16.513044
73.207180 -17.930420 73.085815 -18.078310
75.585180 -19.500110 75.452766 -19.657923
77.976200 -21.045650 77.837471 -21.188721
80.359750 -22.550030 80.258911 -22.731579
82.721600 -24.045560 82.635475 -24.232424
85.130890 -25.457240 85.054703 -25.644829
87.583520 -26.763470 87.484116 -26.958281
90.052030 -27.962520 89.980789 -28.174931
92.567280 -29.055560 92.507362 -29.289711
95.091560 -30.042180 95.019859 -30.281368
97.627970 -30.999950 97.536758 -31.240368
100.184800 -31.914080 100.073395 -32.167957
102.738700 -32.746220 102.628448 -33.030376
105.306500 -33.553570 105.184624 -33.853661
107.889600 -34.298460 107.756775 -34.613689
110.487000 -34.993230 110.332947 -35.327236
113.094500 -35.631080 112.919312 -35.969780
115.714700 -36.218190 115.528267 -36.566772
118.336800 -36.794500 118.140900 -37.162258
120.956100 -37.311260 120.771996 -37.694679
123.575400 -37.808670 123.391907 -38.197624
126.178100 -38.305940 125.983330 -38.695389
128.749000 -38.789160 128.552765 -39.174061
131.294400 -39.254810 131.076920 -39.656654
133.800300 -39.697620 133.555817 -40.115604
136.267300 -40.152820 136.023315 -40.593620
138.705700 -40.571180 138.450760 -41.030052
141.108200 -40.918610 140.848373 -41.392353
143.486200 -41.184130 143.219421 -41.677467
145.827400 -41.344840 145.557938 -41.847454
148.116900 -41.390150 147.852783 -41.898056
150.394500 -41.337850 150.145386 -41.870689
152.640300 -41.243160 152.396347 -41.815193
154.896300 -41.171990 154.651123 -41.787495
157.139500 -41.129290 156.873993 -41.784031
159.364300 -41.123040 159.098129 -41.825836
161.541500 -41.143410 161.261993 -41.875710
163.691100 -41.184580 163.428894 -41.958988
165.794600 -41.169840 165.517273 -41.967541
167.853000 -41.036680 167.564774 -41.867027
169.861400 -40.814300 169.574722 -41.667305
171.785700 -40.498720 171.504074 -41.364014
173.656900 -40.100850 173.377274 -40.975693
175.466100 -39.643440 175.184921 -40.542648
177.238400 -39.176700 176.957275 -40.089046
179.051200 -38.637820 178.761871 -39.579384
180.842400 -38.130090 180.588486 -39.069763
182.654500 -37.585090 182.411667 -38.531635
184.499200 -36.994200 184.267441 -37.971577
186.326400 -36.336250 186.113968 -37.339771
188.179600 -35.586660 187.971146 -36.635559
190.033300 -34.744990 189.848846 -35.821877
191.950900 -33.866980 191.770309 -34.956161
193.922400 -32.984310 193.757019 -34.085175
195.981900 -32.091960 195.809692 -33.203049
198.044700 -31.179470 197.866425 -32.306870
200.096400 -30.282730 199.919937 -31.426514
202.149000 -29.377620 201.985535 -30.541176
204.205200 -28.490440 204.058640 -29.683144
206.280400 -27.683360 206.143707 -28.906548
208.395100 -26.949400 208.260880 -28.198975
210.511400 -26.248260 210.368286 -27.524200
212.653100 -25.542730 212.512222 -26.843700
214.826000 -24.841570 214.680908 -26.165848
217.025900 -24.115450 216.884628 -25.444431
219.237300 -23.317850 219.087982 -24.690186
221.445500 -22.466040 221.269501 -23.879684
223.667300 -21.584010 223.478485 -23.041786
225.887600 -20.687600 225.675980 -22.194229
228.072000 -19.761640 227.892776 -21.279976
230.220200 -18.813360 230.065491 -20.354729
232.380100 -17.819580 232.251373 -19.379349
234.567900 -16.817990 234.445343 -18.405754
236.713000 -15.809910 236.608582 -17.425903
238.851800 -14.765210 238.759216 -16.414352
241.017000 -13.683470 240.916275 -15.369720
243.189400 -12.578710 243.085434 -14.314415
245.303900 -11.468690 245.206207 -13.227646
247.468200 -10.349670 247.376297 -12.147781
249.645100 -9.231011 249.550278 -11.067627
251.806300 -8.090111 251.709213 -9.969658
253.960700 -6.938930 253.889801 -8.850357
256.101100 -5.755645 256.047119 -7.693474
258.215000 -4.543629 258.207336 -6.497032
260.307600 -3.272954 260.305725 -5.259499
262.344400 -1.883065 262.377655 -3.873924
264.302700 -0.414263 264.358368 -2.436623
266.252100 1.068534 266.351196 -0.972321
268.265900 2.447327 268.414978 0.394012
270.324900 3.759467 270.516296 1.688980
272.419700 5.022290 272.648010 2.929314
274.560900 6.266911 274.843628 4.141434
276.693900 7.483336 277.013672 5.351463
278.872400 8.703796 279.214905 6.535744
281.097600 9.935075 281.470917 7.752869
283.337500 11.219770 283.742004 9.011909
285.578400 12.544850 285.984802 10.307426
287.831600 13.911530 288.250488 11.653076
290.088700 15.396350 290.525879 13.107758
292.311900 16.932960 292.783203 14.604424
294.493900 18.481610 295.018463 16.176102
296.720900 20.090920 297.262085 17.810608
298.978300 21.804860 299.461731 19.551895
301.361000 23.633810 301.622620 21.344421
303.645300 25.487530 303.785797 23.156082
305.870300 27.427630 305.900024 25.036377
308.019400 29.387000 308.035278 26.967316
310.140700 31.374480 310.136353 28.919800
312.194800 33.399420 312.187836 30.898254
314.189200 35.447230 314.188965 32.896240
316.138800 37.517350 316.148987 34.917511
318.049100 39.628100 318.075043 36.999374
319.943200 41.728570 319.972107 39.055222
321.828600 43.822610 321.878540 41.116989
323.748400 45.934260 323.825012 43.203217
325.706500 48.018020 325.797729 45.264313
327.739600 50.080930 327.883301 47.328323
329.840400 52.117880 329.990021 49.329605
331.997600 54.088750 332.180786 51.262222
334.230000 56.046050 334.449127 53.196884
336.499800 57.995180 336.733093 55.118912
338.816900 59.925620 339.070557 57.021179
341.178100 61.833440 341.449585 58.886223
343.554900 63.722300 343.835175 60.738884
345.957800 65.576790 346.268311 62.551781
348.386500 67.418200 348.718109 64.369995
350.801500 69.229240 351.151184 66.164612
353.254100 71.038830 353.613953 67.960579
355.698600 72.844900 356.061523 69.751411
358.141800 74.650950 358.513123 71.535873
360.583100 76.452920 360.960754 73.335976
363.026300 78.255900 363.417725 75.125542
365.452200 80.044720 365.872742 76.885681
367.845000 81.823410 368.283081 78.624931
370.166400 83.579750 370.633057 80.369492
372.393300 85.288160 372.869720 82.041985
374.497600 86.944540 374.990173 83.676735
376.478000 88.495560 376.989349 85.192856
378.371000 89.933730 378.887726 86.607948
380.183400 91.300940 380.714661 87.965736
381.933000 92.573690 382.478699 89.229294
383.660900 93.763590 384.231415 90.423088
385.476400 94.921870 386.067200 91.573036
387.358800 96.029350 387.979370 92.655090
389.297900 97.086300 389.933350 93.683243
391.333900 98.175050 391.998260 94.754524
393.414000 99.266980 394.101440 95.808990
395.549800 100.322500 396.260437 96.840088
397.704500 101.322500 398.448486 97.811172
399.824200 102.279600 400.585266 98.715446
401.916600 103.140900 402.690155 99.535522
403.950600 103.902700 404.752625 100.265877
405.959700 104.590800 406.765930 100.914948
408.011000 105.108200 408.821960 101.401093
410.135100 105.485400 410.962219 101.757599
412.361000 105.790800 413.202667 102.039131
414.624700 106.058600 415.463715 102.286629
416.897400 106.297800 417.770508 102.505775
419.163900 106.506600 420.033569 102.672508
421.493300 106.727000 422.362030 102.850006
423.737200 106.947800 424.609650 103.050018
425.977100 107.191600 426.822205 103.271866
428.102800 107.420100 428.938599 103.473770
430.149200 107.670800 430.968994 103.681320
432.117500 107.907600 432.940887 103.873077
434.025800 108.008100 434.852783 103.927032
435.758200 108.009100 436.614899 103.883385
437.299000 107.930500 438.152466 103.757523
438.581000 107.769400 439.449402 103.546379
439.666200 107.607000 440.542603 103.354149
440.608900 107.409000 441.480560 103.145142
441.398700 107.289400 442.253784 103.029770
441.992900 107.179100 442.843018 102.900192
442.448600 107.110700 443.294983 102.801674
442.905900 107.038600 443.744751 102.689545
443.346800 107.014100 444.176300 102.626129
443.836000 106.989300 444.673431 102.559425
444.473000 106.989500 445.303772 102.522972
445.205500 106.946300 446.069305 102.432877
446.012900 106.953300 446.882233 102.392990
446.902800 107.033600 447.770111 102.425735
447.889800 107.210000 448.722107 102.565750
448.987400 107.446500 449.791168 102.751343
450.189500 107.822200 450.994659 103.073723
451.491100 108.402100 452.266235 103.493378
452.928900 109.084800 453.709747 104.055595
454.502200 109.798100 455.276154 104.727303
456.158200 110.666600 456.908600 105.556770
457.971900 111.646100 458.661255 106.528282
459.877400 112.735800 460.542542 107.591469
461.883200 113.914900 462.549622 108.746811
463.988700 115.182000 464.632843 109.991165
466.175500 116.517700 466.837463 111.292900
468.435400 117.924700 469.108276 112.682808
470.781100 119.404400 471.459534 114.129013
473.219400 120.926800 473.899017 115.613136
475.743400 122.510800 476.434814 117.169754
478.344300 124.160400 479.028900 118.772400
480.992000 125.864000 481.685455 120.444855
483.679900 127.592900 484.396759 122.124825
486.447600 129.273600 487.237061 123.786499
489.320000 130.826500 490.171661 125.304176
492.282900 132.213200 493.167328 126.635796
495.358000 133.438200 496.299866 127.779251
498.513800 134.409800 499.489624 128.701843
501.751100 135.064200 502.744354 129.324768
505.042300 135.427700 506.071136 129.646881
508.395000 135.556900 509.403107 129.756058
511.770400 135.475700 512.780396 129.651794
515.185000 135.299200 516.230408 129.427002
518.623000 135.097900 519.674866 129.170593
522.144800 134.847000 523.220276 128.884567
525.734400 134.578800 526.841187 128.570801
529.399100 134.293800 530.522766 128.246262
533.133700 134.010400 534.269104 127.933594
536.936600 133.686300 538.125671 127.561646
540.806000 133.326000 541.995117 127.164001
544.802000 132.892300 545.969543 126.709183
548.848400 132.415900 549.937317 126.209335
552.948000 131.900800 553.983765 125.669128
557.104100 131.327900 558.139099 125.083626
561.317500 130.706600 562.341919 124.412750
565.599800 130.051200 566.590698 123.751732
569.941500 129.367300 570.933960 123.027092
574.351700 128.666500 575.298157 122.313904
578.779700 127.953800 579.705811 121.571999
583.237100 127.258900 584.116577 120.849388
587.713000 126.567300 588.558960 120.093658
592.202000 125.884700 593.003296 119.355713
596.683800 125.215200 597.430298 118.647301
601.149700 124.558400 601.838318 117.970604
605.601500 123.870200 606.257690 117.267014
610.038700 123.194200 610.680237 116.577026
614.483600 122.547100 615.121460 115.934540
618.926400 121.903400 619.537537 115.284210
623.350300 121.254400 623.952393 114.609962
627.741900 120.615400 628.317383 113.965828
632.071600 120.016600 632.656738 113.360100
636.318800 119.412600 636.895264 112.761002
640.484000 118.825100 641.049622 112.166183
644.497600 118.256100 645.076782 111.590813
648.278400 117.698400 648.886780 111.023972
651.817400 117.176000 652.457397 110.496635
655.064500 116.712400 655.726196 110.036919
657.980700 116.314200 658.638977 109.643539
660.526400 115.964600 661.177795 109.305000
662.701100 115.630800 663.354431 108.986267
664.544000 115.185100 665.235474 108.555328
666.220700 114.557800 666.918030 107.903564
667.731400 113.722400 668.328369 107.067657
668.815500 112.652100 669.516968 105.990936
669.721700 111.420600 670.382568 104.758560
670.375000 110.040000 671.004700 103.358490
670.743500 108.532100 671.359680 101.821838
670.853700 106.905800 671.490173 100.177040
670.479600 105.203700 671.194031 98.481010
669.886200 103.505000 670.585266 96.934433
668.934000 101.811700 669.602844 95.263153
667.713400 100.128500 668.454163 93.587006
666.284600 98.431790 666.971436 91.871613
664.691900 96.730170 665.348022 90.142273
662.951100 95.069520 663.586792 88.497192
661.045400 93.515090 661.650146 86.973602
658.978100 92.108080 659.587524 85.626633
656.784000 90.796840 657.393311 84.373672
654.501500 89.445100 655.107117 83.089386
652.178300 88.060580 652.743958 81.750046
649.787300 86.622730 650.346680 80.353882
647.361600 85.108610 647.892578 78.869705
644.842400 83.549870 645.334351 77.328400
642.252000 81.948280 642.731567 75.768173
639.681300 80.324390 640.144714 74.172806
637.149300 78.658370 637.615845 72.561798
634.666500 76.993840 635.127441 70.937897
632.251900 75.355150 632.709656 69.358185
629.879500 73.738570 630.334961 67.809128
627.590500 72.163550 628.033936 66.286316
625.387200 70.610050 625.824463 64.788635
623.318500 69.115660 623.745300 63.368042
621.410500 67.709240 621.835327 62.049805
619.670100 66.436970 620.108765 60.847290
618.153900 65.289110 618.585693 59.759735
616.867100 64.327580 617.294189 58.834976
615.819600 63.530860 616.278198 58.082809
614.973800 62.932120 615.433472 57.488174
614.330800 62.461620 614.763855 57.008942
613.811100 62.069300 614.232910 56.622360
613.313200 61.694250 613.715942 56.263184
612.830400 61.322490 613.214355 55.883881
612.348000 60.956790 612.711182 55.530273
611.900500 60.618970 612.235413 55.180283
611.476100 60.298910 611.791443 54.856735
611.109300 60.011850 611.420471 54.581451
610.766100 59.758400 611.065430 54.342224
610.434000 59.483890 610.725708 54.074219
610.127300 59.236310 610.406860 53.834854
609.810600 58.983200 610.084351 53.598526
609.426900 58.683240 609.697021 53.310898
608.885000 58.245010 609.132996 52.892303
608.141400 57.643250 608.388672 52.309174
607.226200 56.864850 607.478516 51.560974
606.175100 55.922830 606.439880 50.646271
604.988800 54.815760 605.276245 49.579529
603.721000 53.539790 604.016968 48.339966
602.357600 52.129810 602.659424 46.969849
600.872200 50.598950 601.165527 45.485321
599.313100 48.940800 599.588989 43.872803
597.636500 47.153860 597.882690 42.125519
595.881100 45.248230 596.070923 40.276245
594.057800 43.236600 594.191650 38.306152
592.228600 41.166150 592.325745 36.294525
590.416500 39.097260 590.486816 34.262115
588.589700 37.035950 588.648315 32.231659
586.727400 34.953000 586.766968 30.212830
584.835300 32.869090 584.852905 28.190002
582.909900 30.778460 582.889404 26.135437
580.956400 28.682870 580.900940 24.082458
578.981900 26.559660 578.889465 22.000763
576.989600 24.412110 576.864258 19.904541
575.013400 22.261790 574.837524 17.787445
573.061000 20.092300 572.827637 15.649292
571.135300 17.941960 570.860229 13.546112
569.253000 15.812370 568.936768 11.457611
567.402800 13.684550 567.045654 9.360962
565.597000 11.594760 565.189392 7.295288
563.776800 9.568871 563.323486 5.314880
562.016200 7.610878 561.528442 3.390564
560.357800 5.761759 559.838379 1.576294
558.790600 4.059161 558.243958 -0.086121
557.388800 2.556647 556.806885 -1.552887
556.166300 1.224300 555.564880 -2.848785
555.086800 0.038120 554.467651 -4.031006
554.091900 -1.065239 553.442017 -5.101440
553.156200 -2.093206 552.475342 -6.108429
552.265400 -3.039119 551.584839 -7.030151
551.446200 -3.918816 550.756531 -7.884033
550.714900 -4.709150 549.985718 -8.656158
550.055400 -5.411455 549.293945 -9.358276
549.472200 -6.063502 548.691772 -10.010986
548.991400 -6.627882 548.212402 -10.554565
548.582100 -7.090666 547.801392 -11.001953
548.257600 -7.479973 547.461426 -11.381226
547.987500 -7.803179 547.176880 -11.685883
547.768900 -8.070234 546.944336 -11.941254
547.592600 -8.293718 546.756714 -12.159271
547.438700 -8.468806 546.595703 -12.334259
547.312300 -8.609266 546.469177 -12.477814
547.212800 -8.727030 546.358337 -12.598297
547.137900 -8.816118 546.272949 -12.689667
547.093000 -8.878200 546.222351 -12.750488
547.069500 -8.915003 546.197388 -12.786591
547.040300 -8.948208 546.163086 -12.818726
546.977500 -9.002351 546.118103 -12.867676
546.906300 -9.075048 546.059204 -12.932465
546.823300 -9.175395 545.977173 -13.022888
546.717900 -9.307750 545.872131 -13.146118
546.577700 -9.471357 545.733643 -13.297974
546.411500 -9.667371 545.560486 -13.487701
546.222400 -9.896104 545.363403 -13.702606
546.013600 -10.141830 545.149292 -13.941254
545.783400 -10.398320 544.912598 -14.188385
545.569500 -10.646660 544.685730 -14.434540
545.387700 -10.868510 544.495117 -14.651917
545.242600 -11.049650 544.344604 -14.818726
