0.000000 -0.000000 0.076506 -0.014653
-0.140643 2.574964 0.049996 2.059033
-0.281220 5.148987 -0.008708 4.279894
-0.421837 7.724036 -0.104342 6.637755
-0.562431 10.298960 -0.229908 9.085464
-0.701879 12.869650 -0.357271 11.616786
-0.854664 15.479570 -0.524752 14.211852
-1.011589 18.173180 -0.695288 16.890970
-1.171840 20.913680 -0.877090 19.608425
-1.334841 23.709530 -1.060643 22.381054
-1.487044 26.544710 -1.236650 25.201851
-1.633363 29.422930 -1.401969 28.041813
-1.768976 32.357140 -1.566003 30.956121
-1.929780 35.330970 -1.756443 33.893948
-2.126953 38.471510 -1.949841 36.841202
-2.329940 41.561110 -2.170046 39.814903
-2.535885 44.597900 -2.384127 42.791691
-2.728914 47.592750 -2.591548 45.743229
-2.937935 50.537730 -2.810499 48.643688
-3.130185 53.464980 -3.022813 51.539730
-3.310922 56.350390 -3.229623 54.405621
-3.511313 59.225400 -3.444441 57.261219
-3.703384 62.006320 -3.684475 60.018234
-3.912602 64.697860 -3.930820 62.694416
-4.114442 67.264550 -4.164046 65.237411
-4.313021 69.714240 -4.396783 67.670029
-4.514875 72.037350 -4.638210 69.980133
-4.709494 74.175390 -4.861309 72.107735
-4.891889 76.138280 -5.075703 74.060555
-5.039038 77.925340 -5.236521 75.858421
-5.159772 79.592300 -5.387753 77.528397
-5.235209 81.135380 -5.476009 79.070740
-5.207469 82.555940 -5.446096 80.491386
-5.029560 83.885300 -5.269234 81.838997
-4.680938 85.118200 -4.935211 83.057976
-4.130089 86.200010 -4.410233 84.144882
-3.393066 87.095580 -3.704308 85.042595
-2.508137 87.820100 -2.828762 85.764992
-1.511055 88.343490 -1.833275 86.300415
-0.450022 88.747950 -0.799719 86.711517
0.676345 89.023150 0.286354 86.997910
1.832910 89.277150 1.424135 87.249672
3.089762 89.418990 2.670755 87.403900
4.475771 89.556060 4.041351 87.550613
5.974572 89.621010 5.529874 87.638580
7.614093 89.671530 7.162110 87.707787
9.420230 89.707860 8.963191 87.770554
11.388370 89.721450 10.930174 87.817635
13.505010 89.738680 13.053494 87.885246
15.773680 89.805260 15.318037 87.997566
18.156510 89.929480 17.699150 88.164970
20.581930 90.082780 20.110327 88.339767
23.034320 90.227690 22.558317 88.513695
25.478370 90.365000 25.010855 88.710808
27.909920 90.499220 27.445198 88.883018
30.340320 90.588890 29.875683 89.008751
32.740690 90.598330 32.269985 89.059830
35.110390 90.529620 34.630745 89.037132
37.430830 90.386730 36.945152 88.929352
39.683630 90.176290 39.207447 88.760437
41.863240 89.910310 41.399750 88.536240
43.959460 89.634420 43.505264 88.295273
45.922800 89.378560 45.442223 88.078941
47.726310 89.193250 47.251450 87.926933
49.366470 89.121130 48.876373 87.883766
50.939410 89.191540 50.416061 87.984047
52.464070 89.450930 51.924023 88.240326
53.889450 89.945260 53.316292 88.754715
55.133190 90.660970 54.544464 89.504936
56.158450 91.620300 55.506500 90.480492
56.967930 92.764920 56.311253 91.634048
57.539920 94.061200 56.874523 92.919884
57.927200 95.446880 57.215370 94.226181
58.277310 96.884370 57.557159 95.659470
58.589460 98.403450 57.840130 97.158432
58.940360 100.002400 58.167294 98.719101
59.343230 101.692600 58.533726 100.405098
59.798800 103.499800 58.964447 102.203979
60.309140 105.392300 59.433510 104.102249
60.819120 107.363700 59.917877 106.089668
61.355080 109.477800 60.423676 108.195007
61.874140 111.669200 60.901474 110.381790
62.417580 113.964900 61.399475 112.691666
62.973720 116.373200 61.906597 115.070557
63.512460 118.836400 62.402809 117.507088
64.057360 121.342700 62.897305 119.985573
64.655860 123.876700 63.459000 122.476662
65.262090 126.422600 64.028633 124.969849
65.864770 128.941000 64.575790 127.445793
66.510510 131.382800 65.153366 129.873428
67.135460 133.867500 65.711670 132.351120
67.748220 136.262500 66.241348 134.747208
68.311480 138.668800 66.749832 137.156067
68.830800 141.066900 67.202873 139.561707
69.359830 143.451000 67.671982 141.940170
69.844620 145.829800 68.118561 144.306870
70.257380 148.240700 68.504486 146.706696
70.634070 150.615300 68.844452 149.056152
70.952630 153.048800 69.129913 151.482208
71.236680 155.482600 69.366768 153.930847
71.430750 157.958600 69.528976 156.398422
71.592060 160.420500 69.655930 158.860550
71.705560 162.889100 69.746696 161.337067
71.811250 165.386800 69.844269 163.801376
71.901490 167.846500 69.901062 166.248901
71.944200 170.358200 69.914284 168.745056
71.944230 172.867000 69.888130 171.223541
71.880770 175.411200 69.780220 173.738525
71.759300 177.947700 69.629776 176.254257
71.629380 180.489300 69.480255 178.785233
71.495820 183.069400 69.313095 181.353073
71.389860 185.611000 69.170944 183.889740
71.229200 188.181800 68.978996 186.427032
71.075770 190.694700 68.779739 188.939255
70.908190 193.208300 68.573280 191.436020
70.732240 195.676300 68.372047 193.872223
70.587330 197.902600 68.172859 196.258652
70.462020 200.022200 67.991127 198.539368
70.336670 202.141700 67.824936 200.614304
70.211280 204.261000 67.688957 202.637131
70.085900 206.379000 67.582558 204.612701
69.986060 208.445300 67.538437 206.548798
70.007780 210.375700 67.547409 208.488373
70.026080 212.295900 67.540627 210.428741
70.017620 214.252400 67.530609 212.396378
70.013230 216.217200 67.501404 214.347137
69.972110 218.270700 67.458633 216.384933
69.934360 220.317400 67.398415 218.417053
69.972850 222.305500 67.349762 220.508682
69.981630 224.353700 67.290344 222.612717
69.981870 226.399100 67.243835 224.707138
69.949190 228.454500 67.154961 226.771454
69.907170 230.454300 67.074379 228.793991
69.859830 232.418200 66.989952 230.765060
69.810200 234.247600 66.901466 232.603271
69.754960 235.896800 66.792976 234.267227
69.602960 237.437200 66.611099 235.800339
69.315000 238.920100 66.305344 237.209351
68.846420 240.276600 65.797729 238.510040
68.166090 241.479400 65.147972 239.640472
67.318270 242.492800 64.311058 240.621323
66.332240 243.344200 63.330200 241.460068
65.260110 243.991900 62.241440 242.060577
64.140300 244.474300 61.099667 242.499252
62.867510 244.772700 59.865185 242.763077
61.458940 244.926000 58.439514 242.887711
59.947420 244.952000 56.949635 242.866425
58.335370 244.902100 55.362270 242.765244
56.595980 244.824000 53.614658 242.647354
54.694040 244.743800 51.697960 242.516312
52.650420 244.604800 49.605049 242.381393
50.451970 244.390700 47.327091 242.232208
48.058070 244.235000 44.850723 242.105759
45.515050 244.100900 42.234123 241.968628
42.921790 243.969200 39.567451 241.833252
40.316590 243.840300 36.916824 241.692215
37.706940 243.722400 34.267792 241.520203
35.094890 243.629800 31.632048 241.327438
32.472950 243.489000 29.024923 241.101608
29.851950 243.348200 26.463982 240.890091
27.264200 243.258500 23.919140 240.708694
24.724050 243.174900 21.406837 240.557175
22.210390 243.091000 18.926514 240.407974
19.736330 242.979500 16.460045 240.231277
17.311070 242.850400 14.057072 240.025070
14.901790 242.682800 11.677534 239.800674
12.542000 242.455300 9.335209 239.535278
10.258080 242.218100 7.051479 239.265396
8.077281 241.997300 4.883018 239.009109
6.032146 241.805400 2.827557 238.778458
4.114420 241.647100 0.911407 238.588806
2.325909 241.523700 -0.878649 238.437057
0.684853 241.422100 -2.532603 238.313202
-0.804697 241.361800 -4.018420 238.230820
-2.147061 241.322400 -5.361477 238.166580
-3.335045 241.321100 -6.552199 238.141098
-4.362696 241.347700 -7.571308 238.140518
-5.195608 241.375100 -8.406036 238.156128
-5.787975 241.411000 -8.990403 238.173080
-6.148943 241.435700 -9.349792 238.181030
-6.347609 241.453500 -9.537922 238.189362
-6.441034 241.457400 -9.625061 238.187500
-6.441440 241.456100 -9.623795 238.186600
-6.439927 241.462600 -9.618867 238.187027
-6.440440 241.482800 -9.629187 238.189117
-6.480607 241.498100 -9.670844 238.189316
-6.560264 241.507700 -9.746695 238.188904
-6.742488 241.516100 -9.930782 238.197479
-7.099251 241.541700 -10.286275 238.219864
-7.627305 241.597900 -10.808763 238.277069
-8.293171 241.705000 -11.473820 238.380829
-9.050632 241.890800 -12.229923 238.565109
-9.863606 242.207700 -13.010452 238.865356
-10.727660 242.661600 -13.873413 239.290924
-11.566170 243.294100 -14.698990 239.913177
-12.317670 244.121800 -15.457130 240.730225
-12.969870 245.164100 -16.141464 241.790955
-13.469580 246.441200 -16.667900 243.103546
-13.828110 247.877300 -17.036919 244.589111
-14.057520 249.558000 -17.282238 246.263779
-14.176210 251.405900 -17.432373 248.106995
-14.264690 253.405000 -17.541336 250.102768
-14.328890 255.544200 -17.627333 252.235855
-14.399650 257.837600 -17.721918 254.497208
-14.471380 260.263200 -17.813801 256.904480
-14.561590 262.807800 -17.944050 259.414673
-14.652820 265.491700 -18.071375 262.088562
-14.739760 268.254400 -18.184742 264.823639
-14.858340 271.134800 -18.322332 267.669128
-14.973530 274.134700 -18.477102 270.642914
-15.069550 277.175700 -18.626043 273.674683
-15.175210 280.293600 -18.784193 276.779938
-15.297230 283.446400 -18.949633 279.913544
-15.436590 286.619600 -19.143335 283.059082
-15.585790 289.810900 -19.379866 286.218658
-15.736240 292.959600 -19.591583 289.335571
-15.885310 296.071900 -19.804310 292.421448
-16.046970 299.165600 -20.023497 295.498383
-16.219660 302.246300 -20.248522 298.562042
-16.389710 305.314100 -20.469208 301.593811
-16.559690 308.378300 -20.683128 304.616730
-16.709350 311.458900 -20.884375 307.662811
-16.839300 314.563300 -21.088694 310.730591
-16.972270 317.709200 -21.291414 313.833923
-17.118400 320.893100 -21.503473 317.006226
-17.281700 324.127200 -21.708736 320.224121
-17.454380 327.375400 -21.913641 323.451721
-17.614190 330.593900 -22.108982 326.647339
-17.775860 333.802500 -22.304186 329.825012
-17.959610 336.995200 -22.490013 332.970520
-18.128440 340.134300 -22.676928 336.065765
-18.295640 343.191900 -22.877653 339.094727
-18.453080 346.169000 -23.079590 342.042999
-18.632610 349.056200 -23.284981 344.890961
-18.817710 351.841100 -23.510157 347.671997
-18.986450 354.488400 -23.701588 350.319672
-19.124870 356.982400 -23.870096 352.815063
-19.220930 359.289500 -24.007996 355.116974
-19.310450 361.377700 -24.135416 357.204742
-19.390050 363.254000 -24.243523 359.089966
-19.458340 364.945900 -24.346561 360.782654
-19.552440 366.417400 -24.473642 362.255890
-19.716910 367.755600 -24.640196 363.610870
-19.992010 369.044200 -24.920845 364.864990
-20.413100 370.267200 -25.368652 366.044678
-20.994480 371.390500 -25.971252 367.123383
-21.767920 372.412000 -26.652481 368.036407
-22.740410 373.381300 -27.612274 368.952087
-23.931400 374.199500 -28.752930 369.717224
-25.311900 374.775400 -30.198341 370.270782
-26.849130 375.102700 -31.768505 370.567139
-28.541320 375.088500 -33.441723 370.519897
-30.331610 374.930400 -35.226280 370.331360
-32.178580 374.714400 -37.061104 370.074463
-34.124600 374.519300 -38.993023 369.850891
-36.192510 374.312000 -41.058502 369.606049
-38.360350 374.089000 -43.216084 369.351288
-40.674090 373.890900 -45.524101 369.120819
-43.125350 373.717400 -47.983772 368.901367
-45.733890 373.570600 -50.596519 368.707031
-48.422050 373.450300 -53.284996 368.519348
-51.153580 373.336900 -56.011925 368.356171
-53.919190 373.217300 -58.787163 368.176605
-56.668140 373.082400 -61.550240 367.978882
-59.399580 372.949600 -64.278732 367.772400
-62.128270 372.797100 -67.007263 367.557892
-64.827270 372.599800 -69.711426 367.289825
-67.509200 372.402100 -72.402588 367.028046
-70.186170 372.208700 -75.082794 366.760468
-72.845340 372.028400 -77.751511 366.499115
-75.495320 371.886100 -80.408340 366.307587
-78.116050 371.787300 -83.049538 366.158875
-80.717850 371.718500 -85.677116 366.038086
-83.311780 371.694800 -88.288307 365.958649
-85.842710 371.709900 -90.854111 365.920074
-88.215690 371.734100 -93.202759 365.885406
-90.402660 371.755300 -95.396011 365.862427
-92.376860 371.747200 -97.377670 365.811584
-94.181170 371.700000 -99.183281 365.726471
-95.954170 371.610100 -100.963608 365.594635
-97.692900 371.484000 -102.704544 365.420715
-99.428840 371.332400 -104.442749 365.216278
-101.212400 371.150100 -106.223328 364.995697
-103.049100 370.929900 -108.059082 364.731018
-104.963700 370.712900 -109.977844 364.466156
-106.999900 370.469800 -112.022064 364.182159
-109.147400 370.218500 -114.162201 363.897522
-111.413900 369.990500 -116.432617 363.626740
-113.850400 369.787500 -118.865143 363.375824
-116.381500 369.587900 -121.391525 363.124237
-119.079000 369.402000 -124.085754 362.894073
-121.870500 369.312400 -126.883072 362.757843
-124.798000 369.251000 -129.816284 362.672638
-127.749200 369.222000 -132.761215 362.595764
-130.738100 369.191300 -135.755966 362.513550
-133.724900 369.151000 -138.760254 362.427490
-136.693200 369.116700 -141.719803 362.314972
-139.640200 369.026200 -144.672653 362.152100
-142.545400 368.909400 -147.600784 361.969513
-145.452900 368.800400 -150.518341 361.787506
-148.326000 368.653700 -153.399277 361.570801
-151.184500 368.483700 -156.248672 361.327881
-154.029500 368.306700 -159.081390 361.078400
-156.834000 368.110800 -161.888992 360.831512
-159.601600 367.929800 -164.656067 360.591095
-162.352900 367.769700 -167.402832 360.378021
-165.025300 367.622800 -170.074463 360.180847
-167.587100 367.473600 -172.629913 359.969177
-169.989700 367.347100 -175.027847 359.822968
-172.229800 367.237400 -177.246521 359.675995
-174.255000 367.118500 -179.274261 359.509796
-176.113500 366.976300 -181.111069 359.333405
-177.851600 366.825100 -182.853577 359.140503
-179.482200 366.619100 -184.483932 358.876099
-181.041000 366.257200 -186.016632 358.471283
-182.506900 365.700900 -187.413727 357.927887
-183.830900 364.922700 -188.649307 357.168915
-184.967900 363.901900 -189.766388 356.142273
-185.900600 362.645300 -190.651962 354.846741
-186.575700 361.163300 -191.291901 353.369446
-186.999600 359.497900 -191.687256 351.706726
-187.152300 357.675600 -191.807816 349.915985
-187.206000 355.773500 -191.816208 348.027954
-187.197400 353.800900 -191.768143 346.053406
-187.078300 351.712900 -191.620377 343.971375
-186.904300 349.515700 -191.408783 341.767578
-186.700200 347.199500 -191.170349 339.460999
-186.441500 344.761700 -190.864838 337.005768
-186.138100 342.245600 -190.539230 334.485657
-185.836200 339.600700 -190.198944 331.830597
-185.558800 336.870000 -189.863556 329.095184
-185.300200 334.088400 -189.548859 326.303528
-185.053400 331.295700 -189.255035 323.513947
-184.825700 328.513100 -188.976395 320.729828
-184.626700 325.706700 -188.728073 317.946442
-184.418100 322.895600 -188.460953 315.168518
-184.219300 320.049800 -188.215225 312.318390
-184.077900 317.187100 -188.028732 309.454987
-183.933200 314.300800 -187.824783 306.559143
-183.761600 311.460200 -187.601578 303.735870
-183.601800 308.616200 -187.388885 300.904388
-183.458100 305.794900 -187.187469 298.104523
-183.343100 303.000200 -187.011063 295.330933
-183.261300 300.211900 -186.836868 292.533081
-183.178800 297.450000 -186.674622 289.739380
-183.090500 294.684900 -186.507690 286.963501
-182.927300 291.908300 -186.271729 284.176453
-182.766600 289.099200 -186.040756 281.341492
-182.613800 286.267300 -185.815125 278.510040
-182.441900 283.385600 -185.575851 275.619232
-182.300400 280.490600 -185.360275 272.738739
-182.149900 277.557000 -185.159637 269.805542
-182.001400 274.627800 -184.956802 266.840973
-181.823500 271.689000 -184.715668 263.877838
-181.638500 268.767800 -184.474121 260.942078
-181.424600 265.787800 -184.201492 257.941956
-181.219800 262.838200 -183.925385 254.956390
-181.009300 259.844900 -183.644531 251.945480
-180.770400 256.828000 -183.335861 248.920975
-180.561000 253.860400 -183.057007 245.954956
-180.372700 250.908200 -182.791382 242.995117
-180.191000 247.979500 -182.544678 240.080017
-180.025600 245.104800 -182.318115 237.206711
-179.890000 242.301100 -182.113739 234.401031
-179.765100 239.629200 -181.926117 231.688995
-179.603400 237.077700 -181.699081 229.137848
-179.486600 234.610600 -181.523941 226.649979
-179.426200 232.293500 -181.409225 224.313736
-179.384800 230.153000 -181.313538 222.134521
-179.372900 228.203000 -181.240799 220.160690
-179.353200 226.445600 -181.180283 218.387161
-179.284500 224.889700 -181.065033 216.806030
-179.159500 223.520400 -180.907272 215.432083
-178.892900 222.222300 -180.591705 214.136551
-178.440800 221.019500 -180.088165 212.957458
-177.799300 219.912400 -179.453873 211.939392
-176.993100 218.868700 -178.622177 210.928009
-175.953700 217.908600 -177.526520 209.922607
-174.646400 217.098800 -176.205475 209.087891
-173.037500 216.423500 -174.653748 208.452515
-171.242400 215.987700 -172.877808 208.040817
-169.251700 215.748100 -170.979797 207.864517
-167.160900 215.651300 -168.984848 207.851151
-164.983800 215.579200 -166.833374 207.856339
-162.753200 215.542200 -164.629440 207.898041
-160.419600 215.517400 -162.334351 207.962204
-157.986900 215.494400 -159.941010 208.042099
-155.493900 215.476600 -157.474503 208.145828
-152.924600 215.528800 -154.933228 208.271896
-150.250300 215.556200 -152.279633 208.409393
-147.567100 215.656900 -149.575409 208.554108
-144.855900 215.751900 -146.866547 208.754730
-142.145800 215.896800 -144.178864 208.996887
-139.455100 216.087400 -141.506912 209.297623
-136.768400 216.330800 -138.840378 209.630112
-134.103700 216.562300 -136.219681 209.948792
-131.505400 216.803000 -133.602844 210.269958
-128.992800 217.018200 -131.087372 210.550674
-126.584900 217.191000 -128.679260 210.796387
-124.357100 217.330100 -126.440170 211.006958
-122.326100 217.418900 -124.396423 211.147659
-120.463500 217.466200 -122.522018 211.237320
-118.653600 217.497200 -120.683044 211.298416
-116.849600 217.495900 -118.872917 211.336426
-115.067800 217.514000 -117.065247 211.386795
-113.324000 217.535300 -115.296631 211.425461
-111.616000 217.623100 -113.579987 211.546448
-109.927700 217.875300 -111.887894 211.803650
-108.290900 218.301300 -110.267197 212.212234
-106.749500 218.945400 -108.748291 212.852341
-105.349200 219.793800 -107.336952 213.702835
-104.115500 220.834900 -106.144890 214.732880
-103.036000 222.051200 -105.142860 215.932007
-102.179100 223.400100 -104.357307 217.274261
-101.543200 224.848700 -103.783524 218.692230
-101.115700 226.383800 -103.385941 220.138824
-100.830600 227.968600 -103.122704 221.703140
-100.531100 229.501100 -102.849045 223.209549
-100.252100 231.017900 -102.567131 224.734985
-99.883990 232.463500 -102.210770 226.166290
-99.425550 233.824100 -101.742798 227.478119
-98.775880 234.872900 -101.096870 228.533051
-98.086100 235.806300 -100.414001 229.436249
-97.174270 236.468700 -99.489731 230.158142
-96.254150 236.931100 -98.530350 230.670258
-95.283150 237.358800 -97.510063 231.102066
-94.185080 237.674800 -96.342140 231.415070
-92.955310 237.898800 -95.066467 231.642868
-91.596850 238.102700 -93.674423 231.857895
-90.074690 238.248300 -92.116737 232.020172
-88.387450 238.391700 -90.390968 232.192123
-86.486290 238.540100 -88.528809 232.383362
-84.443490 238.650800 -86.510010 232.575821
-82.253860 238.746800 -84.365677 232.767258
-79.940140 238.872300 -82.072380 232.953964
-77.539590 239.011100 -79.716309 233.121246
-75.087440 239.150700 -77.257278 233.290268
-72.574930 239.313900 -74.753357 233.457016
-69.991910 239.446400 -72.165543 233.600571
-67.351620 239.548800 -69.543175 233.748566
-64.666360 239.657700 -66.912598 233.937622
-61.998030 239.808800 -64.287964 234.143494
-59.311750 239.952600 -61.659172 234.374954
-56.701950 240.109100 -59.089569 234.607147
-54.151130 240.267600 -56.543674 234.828796
-51.625940 240.427100 -54.024181 235.057083
-49.127390 240.564300 -51.550270 235.277435
-46.665870 240.712700 -49.122505 235.517944
-44.240570 240.886300 -46.736595 235.748398
-41.878960 241.088900 -44.361549 235.996933
-39.649020 241.312800 -42.139397 236.246460
-37.552430 241.539400 -40.039143 236.494019
-35.488740 241.743100 -37.973080 236.729919
-33.456700 241.939000 -35.933735 236.944443
-31.533090 242.124800 -33.994484 237.136856
-29.764560 242.287900 -32.216927 237.296265
-28.172420 242.408100 -30.614750 237.423035
-26.747170 242.468900 -29.182835 237.493179
-25.460260 242.473300 -27.889614 237.504425
-24.318710 242.437400 -26.746382 237.479706
-23.324200 242.322300 -25.771324 237.410065
-22.483780 242.186900 -24.935728 237.313019
-21.843230 242.069500 -24.304901 237.212143
-21.357270 241.937100 -23.817348 237.098953
-20.874950 241.791000 -23.336205 236.952240
-20.410090 241.641000 -22.861130 236.793777
-19.938580 241.453200 -22.415169 236.635101
-19.330890 241.150500 -21.800636 236.343887
-18.603550 240.674100 -21.075989 235.910934
-17.817550 240.000300 -20.297913 235.295959
-17.047940 239.130000 -19.506554 234.427322
-16.371440 238.041100 -18.804985 233.329697
-15.819140 236.731500 -18.254318 231.986801
-15.431720 235.164300 -17.853649 230.407654
-15.160930 233.366900 -17.562223 228.620636
-14.985430 231.359800 -17.350996 226.607361
-14.879450 229.166100 -17.224083 224.403137
-14.834570 226.783800 -17.140217 222.016327
-14.805910 224.227300 -17.049480 219.486267
-14.776150 221.503700 -16.960808 216.750687
-14.726190 218.625200 -16.846588 213.881485
-14.646810 215.602400 -16.702076 210.885544
-14.509690 212.459600 -16.514351 207.790192
-14.353480 209.201300 -16.295708 204.551865
-14.179740 205.869600 -16.063070 201.237183
-13.962380 202.478800 -15.782431 197.860184
-13.739120 199.045100 -15.505567 194.441391
-13.514930 195.572200 -15.220910 191.003555
-13.275440 192.054900 -14.918410 187.521378
-13.052000 188.499600 -14.655785 183.972000
-12.854570 184.884700 -14.399068 180.356384
-12.675140 181.220200 -14.160708 176.706253
-12.508030 177.502000 -13.945570 172.984497
-12.341190 173.718700 -13.711102 169.188904
-12.175010 169.898000 -13.497412 165.363815
-12.018250 166.028100 -13.282532 161.475372
-11.841350 162.134100 -13.062496 157.601944
-11.655180 158.220500 -12.823252 153.664261
-11.466580 154.287300 -12.572271 149.762772
-11.281310 150.320000 -12.322854 145.875870
-11.057620 146.379100 -12.062761 142.002426
-10.815240 142.443600 -11.788963 138.151718
-10.570550 138.517900 -11.514469 134.314209
-10.333980 134.639100 -11.233440 130.508560
-10.123240 130.785800 -10.956216 126.730598
-9.914350 127.027500 -10.665482 123.021675
-9.696148 123.395700 -10.393741 119.449303
-9.493383 119.914400 -10.134798 116.013512
-9.310280 116.607700 -9.922434 112.734917
-9.151332 113.442300 -9.711788 109.638184
-9.017561 110.482000 -9.539799 106.696571
-8.888960 107.744800 -9.379062 104.011803
-8.774269 105.222900 -9.243049 101.553780
-8.679794 102.918000 -9.113507 99.299606
-8.504861 100.812800 -8.910671 97.255539
-8.163715 98.919720 -8.562877 95.435020
-7.618518 97.243660 -8.000021 93.813004
-6.858427 95.725240 -7.250328 92.380241
-5.899838 94.392380 -6.311058 91.127388
-4.759829 93.253900 -5.186306 90.084328
-3.450087 92.348760 -3.914261 89.208885
-1.973871 91.691730 -2.470272 88.626251
-0.436803 91.261860 -1.025356 88.269638
1.138073 91.026340 0.496725 88.118217
2.751248 90.881970 2.069930 88.043976
4.431705 90.766140 3.716493 88.013145
6.211745 90.683570 5.485635 87.999779
8.081090 90.578530 7.377531 87.972427
10.076580 90.469280 9.381153 87.942467
12.205890 90.365360 11.615984 87.873375
14.489810 90.290310 13.812731 87.908852
16.910510 90.321490 16.230965 87.997635
19.453620 90.459650 18.763718 88.191849
22.045730 90.671110 21.348866 88.451729
24.644280 90.895340 23.959862 88.734444
27.207850 91.064010 26.534245 88.932320
29.764780 91.130150 29.104507 89.046906
32.287690 91.085550 31.636585 89.046997
34.803420 90.937800 34.162552 88.963844
37.325120 90.728940 36.674313 88.809799
39.896170 90.508470 39.256325 88.658264
42.547960 90.289960 41.927361 88.518814
45.244630 90.097810 44.627750 88.385963
47.943020 89.903610 47.304443 88.265556
50.617990 89.629730 49.987350 88.061615
53.252150 89.185630 52.633392 87.694504
55.814150 88.557720 55.181854 87.143005
58.313300 87.791630 57.688503 86.441696
60.805470 86.920740 60.165707 85.643219
63.322020 85.994100 62.682182 84.777611
65.833720 85.055040 65.170952 83.904655
68.406220 84.080780 67.727997 83.003693
70.998610 83.045350 70.320641 82.021370
73.578520 81.879280 72.912697 80.917130
76.170160 80.586970 75.518295 79.681259
78.819830 79.219290 78.164436 78.370773
81.480420 77.842690 80.818672 77.065018
84.108690 76.469870 83.456131 75.761063
86.695220 75.055290 86.039963 74.420258
89.188920 73.556030 88.541351 72.978149
91.573040 71.968490 90.921005 71.451523
93.850380 70.285940 93.252815 69.830116
96.020560 68.521450 95.439972 68.134995
98.103890 66.740880 97.540321 66.415749
100.107700 65.034010 99.576164 64.760437
101.996900 63.459780 101.482788 63.251785
103.764900 62.070330 103.269623 61.901276
105.408600 60.801050 104.941864 60.668121
107.003200 59.530310 106.551605 59.449684
108.589500 58.247390 108.147224 58.206093
110.134700 56.970520 109.701080 56.974804
111.717500 55.637520 111.296158 55.688412
113.353400 54.247110 112.933952 54.350815
115.077800 52.831180 114.664932 52.985374
116.904200 51.439420 116.506058 51.646450
118.836800 50.054850 118.456017 50.300678
120.853600 48.602090 120.459747 48.897388
122.938000 47.083700 122.602463 47.408257
125.092700 45.485300 124.775070 45.858482
127.330000 43.820780 127.034607 44.248875
129.637600 42.087830 129.358704 42.577072
131.967100 40.344760 131.707214 40.866997
134.297900 38.609850 134.052475 39.191544
136.621900 36.849050 136.388763 37.487320
138.949900 35.131110 138.756165 35.815948
141.293500 33.464730 141.111084 34.180099
143.603900 31.795640 143.471466 32.550079
145.871800 30.121580 145.767792 30.912968
148.133300 28.418200 148.051880 29.256344
150.347600 26.750990 150.279846 27.644180
152.506100 25.137140 152.456085 26.080891
154.521200 23.603510 154.494232 24.605385
156.409800 22.104300 156.419952 23.144981
158.102600 20.729550 158.123352 21.821381
159.605700 19.470090 159.667328 20.612961
161.034400 18.328640 161.100983 19.540207
162.527500 17.369930 162.582977 18.623917
164.102000 16.690040 164.140244 17.995537
165.725700 16.231240 165.757065 17.561295
167.465400 15.980230 167.491486 17.354185
169.275300 15.912810 169.295761 17.294487
171.157200 15.957740 171.158081 17.334047
173.098700 15.972680 173.107925 17.348570
175.120500 15.945180 175.105774 17.328039
177.167200 15.872150 177.146240 17.273676
179.305300 15.756280 179.271851 17.183186
181.477000 15.604010 181.420959 17.041761
183.703700 15.412020 183.656097 16.878454
185.980700 15.238130 185.921066 16.723179
188.280500 15.072990 188.218002 16.592640
190.577500 14.896800 190.533157 16.444790
192.894300 14.714610 192.869080 16.313137
195.244200 14.510220 195.220581 16.154308
197.633500 14.283820 197.609100 15.983283
200.090000 14.030130 200.062943 15.775631
202.592100 13.785300 202.553528 15.567362
205.104900 13.534110 205.063095 15.355412
207.640700 13.310070 207.592529 15.180750
210.148900 13.111090 210.083450 15.031324
212.697300 12.915740 212.653976 14.880116
215.224700 12.737830 215.169617 14.733605
217.808000 12.513180 217.744827 14.552111
220.389500 12.282700 220.325775 14.348915
223.037500 12.068550 222.994843 14.156442
225.699900 11.872960 225.646774 14.009542
228.380800 11.657570 228.333313 13.827923
231.063800 11.400770 231.011215 13.622103
233.768800 11.157120 233.726624 13.425217
236.452700 10.908570 236.427597 13.228592
239.115400 10.628320 239.095123 12.994516
241.756200 10.390980 241.753464 12.790169
244.376200 10.177670 244.416031 12.592833
246.942400 9.977031 247.018509 12.425684
249.503100 9.796410 249.619232 12.286700
251.962400 9.616742 252.112640 12.156218
254.329800 9.452561 254.462997 12.036321
256.557200 9.297183 256.672607 11.926476
258.681500 9.140396 258.801147 11.805198
260.487900 8.870715 260.818298 11.652336
262.171000 8.558198 262.722504 11.438557
263.852900 8.246051 264.519440 11.156643
265.533700 7.934305 266.145966 10.841007
267.212200 7.623220 267.589355 10.515049
268.719700 7.309828 268.841309 10.217937
269.768600 7.040605 269.894257 9.975731
270.654800 6.869143 270.769135 9.827576
271.433400 6.780906 271.561920 9.755993
272.188300 6.798910 272.324402 9.804907
272.939800 6.915555 273.088135 9.917665
273.674100 7.139266 273.761536 10.169720
274.435500 7.486302 274.481934 10.556801
275.206100 8.021776 275.215393 11.065399
275.841400 9.123003 275.877594 11.841492
276.399700 10.403880 276.524841 12.830292
276.938800 11.672800 277.009247 13.991447
277.461700 12.927990 277.430237 15.384048
277.969300 14.165350 277.829193 16.984337
278.402000 15.600760 278.162689 18.790604
278.675500 17.540870 278.381805 20.785585
278.887100 19.689590 278.528564 22.967495
279.050300 22.004090 278.644257 25.330614
279.153100 24.513040 278.722290 27.844294
279.310000 27.147550 278.837372 30.508999
279.492000 29.910160 278.982971 33.312836
279.682000 32.722430 279.151123 36.148155
279.891600 35.618700 279.349396 39.043762
280.117300 38.587970 279.548645 42.003597
280.340800 41.563150 279.744263 44.980087
280.553900 44.602790 279.921204 48.031078
280.757500 47.669170 280.095001 51.078239
280.966700 50.717990 280.268066 54.100220
281.189800 53.763250 280.453125 57.114712
281.387500 56.840290 280.640198 60.147560
281.609200 59.915920 280.833923 63.171093
281.892800 62.993940 281.080505 66.198799
282.168100 66.061440 281.316711 69.245171
282.386200 69.137860 281.494720 72.294922
282.581400 72.205720 281.668884 75.304726
282.741100 75.260420 281.826080 78.351601
282.945600 78.300480 282.001495 81.371140
283.185400 81.322840 282.193176 84.369835
283.441700 84.363870 282.403381 87.393051
283.683800 87.353300 282.608582 90.374481
283.940100 90.352150 282.832642 93.390236
284.231300 93.355260 283.102478 96.399750
284.541900 96.345100 283.387329 99.398827
284.938000 99.320580 283.757782 102.368004
285.395000 102.259500 284.179962 105.306450
285.844100 105.163200 284.600677 108.211494
286.321900 108.053700 285.020416 111.076485
286.793800 110.912200 285.479919 113.961166
287.216900 113.736500 285.867065 116.753075
287.630900 116.518500 286.242554 119.534233
288.058700 119.219300 286.636230 122.248199
288.448800 121.780900 286.975403 124.838188
288.846400 124.280600 287.328430 127.328873
289.285300 126.630100 287.724915 129.704727
289.743500 128.835400 288.148590 131.909393
290.213000 130.821100 288.589539 133.903793
290.683600 132.626000 289.029236 135.719910
291.166200 134.262000 289.476196 137.371811
291.580800 135.832500 289.872681 138.960815
291.961700 137.426400 290.222717 140.557159
292.194000 139.020100 290.448578 142.150604
292.237900 140.604400 290.464050 143.719162
291.762300 142.158200 290.234894 145.301270
290.662500 143.578100 289.755493 146.809723
289.562400 144.964600 288.973816 148.307541
288.468100 146.318100 287.876556 149.656693
287.386000 147.641500 286.513123 150.841400
286.399400 148.976200 284.929230 151.853012
284.571900 149.919400 283.104309 152.755936
282.598600 150.835500 281.127197 153.668427
280.553400 151.805400 279.081177 154.624756
278.418500 152.847000 276.933929 155.640686
276.187000 153.972900 274.707520 156.731171
273.848800 155.201700 272.367188 157.922150
271.423500 156.516000 269.914032 159.195160
268.909500 157.880900 267.377258 160.504761
266.393100 159.278800 264.835754 161.855865
263.831700 160.712200 262.285950 163.259064
261.343100 162.229400 259.780212 164.740387
258.927700 163.839100 257.351105 166.294830
256.567900 165.515700 254.969894 167.925613
254.220600 167.219800 252.611511 169.583893
251.812400 168.915300 250.189209 171.228607
249.342900 170.564800 247.686096 172.816483
246.829700 172.171100 245.134598 174.354034
244.268800 173.728400 242.546936 175.863403
241.687800 175.211100 239.947540 177.295288
239.066600 176.646400 237.320831 178.668350
236.435100 178.027700 234.662689 179.987183
233.828600 179.391700 232.051575 181.283081
231.251200 180.752600 229.469360 182.579803
228.707700 182.113100 226.912460 183.888596
226.214900 183.484500 224.401184 185.208069
223.769900 184.811700 221.944321 186.480179
221.367300 186.107100 219.519348 187.724289
219.059200 187.344000 217.178558 188.911987
216.843700 188.521200 214.945404 190.041321
214.730300 189.612200 212.817108 191.092865
212.761600 190.600600 210.839935 192.043777
210.934100 191.518800 208.991364 192.921219
209.293500 192.364900 207.328033 193.727936
207.831400 193.113300 205.842560 194.449036
206.576700 193.798300 204.572922 195.103134
205.539900 194.395600 203.501312 195.685272
204.729700 194.901600 202.667114 196.172134
204.122300 195.321500 202.046997 196.590851
203.546300 195.745200 201.470474 196.984207
203.042900 196.282400 200.900879 197.411407
202.515700 196.788100 200.324463 197.834579
201.945400 197.325500 199.736221 198.315048
201.195300 198.000000 198.961166 198.948685
200.227400 198.808500 197.966583 199.729660
199.076800 199.760000 196.795074 200.649246
197.730700 200.791700 195.426971 201.641373
196.253000 201.872000 193.950378 202.684082
194.623700 202.967100 192.308426 203.735992
192.619800 204.117900 190.527222 204.825485
190.615300 205.269000 188.598114 205.910004
188.611600 206.419500 186.577866 207.015213
186.608000 207.569800 184.484665 208.128799
184.604500 208.720100 182.308487 209.268387
182.452000 209.923800 180.053253 210.437622
180.162600 211.202300 177.739822 211.697311
177.855000 212.473600 175.402740 212.941818
175.554100 213.761200 173.086151 214.186295
173.260900 215.031900 170.774948 215.424622
171.006800 216.296100 168.505096 216.643021
168.770100 217.549300 166.253998 217.838745
166.635700 218.725900 164.089752 218.976288
164.640400 219.823800 162.068192 220.034271
162.800000 220.792300 160.208618 220.960159
161.109900 221.618400 158.505890 221.742340
159.510500 222.334400 156.894089 222.413574
157.845500 222.860900 155.230988 222.928680
156.181300 223.202900 153.560196 223.232574
154.511100 223.364000 151.922607 223.334778
152.786900 223.350100 150.206787 223.275070
150.969000 223.245000 148.374664 223.131912
149.048400 223.060600 146.450165 222.924805
146.999200 222.886700 144.389740 222.720703
144.811400 222.709100 142.187881 222.509293
142.452400 222.507300 139.834381 222.271530
139.985700 222.307100 137.344864 222.031937
137.342300 222.162600 134.664047 221.859894
134.568800 222.029900 131.892502 221.691116
131.695500 221.932100 128.994629 221.548065
128.711000 221.803000 125.962425 221.370209
125.647300 221.650100 122.883354 221.170502
122.615400 221.500000 119.836014 220.973862
119.543800 221.309500 116.779327 220.741974
116.511500 221.102100 113.734215 220.490997
113.516800 220.903600 110.748444 220.242432
110.545200 220.708000 107.773911 220.008606
107.636200 220.532300 104.868759 219.791702
104.717200 220.373700 101.941551 219.597580
101.840600 220.218600 99.058990 219.396652
98.994700 220.067300 96.207733 219.209473
96.181550 219.895100 93.417221 218.994629
93.438620 219.686500 90.681786 218.753235
90.855460 219.500600 88.068695 218.498322
88.388610 219.326300 85.588524 218.253677
86.123680 219.157800 83.296539 218.034821
84.049970 219.045300 81.202415 217.885056
82.152880 219.016300 79.276260 217.804382
80.388010 219.115100 77.507378 217.860764
78.664760 219.366200 75.764748 218.057449
77.016290 219.796000 74.114433 218.450714
75.461480 220.446100 72.520889 219.056274
74.069090 221.411200 71.057999 219.972763
72.862850 222.604000 69.854530 221.151672
71.841850 224.015300 68.800232 222.491180
71.023420 225.699900 67.993797 224.132965
70.421670 227.540000 67.338928 225.956451
70.034550 229.518400 66.912964 227.906952
69.813760 231.610700 66.699745 229.972870
69.670080 233.800300 66.543633 232.172150
69.603690 236.022800 66.443512 234.446487
69.545910 238.342600 66.344063 236.794525
69.499400 240.719700 66.247147 239.186096
69.469400 243.192800 66.161156 241.638489
69.384530 245.776400 66.034531 244.193588
69.232580 248.432800 65.832520 246.856445
69.094640 251.146000 65.647484 249.551300
68.950990 253.982700 65.462257 252.357285
68.811860 256.917100 65.272682 255.288589
68.650580 259.920100 65.097473 258.278595
68.462200 263.082100 64.899544 261.394684
68.288560 266.252800 64.694069 264.512634
68.096650 269.464100 64.475151 267.679169
67.903830 272.683000 64.247284 270.868866
67.721470 275.872400 64.024956 274.046936
67.525460 279.043300 63.785202 277.207489
67.317450 282.219100 63.544842 280.323364
67.111650 285.343500 63.299728 283.428986
66.901350 288.508400 63.074821 286.528900
66.688140 291.652400 62.844162 289.586609
66.478800 294.782200 62.612526 292.669495
66.289190 297.878200 62.418655 295.681274
66.078070 300.944500 62.171806 298.718292
65.826270 304.008500 61.908413 301.739899
65.573590 307.018200 61.639595 304.694214
65.274710 310.032300 61.327023 307.653778
64.924470 313.030600 60.967819 310.589905
64.540610 315.995300 60.548256 313.547852
64.089990 318.947600 60.067207 316.435059
63.671720 321.903700 59.630482 319.349060
63.304260 324.895900 59.241344 322.290771
62.967580 327.898100 58.884426 325.248474
62.699080 330.909200 58.592709 328.223297
62.553590 333.929000 58.369400 331.231750
62.402330 336.963400 58.133453 334.272247
62.266570 340.021300 57.923687 337.311676
62.116500 343.035800 57.732727 340.286469
61.993500 346.032900 57.561729 343.313263
61.866370 348.989100 57.389931 346.259216
61.760870 351.857800 57.232025 349.103333
61.679290 354.611700 57.090042 351.854126
61.586300 357.261400 56.946587 354.491425
61.550600 359.776900 56.865517 356.997253
61.577240 362.145700 56.851593 359.362152
61.603020 364.290800 56.841187 361.518982
61.628690 366.323100 56.834351 363.551605
61.649880 368.352400 56.822746 365.578461
61.624730 370.355800 56.754524 367.565857
61.511180 372.339500 56.595306 369.516083
61.271590 374.388200 56.306572 371.537323
60.966710 376.528400 55.948082 373.668427
60.637150 378.796200 55.578194 375.905426
60.324540 381.208000 55.222546 378.298248
60.065570 383.741300 54.909729 380.799408
59.884830 386.413700 54.699966 383.444092
59.789830 389.195600 54.553642 386.201477
59.765420 392.106700 54.459381 389.113586
59.766400 395.121300 54.380211 392.132996
59.728620 398.268800 54.268215 395.263397
59.673270 401.492900 54.146965 398.467041
59.575390 404.694600 53.980175 401.656616
59.425140 407.916600 53.764950 404.865112
59.267000 411.104300 53.540844 408.045807
59.084670 414.257800 53.308029 411.195740
58.913680 417.417100 53.084915 414.338959
58.748810 420.528100 52.862625 417.447388
58.574140 423.604200 52.653618 420.496307
58.437200 426.635400 52.476692 423.518829
58.286850 429.523300 52.280075 426.404510
58.117570 432.280500 52.062145 429.166992
57.924100 434.902000 51.809929 431.783844
57.663190 437.382700 51.535599 434.236938
57.368250 439.710400 51.205147 436.590759
57.036690 441.889000 50.842514 438.753387
56.656850 443.874800 50.441612 440.730286
56.323860 445.645400 50.076775 442.506714
56.148660 447.270100 49.897800 444.107391
56.616130 448.530800 49.956093 445.613251
57.333540 449.649800 50.268257 446.920258
58.025620 450.723300 50.875931 448.083588
58.683230 451.752100 51.707458 449.052002
59.300760 452.745900 52.710602 449.843323
60.051910 453.493100 53.785477 450.373566
61.232100 453.863600 54.996124 450.753357
62.575150 454.072200 56.311119 450.943054
64.075560 454.193600 57.787697 451.060638
65.729870 454.237800 59.436234 451.118805
67.536180 454.320400 61.226059 451.231781
69.481920 454.413600 63.153275 451.359222
71.568440 454.517900 65.223785 451.514954
73.783230 454.637300 67.426361 451.696594
76.158670 454.789800 69.776657 451.914703
78.646770 454.943100 72.242668 452.137177
81.225870 455.115600 74.792892 452.376740
83.916780 455.302300 77.457718 452.630127
86.702020 455.456700 80.227814 452.859009
89.526350 455.578300 83.037689 453.060516
92.412350 455.733700 85.874268 453.285797
95.328570 455.895400 88.764328 453.525146
98.249890 456.054300 91.668182 453.769409
101.184100 456.224200 94.570229 453.993835
104.093100 456.393100 97.474014 454.221893
106.998900 456.525600 100.354523 454.429779
109.897200 456.654500 103.229614 454.619537
112.749700 456.816600 106.065613 454.842834
115.610200 456.965500 108.917618 455.069031
118.400100 457.099300 111.705589 455.275482
121.145900 457.258900 114.445892 455.496735
123.876500 457.448100 117.162689 455.742584
126.583800 457.666500 119.861893 456.018951
129.241600 457.972700 122.510925 456.380798
131.877300 458.360200 125.123795 456.836609
134.472300 458.810900 127.690186 457.346954
137.047800 459.328100 130.243011 457.915710
139.578900 459.909300 132.744522 458.532593
142.082300 460.548100 135.227875 459.230103
144.536100 461.240400 137.684570 459.989502
146.935100 462.035700 140.061493 460.836670
149.323900 462.890800 142.430038 461.726318
151.645200 463.789700 144.732681 462.664154
153.953700 464.746000 147.011414 463.665314
156.216300 465.719100 149.256989 464.701172
158.442000 466.755000 151.453262 465.788330
160.610800 467.844100 153.595718 466.950012
162.721500 468.976400 155.665131 468.132538
164.765200 470.136200 157.680817 469.355652
166.772400 471.335900 159.635086 470.606995
168.632200 472.526000 161.459885 471.859894
170.346500 473.697400 163.136459 473.082214
171.909300 474.797000 164.664734 474.215393
173.302800 475.783300 166.040802 475.246155
174.556500 476.625400 167.305908 476.096436
175.656700 477.273900 168.422272 476.754822
176.667400 477.791400 169.446793 477.280640
177.693700 478.199200 170.472961 477.718719
178.769200 478.445200 171.556091 477.990234
179.820200 478.560500 172.598999 478.129486
180.911200 478.531600 173.717636 478.124390
182.068600 478.323700 174.874847 477.942566
183.262200 477.935100 176.098831 477.562683
184.488300 477.285200 177.363464 476.911316
185.759400 476.306800 178.686066 475.931030
187.077400 475.006900 180.044708 474.652527
188.478700 473.464500 181.455078 473.144653
189.953700 471.703500 182.974442 471.408997
191.518900 469.725200 184.571198 469.493896
193.208300 467.608400 186.299194 467.413818
195.017400 465.320900 188.143082 465.158325
196.863700 462.933100 190.022797 462.816528
198.729100 460.522700 191.926926 460.477844
200.614200 458.121400 193.852005 458.123596
202.510500 455.730200 195.776688 455.799500
204.411000 453.358300 197.730545 453.491516
206.321800 451.001000 199.669830 451.186157
208.222000 448.665100 201.599884 448.938324
210.114400 446.337900 203.518265 446.669861
211.976500 444.014500 205.423843 444.402954
213.836200 441.706600 207.313492 442.149017
215.683700 439.420500 209.204559 439.934235
217.555600 437.143300 211.115585 437.717651
219.471300 434.824100 213.077118 435.462311
221.450500 432.447100 215.120575 433.146545
223.466700 430.017100 217.207306 430.773254
225.486700 427.604100 219.278351 428.369324
227.506500 425.191500 221.362686 425.968567
229.526100 422.779100 223.425659 423.607086
231.545400 420.367100 225.487335 421.288330
233.564400 417.955300 227.547028 418.990692
235.559300 415.588300 229.567215 416.741638
237.436800 413.389000 231.487213 414.575897
238.780200 411.507400 233.265503 412.542786
239.937800 409.690800 234.851379 410.646667
241.095100 407.877000 236.190277 408.884247
242.251200 406.068000 237.237213 407.228119
243.408000 404.262500 237.984161 405.593201
244.011000 402.484000 238.389114 403.889282
244.001400 400.839200 238.419403 402.197998
243.616800 399.284000 238.068085 400.626984
242.890100 397.828700 237.375259 399.123749
241.873600 396.462000 236.406448 397.726868
240.631500 395.201500 235.179016 396.418243
239.221600 394.033800 233.789810 395.201416
237.618600 392.957600 232.186584 394.067139
235.793400 391.994800 230.359131 393.070068
233.764600 391.138800 228.323914 392.188049
231.526900 390.407500 226.087845 391.434662
229.101900 389.773400 223.642456 390.744934
226.502900 389.204300 221.038330 390.107819
223.725900 388.759000 218.239838 389.598999
220.797800 388.372500 215.291382 389.143433
217.710700 387.983400 212.190292 388.710083
214.530600 387.607200 208.989227 388.287628
211.281800 387.245500 205.743225 387.873962
207.989900 386.906600 202.458282 387.478760
204.658000 386.595500 199.113251 387.113159
201.286800 386.304300 195.746658 386.746918
197.918900 386.031200 192.368439 386.432709
194.555800 385.786300 189.002548 386.145691
191.207200 385.554600 185.665039 385.876953
187.886200 385.358400 182.336761 385.616455
184.599200 385.187900 179.060410 385.377136
181.348200 385.028900 175.804749 385.163300
178.125300 384.880300 172.576950 384.946594
174.940200 384.732200 169.413086 384.731873
171.787000 384.605200 166.270813 384.512207
168.667500 384.479200 163.187973 384.317566
165.610000 384.375800 160.161514 384.133881
162.651900 384.300900 157.212067 384.001404
159.841600 384.253100 154.419540 383.887726
157.212800 384.244100 151.798492 383.810974
154.757500 384.238100 149.353806 383.732849
152.465500 384.177300 147.068817 383.617065
150.349500 384.033300 144.987961 383.408813
148.462800 383.774700 143.146790 383.117493
146.861800 383.342900 141.585907 382.618744
145.493000 382.652100 140.282089 381.910461
144.342900 381.710300 139.182037 380.980804
143.476000 380.548800 138.344101 379.784271
142.885900 379.215000 137.777222 378.432220
142.512900 377.743300 137.416718 376.955536
142.317800 376.136600 137.260635 375.370453
142.188100 374.395800 137.166916 373.685913
142.147200 372.567400 137.153976 371.872772
142.122900 370.607400 137.169785 369.938812
142.117600 368.494900 137.188324 367.843842
142.130800 366.233800 137.239395 365.593414
142.204400 363.814600 137.340698 363.190521
142.299400 361.231000 137.491196 360.616211
142.415300 358.474700 137.663193 357.860291
142.582500 355.558100 137.905396 354.962585
142.739700 352.539000 138.143112 351.964722
142.891900 349.439100 138.350372 348.880737
143.064500 346.281300 138.583069 345.725311
143.227100 343.091000 138.808868 342.543091
143.425200 339.887400 139.069946 339.354614
143.616200 336.700500 139.328644 336.183807
143.795900 333.502200 139.556122 333.002075
144.005700 330.337500 139.811447 329.847534
144.230000 327.130600 140.053619 326.659698
144.419100 323.896200 140.264969 323.448547
144.587400 320.591100 140.473724 320.176697
144.754600 317.239000 140.687744 316.862885
144.941900 313.833000 140.911011 313.518738
145.157300 310.363000 141.161575 310.098724
145.368500 306.861100 141.396729 306.637787
145.569800 303.322100 141.619186 303.125153
145.779600 299.781500 141.849121 299.605560
145.995800 296.224300 142.097778 296.061157
146.232800 292.723700 142.361755 292.573914
146.466500 289.221500 142.625778 289.088623
146.685200 285.746000 142.914230 285.626984
146.893800 282.281200 143.177551 282.199707
147.103700 278.834100 143.447250 278.762604
147.309200 275.380000 143.704285 275.338776
147.469000 272.014900 143.916382 271.965790
147.644100 268.640500 144.135834 268.602295
147.828000 265.287400 144.379944 265.276428
148.018700 262.011300 144.617584 262.015717
148.191600 258.776500 144.828354 258.793854
148.362500 255.568000 145.028854 255.572098
148.542700 252.484800 145.247498 252.491379
148.699400 249.530100 145.441711 249.542526
148.855100 246.697000 145.628021 246.733078
149.012000 244.059600 145.836273 244.096771
149.177500 241.565300 146.049011 241.597488
149.354100 239.240800 146.270096 239.261414
149.518500 237.141100 146.473999 237.166626
149.688400 235.241100 146.674042 235.271698
149.831600 233.536700 146.841141 233.559158
149.906300 232.004900 146.949036 232.019821
149.838700 230.619900 146.912094 230.618332
149.635100 229.344100 146.739517 229.305283
149.241300 228.150200 146.366486 228.124512
148.716100 227.039600 145.859940 226.984192
148.000700 226.008200 145.163757 225.885269
147.075700 225.048900 144.250793 224.904099
145.937600 224.217300 143.144318 224.008759
144.564400 223.496400 141.814484 223.248596
143.010800 222.963900 140.282349 222.663208
141.316600 222.568700 138.599731 222.220932
139.454500 222.334500 136.759338 221.924744
137.425000 222.166300 134.769714 221.694656
135.205500 222.050100 132.579514 221.522202
132.804000 221.961500 130.201614 221.350082
130.267400 221.919300 127.631859 221.232574
127.508700 221.882500 124.838753 221.088547
124.622700 221.854300 121.955940 220.917007
121.664000 221.830100 119.005737 220.781906
118.657200 221.763300 116.001740 220.613861
115.641600 221.685500 113.019318 220.400314
112.627300 221.570300 110.022926 220.168610
109.673500 221.356100 107.062851 219.926208
106.754900 221.166500 104.149414 219.690918
103.815900 220.977200 101.222534 219.468674
100.933900 220.822800 98.329666 219.248901
98.075460 220.656000 95.495605 219.049057
95.253020 220.487500 92.679962 218.830078
92.486910 220.344500 89.941841 218.591171
89.875370 220.223200 87.341675 218.375977
87.458400 220.103100 84.927422 218.175171
85.308900 219.940400 82.756157 218.004410
83.404740 219.814900 80.838867 217.889359
81.811460 219.719400 79.217537 217.826767
80.386560 219.682400 77.772797 217.801178
79.003730 219.767200 76.381157 217.852264
77.660700 220.007600 75.046402 218.050720
76.371580 220.406400 73.746284 218.377319
75.155860 220.960300 72.531837 218.856796
74.011040 221.726500 71.384903 219.577972
72.923470 222.715600 70.262733 220.506714
71.978870 223.872400 69.293060 221.604156
71.184520 225.266700 68.497284 222.884979
70.559680 226.755300 67.868835 224.273163
70.106430 228.212400 67.405151 225.754807
69.780350 229.717400 67.078384 227.255417
69.611080 231.273600 66.900833 228.797791
69.507330 232.885000 66.783920 230.386414
69.413710 234.508900 66.666885 232.002380
69.343880 236.144900 66.580933 233.604050
69.165330 237.775100 66.392403 235.184418
68.850580 239.377200 66.070343 236.725677
68.411010 240.827300 65.568954 238.140656
67.727420 242.111200 64.841599 239.405273
66.803100 243.182900 63.893829 240.508759
65.701790 244.107800 62.759285 241.444229
64.448250 244.782200 61.517517 242.091904
63.080800 245.260000 60.129189 242.557388
61.580750 245.474700 58.610077 242.753479
60.021940 245.545100 57.060188 242.777512
58.373630 245.501300 55.435959 242.701645
56.557790 245.387700 53.648460 242.604034
54.575700 245.267600 51.688332 242.485733
52.422320 245.171900 49.529179 242.374191
50.087930 245.081900 47.200027 242.256805
47.581640 245.008900 44.691021 242.141861
44.918970 244.937600 42.026993 241.994385
42.122820 244.817200 39.209103 241.814194
39.164720 244.672400 36.241257 241.612335
36.057060 244.510700 33.110485 241.393066
32.840100 244.318200 29.886305 241.142181
29.595440 244.119000 26.633650 240.876831
26.356030 243.938500 23.397051 240.645996
23.136280 243.778100 20.157473 240.431808
19.923890 243.574600 16.935652 240.173279
16.771670 243.333700 13.776253 239.879822
13.661940 243.082500 10.696373 239.571503
10.666390 242.818300 7.723017 239.253860
7.814747 242.555200 4.893045 238.964371
5.139292 242.325200 2.222569 238.702164
2.679849 242.118700 -0.218092 238.464783
0.450309 241.930700 -2.439068 238.251572
-1.528966 241.776000 -4.412423 238.066544
-3.228819 241.670700 -6.109029 237.943756
-4.618300 241.633500 -7.478715 237.882797
-5.727634 241.635600 -8.581334 237.877274
-6.594910 241.676300 -9.441272 237.911072
-7.316062 241.736500 -10.163826 237.966782
-7.999830 241.824600 -10.840927 238.055893
-8.668434 241.971800 -11.490456 238.202271
-9.310473 242.159800 -12.120823 238.377502
-10.040280 242.489600 -12.847855 238.689514
-10.900630 242.986700 -13.699066 239.148178
-11.788840 243.696900 -14.600647 239.822479
-12.605680 244.629900 -15.450653 240.731415
-13.325190 245.805400 -16.219467 241.910629
-13.876090 247.212100 -16.791512 243.372543
-14.262280 248.903900 -17.179214 245.078110
-14.456720 250.843200 -17.377483 247.010254
-14.534350 252.994100 -17.467134 249.183456
-14.597030 255.350200 -17.553883 251.554504
-14.667090 257.910700 -17.651569 254.110596
-14.735990 260.649600 -17.761147 256.855316
-14.849520 263.575900 -17.918938 259.773651
-14.957480 266.729800 -18.093853 262.929321
-15.059630 270.015600 -18.260326 266.215851
-15.182710 273.477200 -18.460711 269.650238
-15.303150 277.021400 -18.672653 273.178101
-15.440230 280.658500 -18.887091 276.787903
-15.590580 284.351600 -19.110168 280.456940
-15.764490 288.068200 -19.365358 284.115051
-15.946800 291.811700 -19.625349 287.822235
-16.099940 295.543400 -19.851473 291.539642
-16.260060 299.308400 -20.080505 295.294708
-16.425310 303.105800 -20.322887 299.061249
-16.590140 306.893300 -20.552917 302.819153
-16.756680 310.705900 -20.786251 306.597198
-16.910250 314.536100 -21.018938 310.382446
-17.062160 318.371600 -21.262476 314.183838
-17.211700 322.183300 -21.522989 318.001923
-17.359600 325.995800 -21.781279 321.786682
-17.503240 329.777900 -22.025015 325.564362
-17.652950 333.537700 -22.250237 329.314392
-17.803470 337.274400 -22.475229 333.018982
-17.965510 340.928300 -22.704370 336.643036
-18.139020 344.467400 -22.949207 340.159607
-18.309560 347.827300 -23.186949 343.519196
-18.498430 351.069300 -23.421545 346.736542
-18.657830 354.177800 -23.629322 349.843384
-18.779270 357.113600 -23.797752 352.788452
-18.870160 359.864000 -23.932844 355.532043
-18.946200 362.402300 -24.048557 358.045929
-18.990920 364.711200 -24.151279 360.342255
-19.050610 366.784400 -24.237417 362.372498
-19.150770 368.599600 -24.369650 364.160675
-19.288630 370.232600 -24.549795 365.768158
-19.600770 371.746300 -24.885139 367.202240
-20.181060 373.134000 -25.486465 368.522003
-21.046240 374.352900 -26.277023 369.606537
-22.127780 375.353800 -27.342880 370.561523
-23.457040 376.098400 -28.637421 371.249146
-24.934490 376.556700 -30.123955 371.656281
-26.555040 376.670400 -31.728275 371.700470
-28.276760 376.521700 -33.419914 371.488647
-30.056280 376.231600 -35.194336 371.141510
-31.975970 375.881500 -37.099243 370.766113
-34.041570 375.538800 -39.135750 370.400726
-36.312400 375.174700 -41.383831 369.995026
-38.740670 374.815500 -43.793552 369.583923
-41.349510 374.513500 -46.385658 369.230347
-44.097790 374.260800 -49.144661 368.951569
-47.011360 374.040700 -52.056343 368.714447
-50.040150 373.823900 -55.088486 368.449127
-53.185680 373.618900 -58.218323 368.197632
-56.406270 373.421900 -61.443413 367.951508
-59.653410 373.251300 -64.678253 367.720947
-62.943060 373.083600 -67.946007 367.488159
-66.219570 372.909300 -71.218208 367.247284
-69.486870 372.732000 -74.494049 366.983490
-72.726120 372.532900 -77.733597 366.719788
-75.949990 372.348800 -80.954483 366.457184
-79.132360 372.198800 -84.141907 366.238770
-82.276670 372.085900 -87.289917 366.047424
-85.318380 372.021300 -90.343712 365.906555
-88.202870 371.999200 -93.233330 365.816376
-90.927450 371.989600 -95.962280 365.734863
-93.555550 371.974900 -98.600449 365.656647
-96.169310 371.894100 -101.214134 365.507111
-98.735200 371.699400 -103.768845 365.259003
-101.335900 371.405700 -106.365150 364.903503
-104.006100 371.090100 -109.027885 364.521759
-106.771100 370.792200 -111.793472 364.162415
-109.682200 370.477800 -114.687469 363.793732
-112.739100 370.228500 -117.741791 363.488220
-115.931600 370.036400 -120.930511 363.216675
-119.286600 369.828600 -124.265991 362.952393
-122.729500 369.724600 -127.703415 362.771881
-126.288700 369.671200 -131.266113 362.637207
-129.839700 369.662300 -134.812500 362.549347
-133.385600 369.650900 -138.349106 362.454407
-136.894400 369.634000 -141.863083 362.367950
-140.398100 369.514400 -145.352631 362.163849
-143.862100 369.340500 -148.828552 361.921753
-147.327600 369.166400 -152.281647 361.683380
-150.737000 368.971100 -155.676666 361.413879
-154.158600 368.781900 -159.098923 361.161713
-157.533900 368.539100 -162.451050 360.851776
-160.863100 368.281900 -165.780975 360.521271
-164.185700 368.025000 -169.094757 360.197601
-167.432800 367.748600 -172.355164 359.876678
-170.642400 367.488400 -175.566940 359.555084
-173.841400 367.227100 -178.763565 359.240692
-177.023700 366.951400 -181.923645 358.906677
-180.244500 366.730400 -185.141174 358.621613
-183.473900 366.580900 -188.352814 358.395874
-186.744800 366.472000 -191.580215 358.234283
-190.033500 366.367300 -194.844116 358.054932
-193.355400 366.250500 -198.119461 357.852783
-196.716900 366.188600 -201.477081 357.713501
-200.121200 366.182600 -204.879990 357.641571
-203.540500 366.199800 -208.282532 357.572418
-206.952700 366.227500 -211.676056 357.531342
-210.347900 366.285500 -215.046066 357.507904
-213.706200 366.365900 -218.404831 357.506012
-217.009500 366.481900 -221.700470 357.544006
-220.179700 366.654500 -224.867477 357.640808
-223.191200 366.879000 -227.882309 357.797882
-226.097000 367.114900 -230.797516 357.969482
-228.814800 367.345400 -233.540344 358.149292
-231.386300 367.584000 -236.113998 358.332916
-233.712600 367.887700 -238.449860 358.585815
-235.782000 368.275800 -240.521332 358.923889
-237.675400 368.737900 -242.406113 359.349518
-239.369400 369.206200 -244.124420 359.782837
-240.923900 369.617600 -245.691040 360.163269
-242.343700 369.946600 -247.123764 360.461548
-243.617800 370.200700 -248.417297 360.689880
-244.859400 370.340600 -249.648071 360.796051
-246.077300 370.391700 -250.859741 360.824982
-247.267700 370.379800 -252.040314 360.784607
-248.493500 370.333700 -253.260681 360.715149
-249.783700 370.306600 -254.542831 360.660400
-251.078800 370.299200 -255.833694 360.633789
-252.358200 370.349900 -257.121979 360.653198
-253.632100 370.436500 -258.392029 360.715118
-254.850600 370.581800 -259.624786 360.832184
-255.940600 370.729900 -260.716644 360.959229
-256.915700 370.895600 -261.696014 361.122314
-257.880300 371.026600 -262.660156 361.234467
-258.825300 371.074700 -263.595978 361.270691
-259.790200 371.036700 -264.559479 361.236572
-260.853800 370.865000 -265.613647 361.043823
-261.981300 370.525600 -266.731140 360.686554
-263.149900 369.955400 -267.888763 360.099548
-264.334300 369.128800 -269.054962 359.264465
-265.453200 367.983800 -270.152222 358.101837
-266.451000 366.525200 -271.149048 356.620483
-267.251800 364.723800 -271.902618 354.855164
-267.949500 362.709300 -272.534760 352.860046
-268.506500 360.485200 -273.028076 350.656311
-268.941500 358.026800 -273.396576 348.194275
-269.220400 355.348600 -273.599792 345.528442
-269.448800 352.477300 -273.746582 342.663696
-269.718000 349.407100 -273.921204 339.606079
-269.985700 346.177700 -274.092499 336.371246
-270.257600 342.841000 -274.244781 333.039154
-270.518100 339.408900 -274.392700 329.600159
-270.754500 335.850800 -274.509216 326.039337
-270.955500 332.279200 -274.578583 322.468140
-271.100700 328.699800 -274.611145 318.923187
-271.205200 325.126400 -274.604980 315.364563
-271.267700 321.587300 -274.544037 311.828613
-271.275200 318.070500 -274.435089 308.334717
-271.222900 314.582000 -274.264832 304.856476
-271.120000 311.120600 -274.043427 301.423523
-270.978000 307.683800 -273.774780 298.005524
-270.782700 304.265600 -273.472443 294.618469
-270.528600 300.853100 -273.117004 291.228119
-270.242000 297.429400 -272.723846 287.821228
-269.919600 293.989900 -272.290253 284.420532
-269.545200 290.528500 -271.823608 281.002258
-269.141700 287.042100 -271.329559 277.573151
-268.688300 283.528200 -270.779755 274.111237
-268.188900 279.998100 -270.204407 270.614777
-267.644900 276.438400 -269.572571 267.089813
-267.060700 272.864800 -268.894440 263.550446
-266.415600 269.267600 -268.150909 260.007935
-265.703700 265.659900 -267.372925 256.470367
-264.933700 262.028500 -266.517761 252.905258
-264.083600 258.356100 -265.578552 249.321640
-263.198600 254.694500 -264.601685 245.722214
-262.249500 251.044300 -263.562073 242.138702
-261.237300 247.429800 -262.450348 238.604584
-260.189300 243.839800 -261.333191 235.072693
-259.094000 240.246100 -260.155426 231.550461
-257.955600 236.666200 -258.939087 228.066162
-256.772700 233.104800 -257.682648 224.610397
-255.531300 229.548500 -256.371216 221.122604
-254.248400 226.028100 -255.008331 217.711456
-252.919100 222.544000 -253.621887 214.273300
-251.574800 219.079600 -252.194611 210.901566
-250.208800 215.633800 -250.762634 207.523315
-248.823500 212.212300 -249.302734 204.167404
-247.396200 208.816100 -247.802917 200.819702
-245.924600 205.438400 -246.275879 197.498840
-244.407500 202.096000 -244.690338 194.221344
-242.864900 198.761700 -243.087738 190.965408
-241.279000 195.474400 -241.459564 187.779434
-239.649300 192.235800 -239.768158 184.617081
-237.983200 189.035400 -238.043884 181.505005
-236.298900 185.858800 -236.297272 178.378082
-234.588400 182.702700 -234.514893 175.275620
-232.835600 179.589900 -232.706177 172.224304
-231.009300 176.491000 -230.826309 169.169708
-229.111700 173.245900 -228.910309 166.135986
-227.176300 170.021800 -226.955200 163.077591
-225.177100 166.838100 -224.921204 160.025497
-223.121100 163.678300 -222.824371 156.988007
-221.021800 160.583500 -220.687439 154.001312
-218.906700 157.528200 -218.535614 151.039536
-216.758300 154.516100 -216.336258 148.111221
-214.598900 151.542200 -214.131348 145.215622
-212.419400 148.613400 -211.924271 142.378876
-210.228200 145.723000 -209.708389 139.565613
-207.984500 142.875200 -207.445190 136.809448
-205.709300 140.044600 -205.147705 134.050797
-203.367700 137.252600 -202.792023 131.341965
-200.986900 134.476000 -200.386429 128.631454
-198.545200 131.709700 -197.930038 125.916794
-196.059300 128.939500 -195.412140 123.213806
-193.510200 126.196800 -192.845215 120.540237
-190.897300 123.468900 -190.237701 117.926224
-188.227400 120.762000 -187.566772 115.290672
-185.497000 118.076800 -184.846375 112.670708
-182.724000 115.414700 -182.068115 110.072083
-179.874900 112.756200 -179.219910 107.478195
-176.963500 110.129700 -176.312927 104.914818
-174.022700 107.478800 -173.377228 102.350555
-171.062700 104.830200 -170.407745 99.785095
-168.072200 102.205400 -167.423462 97.246399
-165.063500 99.572080 -164.405624 94.700127
-162.094200 96.925240 -161.425507 92.142746
-159.158100 94.245620 -158.469727 89.520599
-156.222000 91.591220 -155.526962 86.956085
-153.302600 88.949020 -152.576218 84.379356
-150.415700 86.290970 -149.689209 81.818443
-147.525700 83.616700 -146.802277 79.239357
-144.616800 80.967880 -143.883118 76.673164
-141.680000 78.334030 -140.939331 74.116226
-138.744900 75.701910 -138.008331 71.555435
-135.803000 73.066790 -135.083023 68.990158
-132.863800 70.434610 -132.156357 66.441742
-129.933000 67.796650 -129.223755 63.877579
-127.009300 65.165490 -126.290932 61.315544
-124.094300 62.565200 -123.361320 58.760986
-121.185800 59.961850 -120.442650 56.220909
-118.275800 57.358150 -117.530716 53.673828
-115.383500 54.746480 -114.638802 51.124943
-112.487100 52.132910 -111.724564 48.583435
-109.563100 49.507800 -108.803276 46.036541
-106.649400 46.882310 -105.877319 43.478981
-103.717200 44.240620 -102.919228 40.918583
-100.776700 41.607720 -99.969460 38.375202
-97.815960 38.955960 -96.999245 35.795792
-94.863170 36.299440 -94.040825 33.218414
-91.884440 33.643060 -91.038231 30.610041
-88.909720 30.989760 -88.058945 28.037451
-85.917480 28.322680 -85.070587 25.460163
-82.929050 25.668410 -82.080521 22.891520
-79.941980 23.038030 -79.088242 20.328547
-76.962720 20.421650 -76.131523 17.798290
-74.007520 17.823510 -73.177933 15.280817
-71.092400 15.226900 -70.272118 12.747805
-68.209240 12.634500 -67.381187 10.215088
-65.354250 10.051970 -64.525963 7.707628
-62.542350 7.481356 -61.695450 5.192942
-59.754040 4.927046 -58.896370 2.699575
-57.009180 2.422195 -56.140251 0.265274
-54.340090 0.009828 -53.470680 -2.104479
-51.766990 -2.296378 -50.907536 -4.347233
-49.260900 -4.526641 -48.390030 -6.547333
-46.853800 -6.677798 -45.970432 -8.662588
-44.569730 -8.685225 -43.660446 -10.632149
-42.404320 -10.528340 -41.483162 -12.443715
-40.364200 -12.198710 -39.429832 -14.062833
-38.389800 -13.695430 -37.436989 -15.537679
-36.423220 -15.003710 -35.474388 -16.787111
-34.423200 -16.097900 -33.478119 -17.852432
-32.364650 -16.913830 -31.412130 -18.658873
-30.265120 -17.411740 -29.341713 -19.132721
-28.163420 -17.604910 -27.269537 -19.283775
-26.110560 -17.459960 -25.270819 -19.105995
-24.143360 -16.987220 -23.363262 -18.635393
-22.296980 -16.217800 -21.550734 -17.841459
-20.604650 -15.231400 -19.870749 -16.848919
-19.008910 -14.153640 -18.278772 -15.753386
-17.427180 -13.090130 -16.708447 -14.663616
-15.874640 -12.069320 -15.158247 -13.613252
-14.363580 -11.106930 -13.646227 -12.617977
-12.922670 -10.242620 -12.197122 -11.717377
-11.574780 -9.466819 -10.840969 -10.900837
-10.317910 -8.788752 -9.565037 -10.182696
-9.188230 -8.193104 -8.441544 -9.554205
-8.211014 -7.716742 -7.462240 -9.038597
-7.426664 -7.335419 -6.678930 -8.628605
-6.732949 -7.004384 -5.990808 -8.273153
-6.081177 -6.624412 -5.333619 -7.887650
-5.489078 -6.233971 -4.735303 -7.499085
-4.934984 -5.802268 -4.171809 -7.066872
-4.339961 -5.285216 -3.605509 -6.549279
-3.697865 -4.592905 -2.963850 -5.844889
-3.037676 -3.769289 -2.321712 -5.020727
-2.408137 -2.790908 -1.698586 -4.046076
-1.801721 -1.625169 -1.128939 -2.894652
-1.269630 -0.215074 -0.595951 -1.503569
-0.812186 1.417145 -0.145686 0.111415
-0.577413 3.304554 0.097969 1.925346
-0.470925 5.426109 0.213336 3.955281
-0.476637 7.694492 0.189999 6.154391
-0.570738 10.119870 0.060986 8.527215
-0.648451 12.686750 -0.049443 11.061995
-0.748385 15.378500 -0.192053 13.739456
-0.860824 18.191740 -0.346993 16.542181
-0.998219 21.084400 -0.505864 19.451315
-1.176238 24.100490 -0.716600 22.460356
-1.395968 27.224660 -0.968274 25.571705
-1.640741 30.420880 -1.250277 28.752918
-1.879320 33.664680 -1.534626 31.973482
-2.150183 36.923590 -1.844191 35.210548
-2.397389 40.249040 -2.146956 38.474182
-2.638864 43.594280 -2.443725 41.798653
-2.848280 46.962570 -2.705928 45.152515
-3.041372 50.356970 -2.952133 48.528736
-3.212653 53.820380 -3.192809 51.943287
-3.380992 57.307360 -3.423523 55.413933
-3.567609 60.834770 -3.652869 58.914139
-3.786600 64.385720 -3.934341 62.458008
-3.981904 67.973540 -4.181062 66.002052
-4.173959 71.565920 -4.444447 69.569366
-4.396788 75.106490 -4.701087 73.108070
-4.593996 78.623730 -4.932893 76.636269
-4.800834 82.136440 -5.177233 80.146400
-5.016400 85.597270 -5.448244 83.585648
-5.214554 89.008160 -5.698112 86.986099
-5.369648 92.435540 -5.893484 90.368591
-5.524006 95.827610 -6.097023 93.759354
