0.000000 0.000000 0.000015 0.000005
-0.017534 0.283467 -0.026055 0.285410
-0.060000 0.627936 -0.084349 0.626047
-0.141534 1.081913 -0.176132 1.075248
-0.293459 1.604140 -0.335384 1.559226
-0.522492 2.173020 -0.576433 2.121509
-0.839493 2.758285 -0.866938 2.661574
-1.242764 3.333105 -1.226420 3.191870
-1.761568 3.880703 -1.695122 3.698852
-2.415527 4.382391 -2.327122 4.205419
-3.215512 4.824434 -3.101597 4.641299
-4.177130 5.153468 -4.031359 4.954203
-5.299329 5.360943 -5.119489 5.172603
-6.558994 5.427674 -6.347460 5.230416
-7.950411 5.389282 -7.737176 5.188068
-9.480377 5.263869 -9.254889 5.062867
-11.152740 5.088360 -10.922577 4.885975
-12.964270 4.901812 -12.736718 4.695351
-14.913410 4.697363 -14.713950 4.481480
-17.004780 4.494630 -16.809063 4.272997
-19.224270 4.290984 -19.030611 4.056844
-21.564480 4.100217 -21.384188 3.850119
-23.969500 3.908970 -23.780424 3.641208
-26.461360 3.716343 -26.281918 3.430540
-28.997620 3.492898 -28.804003 3.208715
-31.515860 3.271990 -31.311481 2.976534
-34.026260 3.051261 -33.807774 2.757375
-36.533450 2.843137 -36.298000 2.537661
-39.049180 2.638855 -38.819447 2.319129
-41.538400 2.436154 -41.304111 2.102766
-44.015190 2.223683 -43.765995 1.884625
-46.483350 2.028253 -46.241718 1.679022
-48.933140 1.820295 -48.665775 1.453518
-51.328710 1.575304 -51.047821 1.196449
-53.701960 1.337479 -53.412884 0.954831
-56.038080 1.110756 -55.737469 0.724973
-58.330390 0.883063 -58.041138 0.488716
-60.536580 0.662366 -60.246086 0.253308
-62.620220 0.461718 -62.342648 0.036913
-64.570470 0.320188 -64.282120 -0.105667
-66.375630 0.255567 -66.089363 -0.179088
-67.990520 0.345560 -67.724159 -0.093399
-69.403760 0.611089 -69.115166 0.145572
-70.681710 1.080744 -70.369148 0.587582
-71.814190 1.753829 -71.522346 1.226110
-72.810710 2.601772 -72.565964 2.067722
-73.659320 3.554385 -73.440918 3.020416
-74.401710 4.718510 -74.189774 4.203865
-75.018160 6.110247 -74.855110 5.638544
-75.539300 7.706095 -75.383904 7.256193
-75.980690 9.486418 -75.815590 9.052608
-76.379030 11.414990 -76.229111 11.008614
-76.702710 13.494070 -76.558571 13.093221
-76.964630 15.687850 -76.845131 15.311559
-77.198810 17.993590 -77.084160 17.607834
-77.402440 20.301510 -77.304436 19.937733
-77.573400 22.614340 -77.489525 22.243349
-77.734200 24.898110 -77.667114 24.506273
-77.908780 27.180670 -77.836784 26.790470
-78.064690 29.440670 -77.987747 29.062649
-78.198100 31.701300 -78.111816 31.322914
-78.346240 34.000930 -78.253250 33.635307
-78.507180 36.347540 -78.405212 36.004421
-78.700400 38.735230 -78.583839 38.369598
-78.895930 41.194680 -78.779396 40.816730
-79.100340 43.724740 -78.992279 43.353584
-79.318630 46.299200 -79.198013 45.928364
-79.508610 48.902070 -79.380287 48.533218
-79.697420 51.529450 -79.549881 51.160881
-79.900390 54.113500 -79.735153 53.759380
-80.092730 56.670630 -79.898186 56.326626
-80.280860 59.213100 -80.084183 58.869370
-80.474010 61.695670 -80.264450 61.357868
-80.696040 64.136290 -80.476715 63.806396
-80.945180 66.559290 -80.731903 66.214066
-81.219160 68.948800 -80.987549 68.621452
-81.542260 71.291910 -81.294670 70.959648
-81.910890 73.584740 -81.630020 73.267929
-82.326990 75.851980 -81.998039 75.551445
-82.765640 78.069230 -82.410576 77.781097
-83.284090 80.280970 -82.889267 79.973518
-83.856430 82.430700 -83.458656 82.115929
-84.492780 84.584160 -84.095840 84.283607
-85.212300 86.715560 -84.823166 86.406395
-85.996320 88.820790 -85.590668 88.496880
-86.860390 90.918090 -86.436218 90.607590
-87.802500 93.003510 -87.356110 92.711540
-88.749010 95.068170 -88.262848 94.788406
-89.747960 97.163510 -89.260330 96.898804
-90.774930 99.219550 -90.276230 98.979370
-91.840000 101.277400 -91.324982 101.053604
-92.914780 103.296100 -92.378426 103.083313
-94.015070 105.267400 -93.439964 105.071625
-95.123350 107.187800 -94.519035 107.001633
-96.223200 109.067700 -95.578949 108.886002
-97.263380 110.813500 -96.589478 110.646057
-98.241750 112.423300 -97.547211 112.269783
-99.124850 113.865700 -98.411781 113.724716
-99.918840 115.113700 -99.202988 114.984383
-100.633200 116.204600 -99.882568 116.089615
-101.305600 117.126600 -100.516167 117.008659
-101.873900 117.899200 -101.079849 117.775131
-102.405300 118.508600 -101.590927 118.404243
-102.901800 118.981600 -102.066147 118.879074
-103.418300 119.366800 -102.548012 119.284576
-103.954800 119.734800 -103.041496 119.619659
-104.533600 120.029100 -103.592415 119.934120
-105.136200 120.256600 -104.168121 120.167778
-105.801600 120.452000 -104.757919 120.334480
-106.640800 120.599400 -105.562027 120.517883
-107.630100 120.643400 -106.490128 120.567200
-108.711300 120.530800 -107.519768 120.491806
-109.893600 120.252600 -108.695717 120.186081
-111.159800 119.776100 -109.987106 119.721054
-112.496700 119.062200 -111.315376 119.034973
-113.898700 118.106700 -112.717728 118.107010
-115.384500 116.988900 -114.156967 117.060783
-116.978000 115.737300 -115.742805 115.831291
-118.659900 114.366200 -117.433418 114.480347
-120.438900 112.893300 -119.241951 113.015671
-122.328200 111.322200 -121.113937 111.493347
-124.284900 109.650200 -123.131622 109.834435
-126.332000 107.913600 -125.207138 108.141296
-128.461900 106.101400 -127.333611 106.365471
-130.662300 104.214900 -129.576859 104.488541
-132.923400 102.303500 -131.825500 102.613571
-135.189200 100.390400 -134.106155 100.716690
-137.468500 98.469440 -136.392670 98.805176
-139.748000 96.546090 -138.660141 96.928574
-142.020800 94.620440 -140.920990 95.026138
-144.286200 92.690670 -143.140503 93.141777
-146.547500 90.774040 -145.369415 91.246841
-148.833300 88.871460 -147.653488 89.369553
-151.113400 86.978090 -149.908325 87.506500
-153.379000 85.085390 -152.157303 85.637955
-155.629200 83.206150 -154.396973 83.790314
-157.861400 81.326710 -156.610901 81.939621
-160.058500 79.464550 -158.767090 80.127800
-162.221300 77.608580 -160.931274 78.321411
-164.376700 75.774280 -163.100281 76.513046
-166.524800 73.967130 -165.231781 74.732925
-168.668400 72.191080 -167.341995 73.001511
-170.783100 70.468000 -169.424805 71.287994
-172.829900 68.807490 -171.457382 69.609711
-174.785600 67.216050 -173.399292 68.012657
-176.663800 65.684200 -175.292496 66.464798
-178.444800 64.197390 -177.072357 65.004967
-180.100300 62.765190 -178.761734 63.612507
-181.648600 61.419590 -180.341858 62.291233
-183.088500 60.110320 -181.814087 61.013054
-184.404500 58.801210 -183.142380 59.728436
-185.549500 57.458340 -184.289337 58.414093
-186.455000 56.066080 -185.198868 57.063198
-187.120600 54.647590 -185.845062 55.744209
-187.525600 53.213090 -186.260925 54.369408
-187.748500 51.772320 -186.505081 52.967117
-187.716500 50.330420 -186.499161 51.516388
-187.519800 48.954720 -186.328110 50.132797
-187.091900 47.667580 -185.923477 48.901054
-186.478200 46.430560 -185.361023 47.637939
-185.743700 45.217520 -184.613159 46.430733
-184.898100 44.044150 -183.778076 45.258430
-183.968900 42.858990 -182.846634 44.062935
-182.972800 41.628580 -181.854324 42.823532
-181.887200 40.344680 -180.787354 41.523659
-180.726700 38.951790 -179.651978 40.132378
-179.492700 37.459110 -178.432739 38.659019
-178.162100 35.849180 -177.121552 37.039886
-176.710600 34.142700 -175.694962 35.310585
-175.171800 32.296660 -174.191406 33.454475
-173.559000 30.363270 -172.606018 31.509880
-171.867000 28.346750 -170.959106 29.487953
-170.123400 26.259270 -169.255432 27.377800
-168.337100 24.097840 -167.488907 25.196724
-166.581500 21.908660 -165.734589 23.005997
-164.835100 19.714670 -163.973816 20.805496
-163.104500 17.573870 -162.234985 18.636383
-161.377300 15.429150 -160.509491 16.482414
-159.682200 13.303470 -158.817139 14.345215
-158.088000 11.153610 -157.219833 12.174858
-156.652500 8.940913 -155.765045 9.952187
-155.433700 6.640524 -154.532928 7.625828
-154.451100 4.275819 -153.535065 5.235939
-153.690900 1.836084 -152.764328 2.785084
-153.116700 -0.684920 -152.199921 0.254128
-152.659200 -3.301845 -151.753311 -2.382265
-152.323800 -6.003442 -151.426910 -5.081666
-152.034900 -8.818435 -151.160965 -7.902015
-151.705400 -11.696490 -150.851151 -10.765611
-151.368100 -14.689410 -150.522491 -13.776781
-151.018300 -17.760610 -150.192978 -16.850052
-150.658400 -20.884570 -149.855270 -19.973566
-150.317300 -24.039630 -149.528442 -23.124018
-149.995500 -27.198720 -149.220245 -26.274775
-149.688200 -30.326210 -148.923492 -29.401880
-149.392500 -33.448800 -148.634033 -32.528610
-149.124700 -36.525700 -148.373505 -35.607426
-148.881400 -39.588890 -148.147842 -38.662277
-148.663600 -42.621440 -147.950394 -41.708698
-148.444100 -45.622170 -147.757706 -44.715370
-148.225800 -48.590750 -147.577713 -47.685638
-148.013500 -51.538440 -147.398209 -50.648254
-147.797700 -54.448530 -147.205292 -53.587650
-147.579700 -57.330200 -147.003632 -56.453659
-147.341500 -60.171640 -146.772568 -59.275917
-147.099100 -62.956470 -146.543961 -62.062141
-146.873600 -65.641890 -146.338074 -64.757927
-146.684200 -68.188960 -146.178360 -67.308426
-146.575000 -70.550950 -146.096161 -69.679672
-146.515200 -72.689370 -146.072281 -71.838394
-146.496000 -74.588600 -146.083694 -73.741241
-146.520100 -76.249210 -146.125565 -75.401451
-146.562400 -77.644470 -146.161346 -76.805550
-146.614700 -78.752900 -146.215851 -77.943871
-146.644400 -79.571930 -146.211212 -78.729591
-146.661300 -80.195760 -146.206772 -79.374252
-146.655800 -80.746170 -146.205414 -79.930069
-146.626400 -81.202170 -146.185089 -80.418205
-146.606400 -81.580050 -146.190445 -80.813492
-146.554400 -81.887990 -146.152298 -81.128517
-146.509800 -82.072680 -146.121933 -81.303726
-146.481300 -82.147900 -146.103745 -81.385834
-146.467500 -82.144490 -146.106842 -81.370750
-146.474300 -82.148460 -146.087708 -81.386948
-146.483700 -82.145920 -146.079636 -81.392685
-146.487400 -82.144780 -146.110107 -81.399704
-146.492900 -82.150980 -146.109665 -81.391884
-146.495200 -82.155360 -146.103622 -81.397911
-146.494300 -82.156570 -146.104599 -81.382545
-146.487800 -82.148430 -146.102066 -81.386955
-146.487300 -82.140910 -146.097275 -81.396477
-146.486500 -82.135050 -146.094986 -81.383072
-146.488100 -82.132520 -146.067108 -81.398834
-146.489000 -82.133460 -146.107742 -81.369125
-146.484700 -82.133480 -146.099701 -81.381706
-146.484900 -82.133510 -146.090195 -81.407974
-146.480100 -82.133670 -146.075623 -81.396988
-146.472100 -82.131890 -146.090317 -81.389839
-146.477500 -82.133220 -146.099884 -81.386734
-146.525000 -82.162010 -146.113724 -81.385895
-146.565900 -82.217300 -146.090439 -81.393173
-146.590600 -82.310130 -146.042328 -81.459831
-146.581800 -82.426170 -145.986176 -81.560493
-146.551800 -82.574220 -145.966660 -81.674309
-146.475900 -82.778480 -145.889511 -81.843948
-146.351300 -83.116710 -145.753937 -82.181808
-146.156300 -83.574440 -145.556000 -82.631401
-145.879500 -84.106160 -145.263336 -83.132156
-145.491300 -84.682600 -144.897141 -83.668228
-144.895700 -85.318510 -144.387482 -84.255058
-144.077500 -86.065360 -143.587357 -84.994980
-142.947400 -86.840620 -142.411774 -85.778999
-141.509200 -87.543350 -140.953857 -86.494690
-139.798500 -88.087580 -139.180511 -87.013496
-137.828100 -88.433330 -137.228943 -87.345482
-135.614800 -88.607530 -134.987076 -87.504601
-133.180100 -88.696560 -132.535309 -87.571373
-130.552000 -88.680490 -129.879288 -87.538109
-127.723900 -88.575690 -127.037178 -87.396065
-124.683500 -88.464330 -123.988571 -87.287354
-121.460200 -88.294280 -120.785088 -87.110374
-118.086600 -88.040550 -117.416412 -86.888527
-114.579400 -87.745070 -113.934372 -86.614212
-110.975100 -87.438680 -110.332489 -86.334114
-107.385700 -87.146760 -106.755676 -86.074890
-103.821100 -86.859660 -103.209229 -85.803886
-100.261700 -86.572000 -99.646744 -85.557007
-96.736140 -86.293870 -96.114693 -85.314980
-93.228880 -86.017520 -92.597382 -85.064728
-89.760830 -85.757500 -89.123993 -84.831276
-86.314280 -85.511300 -85.694809 -84.593002
-82.904810 -85.266650 -82.285301 -84.379318
-79.525840 -84.982830 -78.890182 -84.110634
-76.174850 -84.684980 -75.525673 -83.824287
-72.849640 -84.375480 -72.201004 -83.515907
-69.556400 -84.051650 -68.902939 -83.207855
-66.269780 -83.744240 -65.630486 -82.921616
-62.988460 -83.463860 -62.365021 -82.654663
-59.725320 -83.192290 -59.131680 -82.413605
-56.511930 -82.928720 -55.902454 -82.187782
-53.287950 -82.677770 -52.665268 -81.983780
-50.102380 -82.423820 -49.445301 -81.778076
-46.961330 -82.161740 -46.248909 -81.542404
-43.795000 -81.913070 -43.059402 -81.333160
-40.605850 -81.669580 -39.868702 -81.115135
-37.446990 -81.429200 -36.745167 -80.883324
-34.324130 -81.178460 -33.595375 -80.650269
-31.234230 -80.938930 -30.502048 -80.436813
-28.164850 -80.719500 -27.432585 -80.216896
-25.130870 -80.512870 -24.361135 -80.004631
-22.128140 -80.313820 -21.349684 -79.801964
-19.203440 -80.118030 -18.421669 -79.609642
-16.439970 -79.929640 -15.641134 -79.436554
-13.862420 -79.730950 -13.055890 -79.267303
-11.471000 -79.505250 -10.661786 -79.061661
-9.267307 -79.258710 -8.455117 -78.831291
-7.272311 -78.940490 -6.463744 -78.554344
-5.472914 -78.549550 -4.697148 -78.185356
-3.867830 -78.086270 -3.060333 -77.741455
-2.385605 -77.503960 -1.578714 -77.180161
-1.027851 -76.800120 -0.248079 -76.526001
0.166806 -75.911920 0.912212 -75.692505
1.182030 -74.883010 1.929344 -74.749786
1.977241 -73.709730 2.734608 -73.585434
2.625592 -72.432540 3.401409 -72.310532
3.046312 -71.053430 3.817244 -70.938072
3.332790 -69.610070 4.106052 -69.518860
3.505748 -68.096830 4.269584 -68.029930
3.623078 -66.505600 4.384890 -66.441711
3.673887 -64.790020 4.433544 -64.733398
3.664022 -62.925430 4.422177 -62.869362
3.591227 -60.915700 4.352358 -60.870670
3.485568 -58.760380 4.249467 -58.721710
3.375737 -56.493750 4.126105 -56.442966
3.243097 -54.203520 3.984657 -54.154488
3.069795 -51.907210 3.838685 -51.879890
2.871709 -49.612280 3.653432 -49.584042
2.690256 -47.318710 3.474471 -47.304482
2.514617 -45.039680 3.283388 -45.032200
2.336487 -42.787040 3.109660 -42.775940
2.176053 -40.574230 2.946757 -40.565506
2.023801 -38.441270 2.774659 -38.416649
1.895520 -36.414710 2.637647 -36.379269
1.766675 -34.458180 2.493080 -34.419228
1.645582 -32.544470 2.354389 -32.503906
1.524724 -30.674470 2.217786 -30.627438
1.412389 -28.840280 2.080655 -28.774912
1.305986 -27.028700 1.950883 -26.959263
1.191105 -25.239530 1.814546 -25.191725
1.067365 -23.476920 1.657240 -23.428234
0.934574 -21.765460 1.492535 -21.716858
0.802905 -20.140230 1.346091 -20.092398
0.699503 -18.615910 1.207731 -18.582445
0.601767 -17.196320 1.090864 -17.156254
0.507341 -15.885810 0.980738 -15.830823
0.417035 -14.726660 0.891584 -14.671173
0.351258 -13.760620 0.817080 -13.685600
0.299516 -12.930350 0.756603 -12.871392
0.263868 -12.153000 0.699137 -12.091585
0.238575 -11.391050 0.647919 -11.322045
0.198165 -10.644890 0.595402 -10.573647
0.151201 -9.907869 0.539893 -9.841489
0.091011 -9.183499 0.449305 -9.127456
0.016860 -8.476707 0.346896 -8.416136
-0.070862 -7.778389 0.247797 -7.734996
-0.158415 -7.094030 0.162428 -7.039839
-0.234301 -6.412690 0.088042 -6.364489
-0.307917 -5.742297 0.029193 -5.700681
-0.360353 -5.068979 -0.035179 -5.036521
-0.401589 -4.328040 -0.083042 -4.294105
-0.431289 -3.483170 -0.127140 -3.445282
-0.464543 -2.555900 -0.170621 -2.520536
-0.487938 -1.556277 -0.212044 -1.524944
-0.499710 -0.485171 -0.231879 -0.449996
-0.511556 0.679747 -0.268820 0.711563
-0.388368 1.890361 -0.240194 1.893667
-0.387786 3.050660 -0.300497 3.027604
-0.473375 4.175334 -0.439132 4.127718
-0.669462 5.262875 -0.676241 5.167813
-0.929674 6.291946 -0.945305 6.156486
-1.229340 7.289411 -1.248443 7.131858
-1.438607 8.249384 -1.478291 8.101556
-1.565470 8.946937 -1.616424 8.799681
-1.615795 9.324632 -1.662517 9.180333
-1.635852 9.404838 -1.672160 9.254649
-1.640332 9.376167 -1.667659 9.235570
-1.643540 9.371050 -1.667035 9.234409
