0.000000 -0.000000 0.000000 0.000000
0.287920 2.986691 0.267773 3.051352
0.971569 5.887651 0.959283 6.095798
2.050498 8.646240 2.071933 8.954267
3.483068 11.215600 3.535470 11.581540
5.252124 13.530580 5.383183 14.021173
7.315983 15.554830 7.540892 16.155071
9.617499 17.248350 9.961634 17.974083
12.138440 18.605410 12.567116 19.413914
14.845670 19.655580 15.404098 20.541264
17.710960 20.442900 18.401760 21.389383
20.708720 20.958900 21.517925 21.967850
23.853650 21.214680 24.801455 22.252975
27.127230 21.215640 28.263556 22.287596
30.502910 21.029600 31.862160 22.127247
33.942320 20.718590 35.490105 21.831310
37.526800 20.278900 39.275742 21.420414
41.305500 19.746480 43.260452 20.938805
45.281370 19.137530 47.449577 20.389418
49.442010 18.473180 51.731983 19.809694
53.784140 17.768220 56.199440 19.141436
58.319700 17.046980 60.849392 18.481956
63.045640 16.314830 65.686455 17.824476
67.933580 15.564290 70.719704 17.125101
72.949570 14.807080 75.851715 16.445391
78.112070 14.037650 81.085968 15.765079
83.403150 13.249300 86.426353 15.051765
88.827470 12.428430 91.876991 14.356978
94.384170 11.569350 97.434006 13.605935
100.052700 10.639880 103.084404 12.784342
105.791000 9.611618 108.843086 11.843040
111.620600 8.486629 114.669853 10.823095
117.518200 7.246929 120.575096 9.690370
123.481700 5.883248 126.524300 8.483265
129.500400 4.402279 132.505783 7.148923
135.583700 2.806947 138.529373 5.680263
141.730400 1.132152 144.608795 4.161225
147.930500 -0.644931 150.725311 2.548701
154.181200 -2.533182 156.889740 0.854492
160.473700 -4.525316 163.097107 -0.962430
166.825700 -6.614701 169.377808 -2.874970
173.224500 -8.806086 175.676270 -4.895011
179.671400 -11.085600 181.941406 -6.971189
186.169900 -13.447970 188.311081 -9.146362
192.708700 -15.908790 194.783661 -11.431086
199.295800 -18.474840 201.264908 -13.804652
205.877000 -21.127230 207.737762 -16.253532
212.474400 -23.878960 214.259155 -18.822577
219.085400 -26.695130 220.808533 -21.446882
225.674300 -29.566300 227.349899 -24.134418
232.258400 -32.511370 233.807526 -26.863993
238.826600 -35.515520 240.291153 -29.669716
245.357100 -38.591140 246.779663 -32.559593
251.842400 -41.746310 253.130844 -35.491566
258.295100 -44.977770 259.550323 -38.529369
264.734000 -48.300070 265.948822 -41.670284
271.174400 -51.720410 272.370178 -44.918484
277.658000 -55.253110 278.852570 -48.218090
284.188500 -58.892510 285.343689 -51.652679
290.770400 -62.649290 291.896149 -55.200745
297.421200 -66.505210 298.514709 -58.840614
304.114100 -70.451700 305.168732 -62.542542
310.871400 -74.512450 311.839172 -66.332092
317.638300 -78.729880 318.666687 -70.353973
324.412000 -83.100090 325.432312 -74.532631
331.147700 -87.570510 332.082642 -78.765343
337.838900 -92.151540 338.751282 -83.127502
344.489200 -96.836160 345.447510 -87.670753
351.109400 -101.590900 351.924927 -92.131920
357.680900 -106.441100 358.493256 -96.759827
364.205100 -111.363100 365.082550 -101.493912
370.654300 -116.349400 371.650177 -106.304413
377.044400 -121.373300 378.158386 -111.156021
383.353100 -126.497900 384.591888 -116.110199
389.648900 -131.627300 390.988556 -121.055748
395.838500 -136.824400 397.214600 -126.069229
401.977500 -142.068800 403.417755 -131.151199
408.063900 -147.386100 409.680176 -136.318527
414.119900 -152.725600 415.881561 -141.503494
420.140100 -158.070100 422.018402 -146.651398
426.135700 -163.442300 428.058716 -151.817291
432.096100 -168.831000 434.108795 -157.000534
438.042000 -174.202900 440.159546 -162.193329
444.039200 -179.520000 446.237152 -167.315109
450.064000 -184.791600 452.319885 -172.367859
456.158000 -189.992400 458.473297 -177.378830
462.246200 -195.183000 464.648041 -182.381744
468.350900 -200.337600 470.833160 -187.402512
474.468300 -205.478700 476.981934 -192.323959
480.606000 -210.588600 483.138733 -197.223175
486.757700 -215.677000 489.255829 -202.049911
492.916600 -220.757600 495.494659 -206.975174
499.072200 -225.827000 501.707825 -211.877747
505.239000 -230.914300 507.894958 -216.779022
511.393900 -235.996900 514.011292 -221.646973
517.549300 -241.076200 520.169495 -226.534409
523.710600 -246.155700 526.292236 -231.350189
529.865100 -251.222800 532.490906 -236.222443
536.037700 -256.292500 538.699646 -241.060715
542.213600 -261.366100 544.883972 -245.973206
548.376000 -266.436600 551.044678 -250.823380
554.549300 -271.525400 557.273804 -255.744659
560.720400 -276.614600 563.472229 -260.695984
566.895900 -281.702100 569.670837 -265.628601
573.077300 -286.787100 575.907227 -270.561462
579.254000 -291.852900 582.075928 -275.452118
585.438300 -296.913900 588.325745 -280.365326
591.610800 -301.938300 594.513428 -285.177094
597.802700 -306.948800 600.709961 -289.995972
604.002400 -311.952300 606.932983 -294.860718
610.204100 -316.963500 613.131348 -299.695984
616.401400 -321.978100 619.347290 -304.597687
622.606700 -326.989100 625.597656 -309.490448
628.813800 -331.994200 631.826782 -314.331451
635.032400 -336.999800 638.054321 -319.203094
641.237400 -341.988600 644.306885 -324.053711
647.445400 -346.968600 650.570557 -328.876709
653.662300 -351.935500 656.819519 -333.704926
659.877900 -356.880600 663.094055 -338.526184
666.112000 -361.828900 669.347900 -343.312500
672.350500 -366.769500 675.599670 -348.128845
678.587600 -371.720300 681.826721 -352.913086
684.819800 -376.684200 688.045837 -357.718414
691.040800 -381.648800 694.269775 -362.486267
697.271000 -386.614300 700.477722 -367.265259
703.506500 -391.568600 706.665161 -372.007111
709.744100 -396.517700 712.892151 -376.785828
715.983900 -401.433800 719.127563 -381.594177
722.229600 -406.329600 725.375732 -386.424530
728.498300 -411.207700 731.605286 -391.206482
734.766400 -416.073400 737.892151 -396.055817
741.047900 -420.934000 744.149780 -400.839386
747.328900 -425.791700 750.425049 -405.656281
753.611600 -430.654100 756.661987 -410.464264
759.909100 -435.497600 762.900024 -415.222321
766.234600 -440.329500 769.215515 -420.000763
772.573000 -445.140400 775.545410 -424.766205
778.917600 -449.932200 781.887268 -429.482422
785.270600 -454.711000 788.254028 -434.197632
791.604400 -459.487600 794.569458 -438.897156
797.914000 -464.271400 800.853821 -443.607117
804.202800 -469.044800 807.117859 -448.311493
810.490200 -473.819600 813.394775 -453.034454
816.791500 -478.590500 819.643188 -457.724274
823.116400 -483.340400 825.919617 -462.426727
829.464500 -488.061400 832.250000 -467.110107
835.854100 -492.776100 838.611877 -471.806885
842.262300 -497.485400 844.957397 -476.448151
848.682700 -502.196400 851.352661 -481.099976
855.114700 -506.913500 857.757324 -485.774811
861.557000 -511.637000 864.115173 -490.427582
868.011600 -516.355400 870.612000 -495.179413
874.441900 -521.049300 877.010803 -499.847778
880.882200 -525.706500 883.433472 -504.516449
887.323800 -530.307900 889.875183 -509.137756
893.755000 -534.861900 896.368164 -513.750916
900.174200 -539.374300 902.769348 -518.263672
906.591000 -543.848100 909.200562 -522.762085
912.989900 -548.291900 915.564514 -527.184265
919.400600 -552.731200 921.941040 -531.610168
925.806600 -557.125700 928.278625 -535.975952
932.226300 -561.535200 934.618103 -540.337891
938.632500 -565.932700 940.986328 -544.690613
945.057500 -570.322000 947.401306 -549.052246
951.507700 -574.710200 953.778870 -553.414307
957.980400 -579.074900 960.227356 -557.748535
964.464000 -583.424600 966.665588 -562.054382
970.963300 -587.758200 973.012878 -566.326233
977.455300 -592.093300 979.388855 -570.620239
983.961700 -596.421100 985.873779 -574.934875
990.461700 -600.766400 992.359680 -579.317932
996.966300 -605.096100 998.843750 -583.665771
1003.471000 -609.407800 1005.194153 -587.913086
1009.973000 -613.695400 1011.467102 -592.101868
1016.458000 -617.959200 1017.783508 -596.310059
1022.925000 -622.217200 1024.188843 -600.571960
1029.367000 -626.452700 1030.516479 -604.758362
1035.804000 -630.641600 1036.859009 -608.954224
1042.231000 -634.798800 1043.155762 -613.106995
1048.656000 -638.946200 1049.395752 -617.232666
1055.084000 -643.051500 1055.679565 -621.304626
1061.525000 -647.144100 1061.929443 -625.355774
1067.966000 -651.185500 1068.220581 -629.395630
1074.401000 -655.235300 1074.500122 -633.456421
1080.840000 -659.293400 1080.786133 -637.513977
1087.270000 -663.328400 1087.142822 -641.592041
1093.718000 -667.347400 1093.425293 -645.625122
1100.195000 -671.340900 1099.731689 -649.618591
1106.668000 -675.317100 1105.967651 -653.555176
1113.157000 -679.272000 1112.295898 -657.559692
1119.659000 -683.201000 1118.638306 -661.500000
1126.198000 -687.131900 1125.044922 -665.474182
1132.753000 -691.046400 1131.473999 -669.426514
1139.341000 -694.955400 1137.842773 -673.332581
1145.954000 -698.852200 1144.273926 -677.239868
1152.585000 -702.740800 1150.765991 -681.199951
1159.229000 -706.637800 1157.302612 -685.193604
1165.886000 -710.538400 1163.839722 -689.184143
1172.562000 -714.459000 1170.326782 -693.159790
1179.271000 -718.394000 1176.888062 -697.183777
1186.021000 -722.344800 1183.478394 -701.212280
1192.784000 -726.294800 1190.106934 -705.235168
1199.585000 -730.258400 1196.791870 -709.253967
1206.417000 -734.212600 1203.510254 -713.267578
1213.283000 -738.159200 1210.224731 -717.241882
1220.173000 -742.105200 1216.949951 -721.208740
1227.101000 -746.027900 1223.693115 -725.171387
1234.074000 -749.929400 1230.488403 -729.149231
1241.082000 -753.823500 1237.297241 -733.084045
1248.123000 -757.717500 1244.148926 -737.042908
1255.209000 -761.611600 1251.022949 -741.001160
1262.318000 -765.501500 1257.936646 -744.893066
1269.473000 -769.393200 1264.946289 -748.877686
1276.670000 -773.287000 1271.946533 -752.834412
1283.885000 -777.170800 1279.041382 -756.790955
1291.103000 -781.040700 1286.120117 -760.741943
1298.329000 -784.899000 1293.198486 -764.694946
1305.561000 -788.742100 1300.302856 -768.673340
1312.794000 -792.571300 1307.412598 -772.580444
1320.032000 -796.384600 1314.516846 -776.493042
1327.287000 -800.172300 1321.709839 -780.427612
1334.542000 -803.950000 1328.808350 -784.297668
1341.797000 -807.723100 1335.904297 -788.173889
1349.058000 -811.481900 1342.930420 -791.977600
1356.319000 -815.232700 1349.976440 -795.815735
1363.568000 -818.960500 1357.126221 -799.662598
1370.797000 -822.663500 1364.268188 -803.474243
1378.014000 -826.342400 1371.367432 -807.282776
1385.241000 -830.002800 1378.462524 -811.048035
1392.473000 -833.639800 1385.583740 -814.829956
1399.712000 -837.258600 1392.626099 -818.515930
1406.940000 -840.856000 1399.673706 -822.199646
1414.145000 -844.419900 1406.686035 -825.846191
1421.338000 -847.958700 1413.670044 -829.445801
1428.540000 -851.473700 1420.662964 -833.018738
1435.735000 -854.974700 1427.714478 -836.618958
1442.936000 -858.462100 1434.697510 -840.162720
1450.116000 -861.922600 1441.625610 -843.700073
1457.288000 -865.353900 1448.626343 -847.234436
1464.432000 -868.758100 1455.648926 -850.756775
1471.550000 -872.135000 1462.596191 -854.224243
1478.642000 -875.485100 1469.507690 -857.662537
1485.696000 -878.796500 1476.385742 -861.106628
1492.712000 -882.085000 1483.254883 -864.530457
1499.686000 -885.346400 1490.090210 -867.924561
1506.608000 -888.579300 1496.762573 -871.290771
1513.510000 -891.787400 1503.537231 -874.585754
1520.388000 -894.966500 1510.215332 -877.915833
1527.242000 -898.117000 1516.848755 -881.195557
1534.067000 -901.240100 1523.520752 -884.469849
1540.873000 -904.334900 1530.148315 -887.681763
1547.641000 -907.393900 1536.780762 -890.883972
1554.374000 -910.425200 1543.304565 -894.055542
1561.071000 -913.426300 1549.836548 -897.201111
1567.716000 -916.424100 1556.368774 -900.376099
1574.331000 -919.426300 1562.838623 -903.493225
1580.910000 -922.431500 1569.273438 -906.646484
1587.477000 -925.449400 1575.699707 -909.804077
1593.998000 -928.484000 1582.027832 -912.985229
1600.456000 -931.552300 1588.262817 -916.120605
1606.851000 -934.653500 1594.431763 -919.350098
1613.177000 -937.795300 1600.574585 -922.661377
1619.446000 -940.960600 1606.725220 -926.018921
1625.639000 -944.138700 1612.723755 -929.329407
1631.780000 -947.302000 1618.734131 -932.687317
1637.876000 -950.461600 1624.667114 -935.999023
1643.920000 -953.598100 1630.572998 -939.307800
1649.931000 -956.702500 1636.419556 -942.570496
1655.907000 -959.742900 1642.273926 -945.779297
1661.857000 -962.732200 1648.064819 -948.904785
1667.828000 -965.652000 1653.915894 -951.975891
1673.786000 -968.517000 1659.742676 -954.980774
1679.740000 -971.331200 1665.566650 -957.929932
1685.682000 -974.128800 1671.402466 -960.873352
1691.585000 -976.910500 1677.181030 -963.803040
1697.460000 -979.678900 1682.941040 -966.750854
1703.321000 -982.431100 1688.661255 -969.659119
1709.144000 -985.145100 1694.373657 -972.542542
1714.950000 -987.831400 1700.044312 -975.366333
1720.748000 -990.466700 1705.663940 -978.082397
1726.528000 -993.063100 1711.340088 -980.843201
1732.261000 -995.615600 1716.943604 -983.522949
1737.915000 -998.126400 1722.488159 -986.212524
1743.475000 -1000.590000 1727.906128 -988.825867
1748.971000 -1002.990000 1733.248169 -991.372131
1754.388000 -1005.375000 1738.533569 -993.890930
1759.751000 -1007.751000 1743.808105 -996.420776
1764.998000 -1010.123000 1748.981689 -998.940918
1770.113000 -1012.467000 1754.037354 -1001.429810
1775.097000 -1014.785000 1758.914185 -1003.876892
1779.954000 -1017.080000 1763.734375 -1006.308716
1784.649000 -1019.347000 1768.340576 -1008.684753
1789.178000 -1021.604000 1772.809570 -1011.057373
1793.508000 -1023.881000 1777.026245 -1013.419434
1797.645000 -1026.269000 1781.106934 -1015.920349
1801.573000 -1028.814000 1784.962280 -1018.553040
1805.302000 -1031.525000 1788.651001 -1021.364502
1808.823000 -1034.439000 1792.092896 -1024.365356
1812.120000 -1037.563000 1795.327148 -1027.569458
1815.169000 -1040.921000 1798.307983 -1031.003296
1817.931000 -1044.484000 1801.000366 -1034.655884
1820.326000 -1048.207000 1803.372925 -1038.482178
1822.465000 -1052.152000 1805.388306 -1042.457153
1824.255000 -1056.260000 1807.036499 -1046.580566
1825.688000 -1060.491000 1808.343018 -1050.829956
1826.758000 -1064.825000 1809.291260 -1055.198975
1827.464000 -1069.230000 1809.884644 -1059.642944
1827.812000 -1073.687000 1810.115479 -1064.134155
1827.812000 -1078.165000 1810.001343 -1068.638428
1827.468000 -1082.643000 1809.543701 -1073.143433
1826.704000 -1087.072000 1808.727661 -1077.626343
1825.633000 -1091.489000 1807.522583 -1082.030273
1824.183000 -1095.811000 1805.950806 -1086.327026
1822.357000 -1099.995000 1803.998169 -1090.494019
1820.139000 -1103.994000 1801.686401 -1094.478638
1817.589000 -1107.799000 1799.012695 -1098.255371
1814.723000 -1111.351000 1796.027832 -1101.771606
1811.551000 -1114.626000 1792.729614 -1105.013062
1808.088000 -1117.606000 1789.124878 -1107.978882
1804.284000 -1120.246000 1785.269043 -1110.608032
1800.315000 -1122.623000 1781.173828 -1112.900513
1796.124000 -1124.692000 1776.806274 -1114.930176
1791.742000 -1126.471000 1772.276855 -1116.655518
1787.194000 -1127.955000 1767.596802 -1118.059814
1782.506000 -1129.180000 1762.732056 -1119.211914
1777.702000 -1130.193000 1757.814697 -1120.129272
1772.797000 -1131.038000 1752.774414 -1120.858887
1767.796000 -1131.740000 1747.618286 -1121.473755
1762.736000 -1132.348000 1742.436523 -1121.993408
1757.655000 -1132.885000 1737.259644 -1122.416260
1752.565000 -1133.366000 1732.112427 -1122.766479
1747.458000 -1133.818000 1726.925293 -1123.088623
1742.342000 -1134.251000 1721.739502 -1123.411011
1737.220000 -1134.667000 1716.561401 -1123.708862
1732.115000 -1135.064000 1711.409302 -1123.991211
1727.075000 -1135.441000 1706.342163 -1124.252075
1722.082000 -1135.788000 1701.310303 -1124.472656
1717.161000 -1136.086000 1696.380249 -1124.621582
1712.341000 -1136.271000 1691.543457 -1124.671143
1707.613000 -1136.285000 1686.791138 -1124.576416
1703.031000 -1136.085000 1682.147705 -1124.246826
1698.586000 -1135.613000 1677.625854 -1123.639771
1694.241000 -1134.791000 1673.255615 -1122.739258
1689.991000 -1133.671000 1669.016357 -1121.468018
1685.870000 -1132.171000 1664.935669 -1119.825684
1681.961000 -1130.284000 1661.068481 -1117.800659
1678.306000 -1127.996000 1657.392822 -1115.375977
1674.826000 -1125.267000 1654.073853 -1112.595093
1671.787000 -1122.274000 1651.039917 -1109.473999
1669.099000 -1118.972000 1648.373535 -1106.038452
1666.783000 -1115.408000 1646.055908 -1102.330444
1664.817000 -1111.609000 1644.149414 -1098.409058
1663.209000 -1107.637000 1642.606323 -1094.313843
1661.958000 -1103.507000 1641.376587 -1090.004883
1661.115000 -1099.284000 1640.579956 -1085.636841
1660.724000 -1094.939000 1640.276123 -1081.151245
1660.665000 -1090.516000 1640.430420 -1076.688721
1661.140000 -1086.159000 1641.010010 -1072.209473
1662.049000 -1081.841000 1642.037109 -1067.714233
1663.374000 -1077.556000 1643.485840 -1063.333374
1665.055000 -1073.325000 1645.339844 -1058.962036
1667.040000 -1069.131000 1647.499512 -1054.680420
1669.233000 -1064.989000 1649.874512 -1050.432983
1671.640000 -1060.840000 1652.429077 -1046.240845
1674.135000 -1056.683000 1655.097046 -1041.998047
1676.716000 -1052.451000 1657.853149 -1037.722656
1679.381000 -1048.145000 1660.644043 -1033.374512
