-0.000000 0.000000 0.000000 0.000000
-0.031067 2.888054 -0.010271 2.850495
-0.064585 5.738958 -0.004466 5.667783
-0.101303 8.535486 -0.023576 8.434550
-0.142195 11.339520 -0.042578 11.208499
-0.184906 14.041360 -0.079235 13.930473
-0.236713 16.743090 -0.118048 16.634912
-0.293743 19.414190 -0.169975 19.309441
-0.351775 22.037930 -0.228098 21.948254
-0.412104 24.615430 -0.295304 24.506224
-0.469077 27.080370 -0.376576 26.991196
-0.537729 29.454710 -0.461194 29.362686
-0.609883 31.753310 -0.547038 31.685286
-0.707028 33.962280 -0.642835 33.897663
-0.822501 36.085730 -0.746834 36.041122
-0.935694 38.111240 -0.868384 38.082664
-1.022967 40.037480 -0.964603 40.010937
-1.107347 41.890890 -1.037386 41.889065
-1.156523 43.592390 -1.086284 43.598431
-1.165281 45.110470 -1.089952 45.136417
-1.139704 46.435620 -1.067299 46.492023
-1.077742 47.567320 -1.007409 47.639965
-1.006263 48.450880 -0.933949 48.548969
-0.897746 49.232390 -0.816533 49.345371
-0.757712 49.986150 -0.671064 50.119278
-0.562625 50.707270 -0.471760 50.835873
-0.317219 51.420200 -0.221990 51.566063
0.000274 52.129820 0.100168 52.295212
0.427978 52.800310 0.546076 52.967094
0.965237 53.472800 1.095045 53.645180
1.658262 54.153430 1.794014 54.339352
2.612681 54.789880 2.698473 54.991257
3.766145 55.335410 3.864557 55.579338
5.103719 55.721430 5.199120 56.031963
6.612372 55.902800 6.731483 56.264015
8.209580 55.971350 8.330455 56.347107
9.933246 55.981820 10.045238 56.356037
11.755010 55.963040 11.888708 56.323669
13.673080 55.883300 13.827311 56.259186
15.697980 55.779010 15.886263 56.190292
17.784720 55.672100 18.006699 56.110504
19.978240 55.590270 20.208534 56.052692
22.167140 55.510110 22.445391 56.002289
24.373310 55.484540 24.687481 55.991718
26.568060 55.472620 26.920372 55.995243
28.777650 55.510270 29.160065 56.021690
30.985590 55.548590 31.427626 56.059803
33.207400 55.613480 33.697193 56.138134
35.442520 55.709300 35.969913 56.238743
37.704740 55.826600 38.261810 56.360565
40.002200 55.976310 40.592102 56.529560
42.339510 56.141300 42.924774 56.704514
44.713720 56.343910 45.301044 56.904655
47.122240 56.605330 47.700634 57.164955
49.540680 56.921620 50.142761 57.486065
51.989070 57.297260 52.551758 57.859047
54.343180 57.698510 54.903465 58.264797
56.645460 58.120330 57.222752 58.684975
58.876010 58.567270 59.467903 59.141754
61.013190 59.021080 61.609322 59.601486
63.055930 59.468430 63.676838 60.063107
65.032810 59.902180 65.673889 60.498428
66.922080 60.298360 67.576912 60.911064
68.724720 60.677920 69.386604 61.298286
70.449950 61.033000 71.140457 61.648827
72.086540 61.346730 72.801094 61.957729
73.701140 61.657010 74.435493 62.261219
75.335240 61.944750 76.071938 62.557678
76.992600 62.291350 77.746407 62.922867
78.692590 62.691950 79.449493 63.327240
80.453400 63.179850 81.220444 63.833866
82.265790 63.740490 83.042389 64.397751
84.194030 64.399810 84.958450 65.049904
86.224450 65.153770 86.969788 65.791382
88.357870 65.993410 89.079575 66.616447
90.502450 66.907090 91.210625 67.515541
92.609040 67.903710 93.328690 68.487740
94.633120 68.920130 95.363716 69.474609
96.583420 69.912990 97.345917 70.450333
98.435050 70.883890 99.239243 71.413460
100.212200 71.816210 101.035706 72.327049
101.905500 72.735820 102.769432 73.235779
103.511500 73.620900 104.414673 74.134285
105.060100 74.482340 105.954506 74.941772
106.565000 75.343110 107.467743 75.803696
108.028900 76.228830 108.922363 76.687386
109.484600 77.160920 110.365814 77.612541
111.012500 78.171090 111.859123 78.625259
112.582900 79.246780 113.396843 79.712975
114.228600 80.425890 114.988518 80.894585
115.947600 81.729260 116.683945 82.185555
117.700100 83.151090 118.422546 83.635185
119.523000 84.685210 120.223671 85.163986
121.433400 86.292660 122.102722 86.774551
123.377700 87.978210 124.033920 88.464981
125.311100 89.753620 125.940086 90.223648
127.275600 91.596860 127.896614 92.074188
129.224500 93.463900 129.849350 93.932373
131.149100 95.403230 131.789062 95.856033
133.059000 97.419260 133.706192 97.862579
134.953900 99.488560 135.605133 99.912323
136.852800 101.578900 137.509354 101.989342
138.768400 103.700800 139.403091 104.082901
140.668600 105.771500 141.309433 106.175858
142.593300 107.805600 143.233749 108.232376
144.499400 109.783900 145.141647 110.234833
146.448400 111.754000 147.085464 112.207405
148.396300 113.639400 149.022079 114.095642
150.376300 115.438400 150.988449 115.962715
152.404100 117.222400 152.999802 117.807991
154.478600 118.989300 155.020889 119.585373
156.645400 120.724500 157.153656 121.367210
158.905800 122.432200 159.344070 123.085854
161.194700 124.063600 161.602036 124.743080
163.498700 125.601900 163.888718 126.325974
165.800800 127.092000 166.160645 127.826248
168.046900 128.527100 168.388840 129.268204
170.193100 129.881700 170.547577 130.610107
172.320500 131.175000 172.681839 131.883514
174.354500 132.418200 174.748138 133.144791
176.353200 133.630800 176.764465 134.330582
178.293700 134.777800 178.704300 135.470886
180.174800 135.863800 180.625854 136.572968
181.990300 136.890800 182.485703 137.584641
183.746700 137.844100 184.274796 138.537308
185.502900 138.752600 186.045670 139.448318
187.316700 139.650000 187.901306 140.362442
189.197800 140.526600 189.798798 141.235580
191.166700 141.381000 191.768997 142.080872
193.245000 142.204500 193.883804 142.916016
195.460000 143.026300 196.079529 143.732956
197.772100 143.833600 198.392960 144.534485
200.145100 144.607400 200.755142 145.309265
202.692400 145.397600 203.291870 146.087708
205.249500 146.171900 205.824661 146.869766
207.860900 146.926000 208.452942 147.639862
210.549200 147.643600 211.136551 148.355392
213.300400 148.348200 213.887939 149.064316
216.084100 149.048900 216.690414 149.768768
218.860300 149.726200 219.498856 150.446014
221.644800 150.382100 222.308578 151.108475
224.412100 151.021800 225.074280 151.747238
227.167600 151.643200 227.880737 152.381256
229.918900 152.230300 230.693130 152.985565
232.689500 152.785800 233.476166 153.535934
235.449300 153.313200 236.243530 154.060257
238.199800 153.803200 239.017593 154.560043
240.934200 154.256400 241.756195 155.026077
243.668800 154.668400 244.506668 155.456711
246.368400 155.041200 247.229721 155.849274
249.069800 155.358200 249.954773 156.180374
251.725900 155.632800 252.597397 156.466705
254.402400 155.881300 255.285339 156.725037
257.042800 156.089700 257.932190 156.934769
259.660100 156.224000 260.565430 157.088440
262.271700 156.315800 263.197296 157.185867
264.865700 156.356900 265.803711 157.220871
267.459400 156.359600 268.435333 157.228363
270.039500 156.343700 271.036011 157.220749
272.588200 156.330000 273.596344 157.205032
275.056200 156.330100 276.090759 157.199066
277.448400 156.359600 278.509491 157.235687
279.738200 156.429500 280.800293 157.309967
281.938200 156.520200 283.004700 157.388443
284.012100 156.634000 285.118469 157.493042
285.967000 156.761600 287.058655 157.627548
287.810800 156.898300 288.906586 157.763092
289.549300 157.041600 290.637848 157.910446
291.199000 157.180400 292.290985 158.064209
292.759600 157.324200 293.834045 158.222931
294.237400 157.467800 295.295776 158.381088
295.702000 157.617000 296.767639 158.544006
297.209000 157.765400 298.260681 158.694489
298.767900 157.889400 299.822418 158.828308
300.432800 158.016900 301.471466 158.965759
302.189300 158.141600 303.240509 159.092178
304.038500 158.267800 305.097137 159.217850
305.995200 158.405700 307.038391 159.360001
308.048700 158.531900 309.097595 159.491821
310.174500 158.661100 311.231689 159.623505
312.381400 158.771100 313.444183 159.743179
314.676200 158.867600 315.734283 159.841934
317.037300 158.975500 318.102722 159.935944
319.477900 159.096700 320.534424 160.061066
321.983300 159.231700 323.050110 160.194366
324.556700 159.385400 325.624054 160.344376
327.199000 159.561700 328.283661 160.527832
329.888000 159.763100 330.976074 160.739258
332.606500 159.992500 333.720551 160.992813
335.346200 160.242300 336.497986 161.246216
338.087800 160.502200 339.284027 161.507202
340.808300 160.751300 342.044128 161.784851
343.520500 160.989100 344.768738 162.053040
346.223500 161.227200 347.472137 162.316467
348.906500 161.474100 350.188995 162.583130
351.590100 161.717700 352.868439 162.845230
354.273100 161.969400 355.538696 163.136185
356.966000 162.239900 358.220917 163.458984
359.666600 162.550200 360.903168 163.829605
362.375700 162.896300 363.556366 164.251495
365.062800 163.323000 366.197205 164.751755
367.727000 163.850800 368.840637 165.315308
370.348600 164.475400 371.467621 165.952667
372.964400 165.138700 374.090485 166.632507
375.599800 165.826700 376.720154 167.348694
378.229900 166.566100 379.354462 168.117355
380.801800 167.357500 381.947113 168.913666
383.318400 168.171800 384.498627 169.731369
385.808200 169.013900 387.020386 170.580978
388.246500 169.856400 389.493439 171.424957
390.650800 170.695000 391.930054 172.260544
393.014800 171.503500 394.292786 173.057510
395.404400 172.284100 396.664642 173.850418
397.780400 173.063700 399.076782 174.642502
400.205400 173.874000 401.510681 175.467377
402.725900 174.699400 404.027893 176.303513
405.238700 175.529800 406.621094 177.155258
407.810400 176.369600 409.246246 178.017242
410.380800 177.246300 411.814117 178.894836
412.944100 178.091800 414.352570 179.771851
415.502100 178.907300 416.888855 180.632462
417.987000 179.722000 419.381012 181.497574
420.400700 180.499000 421.762634 182.315552
422.723500 181.229600 424.056122 183.088776
424.970600 181.953100 426.291992 183.839417
427.191300 182.654700 428.517639 184.572311
429.364900 183.330700 430.703278 185.296356
431.542400 184.015100 432.882538 185.999634
433.709700 184.706100 435.041473 186.708237
435.894400 185.396800 437.251923 187.421982
437.987000 186.094800 439.353180 188.130859
439.976500 186.775400 441.365540 188.835495
441.889500 187.423200 443.276642 189.510590
443.709700 188.041300 445.110687 190.151398
445.449300 188.641500 446.825928 190.772888
447.056300 189.201200 448.483337 191.359924
448.590500 189.739900 450.014008 191.927811
450.015000 190.249300 451.466064 192.452118
451.352700 190.721500 452.826782 192.938141
452.596100 191.161200 454.055573 193.411316
453.710200 191.550200 455.204926 193.816238
454.731200 191.911400 456.262665 194.173508
455.653200 192.246800 457.203125 194.518616
456.505300 192.533700 458.072968 194.821106
457.319300 192.826200 458.904877 195.113007
458.109900 193.111500 459.703186 195.405334
458.896600 193.410900 460.496033 195.694214
459.697700 193.760100 461.316803 196.029434
460.531700 194.165900 462.152863 196.432541
461.370300 194.631800 462.982819 196.882751
462.158600 195.139900 463.757385 197.391602
462.899600 195.612800 464.497650 197.873779
463.586200 195.962000 465.203094 198.239883
464.354300 196.273600 465.922577 198.553299
465.139400 196.550800 466.689362 198.820862
465.948600 196.799800 467.482910 199.045425
466.714000 197.006300 468.263611 199.289825
467.409700 197.209000 468.949524 199.499725
468.004600 197.427000 469.546326 199.733597
468.491000 197.643300 470.030121 199.970322
468.884200 197.788300 470.413330 200.153961
469.204000 197.984300 470.722137 200.372986
469.473000 198.134800 470.986877 200.565979
469.708700 198.262200 471.210114 200.737061
469.857800 198.400100 471.351868 200.900375
469.984600 198.505100 471.478577 201.015289
470.093200 198.600100 471.589783 201.114594
