0.000000 0.000000 0.000000 0.000000
-0.007832 1.689225 -0.008936 1.685303
-0.029694 3.390281 -0.041511 3.372979
-0.070081 5.150463 -0.072463 5.142456
-0.123858 6.989627 -0.120923 6.991363
-0.184475 8.978383 -0.167550 8.976979
-0.253794 11.064230 -0.232755 11.065690
-0.296212 13.335200 -0.298483 13.350636
-0.345120 15.748820 -0.362265 15.767255
-0.368644 18.288060 -0.420601 18.338163
-0.406558 20.990620 -0.495722 21.081020
-0.450732 23.849210 -0.554740 23.936871
-0.505576 26.794890 -0.631911 26.881559
-0.567916 29.817300 -0.717586 29.923685
-0.634186 32.902500 -0.807712 33.035801
-0.704629 36.067260 -0.895721 36.210697
-0.763742 39.276990 -0.980955 39.461514
-0.840559 42.506460 -1.091371 42.722221
-0.944805 45.707290 -1.209605 45.979656
-1.050114 48.934630 -1.319739 49.255836
-1.142897 52.159540 -1.426891 52.539677
-1.248790 55.372460 -1.528167 55.807598
-1.352181 58.600620 -1.627321 59.072124
-1.444555 61.847430 -1.714422 62.360302
-1.528092 65.085270 -1.819197 65.630630
-1.623511 68.349680 -1.936747 68.941307
-1.697570 71.605970 -2.018311 72.237434
-1.784427 74.842930 -2.119166 75.531242
-1.892754 78.044640 -2.225328 78.786087
-2.009246 81.241000 -2.344387 82.029945
-2.118145 84.381460 -2.481872 85.222458
-2.224921 87.410700 -2.570388 88.277771
-2.344772 90.265560 -2.695320 91.141182
-2.486719 92.915770 -2.827432 93.845596
-2.649588 95.352060 -2.981441 96.293808
-2.827593 97.533080 -3.147960 98.474152
-2.992555 99.437370 -3.310636 100.404778
-3.132396 101.119600 -3.443921 102.098137
-3.196722 102.604300 -3.493890 103.602318
-3.182672 103.907400 -3.467063 104.923141
-3.061832 105.116200 -3.331522 106.136261
-2.813888 106.240500 -3.087539 107.240410
-2.431748 107.285400 -2.712554 108.281296
-1.921488 108.234600 -2.218853 109.228928
-1.282825 109.049600 -1.582536 110.065620
-0.530716 109.791000 -0.805729 110.837654
0.374458 110.404000 0.128201 111.456024
1.408134 110.856700 1.184454 111.922775
2.533142 111.185100 2.316816 112.257446
3.783818 111.364400 3.577254 112.421608
5.173439 111.489500 4.976341 112.549423
6.728517 111.518300 6.549059 112.572861
8.447661 111.482200 8.298691 112.543083
10.365340 111.411600 10.237602 112.473274
12.440570 111.376600 12.328806 112.443184
14.658270 111.336300 14.551607 112.408913
16.980990 111.294300 16.894451 112.371735
19.371510 111.225100 19.299519 112.317337
21.827520 111.168600 21.781790 112.264130
24.338230 111.128000 24.319723 112.218132
26.865460 111.086600 26.856867 112.145027
29.340250 111.018500 29.341604 112.075180
31.824380 110.949500 31.851097 112.008728
34.255590 110.895700 34.295666 111.956093
36.655720 110.832300 36.721714 111.893311
39.023530 110.760300 39.102760 111.799538
41.348270 110.661800 41.452057 111.702988
43.625630 110.563400 43.745785 111.615227
45.778700 110.472200 45.895519 111.515213
47.871130 110.381700 48.006927 111.416840
49.939530 110.289100 50.093208 111.324234
51.971720 110.194600 52.128578 111.223984
53.966400 110.084400 54.132351 111.112862
55.968740 109.922700 56.141895 110.944977
58.012520 109.724900 58.213428 110.757027
60.142410 109.502900 60.345150 110.527161
62.329410 109.265100 62.542347 110.291023
64.563430 109.013700 64.785362 110.037460
66.805840 108.790700 67.026283 109.784279
69.024790 108.566800 69.248451 109.540237
71.274060 108.316000 71.485367 109.266876
73.551630 108.056300 73.759468 108.987190
75.878910 107.783000 76.124908 108.708916
78.249380 107.482800 78.485207 108.384491
80.656160 107.159100 80.932709 108.047523
83.128450 106.823200 83.421509 107.695343
85.650170 106.498800 85.977295 107.368469
88.195570 106.179900 88.528603 107.038963
90.756270 105.878900 91.089981 106.720909
93.347120 105.574100 93.678772 106.407562
95.936460 105.267700 96.272552 106.091782
98.498850 104.969700 98.851295 105.782829
101.043100 104.696300 101.419975 105.512497
103.535900 104.414000 103.930717 105.227226
105.990700 104.117400 106.434654 104.907257
108.401400 103.830100 108.843224 104.630341
110.756600 103.530500 111.228210 104.318573
113.078300 103.210700 113.555939 103.979759
115.356600 102.887000 115.859634 103.645126
117.639100 102.533100 118.147980 103.301079
119.873200 102.178000 120.410774 102.930481
122.079200 101.811900 122.649963 102.558319
124.272600 101.407700 124.871971 102.152504
126.424700 100.975200 127.056541 101.714325
128.537100 100.456100 129.192398 101.173660
130.617700 99.856810 131.301102 100.573082
132.667800 99.216070 133.373734 99.927818
134.687400 98.553530 135.392075 99.248482
136.660100 97.926510 137.375458 98.639015
138.607400 97.314350 139.313477 98.033165
140.503400 96.738880 141.226532 97.468636
142.369000 96.204360 143.086563 96.944260
144.202100 95.695640 144.922272 96.439705
145.980300 95.244100 146.676865 96.008698
147.725300 94.841610 148.409622 95.616096
149.451200 94.497860 150.141495 95.277809
151.160400 94.251030 151.854858 95.061768
152.853900 94.142140 153.532852 94.966309
154.532700 94.132680 155.222931 94.970917
156.196500 94.120650 156.886765 94.948853
157.821400 94.007330 158.502029 94.818893
159.401200 93.838200 160.078018 94.640656
160.938600 93.578160 161.619476 94.374084
162.417600 93.276270 163.120972 94.061600
163.854200 92.938740 164.570419 93.715317
165.277700 92.622550 165.995697 93.373016
166.674900 92.299640 167.404999 93.028168
168.125300 91.946090 168.849228 92.652008
169.638900 91.526300 170.378555 92.221146
171.214100 91.062420 171.961029 91.747223
172.836600 90.569120 173.590866 91.230972
174.480800 90.035230 175.256973 90.691292
176.115700 89.513510 176.905136 90.161278
177.736600 89.009020 178.541473 89.642792
179.315600 88.539550 180.166824 89.142960
180.808000 88.123170 181.652771 88.686195
182.185700 87.753480 183.064621 88.323158
183.432400 87.482040 184.317352 88.030571
184.623100 87.293670 185.496399 87.825340
185.803900 87.231550 186.633255 87.792183
186.952000 87.297830 187.781479 87.845879
188.068600 87.451920 188.910553 87.985138
189.154900 87.728640 189.957092 88.263153
190.233600 88.157250 191.059235 88.693817
191.320100 88.781620 192.072571 89.288391
192.410500 89.600550 193.169113 90.105019
193.454200 90.684490 194.209930 91.177895
194.437900 91.988930 195.195587 92.429688
195.378100 93.548950 196.131943 93.959145
196.271500 95.327110 197.029007 95.732162
197.137400 97.277400 197.911255 97.699181
197.949900 99.411050 198.728973 99.838776
198.716100 101.702700 199.499069 102.151711
199.516800 104.092500 200.320908 104.556313
200.371000 106.590800 201.172821 107.062843
201.252400 109.169500 202.061676 109.657341
202.151000 111.754400 202.962967 112.261208
203.059200 114.350500 203.873138 114.872482
203.983900 117.000400 204.789551 117.514549
204.857600 119.562000 205.696411 120.155525
205.735000 122.179100 206.573273 122.786247
206.598600 124.790300 207.447708 125.424637
207.440900 127.377400 208.302368 128.021393
208.242800 129.908400 209.115891 130.583435
208.997300 132.350000 209.876572 133.045258
209.687300 134.653600 210.566452 135.362030
210.315800 136.812600 211.210709 137.552338
210.853400 138.781000 211.750336 139.519928
211.314900 140.528100 212.222031 141.275681
211.724000 142.072000 212.635025 142.821533
212.087800 143.489600 212.998428 144.245056
212.418900 144.848700 213.335205 145.616806
212.644500 146.170800 213.556824 146.939987
212.735200 147.467000 213.646759 148.209259
212.655400 148.727700 213.559814 149.429840
212.394800 149.931200 213.305908 150.594666
211.967700 151.060900 212.907578 151.653503
211.327800 152.041400 212.309418 152.669052
210.570500 152.900300 211.586884 153.545639
209.690200 153.609600 210.646851 154.179550
208.709700 154.127900 209.712784 154.664429
207.628600 154.446600 208.670807 155.012924
206.514300 154.663600 207.600571 155.221390
205.342600 154.839800 206.442261 155.404312
204.054700 154.916400 205.204147 155.502182
202.653200 155.003000 203.810791 155.613342
201.071000 155.004800 202.210831 155.635452
199.317900 154.934200 200.445953 155.584076
197.401000 154.857200 198.480682 155.514679
195.316900 154.772000 196.373734 155.440430
193.070500 154.750200 194.094955 155.429611
190.668800 154.808600 191.674240 155.504669
188.123400 154.966400 189.095993 155.660019
185.505500 155.209900 186.448883 155.901230
182.877200 155.502600 183.783844 156.192673
180.229400 155.806300 181.128006 156.510300
177.558300 156.111000 178.442200 156.828522
174.880600 156.428400 175.746857 157.161880
172.210900 156.745600 173.072342 157.485962
169.531800 157.057600 170.380234 157.799271
166.857300 157.367500 167.706650 158.107254
164.166400 157.687700 165.022522 158.425583
161.543900 158.015100 162.366455 158.754150
158.917500 158.348300 159.724228 159.087860
156.307000 158.685700 157.091125 159.428879
153.701700 159.029500 154.467255 159.776062
151.074500 159.379400 151.829208 160.123291
148.417600 159.744000 149.135391 160.478546
145.726100 160.131500 146.415146 160.874649
143.006700 160.516800 143.688766 161.249039
140.244900 160.894500 140.879456 161.637863
137.441200 161.249200 138.073837 161.985672
134.595200 161.560200 135.189499 162.293671
131.711200 161.840600 132.299454 162.571594
128.789000 162.129400 129.360306 162.868973
125.847000 162.402500 126.401138 163.146011
122.922800 162.662800 123.447227 163.423492
120.011500 162.917000 120.516602 163.684296
117.096200 163.164900 117.579132 163.945908
114.183400 163.417600 114.652802 164.207748
111.271300 163.676400 111.719360 164.466019
108.360000 163.930000 108.807487 164.738403
105.444700 164.185400 105.879066 165.006165
102.540700 164.434900 102.962753 165.265671
99.644400 164.672400 100.059250 165.509293
96.744730 164.928100 97.137405 165.776169
93.849290 165.223100 94.240990 166.078125
90.952140 165.530200 91.334984 166.391708
88.065380 165.851200 88.432617 166.721649
85.150470 166.191600 85.502678 167.070511
82.242610 166.531500 82.562454 167.408936
79.311830 166.862600 79.595047 167.738892
76.393260 167.201900 76.661354 168.074966
73.438700 167.538900 73.663162 168.421158
70.485150 167.863400 70.690201 168.737701
67.519840 168.167700 67.708145 169.038193
64.540850 168.441900 64.708107 169.327469
61.540400 168.697200 61.694305 169.577011
58.537190 168.941400 58.676914 169.833008
55.533930 169.185000 55.659584 170.082916
52.543330 169.420200 52.663174 170.317429
49.571870 169.640200 49.708557 170.537323
46.635500 169.839600 46.754135 170.744522
43.710130 170.017100 43.822643 170.943085
40.823360 170.176600 40.888569 171.120621
37.953040 170.328300 38.016747 171.277069
35.132860 170.473500 35.183842 171.435272
32.385260 170.602800 32.414803 171.584335
29.704360 170.713400 29.716690 171.693863
27.093420 170.807100 27.109238 171.810501
24.583170 170.877300 24.575901 171.904831
22.209330 170.937800 22.197027 171.989212
19.944280 171.027800 19.916136 172.095505
17.748010 171.142200 17.684513 172.224213
15.606760 171.273100 15.522751 172.364899
13.545460 171.403600 13.450059 172.497101
11.568070 171.540200 11.439057 172.645111
9.709170 171.687300 9.565080 172.795364
7.998637 171.853700 7.843367 172.959244
6.432635 172.024100 6.268568 173.121567
4.995356 172.227700 4.808706 173.310928
3.674361 172.460800 3.469416 173.553452
2.475555 172.738700 2.246564 173.825226
1.394096 173.060700 1.157312 174.155304
0.435287 173.448800 0.195190 174.535538
-0.481995 173.905100 -0.728869 174.963943
-1.324858 174.456900 -1.543402 175.491791
-2.065394 175.091700 -2.323318 176.093796
-2.762100 175.808500 -2.996395 176.810303
-3.408457 176.720100 -3.657271 177.703278
-3.994755 177.763900 -4.232607 178.747467
-4.506015 178.951500 -4.757892 179.950882
-4.930925 180.367000 -5.190298 181.359970
-5.212692 181.952900 -5.463825 182.973602
-5.351521 183.714600 -5.601489 184.775055
-5.392321 185.625500 -5.626416 186.711945
-5.387940 187.682900 -5.606567 188.780823
-5.372151 189.871900 -5.579296 190.988602
-5.386586 192.193400 -5.583987 193.310287
-5.406023 194.585200 -5.612551 195.712936
-5.440439 197.017600 -5.636392 198.168396
-5.475977 199.456500 -5.699157 200.609573
-5.514842 201.934200 -5.747784 203.076874
-5.560062 204.406700 -5.805598 205.562408
-5.616804 206.863600 -5.879531 208.035416
-5.692115 209.294100 -5.959101 210.458282
-5.775682 211.678200 -6.052119 212.832367
-5.860771 213.990100 -6.145117 215.138260
-5.940900 216.159300 -6.230114 217.311615
-6.023283 218.169400 -6.315513 219.330414
-6.114588 220.000600 -6.411167 221.166061
-6.209081 221.641100 -6.513906 222.824036
-6.290085 223.094700 -6.595961 224.290894
-6.323739 224.427000 -6.647037 225.648361
-6.274326 225.732300 -6.590771 226.964676
-6.132258 226.985000 -6.440145 228.239288
-5.842543 228.167200 -6.137309 229.419067
-5.392446 229.278300 -5.712002 230.512848
-4.842747 230.275700 -5.168798 231.553940
-4.162700 231.192700 -4.508931 232.450211
-3.339169 232.032200 -3.660065 233.323700
-2.397566 232.795000 -2.686356 234.095764
-1.278517 233.345000 -1.569424 234.637863
0.002398 233.849400 -0.265689 235.158401
1.451824 234.167300 1.199677 235.475174
3.063341 234.394700 2.852238 235.721863
4.818404 234.521700 4.627541 235.873184
6.718857 234.529500 6.532823 235.864761
8.771869 234.476900 8.576860 235.810593
10.950050 234.353500 10.808330 235.702148
13.283690 234.242600 13.128110 235.596497
15.698180 234.114100 15.531867 235.473938
18.109840 234.011200 17.943979 235.383713
20.538930 233.937000 20.365368 235.307709
23.000350 233.896100 22.843367 235.251236
25.454510 233.895700 25.319069 235.225250
27.927720 233.889300 27.813597 235.206421
30.407900 233.872000 30.302465 235.171982
32.882140 233.853600 32.787041 235.132294
35.338500 233.829000 35.263386 235.098053
37.779520 233.790500 37.720512 235.037109
40.179400 233.727500 40.133217 234.965530
42.552300 233.662400 42.530586 234.884247
44.907840 233.595600 44.930157 234.818222
47.226940 233.520600 47.260723 234.734238
49.522840 233.434600 49.565914 234.642685
51.803140 233.370200 51.881824 234.564178
54.049950 233.306500 54.130108 234.478302
56.280590 233.226500 56.353130 234.382462
58.445580 233.147900 58.561371 234.303726
60.619970 233.086700 60.744110 234.234253
62.750480 233.037500 62.897545 234.175903
64.846290 232.998000 65.007393 234.127975
66.907940 232.934300 67.099991 234.062943
68.927460 232.866900 69.126778 233.981430
70.887740 232.814900 71.080948 233.917725
72.825750 232.758300 73.010902 233.854980
74.737930 232.699000 74.920677 233.799881
76.618370 232.622200 76.827187 233.730637
78.487810 232.513200 78.713188 233.635254
80.415420 232.376500 80.648140 233.498611
82.423060 232.187700 82.659515 233.310867
84.524370 231.969700 84.798477 233.095825
86.709120 231.699600 87.003067 232.827377
89.024130 231.380400 89.324066 232.505203
91.467840 231.021200 91.763290 232.139557
94.024580 230.649200 94.329659 231.770782
96.704300 230.258000 97.028175 231.362671
99.500260 229.890100 99.831154 230.999710
102.390800 229.569300 102.726028 230.704605
105.358500 229.285100 105.702881 230.379654
108.344900 229.013100 108.680733 230.116516
111.363200 228.734900 111.724861 229.839233
114.373200 228.477600 114.721634 229.587204
117.360000 228.229400 117.739998 229.340332
120.339400 228.001300 120.723618 229.103409
123.309400 227.796900 123.707977 228.908981
126.241200 227.623100 126.656609 228.735626
129.151600 227.477500 129.594238 228.578629
132.012600 227.318900 132.430313 228.430969
134.854400 227.154700 135.277069 228.257843
137.658300 226.984100 138.101227 228.088593
140.441600 226.780700 140.906204 227.875519
143.209300 226.535400 143.680710 227.626709
145.977400 226.238300 146.454361 227.321075
148.746000 225.862600 149.241653 226.940338
151.518600 225.402500 152.014267 226.479126
154.265800 224.858900 154.794083 225.929520
157.017900 224.208100 157.543365 225.276413
159.770300 223.494500 160.322952 224.570511
162.519400 222.782200 163.099640 223.842087
165.292700 222.111000 165.896332 223.168427
168.051700 221.507000 168.661667 222.563904
170.813300 220.973200 171.455002 222.025818
173.565300 220.491000 174.201797 221.554230
176.245800 220.043100 176.897369 221.110153
178.818800 219.633700 179.490692 220.681473
181.257200 219.251600 181.942062 220.289185
183.679400 218.884000 184.358337 219.877930
186.086900 218.497600 186.807297 219.469849
188.454700 218.100200 189.186295 219.055847
190.804000 217.716300 191.534348 218.661530
193.140800 217.373500 193.862366 218.311066
195.432100 217.054600 196.164261 217.994766
197.727600 216.759200 198.454010 217.688309
199.972100 216.485600 200.701706 217.404160
202.098700 216.237900 202.839340 217.154099
204.042400 215.996300 204.804871 216.911392
205.749800 215.775100 206.522293 216.695129
207.241200 215.583400 208.026917 216.522720
208.613300 215.379500 209.409302 216.342361
209.946100 215.165400 210.714493 216.148315
211.132200 214.943200 211.919373 215.947433
212.136600 214.744800 212.922440 215.764557
213.062500 214.534600 213.857742 215.579025
213.959300 214.314400 214.761063 215.385605
214.824000 214.088800 215.646179 215.184616
215.687900 213.834700 216.524918 214.947372
216.575000 213.526600 217.431885 214.641571
217.490900 213.157600 218.389618 214.280228
218.457300 212.700900 219.369705 213.835632
219.480700 212.125200 220.424835 213.262177
220.511700 211.370900 221.531494 212.495941
221.550800 210.459100 222.581589 211.556412
222.555600 209.363300 223.607269 210.434158
223.474400 208.082600 224.547272 209.125015
224.312800 206.641100 225.387970 207.660950
225.044800 205.038200 226.132416 206.012009
225.610700 203.260200 226.713120 204.177505
225.969900 201.350200 227.100952 202.239182
226.110100 199.367200 227.229263 200.208817
226.043000 197.305000 227.144714 198.124710
225.807700 195.159800 226.909271 195.959793
225.430000 192.956900 226.530701 193.754959
224.916600 190.707600 226.017105 191.500824
224.270500 188.432400 225.364716 189.193604
223.514900 186.121900 224.614777 186.884979
222.660400 183.771100 223.758865 184.497330
221.783100 181.391000 222.895706 182.108780
220.891900 178.998600 222.004059 179.708176
220.021400 176.587400 221.142410 177.304718
219.223500 174.200300 220.355896 174.900055
218.482200 171.834800 219.620834 172.506378
217.818500 169.568700 218.959167 170.229752
217.216600 167.458800 218.356964 168.106842
216.650700 165.491600 217.793671 166.150894
216.110800 163.682800 217.259506 164.330475
215.577800 162.017400 216.723846 162.627228
214.999400 160.430000 216.138641 161.021057
214.344800 158.975700 215.471085 159.556274
213.573800 157.662600 214.699112 158.245987
212.660500 156.532700 213.777283 157.092651
211.582500 155.560200 212.729889 156.141129
210.426600 154.805400 211.569168 155.386978
209.163000 154.246200 210.284256 154.807343
207.764200 153.857100 208.885071 154.434280
206.280800 153.652300 207.398697 154.224426
204.678000 153.573200 205.786926 154.155365
202.976300 153.576200 204.076736 154.150894
201.140400 153.649700 202.242233 154.237823
199.175800 153.795100 200.250427 154.388885
197.094000 154.001100 198.159454 154.602203
194.884400 154.205500 195.929672 154.818436
192.560300 154.427500 193.589249 155.027069
190.124200 154.677200 191.128510 155.282028
187.577500 154.946500 188.555161 155.554672
184.929000 155.250800 185.897507 155.863724
182.198300 155.594600 183.145889 156.192657
179.402300 155.944800 180.318130 156.572418
176.570000 156.287200 177.467926 156.929047
173.734500 156.623600 174.598785 157.275375
170.901000 156.954000 171.747803 157.621170
168.081500 157.295300 168.912857 157.976669
165.284900 157.640900 166.110901 158.327286
162.507400 157.987500 163.331039 158.672791
159.747400 158.333400 160.547882 159.023056
156.984600 158.680600 157.771606 159.376389
154.216200 159.032100 154.984604 159.733017
151.439500 159.399800 152.176331 160.106781
148.640500 159.792600 149.368774 160.506409
145.813800 160.206400 146.523148 160.925430
142.963600 160.610300 143.660706 161.332520
140.057000 160.997100 140.727875 161.718674
137.092200 161.347900 137.745911 162.072586
134.059200 161.649400 134.700165 162.372055
130.993600 161.935400 131.613892 162.658447
127.858900 162.233700 128.465149 162.955078
124.683800 162.520100 125.261925 163.235733
121.492100 162.798700 122.042091 163.521774
118.297400 163.082000 118.809776 163.814621
115.103400 163.377800 115.588951 164.105011
111.913100 163.672600 112.379189 164.401138
108.723500 163.966800 109.181541 164.696228
105.531500 164.253700 105.974983 164.981339
102.343500 164.537500 102.766678 165.267151
99.161640 164.825900 99.580887 165.566803
95.959550 165.164700 96.350533 165.904312
92.746890 165.547500 93.135452 166.294281
89.526460 165.956000 89.900612 166.698883
86.297890 166.381500 86.654175 167.139420
83.033610 166.817100 83.373543 167.583588
79.736970 167.238800 80.052994 168.012894
76.427180 167.629500 76.704483 168.406128
73.050320 167.986400 73.304131 168.766068
69.640860 168.315400 69.876671 169.104980
66.194370 168.637100 66.413460 169.437164
62.710330 168.931500 62.909203 169.745361
59.214430 169.199600 59.400768 170.003922
55.734640 169.446800 55.903522 170.257431
52.271980 169.681900 52.441555 170.499542
48.833520 169.903400 48.981922 170.732727
45.431860 170.116400 45.554173 170.949966
42.051610 170.315300 42.145790 171.164764
38.742450 170.482700 38.824646 171.331268
35.535340 170.629700 35.591717 171.483658
32.460880 170.758300 32.499168 171.632370
29.526980 170.862700 29.554884 171.739807
26.736320 170.955000 26.742893 171.845123
24.096640 171.032400 24.087381 171.928146
21.599520 171.132300 21.570141 172.022888
19.316590 171.344600 19.162682 172.175842
17.201760 171.658400 16.847565 172.426880
15.089840 171.971500 14.648673 172.730759
12.980420 172.284000 12.545726 173.093872
10.872410 172.596000 10.536711 173.483276
8.838192 172.907600 8.672565 173.807129
7.132350 173.177000 6.943737 174.071625
5.611287 173.387400 5.415396 174.290344
4.309371 173.544500 4.116766 174.447739
3.237420 173.651900 3.032386 174.567657
2.375838 173.729600 2.158153 174.650803
1.679549 173.799100 1.448044 174.729080
1.056923 173.859600 0.824898 174.785019
0.465217 173.909300 0.217363 174.836929
-0.128030 173.962400 -0.377471 174.880493
-0.720230 174.003300 -0.966691 174.915146
-1.330594 174.023800 -1.587456 174.935257
-2.080426 174.055200 -2.331469 174.970245
-2.997577 174.094600 -3.248698 175.006317
-4.098643 174.120700 -4.354898 175.027237
-5.416520 174.168000 -5.694325 175.082138
-6.936037 174.228300 -7.224056 175.149872
-8.609358 174.340400 -8.913817 175.273941
-10.463980 174.413000 -10.769172 175.356659
-12.494230 174.495000 -12.815907 175.455734
-14.662590 174.544200 -14.974912 175.502182
-17.028510 174.612700 -17.347410 175.569656
-19.515490 174.656900 -19.854235 175.616501
-22.153150 174.694500 -22.520123 175.669586
-24.891700 174.736800 -25.272720 175.728119
-27.728470 174.787700 -28.112558 175.795715
-30.668830 174.869400 -31.078751 175.888794
-33.671140 174.970100 -34.075344 175.991837
-36.734690 175.074800 -37.150467 176.097366
-39.843610 175.165700 -40.274078 176.189178
-43.001160 175.252500 -43.445354 176.282928
-46.184910 175.351700 -46.618984 176.373917
-49.374400 175.443100 -49.816315 176.465744
-52.557440 175.526000 -53.027973 176.546570
-55.757590 175.616000 -56.227001 176.627441
-58.925860 175.702900 -59.388786 176.706497
-62.130070 175.804700 -62.585220 176.808029
-65.328080 175.907300 -65.784653 176.909821
-68.537660 176.003100 -69.006912 177.005341
-71.749230 176.080900 -72.196487 177.066513
-74.976500 176.145900 -75.458221 177.138748
-78.208790 176.218000 -78.702522 177.196945
-81.447070 176.257900 -81.942551 177.237045
-84.692180 176.290600 -85.190193 177.274460
-87.936790 176.288700 -88.428314 177.267029
-91.211290 176.258400 -91.699806 177.244202
-94.484440 176.204800 -94.981033 177.197433
-97.757000 176.121600 -98.305153 177.163742
-101.045200 176.004400 -101.625710 177.068527
-104.339000 175.862100 -104.926193 176.951553
-107.640300 175.694600 -108.239922 176.812439
-110.948600 175.520500 -111.533600 176.655594
-114.267700 175.326000 -114.914619 176.484146
-117.598500 175.123100 -118.240677 176.292496
-120.942600 174.923200 -121.622856 176.109558
-124.293900 174.718800 -124.939445 175.914719
-127.663000 174.505900 -128.329254 175.708176
-131.048900 174.295300 -131.722458 175.503296
-134.443100 174.072500 -135.116943 175.298843
-137.847200 173.848200 -138.516220 175.081787
-141.262000 173.635000 -141.941833 174.871811
-144.675300 173.415500 -145.375198 174.659378
-148.093400 173.189000 -148.785492 174.454025
-151.506600 172.967300 -152.229813 174.234772
-154.901800 172.728300 -155.618408 174.019272
-158.292900 172.494700 -159.007584 173.798035
-161.632200 172.250400 -162.331604 173.569153
-164.974900 172.022600 -165.703201 173.368622
-168.236000 171.803200 -168.987305 173.171661
-171.502400 171.597000 -172.270615 172.983887
-174.668300 171.359900 -175.449142 172.757431
-177.746400 171.132500 -178.552628 172.544495
-180.803200 170.903300 -181.624252 172.329758
-183.778700 170.687800 -184.635284 172.126175
-186.701500 170.475800 -187.565948 171.922974
-189.566000 170.268000 -190.441681 171.731827
-192.391300 170.070600 -193.263824 171.547363
-195.149900 169.858100 -196.031799 171.347931
-197.876000 169.626400 -198.769440 171.127243
-200.552400 169.372500 -201.449326 170.873245
-203.199000 169.063700 -204.087585 170.565887
-205.787000 168.703000 -206.704803 170.204849
-208.326100 168.290400 -209.270432 169.794891
-210.824000 167.881700 -211.820023 169.403961
-213.258300 167.488200 -214.282532 169.035263
-215.584000 167.155500 -216.669754 168.715286
-217.825600 166.951000 -218.941025 168.522049
-219.976700 166.840100 -221.103928 168.420181
-222.030600 166.826400 -223.191299 168.403259
-223.989000 166.912900 -225.180939 168.498230
-225.824600 167.087900 -227.049149 168.683762
-227.550100 167.325800 -228.800873 168.918045
-229.178200 167.608800 -230.424377 169.190186
-230.692700 167.920100 -231.917572 169.486099
-232.121600 168.192100 -233.343826 169.760208
-233.453600 168.409000 -234.689880 169.985672
-234.669500 168.528300 -235.883728 170.095535
-235.786800 168.548000 -236.991577 170.126617
-236.809500 168.431800 -238.017868 170.010910
-237.749100 168.202200 -238.986328 169.788269
-238.622500 167.871000 -239.640808 169.419067
-239.423500 167.439100 -240.424652 169.004852
-240.167900 166.948100 -241.146042 168.558701
-240.836500 166.406300 -241.842896 168.043686
-241.484000 165.802100 -242.520065 167.478302
-242.133500 165.204600 -243.116608 166.899017
-242.760700 164.564800 -243.767532 166.265289
-243.373200 163.846400 -244.403625 165.563904
-243.956600 163.041100 -245.037384 164.749893
-244.490700 162.132200 -245.535187 163.901047
-244.987900 161.116800 -246.059708 162.882339
-245.418700 159.925400 -246.501404 161.693848
-245.815100 158.551700 -246.913651 160.330490
-246.200000 156.991700 -247.308258 158.769150
-246.613900 155.230000 -247.731277 157.005585
-246.967700 153.214300 -248.092590 154.984344
-247.267000 150.943600 -248.393219 152.723175
-247.521500 148.451900 -248.669632 150.195526
-247.763400 145.749400 -248.929901 147.497986
-248.018000 142.841100 -249.196091 144.580673
-248.277200 139.720500 -249.475479 141.429977
-248.523100 136.389500 -249.740128 138.093430
-248.773200 132.870500 -250.002747 134.563705
-249.015800 129.335700 -250.260712 131.020432
-249.218400 125.814900 -250.487137 127.481613
-249.397800 122.286300 -250.686157 123.964882
-249.565200 118.755000 -250.869202 120.417694
-249.697400 115.238200 -251.027008 116.891342
-249.820200 111.741900 -251.172577 113.388840
-249.943300 108.268400 -251.307922 109.913734
-250.044800 104.815000 -251.429504 106.468452
-250.125300 101.386800 -251.523346 103.039238
-250.189300 97.986010 -251.604202 99.643929
-250.244000 94.598780 -251.657227 96.254898
-250.305600 91.259170 -251.729630 92.899345
-250.400100 87.936680 -251.845886 89.550720
-250.549700 84.645240 -252.005447 86.235626
-250.690200 81.356670 -252.147873 82.930290
-250.847000 78.103800 -252.324997 79.662605
-251.020300 74.824490 -252.509766 76.382736
-251.181200 71.549630 -252.684250 73.098198
-251.353200 68.299410 -252.875351 69.836136
-251.504400 65.068130 -253.022903 66.620911
-251.635100 61.852520 -253.167557 63.374866
-251.747700 58.661860 -253.294739 60.157436
-251.845300 55.489840 -253.399017 56.973755
-251.935900 52.343660 -253.510239 53.824905
-252.030900 49.220080 -253.619354 50.695644
-252.144000 46.116710 -253.748703 47.581219
-252.285100 43.039160 -253.908203 44.511452
-252.447800 39.988030 -254.071396 41.461018
-252.625400 36.956390 -254.265869 38.446167
-252.810700 33.954820 -254.463013 35.450150
-252.984400 30.978070 -254.646194 32.479759
-253.097600 28.028950 -254.757492 29.533634
-253.116300 25.101150 -254.784760 26.597065
-253.041100 22.203360 -254.725281 23.716503
-252.848100 19.324220 -254.547134 20.839470
-252.488000 16.480910 -254.203751 18.032122
-251.943700 13.650460 -253.681580 15.190892
-251.206200 10.846250 -252.960495 12.372129
-250.269300 8.064427 -252.050232 9.603414
-249.119400 5.314832 -250.909073 6.832191
-247.746000 2.616861 -249.582642 4.171989
-246.166100 -0.017969 -248.028152 1.552461
-244.406300 -2.619939 -246.292603 -1.054448
-242.507000 -5.201607 -244.397430 -3.663954
-240.543700 -7.805212 -242.427856 -6.297721
-238.527600 -10.441420 -240.411514 -8.967268
-236.482900 -13.102670 -238.368713 -11.653460
-234.463000 -15.778320 -236.333206 -14.371610
-232.508700 -18.481870 -234.369278 -17.119665
-230.631700 -21.211600 -232.483871 -19.883432
-228.850200 -23.973140 -230.686356 -22.689075
-227.120500 -26.731510 -228.950821 -25.475403
-225.420200 -29.466820 -227.250320 -28.224815
-223.756600 -32.175260 -225.575943 -30.968332
-222.113500 -34.852880 -223.938934 -33.652390
-220.503000 -37.487790 -222.312805 -36.321056
-218.945600 -40.020000 -220.753143 -38.874428
-217.473700 -42.350380 -219.283615 -41.189003
-216.081800 -44.449900 -217.901215 -43.293453
-214.778200 -46.310220 -216.598358 -45.149220
-213.569900 -47.963370 -215.412506 -46.795361
-212.469800 -49.406600 -214.302124 -48.263004
-211.402700 -50.703570 -213.246338 -49.577385
-210.350300 -51.866650 -212.194839 -50.733265
-209.329000 -52.882180 -211.210159 -51.736977
-208.342100 -53.712810 -210.238113 -52.571045
-207.433900 -54.314810 -209.373566 -53.163990
-206.639200 -54.750770 -208.583542 -53.627495
-205.846700 -55.112410 -207.791931 -53.994064
-205.046500 -55.376850 -207.050537 -54.242031
-204.238300 -55.572130 -206.225311 -54.442081
-203.340400 -55.720010 -205.339691 -54.613136
-202.343700 -55.812630 -204.383606 -54.704685
-201.230000 -55.831900 -203.286514 -54.718002
-199.966900 -55.727910 -202.028030 -54.630478
-198.511800 -55.515700 -200.574966 -54.434441
-196.896300 -55.177990 -198.967941 -54.120472
-195.101200 -54.675310 -197.170975 -53.640778
-193.144500 -53.980020 -195.201904 -52.955833
-191.089500 -53.059560 -193.172684 -52.050579
-188.959500 -51.870660 -191.004883 -50.889297
-186.748300 -50.457590 -188.749878 -49.475075
-184.446800 -48.882240 -186.403229 -47.898769
-181.997000 -47.211720 -183.933823 -46.254284
-179.497700 -45.532110 -181.346893 -44.541386
-176.845100 -43.764640 -178.640442 -42.766331
-174.079200 -41.951340 -175.833374 -40.950108
-171.182700 -40.094050 -172.895615 -39.095894
-168.181500 -38.252180 -169.848969 -37.260822
-165.080700 -36.437440 -166.689575 -35.452663
-161.936900 -34.664440 -163.489059 -33.662033
-158.730900 -32.961050 -160.247253 -31.976873
-155.498500 -31.326070 -156.971985 -30.344021
-152.284900 -29.754520 -153.712250 -28.770689
-149.069300 -28.182760 -150.463562 -27.209248
-145.857700 -26.612150 -147.205063 -25.655878
-142.641000 -25.057000 -143.974304 -24.123220
-139.402500 -23.486330 -140.669861 -22.565521
-136.173000 -21.934650 -137.412415 -21.007629
-132.945300 -20.377060 -134.141647 -19.472473
-129.754900 -18.849320 -130.905151 -17.948324
-126.594800 -17.311780 -127.726830 -16.426924
-123.481600 -15.777190 -124.593719 -14.897176
-120.382000 -14.275260 -121.459427 -13.397433
-117.290900 -12.878730 -118.335487 -12.015031
-114.140500 -11.587510 -115.147026 -10.742871
-110.985900 -10.399830 -111.942276 -9.535812
-107.823700 -9.243398 -108.734367 -8.387104
-104.639900 -8.124757 -105.503853 -7.259273
-101.445300 -7.020636 -102.286682 -6.157783
-98.266820 -5.927679 -99.071228 -5.081792
-95.057020 -4.924307 -95.825317 -4.103843
-91.816180 -3.988153 -92.538467 -3.172923
-88.560330 -3.139167 -89.245232 -2.329817
-85.275670 -2.357662 -85.893089 -1.557197
-81.984180 -1.642797 -82.543228 -0.855395
-78.695610 -0.956720 -79.215866 -0.169793
-75.422800 -0.300680 -75.916039 0.464258
-72.166360 0.319994 -72.630394 1.062163
-68.928530 0.923302 -69.389900 1.641386
-65.700550 1.500442 -66.150162 2.200306
-62.489590 2.047975 -62.916920 2.727512
-59.295260 2.577472 -59.695980 3.235986
-56.128970 3.091711 -56.515617 3.734546
-52.988540 3.575444 -53.350800 4.218152
-49.868360 4.040344 -50.210735 4.660975
-46.776300 4.464286 -47.097919 5.080071
-43.712180 4.856902 -44.043755 5.464110
-40.666360 5.223322 -40.982239 5.823479
-37.689290 5.564962 -37.999443 6.158730
-34.786240 5.888495 -35.058140 6.491599
-31.996720 6.190015 -32.250916 6.765077
-29.296910 6.465571 -29.524786 7.039503
-26.720990 6.720779 -26.918383 7.276291
-24.320240 6.954131 -24.478855 7.507987
-22.089310 7.159574 -22.209606 7.705063
-20.016680 7.362635 -20.111210 7.908769
-18.106820 7.551445 -18.185810 8.092558
-16.337750 7.702083 -16.388397 8.245288
-14.726050 7.819683 -14.754739 8.368821
-13.313500 7.930153 -13.336321 8.480966
-12.128270 8.022018 -12.111031 8.561429
-11.139240 8.100664 -11.110790 8.640219
-10.287410 8.195045 -10.255302 8.741892
-9.518219 8.309922 -9.479756 8.859622
-8.789252 8.478175 -8.747754 9.032551
-8.149181 8.669320 -8.110144 9.230146
-7.829442 8.769976 -7.793195 9.308868
-7.799252 8.787461 -7.764011 9.321550
-7.813018 8.786625 -7.775817 9.315972
-7.809395 8.788143 -7.772975 9.316256
-7.809451 8.779000 -7.773103 9.316419
-7.809131 8.771007 -7.777236 9.316531
-7.804822 8.762953 -7.774338 9.317879
-7.800766 8.755551 -7.775318 9.319973
-7.795082 8.750163 -7.776689 9.317413
-7.789514 8.745234 -7.777871 9.316883
-7.784930 8.740517 -7.773249 9.321546
-7.780166 8.734843 -7.774763 9.317090
-7.775784 8.730871 -7.773627 9.314882
-7.771600 8.726560 -7.775318 9.317976
-7.768634 8.723581 -7.773721 9.316290
-7.766879 8.721761 -7.777048 9.313892
-7.765762 8.717584 -7.771480 9.315960
-7.763983 8.714586 -7.776452 9.315829
-7.763294 8.713489 -7.777138 9.313500
-7.762963 8.712553 -7.776980 9.317179
-7.763086 8.713488 -7.772714 9.316914
-7.762455 8.714167 -7.774161 9.314758
-7.753295 8.722145 -7.772713 9.327107
-7.717107 8.742340 -7.735649 9.342537
-7.658875 8.770779 -7.664170 9.347898
-7.513039 8.836058 -7.508210 9.407708
-7.175297 8.982757 -7.166438 9.543087
-6.640897 9.236569 -6.635596 9.790403
-5.930743 9.644152 -6.009164 10.127182
-5.120740 10.257790 -5.196966 10.721900
-4.260731 11.080700 -4.336211 11.511715
-3.414512 12.135620 -3.510530 12.536757
-2.599066 13.467900 -2.714873 13.821068
-1.884998 15.083310 -1.964591 15.427897
-1.260100 16.974890 -1.336262 17.287151
-0.766019 19.117060 -0.847748 19.404814
-0.469374 21.489410 -0.540468 21.734980
-0.353107 24.066230 -0.434116 24.301376
-0.356192 26.850340 -0.430034 27.111593
-0.405744 29.836580 -0.469771 30.117167
-0.459357 33.017600 -0.517193 33.352577
-0.512628 36.392400 -0.565103 36.760120
-0.584304 39.835620 -0.626958 40.253811
-0.669138 43.283040 -0.722341 43.719318
-0.775721 46.706780 -0.825893 47.219753
-0.884520 50.132480 -0.936609 50.698311
-0.993630 53.521590 -1.063321 54.130207
-1.089707 56.883700 -1.172178 57.526913
-1.185006 60.248880 -1.277589 60.932270
-1.270319 63.565850 -1.382123 64.295898
-1.374798 66.868940 -1.512549 67.609467
-1.472152 70.155470 -1.622925 70.949188
-1.562229 73.416080 -1.731007 74.231667
-1.660434 76.636610 -1.839940 77.484093
-1.775229 79.852040 -1.968384 80.725609
-1.895797 83.032260 -2.097963 83.934166
-2.017852 86.185380 -2.213067 87.109741
-2.146481 89.329260 -2.345363 90.282173
-2.263400 92.442530 -2.461926 93.420837
-2.372203 95.538220 -2.572906 96.528290
-2.465941 98.605540 -2.663747 99.634010
-2.540211 101.651500 -2.757856 102.692307
-2.582148 104.696700 -2.787657 105.758858
-2.595436 107.674300 -2.792178 108.742599
-2.621977 110.691900 -2.836923 111.728729
-2.648827 113.786700 -2.872499 114.792137
-2.681214 116.967200 -2.913414 117.952965
-2.721440 120.204500 -2.948858 121.182404
-2.774777 123.506700 -3.002072 124.499809
-2.842109 126.902400 -3.075831 127.903580
-2.924595 130.351000 -3.155848 131.390015
-3.024507 133.819600 -3.261924 134.817932
-3.138966 137.262500 -3.388884 138.228073
-3.265946 140.693500 -3.509103 141.625961
-3.389718 144.095500 -3.635703 145.032700
-3.526115 147.467500 -3.778056 148.393509
-3.671472 150.775300 -3.925928 151.689560
-3.794318 154.003900 -4.045071 154.941116
-3.904131 157.172200 -4.148718 158.118698
-3.996788 160.276500 -4.247332 161.249588
-4.071651 163.334000 -4.333428 164.345490
-4.122556 166.368900 -4.399327 167.389664
-4.194278 169.380900 -4.477812 170.418701
-4.264263 172.440400 -4.546518 173.474960
-4.319751 175.547300 -4.626375 176.553925
-4.393173 178.705600 -4.696782 179.720718
-4.501446 181.892900 -4.815596 182.918564
-4.607667 185.156000 -4.920212 186.244507
-4.701222 188.477800 -5.033940 189.609070
-4.806531 191.849500 -5.145694 192.997101
-4.887285 195.207400 -5.228549 196.379547
-4.976513 198.565600 -5.334292 199.753296
-5.057617 201.890800 -5.416940 203.097168
-5.132018 205.179500 -5.519303 206.378235
-5.210165 208.394000 -5.603688 209.602753
-5.281372 211.451500 -5.666475 212.657059
-5.354878 214.365600 -5.731742 215.553696
-5.416052 217.205700 -5.785716 218.379364
-5.469074 220.014000 -5.829927 221.198090
-5.505322 222.798100 -5.847880 224.005356
-5.545023 225.571400 -5.883077 226.793488
-5.563610 228.337300 -5.871012 229.583054
-5.598680 231.130300 -5.916414 232.349640
-5.715519 233.992700 -6.039664 235.209167
-5.886862 236.912900 -6.204076 238.140518
-6.076718 239.911700 -6.400593 241.129288
-6.214931 243.011500 -6.535869 244.219376
-6.364206 246.210000 -6.680289 247.411194
-6.521044 249.542600 -6.814269 250.714951
-6.657659 252.972000 -6.958870 254.155533
-6.794881 256.491900 -7.106622 257.663666
-6.924264 260.026600 -7.241477 261.206421
-7.052122 263.522600 -7.373681 264.714203
-7.164917 266.998200 -7.495471 268.152954
-7.284815 270.457200 -7.621486 271.579407
-7.417194 273.852800 -7.752404 274.955811
-7.523524 277.174400 -7.867226 278.262390
-7.651625 280.358300 -7.992095 281.463806
-7.782923 283.414900 -8.124940 284.548370
-7.918403 286.315200 -8.278152 287.466614
-8.055697 289.119300 -8.419305 290.328613
-8.185460 291.911300 -8.554496 293.143524
-8.314789 294.668400 -8.675255 295.943359
-8.425515 297.433700 -8.802004 298.733154
-8.486769 300.239900 -8.864057 301.542114
-8.528132 303.087600 -8.917781 304.399750
-8.538802 306.012500 -8.941691 307.313385
-8.512542 309.030900 -8.926152 310.337585
-8.446156 312.111900 -8.861527 313.420959
-8.351900 315.297900 -8.775904 316.592590
-8.211642 318.520500 -8.656047 319.872192
-8.031870 321.816300 -8.487716 323.175568
-7.798255 325.179400 -8.258749 326.571655
-7.513710 328.583000 -7.990645 329.995026
-7.227060 332.070400 -7.718287 333.489319
-6.930360 335.644600 -7.442213 337.042236
-6.634241 339.252200 -7.166849 340.637970
-6.353320 342.849100 -6.889221 344.207611
-6.099343 346.409700 -6.641063 347.747742
-5.858059 349.945000 -6.398653 351.274811
-5.647279 353.444000 -6.194051 354.759735
-5.439992 356.885000 -5.987709 358.198883
-5.251048 360.315600 -5.812904 361.629791
-5.098453 363.671600 -5.664805 364.987762
-4.951017 366.989800 -5.513500 368.309692
-4.804541 370.256900 -5.362434 371.584229
