0.000000 0.000000 0.000000 0.000000
-0.017534 0.283467 -0.026079 0.285384
-0.060000 0.627936 -0.084340 0.626044
-0.141534 1.081913 -0.176294 1.075237
-0.293459 1.604140 -0.334885 1.568656
-0.522492 2.173020 -0.575014 2.129086
-0.839493 2.758285 -0.866125 2.665988
-1.242764 3.333105 -1.240790 3.226169
-1.761568 3.880703 -1.703059 3.728820
-2.415527 4.382391 -2.334944 4.238751
-3.215512 4.824434 -3.111286 4.691106
-4.177130 5.153468 -4.058308 4.987952
-5.299329 5.360943 -5.132772 5.203854
-6.558994 5.427674 -6.354592 5.258498
-7.950411 5.389282 -7.722225 5.209046
-9.480377 5.263869 -9.245555 5.082127
-11.152740 5.088360 -10.902105 4.907759
-12.964270 4.901812 -12.729455 4.709735
-14.913410 4.697363 -14.673100 4.505543
-17.004780 4.494630 -16.785137 4.295868
-19.224270 4.290984 -19.000137 4.086478
-21.564480 4.100217 -21.332355 3.884555
-23.969500 3.908970 -23.741648 3.678489
-26.461360 3.716343 -26.221630 3.462625
-28.997620 3.492898 -28.742586 3.241433
-31.515860 3.271990 -31.251657 3.019472
-34.026260 3.051261 -33.754063 2.791333
-36.533450 2.843137 -36.234051 2.577856
-39.049180 2.638855 -38.744701 2.369899
-41.538400 2.436154 -41.211090 2.157664
-44.015190 2.223683 -43.666100 1.941234
-46.483350 2.028253 -46.128616 1.737615
-48.933140 1.820295 -48.550697 1.514847
-51.328710 1.575304 -50.931393 1.265622
-53.701960 1.337479 -53.299656 1.022931
-56.038080 1.110756 -55.625782 0.786534
-58.330390 0.883063 -57.918755 0.552352
-60.536580 0.662366 -60.128258 0.319664
-62.620220 0.461718 -62.219624 0.105625
-64.570470 0.320188 -64.151688 -0.036258
-66.375630 0.255567 -65.979355 -0.111868
-67.990520 0.345560 -67.569756 -0.027908
-69.403760 0.611089 -68.997017 0.220102
-70.681710 1.080744 -70.254013 0.669315
-71.814190 1.753829 -71.365433 1.291268
-72.810710 2.601772 -72.410507 2.143825
-73.659320 3.554385 -73.290916 3.090728
-74.401710 4.718510 -74.026695 4.251004
-75.018160 6.110247 -74.669243 5.667174
-75.539300 7.706095 -75.183624 7.272028
-75.980690 9.486418 -75.630508 9.065221
-76.379030 11.414990 -76.040260 11.014617
-76.702710 13.494070 -76.377220 13.103981
-76.964630 15.687850 -76.657684 15.291820
-77.198810 17.993590 -76.919357 17.622646
-77.402440 20.301510 -77.131233 19.935448
-77.573400 22.614340 -77.324348 22.255604
-77.734200 24.898110 -77.500420 24.504759
-77.908780 27.180670 -77.684448 26.825249
-78.064690 29.440670 -77.839645 29.086035
-78.198100 31.701300 -77.967522 31.342705
-78.346240 34.000930 -78.112709 33.658920
-78.507180 36.347540 -78.262871 36.013428
-78.700400 38.735230 -78.458138 38.418972
-78.895930 41.194680 -78.653839 40.888096
-79.100340 43.724740 -78.850800 43.378689
-79.318630 46.299200 -79.069664 45.965393
-79.508610 48.902070 -79.256882 48.580765
-79.697420 51.529450 -79.435699 51.215454
-79.900390 54.113500 -79.622009 53.813358
-80.092730 56.670630 -79.805801 56.374325
-80.280860 59.213100 -79.990173 58.940639
-80.474010 61.695670 -80.182930 61.446320
-80.696040 64.136290 -80.402756 63.894379
-80.945180 66.559290 -80.658562 66.301773
-81.219160 68.948800 -80.922112 68.707329
-81.542260 71.291910 -81.231255 71.045914
-81.910890 73.584740 -81.565552 73.326012
-82.326990 75.851980 -81.949554 75.614319
-82.765640 78.069230 -82.360970 77.836578
-83.284090 80.280970 -82.866188 80.054329
-83.856430 82.430700 -83.437073 82.183937
-84.492780 84.584160 -84.079208 84.334686
-85.212300 86.715560 -84.800674 86.452133
-85.996320 88.820790 -85.588181 88.570816
-86.860390 90.918090 -86.450333 90.681534
-87.802500 93.003510 -87.377098 92.792747
-88.749010 95.068170 -88.293114 94.867874
-89.747960 97.163510 -89.270752 96.939392
-90.774930 99.219550 -90.298859 99.034676
-91.840000 101.277400 -91.353622 101.115295
-92.914780 103.296100 -92.414017 103.147293
-94.015070 105.267400 -93.509323 105.129768
-95.123350 107.187800 -94.583412 107.059616
-96.223200 109.067700 -95.641441 108.940186
-97.263380 110.813500 -96.666634 110.706131
-98.241750 112.423300 -97.626068 112.325439
-99.124850 113.865700 -98.503845 113.778221
-99.918840 115.113700 -99.302444 115.025429
-100.633200 116.204600 -99.993996 116.132721
-101.305600 117.126600 -100.627235 117.050262
-101.873900 117.899200 -101.198296 117.811142
-102.405300 118.508600 -101.704971 118.436356
-102.901800 118.981600 -102.174057 118.914886
-103.418300 119.366800 -102.659203 119.323395
-103.954800 119.734800 -103.165771 119.670410
-104.533600 120.029100 -103.718231 119.981392
-105.136200 120.256600 -104.288483 120.222076
-105.801600 120.452000 -104.873047 120.384453
-106.640800 120.599400 -105.675125 120.566193
-107.630100 120.643400 -106.602005 120.616020
-108.711300 120.530800 -107.639824 120.537079
-109.893600 120.252600 -108.831566 120.238678
-111.159800 119.776100 -110.126099 119.775375
-112.496700 119.062200 -111.434898 119.086761
-113.898700 118.106700 -112.835159 118.154503
-115.384500 116.988900 -114.278534 117.091949
-116.978000 115.737300 -115.858658 115.864693
-118.659900 114.366200 -117.533508 114.524261
-120.438900 112.893300 -119.340561 113.065331
-122.328200 111.322200 -121.215378 111.515671
-124.284900 109.650200 -123.229851 109.864838
-126.332000 107.913600 -125.302475 108.156143
-128.461900 106.101400 -127.444427 106.365875
-130.662300 104.214900 -129.686615 104.485748
-132.923400 102.303500 -131.943756 102.599335
-135.189200 100.390400 -134.221222 100.695946
-137.468500 98.469440 -136.502213 98.779190
-139.748000 96.546090 -138.773453 96.893127
-142.020800 94.620440 -141.028625 94.989197
-144.286200 92.690670 -143.249390 93.094864
-146.547500 90.774040 -145.475250 91.197853
-148.833300 88.871460 -147.751740 89.316338
-151.113400 86.978090 -150.002167 87.449974
-153.379000 85.085390 -152.249222 85.577980
-155.629200 83.206150 -154.486618 83.727783
-157.861400 81.326710 -156.696915 81.875450
-160.058500 79.464550 -158.855530 80.050095
-162.221300 77.608580 -161.014786 78.242630
-164.376700 75.774280 -163.173279 76.433159
-166.524800 73.967130 -165.310898 74.645630
-168.668400 72.191080 -167.419037 72.911789
-170.783100 70.468000 -169.498856 71.191231
-172.829900 68.807490 -171.523788 69.511902
-174.785600 67.216050 -173.467453 67.908134
-176.663800 65.684200 -175.356766 66.356438
-178.444800 64.197390 -177.139038 64.892670
-180.100300 62.765190 -178.823807 63.498070
-181.648600 61.419590 -180.403381 62.179035
-183.088500 60.110320 -181.867310 60.897930
-184.404500 58.801210 -183.193420 59.612381
-185.549500 57.458340 -184.335068 58.301006
-186.455000 56.066080 -185.250092 56.941742
-187.120600 54.647590 -185.886230 55.634163
-187.525600 53.213090 -186.298126 54.258034
-187.748500 51.772320 -186.553894 52.850216
-187.716500 50.330420 -186.537979 51.397926
-187.519800 48.954720 -186.367722 50.009239
-187.091900 47.667580 -185.947540 48.793545
-186.478200 46.430560 -185.384155 47.555447
-185.743700 45.217520 -184.631927 46.325035
-184.898100 44.044150 -183.792480 45.152767
-183.968900 42.858990 -182.853409 43.959251
-182.972800 41.628580 -181.859344 42.721596
-181.887200 40.344680 -180.789474 41.419159
-180.726700 38.951790 -179.655029 40.028469
-179.492700 37.459110 -178.432358 38.554096
-178.162100 35.849180 -177.116425 36.928810
-176.710600 34.142700 -175.688339 35.196011
-175.171800 32.296660 -174.169601 33.342258
-173.559000 30.363270 -172.580185 31.392328
-171.867000 28.346750 -170.913925 29.349295
-170.123400 26.259270 -169.210175 27.231138
-168.337100 24.097840 -167.436646 25.059958
-166.581500 21.908660 -165.687561 22.831419
-164.835100 19.714670 -163.924896 20.638063
-163.104500 17.573870 -162.167313 18.442200
-161.377300 15.429150 -160.460052 16.327600
-159.682200 13.303470 -158.765198 14.199984
-158.088000 11.153610 -157.161774 12.064546
-156.652500 8.940913 -155.710144 9.829662
-155.433700 6.640524 -154.476303 7.499474
-154.451100 4.275819 -153.478928 5.105565
-153.690900 1.836084 -152.708694 2.653138
-153.116700 -0.684920 -152.136719 0.117720
-152.659200 -3.301845 -151.681854 -2.520201
-152.323800 -6.003442 -151.354431 -5.219977
-152.034900 -8.818435 -151.080536 -8.054813
-151.705400 -11.696490 -150.760986 -10.931519
-151.368100 -14.689410 -150.431458 -13.921979
-151.018300 -17.760610 -150.105438 -16.961155
-150.658400 -20.884570 -149.758133 -20.089861
-150.317300 -24.039630 -149.431229 -23.252947
-149.995500 -27.198720 -149.121323 -26.402639
-149.688200 -30.326210 -148.815979 -29.530993
-149.392500 -33.448800 -148.525635 -32.636414
-149.124700 -36.525700 -148.262253 -35.716087
-148.881400 -39.588890 -148.024200 -38.775642
-148.663600 -42.621440 -147.826248 -41.821217
-148.444100 -45.622170 -147.632309 -44.837406
-148.225800 -48.590750 -147.446945 -47.800404
-148.013500 -51.538440 -147.263733 -50.757648
-147.797700 -54.448530 -147.064972 -53.686680
-147.579700 -57.330200 -146.855469 -56.573605
-147.341500 -60.171640 -146.627411 -59.428745
-147.099100 -62.956470 -146.394211 -62.218105
-146.873600 -65.641890 -146.185928 -64.896927
-146.684200 -68.188960 -146.027664 -67.448967
-146.575000 -70.550950 -145.945190 -69.819099
-146.515200 -72.689370 -145.920990 -71.975136
-146.496000 -74.588600 -145.925323 -73.869858
-146.520100 -76.249210 -145.966537 -75.538002
-146.562400 -77.644470 -146.006210 -76.938950
-146.614700 -78.752900 -146.050308 -78.063499
-146.644400 -79.571930 -146.043854 -78.848221
-146.661300 -80.195760 -146.054550 -79.514404
-146.655800 -80.746170 -146.056396 -80.083397
-146.626400 -81.202170 -146.034805 -80.562920
-146.606400 -81.580050 -146.031296 -80.950539
-146.554400 -81.887990 -145.998734 -81.272392
-146.509800 -82.072680 -145.964447 -81.459274
-146.481300 -82.147900 -145.953369 -81.524979
-146.467500 -82.144490 -145.947617 -81.516617
-146.474300 -82.148460 -145.935623 -81.516327
-146.483700 -82.145920 -145.903748 -81.534294
-146.487400 -82.144780 -145.947815 -81.541382
-146.492900 -82.150980 -145.952698 -81.538460
-146.495200 -82.155360 -145.949860 -81.541176
-146.494300 -82.156570 -145.958786 -81.531975
-146.487800 -82.148430 -145.952240 -81.526512
-146.487300 -82.140910 -145.947433 -81.534630
-146.486500 -82.135050 -145.936172 -81.526833
-146.488100 -82.132520 -145.906281 -81.540726
-146.489000 -82.133460 -145.952713 -81.505569
-146.484700 -82.133480 -145.943619 -81.510635
-146.484900 -82.133510 -145.932281 -81.549332
-146.480100 -82.133670 -145.917587 -81.548477
-146.472100 -82.131890 -145.930008 -81.540932
-146.477500 -82.133220 -145.946426 -81.547531
-146.525000 -82.162010 -145.962555 -81.538673
-146.565900 -82.217300 -145.935425 -81.534973
-146.590600 -82.310130 -145.902298 -81.567871
-146.581800 -82.426170 -145.868607 -81.662003
-146.551800 -82.574220 -145.815399 -81.801521
-146.475900 -82.778480 -145.729263 -81.996292
-146.351300 -83.116710 -145.599762 -82.310463
-146.156300 -83.574440 -145.399139 -82.761833
-145.879500 -84.106160 -145.134399 -83.207199
-145.491300 -84.682600 -144.756668 -83.765800
-144.895700 -85.318510 -144.256714 -84.344360
-144.077500 -86.065360 -143.455536 -85.090355
-142.947400 -86.840620 -142.257492 -85.872726
-141.509200 -87.543350 -140.787537 -86.586113
-139.798500 -88.087580 -139.039185 -87.130371
-137.828100 -88.433330 -137.068665 -87.455345
-135.614800 -88.607530 -134.798706 -87.619820
-133.180100 -88.696560 -132.362335 -87.696129
-130.552000 -88.680490 -129.734329 -87.640770
-127.723900 -88.575690 -126.885246 -87.517075
-124.683500 -88.464330 -123.862480 -87.385895
-121.460200 -88.294280 -120.648766 -87.213890
-118.086600 -88.040550 -117.276726 -86.976730
-114.579400 -87.745070 -113.767876 -86.694199
-110.975100 -87.438680 -110.187675 -86.416901
-107.385700 -87.146760 -106.624596 -86.141098
-103.821100 -86.859660 -103.065231 -85.875336
-100.261700 -86.572000 -99.512169 -85.610390
-96.736140 -86.293870 -95.964233 -85.364510
-93.228880 -86.017520 -92.466141 -85.110565
-89.760830 -85.757500 -88.997292 -84.865631
-86.314280 -85.511300 -85.578163 -84.621140
-82.904810 -85.266650 -82.147171 -84.395844
-79.525840 -84.982830 -78.770256 -84.121422
-76.174850 -84.684980 -75.411667 -83.831566
-72.849640 -84.375480 -72.102234 -83.515900
-69.556400 -84.051650 -68.805740 -83.197861
-66.269780 -83.744240 -65.523018 -82.909485
-62.988460 -83.463860 -62.265606 -82.636787
-59.725320 -83.192290 -59.002674 -82.387184
-56.511930 -82.928720 -55.764980 -82.161438
-53.287950 -82.677770 -52.541607 -81.936920
-50.102380 -82.423820 -49.339905 -81.728539
-46.961330 -82.161740 -46.164444 -81.483360
-43.795000 -81.913070 -42.985558 -81.264366
-40.605850 -81.669580 -39.811565 -81.045235
-37.446990 -81.429200 -36.700550 -80.803757
-34.324130 -81.178460 -33.589687 -80.569359
-31.234230 -80.938930 -30.495247 -80.347115
-28.164850 -80.719500 -27.430765 -80.116646
-25.130870 -80.512870 -24.362085 -79.906487
-22.128140 -80.313820 -21.357922 -79.703125
-19.203440 -80.118030 -18.436617 -79.500359
-16.439970 -79.929640 -15.655012 -79.322617
-13.862420 -79.730950 -13.060991 -79.153610
-11.471000 -79.505250 -10.673165 -78.941734
-9.267307 -79.258710 -8.485377 -78.704475
-7.272311 -78.940490 -6.462899 -78.415421
-5.472914 -78.549550 -4.703907 -78.061874
-3.867830 -78.086270 -3.070722 -77.601913
-2.385605 -77.503960 -1.577199 -77.044746
-1.027851 -76.800120 -0.243261 -76.377686
0.166806 -75.911920 0.919536 -75.542564
1.182030 -74.883010 1.931628 -74.574036
1.977241 -73.709730 2.775276 -73.442589
2.625592 -72.432540 3.388346 -72.139534
3.046312 -71.053430 3.805724 -70.778915
3.332790 -69.610070 4.065085 -69.357719
3.505748 -68.096830 4.227371 -67.881088
3.623078 -66.505600 4.345966 -66.306526
3.673887 -64.790020 4.397289 -64.603691
3.664022 -62.925430 4.385110 -62.753696
3.591227 -60.915700 4.309686 -60.745781
3.485568 -58.760380 4.201706 -58.578720
3.375737 -56.493750 4.088239 -56.310932
3.243097 -54.203520 3.944800 -54.029705
3.069795 -51.907210 3.794999 -51.735332
2.871709 -49.612280 3.603081 -49.455162
2.690256 -47.318710 3.426424 -47.178207
2.514617 -45.039680 3.234452 -44.910439
2.336487 -42.787040 3.064032 -42.660095
2.176053 -40.574230 2.890374 -40.423531
2.023801 -38.441270 2.733758 -38.300869
1.895520 -36.414710 2.584805 -36.261002
1.766675 -34.458180 2.444509 -34.312046
1.645582 -32.544470 2.309883 -32.386997
1.524724 -30.674470 2.175983 -30.506433
1.412389 -28.840280 2.043282 -28.662338
1.305986 -27.028700 1.905347 -26.847862
1.191105 -25.239530 1.767013 -25.064993
1.067365 -23.476920 1.614543 -23.299490
0.934574 -21.765460 1.453773 -21.587950
0.802905 -20.140230 1.306649 -19.978357
0.699503 -18.615910 1.177052 -18.461349
0.601767 -17.196320 1.063720 -17.057142
0.507341 -15.885810 0.966849 -15.745955
0.417035 -14.726660 0.874764 -14.592500
0.351258 -13.760620 0.800274 -13.619253
0.299516 -12.930350 0.743699 -12.784671
0.263868 -12.153000 0.691255 -12.019340
0.238575 -11.391050 0.638494 -11.254215
0.198165 -10.644890 0.589166 -10.510429
0.151201 -9.907869 0.529396 -9.776840
0.091011 -9.183499 0.438728 -9.053946
0.016860 -8.476707 0.333984 -8.354706
-0.070862 -7.778389 0.240020 -7.667744
-0.158415 -7.094030 0.151009 -6.973272
-0.234301 -6.412690 0.086890 -6.305764
-0.307917 -5.742297 0.019330 -5.636494
-0.360353 -5.068979 -0.033339 -4.975711
-0.401589 -4.328040 -0.097659 -4.248099
-0.431289 -3.483170 -0.141739 -3.401872
-0.464543 -2.555900 -0.185972 -2.466232
-0.487938 -1.556277 -0.222049 -1.475558
-0.499710 -0.485171 -0.242921 -0.414656
-0.511556 0.679747 -0.288834 0.735252
-0.388368 1.890361 -0.293626 1.969670
-0.387786 3.050660 -0.307231 3.047714
-0.473375 4.175334 -0.442361 4.132081
-0.669462 5.262875 -0.686460 5.202763
-0.929674 6.291946 -0.953349 6.186478
-1.229340 7.289411 -1.259444 7.160042
-1.438607 8.249384 -1.488378 8.134931
-1.565470 8.946937 -1.618899 8.838540
-1.615795 9.324632 -1.669449 9.221414
-1.635852 9.404838 -1.681017 9.300864
-1.640332 9.376167 -1.675460 9.280751
-1.643540 9.371050 -1.679537 9.284516
