0 0.000044 0.004715 100.000000 13.513514
0 0.000029 0.003343 200.000000 13.605442
0 0.000021 0.004485 300.000000 14.084507
10 0.000054 0.004306 100.000000 13.513514
10 0.000031 0.003276 200.000000 13.698630
10 0.000020 0.004564 300.000000 14.150944
20 0.000042 0.005067 100.000000 13.513514
20 0.000028 0.003525 200.000000 13.698630
20 0.000017 0.004886 300.000000 14.285714
30 0.000041 0.005052 100.000000 13.513514
30 0.000032 0.003410 200.000000 13.793103
30 0.000016 0.005093 300.000000 14.354067
40 0.000051 0.005982 100.000000 13.333333
40 0.000036 0.003757 200.000000 13.888889
40 0.000014 0.005556 300.000000 14.492754
50 0.000038 0.005336 100.000000 13.333333
50 0.000036 0.003662 200.000000 13.986014
50 0.000014 0.005351 300.000000 14.563107
60 0.000048 0.004061 100.000000 13.333333
60 0.000034 0.004549 200.000000 13.986014
60 0.000014 0.005443 300.000000 14.634147
70 0.000051 0.004260 100.000000 13.333333
70 0.000034 0.005041 200.000000 14.184397
80 0.000053 0.005049 100.000000 13.513514
80 0.000030 0.004831 200.000000 14.285714
90 0.000051 0.004673 100.000000 13.513514
90 0.000019 0.004917 200.000000 14.492754
100 0.000048 0.004887 100.000000 13.698630
100 0.000018 0.005091 200.000000 14.705882
110 0.000053 0.005461 100.000000 14.084507
110 0.000013 0.005684 200.000000 14.814815
120 0.000043 0.005939 100.000000 14.285714
120 0.000003 0.005552 200.000000 15.037594
130 0.000033 0.006107 100.000000 14.492754
130 0.000010 0.005894 200.000000 15.151515
140 0.000016 0.006213 100.000000 14.705882
140 0.000012 0.006077 200.000000 15.384615
150 0.000020 0.004682 100.000000 14.925373
160 0.000018 0.006006 100.000000 15.151515
170 0.000030 0.007020 100.000000 15.384615
180 0.000027 0.006978 100.000000 15.384615
190 0.000044 0.008055 100.000000 15.625000
200 0.000037 0.007060 100.000000 15.625000
