0 0.000069 0.005025 100.000000 5.780347
0 0.000070 0.004736 200.000000 6.369427
0 0.000039 0.004871 300.000000 6.726458
0 0.000015 0.002978 400.000000 6.908463
0 0.000012 0.002336 500.000000 6.297229
0 0.000021 0.001485 600.000000 6.741573
10 0.000077 0.004775 100.000000 6.097561
10 0.000051 0.005283 200.000000 6.451613
10 0.000039 0.005181 300.000000 6.849315
10 0.000017 0.003188 400.000000 7.017544
10 0.000013 0.002426 500.000000 6.369427
10 0.000022 0.001439 600.000000 6.802721
20 0.000085 0.003624 100.000000 6.369427
20 0.000034 0.005170 200.000000 6.493506
20 0.000037 0.005269 300.000000 6.960557
20 0.000017 0.003410 400.000000 7.117438
20 0.000016 0.002474 500.000000 6.435007
20 0.000023 0.001560 600.000000 6.857143
30 0.000140 0.001391 100.000000 6.622517
30 0.000052 0.007454 200.000000 6.535948
30 0.000047 0.007611 300.000000 7.042253
30 0.000025 0.005087 400.000000 7.207207
30 0.000026 0.003321 500.000000 6.501951
30 0.000025 0.001038 600.000000 6.888634
40 0.000155 0.000818 100.000000 6.849315
40 0.000061 0.005975 200.000000 6.578948
40 0.000044 0.007314 300.000000 7.075472
40 0.000024 0.005078 400.000000 7.299270
40 0.000028 0.003304 500.000000 6.561680
40 0.000024 0.000899 600.000000 6.912442
50 0.000166 0.002586 100.000000 7.042253
50 0.000075 0.005248 200.000000 6.600660
50 0.000038 0.005919 300.000000 7.058824
50 0.000021 0.004750 400.000000 7.366483
50 0.000027 0.003166 500.000000 6.605020
50 0.000020 0.001095 600.000000 6.896552
60 0.000161 0.002680 100.000000 7.092198
60 0.000078 0.004673 200.000000 6.622517
60 0.000046 0.006104 300.000000 6.993007
60 0.000020 0.004752 400.000000 7.407407
60 0.000027 0.003011 500.000000 6.640106
60 0.000017 0.001064 600.000000 6.880734
70 0.000177 0.001918 100.000000 7.142857
70 0.000093 0.004859 200.000000 6.644518
70 0.000043 0.006465 300.000000 6.944445
70 0.000023 0.004838 400.000000 7.421150
70 0.000029 0.002915 500.000000 6.666667
70 0.000016 0.000955 600.000000 6.872852
80 0.000186 0.002083 100.000000 7.142857
80 0.000090 0.004537 200.000000 6.688963
80 0.000048 0.006096 300.000000 6.928406
80 0.000022 0.004908 400.000000 7.434944
80 0.000030 0.002844 500.000000 6.684492
80 0.000017 0.000939 600.000000 6.864988
90 0.000191 0.002269 100.000000 7.142857
90 0.000087 0.005048 200.000000 6.711410
90 0.000050 0.006265 300.000000 6.944445
90 0.000023 0.005155 400.000000 7.434944
90 0.000031 0.002671 500.000000 6.711410
90 0.000016 0.000886 600.000000 6.857143
100 0.000173 0.002133 100.000000 7.092198
100 0.000080 0.005531 200.000000 6.756757
100 0.000042 0.006171 300.000000 6.960557
100 0.000021 0.004993 400.000000 7.299270
100 0.000031 0.002424 500.000000 6.729475
100 0.000015 0.000876 600.000000 6.833713
110 0.000192 0.003535 100.000000 7.092198
110 0.000080 0.006245 200.000000 6.802721
110 0.000044 0.006265 300.000000 6.993007
110 0.000026 0.004698 400.000000 6.220840
110 0.000030 0.002263 500.000000 6.756757
110 0.000018 0.000745 600.000000 6.810442
120 0.000178 0.004247 100.000000 7.142857
120 0.000073 0.006327 200.000000 6.872852
120 0.000037 0.005906 300.000000 7.025761
120 0.000029 0.004611 400.000000 6.211180
120 0.000030 0.002261 500.000000 6.793478
120 0.000016 0.000950 600.000000 6.779661
130 0.000147 0.004747 100.000000 7.352941
130 0.000045 0.004756 200.000000 6.993007
130 0.000031 0.005050 300.000000 7.092198
130 0.000031 0.004121 400.000000 6.250000
130 0.000028 0.002951 500.000000 6.839945
130 0.000011 0.001640 600.000000 6.726458
140 0.000064 0.008459 100.000000 7.575758
140 0.000012 0.003459 200.000000 7.142857
140 0.000039 0.003647 300.000000 7.177033
140 0.000033 0.004250 400.000000 6.299212
140 0.000029 0.004145 500.000000 6.896552
140 0.000013 0.002285 600.000000 6.666667
150 0.000065 0.004768 100.000000 7.751938
150 0.000032 0.004774 200.000000 7.246377
150 0.000031 0.003892 300.000000 7.263923
150 0.000027 0.004075 400.000000 6.339144
150 0.000027 0.003599 500.000000 6.934813
150 0.000007 0.001726 600.000000 6.593407
160 0.000085 0.002375 100.000000 7.692307
160 0.000047 0.005590 200.000000 7.299270
160 0.000027 0.004083 300.000000 7.317073
160 0.000019 0.004056 400.000000 6.379585
160 0.000026 0.003271 500.000000 6.963789
160 0.000007 0.001317 600.000000 6.535948
170 0.000089 0.004460 100.000000 7.142857
170 0.000048 0.006481 200.000000 7.272727
170 0.000029 0.004280 300.000000 7.352941
170 0.000018 0.004038 400.000000 6.420546
170 0.000027 0.003105 500.000000 6.963789
180 0.000047 0.005026 100.000000 6.369427
180 0.000032 0.005719 200.000000 7.220217
180 0.000032 0.004227 300.000000 7.407407
180 0.000018 0.004223 400.000000 6.451613
180 0.000019 0.003351 500.000000 6.925208
190 0.000082 0.004741 100.000000 6.172840
190 0.000038 0.005476 200.000000 7.067138
190 0.000036 0.004405 300.000000 7.444169
190 0.000017 0.004566 400.000000 6.493506
190 0.000018 0.003504 500.000000 6.868132
200 0.000079 0.005337 100.000000 6.134969
200 0.000030 0.005760 200.000000 6.872852
200 0.000038 0.004426 300.000000 7.481297
200 0.000021 0.004603 400.000000 6.514658
200 0.000013 0.003293 500.000000 6.821282
210 0.000104 0.004285 100.000000 6.172840
210 0.000030 0.005317 200.000000 6.802721
210 0.000039 0.004572 300.000000 7.500000
210 0.000021 0.004856 400.000000 6.546645
210 0.000016 0.003384 500.000000 6.802721
220 0.000095 0.004280 100.000000 6.211180
220 0.000040 0.005102 200.000000 6.802721
220 0.000042 0.005350 300.000000 7.518797
220 0.000027 0.005509 400.000000 6.568144
220 0.000017 0.003705 500.000000 6.793478
230 0.000094 0.005446 100.000000 6.289308
230 0.000039 0.005215 200.000000 6.825939
230 0.000044 0.005208 300.000000 7.518797
230 0.000028 0.005449 400.000000 6.600660
230 0.000016 0.003484 500.000000 6.784261
240 0.000079 0.005986 100.000000 6.410256
240 0.000045 0.005358 200.000000 6.872852
240 0.000038 0.005330 300.000000 7.334963
240 0.000029 0.005467 400.000000 6.633499
240 0.000016 0.003332 500.000000 6.765900
250 0.000079 0.007510 100.000000 6.493506
250 0.000054 0.006416 200.000000 6.920415
250 0.000052 0.007825 300.000000 5.964215
250 0.000032 0.006578 400.000000 6.666667
250 0.000018 0.003706 500.000000 6.747638
260 0.000068 0.008602 100.000000 6.578948
260 0.000053 0.006739 200.000000 6.944445
260 0.000048 0.007939 300.000000 5.928854
260 0.000031 0.006354 400.000000 6.700168
260 0.000019 0.003411 500.000000 6.693440
270 0.000069 0.009213 100.000000 6.666667
270 0.000061 0.007299 200.000000 6.968641
270 0.000045 0.008560 300.000000 5.940594
270 0.000035 0.006796 400.000000 6.722689
270 0.000020 0.003250 500.000000 6.510417
280 0.000061 0.010552 100.000000 6.756757
280 0.000066 0.008106 200.000000 7.017544
280 0.000046 0.008979 300.000000 5.976096
280 0.000037 0.007489 400.000000 6.756757
280 0.000019 0.003280 500.000000 6.377551
290 0.000070 0.011373 100.000000 6.849315
290 0.000073 0.008636 200.000000 7.117438
290 0.000046 0.009493 300.000000 6.024096
290 0.000043 0.008111 400.000000 6.791172
290 0.000022 0.002920 500.000000 6.321113
300 0.000076 0.011206 100.000000 7.092198
300 0.000077 0.008993 200.000000 7.246377
300 0.000047 0.009883 300.000000 6.109980
300 0.000045 0.008345 400.000000 6.837607
310 0.000082 0.009424 100.000000 7.407407
310 0.000071 0.007514 200.000000 7.462687
310 0.000042 0.008588 300.000000 6.198347
310 0.000042 0.007270 400.000000 6.908463
320 0.000068 0.008225 100.000000 7.751938
320 0.000060 0.005383 200.000000 7.692307
320 0.000033 0.006232 300.000000 6.315790
320 0.000039 0.005151 400.000000 6.993007
330 0.000062 0.008986 100.000000 8.130081
330 0.000045 0.004753 200.000000 7.905138
330 0.000028 0.004424 300.000000 6.410256
330 0.000032 0.003513 400.000000 7.054674
340 0.000036 0.009182 100.000000 8.264462
340 0.000047 0.005779 200.000000 8.097166
340 0.000028 0.005537 300.000000 6.507592
340 0.000029 0.004520 400.000000 7.079646
350 0.000099 0.008436 100.000000 8.130081
350 0.000053 0.006809 200.000000 8.230453
350 0.000034 0.006610 300.000000 6.578948
350 0.000032 0.005432 400.000000 7.042253
360 0.000097 0.008576 100.000000 7.751938
360 0.000056 0.007405 200.000000 8.333333
360 0.000036 0.007350 300.000000 6.622517
360 0.000025 0.005704 400.000000 6.993007
370 0.000114 0.010891 100.000000 7.518797
370 0.000067 0.010507 200.000000 8.368201
370 0.000044 0.009910 300.000000 6.651885
370 0.000029 0.007389 400.000000 6.968641
380 0.000108 0.009931 100.000000 7.407407
380 0.000061 0.010262 200.000000 8.333333
380 0.000043 0.009531 300.000000 6.666667
380 0.000028 0.006690 400.000000 6.932409
390 0.000120 0.008830 100.000000 7.352941
390 0.000057 0.008316 200.000000 8.196721
390 0.000041 0.008257 300.000000 6.681514
390 0.000027 0.005312 400.000000 6.884682
400 0.000119 0.008451 100.000000 7.299270
400 0.000060 0.008580 200.000000 5.747127
400 0.000041 0.007866 300.000000 6.696429
400 0.000024 0.004547 400.000000 6.814310
410 0.000098 0.007814 100.000000 7.246377
410 0.000076 0.008786 200.000000 5.617978
410 0.000041 0.007372 300.000000 6.711410
410 0.000024 0.003986 400.000000 6.700168
420 0.000112 0.007512 100.000000 7.194244
420 0.000068 0.008866 200.000000 5.617978
420 0.000044 0.007508 300.000000 6.726458
420 0.000022 0.003599 400.000000 6.400000
430 0.000122 0.007250 100.000000 7.246377
430 0.000068 0.009177 200.000000 5.633803
430 0.000049 0.008317 300.000000 6.726458
430 0.000028 0.003982 400.000000 6.230530
440 0.000110 0.007188 100.000000 7.352941
440 0.000059 0.008839 200.000000 5.698006
440 0.000050 0.008033 300.000000 6.741573
450 0.000097 0.006441 100.000000 7.575758
450 0.000048 0.007527 200.000000 5.763689
450 0.000042 0.006651 300.000000 6.741573
460 0.000070 0.004587 100.000000 7.874016
460 0.000033 0.004903 200.000000 5.865103
460 0.000029 0.003770 300.000000 6.726458
470 0.000042 0.004434 100.000000 8.196721
470 0.000014 0.002142 200.000000 5.952381
470 0.000024 0.001921 300.000000 6.726458
480 0.000063 0.004449 100.000000 8.620689
480 0.000016 0.002404 200.000000 6.060606
480 0.000018 0.003095 300.000000 6.741573
490 0.000056 0.003868 100.000000 8.928572
490 0.000013 0.003237 200.000000 6.172840
490 0.000021 0.002483 300.000000 6.756757
500 0.000050 0.003757 100.000000 9.259259
500 0.000016 0.003075 200.000000 6.250000
500 0.000018 0.001967 300.000000 6.787330
510 0.000056 0.003292 100.000000 9.433962
510 0.000023 0.003501 200.000000 6.309148
510 0.000018 0.001935 300.000000 6.787330
520 0.000061 0.003625 100.000000 9.345795
520 0.000019 0.003648 200.000000 6.349206
520 0.000026 0.002188 300.000000 6.741573
530 0.000077 0.002390 100.000000 8.196721
530 0.000026 0.001554 200.000000 6.369427
530 0.000018 0.002024 300.000000 6.681514
540 0.000077 0.003516 100.000000 4.608295
540 0.000020 0.002008 200.000000 6.410256
540 0.000020 0.002009 300.000000 6.593407
550 0.000047 0.003122 100.000000 4.566210
550 0.000025 0.001504 200.000000 6.451613
550 0.000020 0.001680 300.000000 6.410256
560 0.000028 0.003703 100.000000 4.566210
560 0.000035 0.001054 200.000000 6.472492
560 0.000021 0.002300 300.000000 6.072875
570 0.000038 0.003750 100.000000 4.587156
570 0.000044 0.001652 200.000000 6.472492
570 0.000018 0.003261 300.000000 5.870842
580 0.000050 0.003084 100.000000 4.629630
580 0.000043 0.001589 200.000000 6.349206
590 0.000051 0.002846 100.000000 4.651163
590 0.000049 0.001460 200.000000 6.153846
600 0.000060 0.002796 100.000000 4.672897
600 0.000035 0.002232 200.000000 5.988024
610 0.000060 0.004136 100.000000 4.694836
610 0.000028 0.002390 200.000000 5.934718
620 0.000065 0.004771 100.000000 4.739336
620 0.000032 0.002823 200.000000 5.899705
630 0.000076 0.005793 100.000000 4.807693
630 0.000035 0.003239 200.000000 5.899705
640 0.000085 0.007848 100.000000 4.950495
640 0.000042 0.004847 200.000000 5.952381
650 0.000083 0.007624 100.000000 5.154639
650 0.000034 0.004233 200.000000 6.079027
660 0.000073 0.006895 100.000000 5.405406
660 0.000035 0.003264 200.000000 6.230530
670 0.000074 0.007999 100.000000 5.714286
670 0.000039 0.003736 200.000000 6.430868
680 0.000077 0.006925 100.000000 6.060606
680 0.000034 0.003185 200.000000 6.644518
690 0.000078 0.007493 100.000000 6.451613
690 0.000037 0.003380 200.000000 6.872852
700 0.000082 0.007704 100.000000 6.896552
700 0.000038 0.003606 200.000000 7.117438
710 0.000079 0.007725 100.000000 7.407407
710 0.000039 0.003474 200.000000 7.380074
720 0.000081 0.005658 100.000000 8.000000
720 0.000033 0.002461 200.000000 7.633588
730 0.000072 0.002730 100.000000 8.695652
730 0.000031 0.001452 200.000000 7.936508
740 0.000062 0.002093 100.000000 9.345795
740 0.000028 0.001549 200.000000 8.163265
750 0.000080 0.006468 100.000000 10.101010
750 0.000032 0.005771 200.000000 8.333333
760 0.000089 0.008064 100.000000 10.526316
760 0.000044 0.006786 200.000000 8.333333
770 0.000076 0.006496 100.000000 10.869565
770 0.000034 0.005643 200.000000 7.843137
780 0.000092 0.006500 100.000000 10.869565
780 0.000034 0.006117 200.000000 7.092198
790 0.000077 0.004735 100.000000 10.526316
800 0.000027 0.005326 100.000000 9.433962
810 0.000082 0.004886 100.000000 8.403361
820 0.000084 0.004005 100.000000 8.000000
830 0.000092 0.004048 100.000000 7.692307
840 0.000100 0.004350 100.000000 7.352941
850 0.000083 0.005880 100.000000 6.993007
860 0.000107 0.008005 100.000000 6.134969
870 0.000109 0.011424 100.000000 5.208333
880 0.000127 0.015722 100.000000 4.830918
