0 0.000178 0.006367 100.000000 7.633588
0 0.000111 0.006881 200.000000 7.782101
0 0.000111 0.008020 300.000000 7.772021
0 0.000083 0.007903 400.000000 8.146640
0 0.000075 0.009165 500.000000 8.051530
0 0.000058 0.011099 600.000000 7.957560
0 0.000054 0.011575 700.000000 8.505467
0 0.000047 0.010607 800.000000 8.528785
10 0.000166 0.005019 100.000000 8.130081
10 0.000104 0.003896 200.000000 8.000000
10 0.000103 0.004495 300.000000 7.936508
10 0.000077 0.004551 400.000000 8.281573
10 0.000076 0.005650 500.000000 8.064516
10 0.000056 0.007402 600.000000 8.042895
10 0.000051 0.008004 700.000000 8.599508
10 0.000045 0.007828 800.000000 8.592911
20 0.000134 0.002917 100.000000 8.547009
20 0.000085 0.000837 200.000000 8.163265
20 0.000088 0.002500 300.000000 8.064516
20 0.000065 0.005293 400.000000 8.403361
20 0.000062 0.005810 500.000000 7.974482
20 0.000047 0.006328 600.000000 8.130081
20 0.000043 0.005809 700.000000 8.674102
20 0.000040 0.005317 800.000000 8.658009
30 0.000123 0.001466 100.000000 8.928572
30 0.000075 0.004030 200.000000 8.230453
30 0.000086 0.005203 300.000000 8.152174
30 0.000065 0.007750 400.000000 8.474576
30 0.000052 0.008770 500.000000 7.898894
30 0.000045 0.008780 600.000000 8.196721
30 0.000040 0.007850 700.000000 8.750000
30 0.000039 0.006315 800.000000 8.686211
40 0.000129 0.002616 100.000000 9.009009
40 0.000078 0.005050 200.000000 8.230453
40 0.000085 0.005792 300.000000 8.174387
40 0.000060 0.008620 400.000000 8.528785
40 0.000049 0.009450 500.000000 7.861635
40 0.000043 0.008665 600.000000 8.241758
40 0.000037 0.007365 700.000000 8.793970
40 0.000039 0.005479 800.000000 8.629990
50 0.000128 0.003571 100.000000 9.090909
50 0.000077 0.004823 200.000000 8.196721
50 0.000082 0.004186 300.000000 8.196721
50 0.000065 0.007767 400.000000 8.547009
50 0.000047 0.007869 500.000000 7.861635
50 0.000042 0.006403 600.000000 8.287292
50 0.000038 0.004812 700.000000 8.816121
50 0.000038 0.003551 800.000000 8.333333
60 0.000118 0.005007 100.000000 9.174312
60 0.000077 0.005847 200.000000 8.163265
60 0.000084 0.006088 300.000000 8.219178
60 0.000055 0.008043 400.000000 8.547009
60 0.000044 0.008156 500.000000 7.861635
60 0.000040 0.006632 600.000000 8.333333
60 0.000037 0.005133 700.000000 8.805032
60 0.000038 0.003848 800.000000 8.281573
70 0.000076 0.005765 100.000000 9.174312
70 0.000061 0.006765 200.000000 8.163265
70 0.000077 0.007080 300.000000 8.264462
70 0.000053 0.008202 400.000000 8.528785
70 0.000042 0.008770 500.000000 7.886436
70 0.000038 0.007731 600.000000 8.391608
70 0.000036 0.006779 700.000000 8.739077
70 0.000036 0.004947 800.000000 8.281573
80 0.000065 0.005365 100.000000 9.174312
80 0.000073 0.006796 200.000000 8.130081
80 0.000083 0.007976 300.000000 8.287292
80 0.000052 0.008672 400.000000 8.492569
80 0.000043 0.009997 500.000000 7.911392
80 0.000039 0.009541 600.000000 8.438819
80 0.000029 0.008648 700.000000 8.695652
80 0.000038 0.006554 800.000000 8.290155
90 0.000094 0.005576 100.000000 8.928572
90 0.000082 0.007264 200.000000 8.032128
90 0.000076 0.008558 300.000000 8.264462
90 0.000055 0.009044 400.000000 8.438819
90 0.000044 0.010173 500.000000 7.923930
90 0.000039 0.009426 600.000000 8.474576
90 0.000035 0.008494 700.000000 8.663366
90 0.000039 0.006010 800.000000 8.281573
100 0.000108 0.005702 100.000000 8.695652
100 0.000094 0.007332 200.000000 7.936508
100 0.000076 0.008804 300.000000 8.264462
100 0.000057 0.009277 400.000000 8.368201
100 0.000042 0.010314 500.000000 7.936508
100 0.000038 0.009361 600.000000 8.522727
100 0.000035 0.008015 700.000000 8.641975
100 0.000040 0.005841 800.000000 8.273009
110 0.000072 0.008486 100.000000 8.403361
110 0.000088 0.008085 200.000000 7.874016
110 0.000062 0.009936 300.000000 8.264462
110 0.000053 0.009934 400.000000 8.316009
110 0.000038 0.010398 500.000000 7.949126
110 0.000035 0.008958 600.000000 8.559201
110 0.000030 0.007075 700.000000 8.641975
110 0.000038 0.004711 800.000000 8.273009
120 0.000066 0.005797 100.000000 8.064516
120 0.000085 0.005600 200.000000 7.843137
120 0.000062 0.007449 300.000000 8.264462
120 0.000057 0.007378 400.000000 8.264462
120 0.000042 0.008612 500.000000 7.974482
120 0.000036 0.007960 600.000000 8.608321
120 0.000032 0.006726 700.000000 8.641975
120 0.000036 0.005563 800.000000 8.273009
130 0.000055 0.006970 100.000000 7.812500
130 0.000078 0.006152 200.000000 7.782101
130 0.000055 0.007748 300.000000 8.287292
130 0.000055 0.007732 400.000000 8.113590
130 0.000038 0.009045 500.000000 8.000000
130 0.000035 0.008421 600.000000 8.658009
130 0.000030 0.006912 700.000000 8.652658
130 0.000035 0.005697 800.000000 8.255934
140 0.000063 0.007090 100.000000 7.575758
140 0.000079 0.005355 200.000000 7.782101
140 0.000056 0.007085 300.000000 8.310249
140 0.000048 0.007848 400.000000 7.677543
140 0.000039 0.008368 500.000000 8.038586
140 0.000034 0.007830 600.000000 8.695652
140 0.000031 0.006351 700.000000 8.641975
140 0.000035 0.005608 800.000000 8.188332
150 0.000044 0.005965 100.000000 7.462687
150 0.000077 0.005260 200.000000 7.751938
150 0.000057 0.005942 300.000000 8.333333
150 0.000043 0.007962 400.000000 7.604563
150 0.000038 0.008311 500.000000 8.090615
150 0.000034 0.008256 600.000000 8.733624
150 0.000027 0.006781 700.000000 8.536586
150 0.000032 0.005965 800.000000 7.662835
160 0.000040 0.006266 100.000000 7.352941
160 0.000084 0.005232 200.000000 7.782101
160 0.000059 0.006198 300.000000 8.356546
160 0.000042 0.008345 400.000000 7.575758
160 0.000037 0.008705 500.000000 8.130081
160 0.000033 0.008557 600.000000 8.759124
160 0.000028 0.006978 700.000000 8.206330
170 0.000052 0.006532 100.000000 7.299270
170 0.000084 0.005451 200.000000 7.812500
170 0.000053 0.006306 300.000000 8.333333
170 0.000044 0.008459 400.000000 7.575758
170 0.000037 0.008686 500.000000 8.183306
170 0.000033 0.008372 600.000000 8.708273
170 0.000030 0.006792 700.000000 8.158508
180 0.000060 0.006254 100.000000 7.246377
180 0.000090 0.005522 200.000000 7.843137
180 0.000051 0.005534 300.000000 8.287292
180 0.000042 0.008066 400.000000 7.604563
180 0.000038 0.008532 500.000000 8.237232
180 0.000032 0.008511 600.000000 8.633094
180 0.000031 0.006860 700.000000 8.149011
190 0.000091 0.007614 100.000000 7.194244
190 0.000088 0.007707 200.000000 7.874016
190 0.000052 0.007603 300.000000 8.264462
190 0.000042 0.009270 400.000000 7.633588
190 0.000036 0.008886 500.000000 8.305648
190 0.000032 0.008292 600.000000 8.595988
190 0.000036 0.006194 700.000000 8.158508
200 0.000078 0.006548 100.000000 7.194244
200 0.000079 0.006404 200.000000 7.905138
200 0.000052 0.005925 300.000000 8.264462
200 0.000044 0.008468 400.000000 7.677543
200 0.000037 0.008653 500.000000 8.375210
200 0.000027 0.008385 600.000000 8.595988
200 0.000032 0.006479 700.000000 8.177570
210 0.000088 0.004608 100.000000 7.246377
210 0.000072 0.004842 200.000000 7.968128
210 0.000051 0.004517 300.000000 8.241758
210 0.000041 0.007454 400.000000 7.722008
210 0.000037 0.007994 500.000000 8.445946
210 0.000021 0.007772 600.000000 8.608321
210 0.000031 0.006501 700.000000 8.196721
220 0.000118 0.005754 100.000000 7.299270
220 0.000077 0.006216 200.000000 8.064516
220 0.000060 0.006112 300.000000 8.241758
220 0.000043 0.008614 400.000000 7.766990
220 0.000039 0.008738 500.000000 8.517887
220 0.000028 0.007973 600.000000 8.633094
220 0.000034 0.006508 700.000000 8.225616
230 0.000136 0.006076 100.000000 7.352941
230 0.000078 0.006512 200.000000 8.163265
230 0.000058 0.006508 300.000000 8.264462
230 0.000044 0.009257 400.000000 7.827789
230 0.000038 0.009337 500.000000 8.591065
230 0.000024 0.008239 600.000000 8.670520
230 0.000037 0.006727 700.000000 8.244994
240 0.000125 0.005204 100.000000 7.462687
240 0.000072 0.006467 200.000000 8.298756
240 0.000060 0.006147 300.000000 8.287292
240 0.000040 0.008174 400.000000 7.905138
240 0.000035 0.007795 500.000000 8.680555
240 0.000028 0.006648 600.000000 8.720930
240 0.000035 0.005740 700.000000 8.274232
250 0.000106 0.005332 100.000000 7.633588
250 0.000070 0.004558 200.000000 8.438819
250 0.000063 0.004468 300.000000 8.287292
250 0.000046 0.007324 400.000000 7.984032
250 0.000038 0.007854 500.000000 8.771930
250 0.000027 0.007053 600.000000 8.771930
250 0.000030 0.006747 700.000000 8.303678
260 0.000116 0.006131 100.000000 7.751938
260 0.000068 0.004402 200.000000 8.547009
260 0.000065 0.004829 300.000000 8.021390
260 0.000044 0.007327 400.000000 8.064516
260 0.000037 0.007925 500.000000 8.849558
260 0.000027 0.007031 600.000000 8.810573
260 0.000031 0.006954 700.000000 8.313540
270 0.000122 0.005433 100.000000 7.874016
270 0.000067 0.004650 200.000000 8.658009
270 0.000059 0.005273 300.000000 7.692307
270 0.000045 0.006332 400.000000 8.130081
270 0.000037 0.006614 500.000000 8.928572
270 0.000030 0.005978 600.000000 8.823529
270 0.000033 0.006372 700.000000 8.264462
280 0.000126 0.006092 100.000000 7.936508
280 0.000063 0.004245 200.000000 8.771930
280 0.000051 0.006445 300.000000 7.614213
280 0.000044 0.006818 400.000000 8.213552
280 0.000035 0.007127 500.000000 9.009009
280 0.000027 0.006255 600.000000 8.784773
280 0.000031 0.006515 700.000000 7.803791
290 0.000134 0.006193 100.000000 8.064516
290 0.000081 0.004340 200.000000 8.849558
290 0.000055 0.006591 300.000000 7.614213
290 0.000045 0.006992 400.000000 8.281573
290 0.000038 0.007330 500.000000 9.057971
290 0.000028 0.006630 600.000000 8.403361
300 0.000121 0.003625 100.000000 8.196721
300 0.000064 0.004554 200.000000 8.928572
300 0.000046 0.007388 300.000000 7.633588
300 0.000041 0.007641 400.000000 8.368201
300 0.000034 0.007306 500.000000 9.074410
300 0.000027 0.006401 600.000000 8.321775
310 0.000114 0.003896 100.000000 8.333333
310 0.000059 0.003843 200.000000 8.888889
310 0.000047 0.007008 300.000000 7.672634
310 0.000036 0.007274 400.000000 8.456659
310 0.000027 0.007104 500.000000 9.009009
310 0.000027 0.006264 600.000000 8.310249
320 0.000118 0.005200 100.000000 8.474576
320 0.000039 0.004324 200.000000 8.849558
320 0.000043 0.006615 300.000000 7.731959
320 0.000034 0.006177 400.000000 8.547009
320 0.000023 0.005656 500.000000 8.944544
320 0.000029 0.005139 600.000000 8.321775
330 0.000092 0.005942 100.000000 8.620689
330 0.000050 0.004114 200.000000 8.849558
330 0.000041 0.006221 300.000000 7.772021
330 0.000034 0.005838 400.000000 8.620689
330 0.000018 0.005339 500.000000 8.912656
330 0.000029 0.004830 600.000000 8.333333
340 0.000071 0.006387 100.000000 8.695652
340 0.000047 0.004255 200.000000 8.849558
340 0.000036 0.005788 300.000000 7.832898
340 0.000029 0.005042 400.000000 8.714597
340 0.000015 0.004241 500.000000 8.912656
340 0.000025 0.003944 600.000000 8.356546
350 0.000074 0.006048 100.000000 8.849558
350 0.000044 0.003828 200.000000 8.771930
350 0.000039 0.005360 300.000000 7.894737
350 0.000030 0.004867 400.000000 8.810573
350 0.000014 0.004216 500.000000 8.928572
350 0.000023 0.004347 600.000000 8.368201
360 0.000055 0.007239 100.000000 8.928572
360 0.000050 0.004478 200.000000 8.771930
360 0.000042 0.005488 300.000000 7.936508
360 0.000032 0.004725 400.000000 8.888889
360 0.000013 0.003617 500.000000 8.960573
360 0.000024 0.003868 600.000000 8.391608
370 0.000047 0.008586 100.000000 9.090909
370 0.000048 0.005552 200.000000 8.733624
370 0.000040 0.004677 300.000000 8.000000
370 0.000027 0.003499 400.000000 8.988764
370 0.000011 0.002317 500.000000 8.976661
370 0.000020 0.003453 600.000000 8.403361
380 0.000062 0.009869 100.000000 9.259259
380 0.000052 0.005606 200.000000 8.620689
380 0.000045 0.004532 300.000000 8.086253
380 0.000028 0.003766 400.000000 9.070294
380 0.000014 0.002836 500.000000 9.009009
380 0.000021 0.004236 600.000000 8.415147
390 0.000058 0.011714 100.000000 9.433962
390 0.000055 0.006516 200.000000 7.843137
390 0.000040 0.005338 300.000000 8.152174
390 0.000028 0.004018 400.000000 9.174312
390 0.000016 0.002746 500.000000 9.025270
390 0.000023 0.003992 600.000000 8.379889
400 0.000044 0.013526 100.000000 9.615385
400 0.000052 0.008556 200.000000 7.462687
400 0.000035 0.005177 300.000000 8.241758
400 0.000024 0.003082 400.000000 9.237875
400 0.000016 0.001186 500.000000 9.009009
400 0.000022 0.003007 600.000000 8.241758
410 0.000035 0.015023 100.000000 9.708738
410 0.000041 0.010245 200.000000 7.380074
410 0.000030 0.005769 300.000000 8.310249
410 0.000022 0.003030 400.000000 9.302325
410 0.000020 0.001078 500.000000 8.650519
420 0.000045 0.010656 100.000000 9.615385
420 0.000049 0.008390 200.000000 7.352941
420 0.000032 0.004421 300.000000 8.379889
420 0.000023 0.001841 400.000000 9.280743
420 0.000019 0.001794 500.000000 8.319468
430 0.000010 0.008474 100.000000 9.345795
430 0.000049 0.007403 200.000000 7.352941
430 0.000029 0.003500 300.000000 8.474576
430 0.000014 0.001051 400.000000 9.132421
430 0.000024 0.002115 500.000000 8.278146
440 0.000032 0.008612 100.000000 9.090909
440 0.000042 0.007030 200.000000 7.380074
440 0.000028 0.003253 300.000000 8.547009
440 0.000018 0.001080 400.000000 9.009009
440 0.000025 0.002322 500.000000 8.264462
450 0.000049 0.006994 100.000000 8.928572
450 0.000048 0.005259 200.000000 7.407407
450 0.000034 0.002213 300.000000 8.645534
450 0.000019 0.001245 400.000000 8.948545
450 0.000026 0.003699 500.000000 8.264462
460 0.000057 0.006931 100.000000 8.695652
460 0.000052 0.004936 200.000000 7.434944
460 0.000034 0.001937 300.000000 8.746356
460 0.000026 0.001563 400.000000 8.928572
460 0.000026 0.004080 500.000000 8.264462
470 0.000076 0.006993 100.000000 8.474576
470 0.000060 0.004845 200.000000 7.462687
470 0.000034 0.001902 300.000000 8.823529
470 0.000022 0.001203 400.000000 8.928572
470 0.000027 0.003928 500.000000 8.264462
480 0.000071 0.007060 100.000000 8.196721
480 0.000050 0.004692 200.000000 7.518797
480 0.000028 0.001683 300.000000 8.928572
480 0.000025 0.001535 400.000000 8.928572
480 0.000031 0.004375 500.000000 8.250825
490 0.000083 0.005509 100.000000 7.575758
490 0.000049 0.004621 200.000000 7.575758
490 0.000029 0.001616 300.000000 9.009009
490 0.000028 0.002169 400.000000 8.908686
490 0.000034 0.005080 500.000000 8.223684
500 0.000087 0.007415 100.000000 6.172840
500 0.000044 0.005162 200.000000 7.633588
500 0.000025 0.001791 300.000000 9.090909
500 0.000029 0.002439 400.000000 8.869180
500 0.000034 0.004856 500.000000 8.077544
510 0.000073 0.009959 100.000000 5.917160
510 0.000039 0.005524 200.000000 7.692307
510 0.000022 0.002305 300.000000 9.146341
510 0.000028 0.002396 400.000000 8.547009
520 0.000079 0.010203 100.000000 5.882353
520 0.000035 0.004933 200.000000 7.812500
520 0.000023 0.001548 300.000000 9.146341
520 0.000030 0.003137 400.000000 8.048289
530 0.000080 0.010130 100.000000 5.952381
530 0.000040 0.004352 200.000000 7.968128
530 0.000019 0.001118 300.000000 9.090909
530 0.000034 0.004300 400.000000 8.016032
540 0.000079 0.011040 100.000000 6.060606
540 0.000036 0.005015 200.000000 8.130081
540 0.000024 0.002034 300.000000 8.982036
540 0.000033 0.004556 400.000000 8.032128
550 0.000063 0.012120 100.000000 6.134969
550 0.000035 0.006785 200.000000 8.298756
550 0.000024 0.003675 300.000000 8.928572
550 0.000034 0.004947 400.000000 8.064516
560 0.000058 0.012424 100.000000 6.250000
560 0.000029 0.006723 200.000000 8.438819
560 0.000040 0.003631 300.000000 8.928572
560 0.000039 0.003982 400.000000 8.080808
570 0.000046 0.012205 100.000000 6.410256
570 0.000023 0.006412 200.000000 8.658009
570 0.000043 0.003318 300.000000 8.955224
570 0.000045 0.004702 400.000000 8.130081
580 0.000048 0.013978 100.000000 6.535948
580 0.000018 0.008217 200.000000 8.849558
580 0.000046 0.004292 300.000000 9.009009
580 0.000047 0.004132 400.000000 8.163265
590 0.000062 0.014507 100.000000 6.666667
590 0.000027 0.008695 200.000000 9.049774
590 0.000038 0.004846 300.000000 9.063444
590 0.000042 0.004087 400.000000 8.196721
600 0.000053 0.013656 100.000000 6.849315
600 0.000012 0.007604 200.000000 9.259259
600 0.000045 0.003959 300.000000 9.146341
600 0.000048 0.004066 400.000000 8.230453
610 0.000069 0.012171 100.000000 7.092198
610 0.000017 0.006119 200.000000 9.523809
610 0.000045 0.003188 300.000000 9.259259
610 0.000046 0.004503 400.000000 8.281573
620 0.000046 0.012514 100.000000 7.462687
620 0.000006 0.006654 200.000000 9.852217
620 0.000047 0.003191 300.000000 9.404388
620 0.000049 0.004764 400.000000 8.368201
630 0.000066 0.011845 100.000000 7.936508
630 0.000021 0.005999 200.000000 10.256411
630 0.000042 0.003076 300.000000 9.646302
630 0.000044 0.004313 400.000000 8.492569
640 0.000051 0.013076 100.000000 8.547009
640 0.000018 0.007531 200.000000 10.752688
640 0.000049 0.003594 300.000000 9.900990
640 0.000049 0.004192 400.000000 8.620689
650 0.000026 0.013993 100.000000 9.174312
650 0.000020 0.008703 200.000000 11.235955
650 0.000052 0.003816 300.000000 10.135135
650 0.000054 0.004638 400.000000 8.714597
660 0.000007 0.012201 100.000000 9.803922
660 0.000014 0.007409 200.000000 11.764706
660 0.000057 0.003116 300.000000 10.344828
660 0.000055 0.005562 400.000000 8.733624
670 0.000026 0.008833 100.000000 10.416667
670 0.000018 0.005384 200.000000 12.195122
670 0.000058 0.002968 300.000000 10.380623
670 0.000061 0.006562 400.000000 8.492569
680 0.000018 0.008698 100.000000 10.989011
680 0.000014 0.005044 200.000000 12.500000
680 0.000058 0.003770 300.000000 9.677420
690 0.000032 0.009500 100.000000 11.494253
690 0.000023 0.005406 200.000000 12.578616
690 0.000059 0.005035 300.000000 9.090909
700 0.000018 0.009061 100.000000 11.904762
700 0.000038 0.005546 200.000000 12.048193
700 0.000067 0.005541 300.000000 9.009009
710 0.000020 0.007913 100.000000 12.345679
710 0.000061 0.004584 200.000000 11.494253
710 0.000067 0.006153 300.000000 8.955224
720 0.000018 0.006069 100.000000 12.820513
720 0.000090 0.004040 200.000000 11.235955
720 0.000073 0.007294 300.000000 8.902077
730 0.000032 0.006036 100.000000 13.333333
730 0.000082 0.003450 200.000000 11.049724
730 0.000074 0.007788 300.000000 8.875740
740 0.000033 0.006690 100.000000 13.698630
740 0.000082 0.002712 200.000000 10.928962
740 0.000074 0.008336 300.000000 8.823529
750 0.000049 0.005311 100.000000 14.084507
750 0.000087 0.002277 200.000000 10.810811
750 0.000079 0.009656 300.000000 8.746356
760 0.000032 0.003706 100.000000 14.285714
760 0.000085 0.004108 200.000000 10.582010
760 0.000077 0.010614 300.000000 8.426967
770 0.000021 0.003270 100.000000 14.084507
770 0.000088 0.006068 200.000000 8.928572
780 0.000052 0.003849 100.000000 12.500000
780 0.000090 0.008538 200.000000 8.032128
790 0.000132 0.004420 100.000000 10.416667
790 0.000097 0.010776 200.000000 7.812500
800 0.000163 0.006439 100.000000 9.523809
800 0.000102 0.012947 200.000000 7.633588
810 0.000161 0.006921 100.000000 9.009009
810 0.000106 0.014329 200.000000 7.462687
820 0.000145 0.008931 100.000000 8.620689
820 0.000097 0.014707 200.000000 7.272727
830 0.000169 0.012532 100.000000 8.130081
830 0.000106 0.016179 200.000000 6.825939
840 0.000180 0.015164 100.000000 6.211180
850 0.000171 0.018791 100.000000 5.813953
860 0.000146 0.017761 100.000000 5.882353
870 0.000109 0.013530 100.000000 6.024096
880 0.000096 0.010149 100.000000 6.134969
890 0.000076 0.008717 100.000000 6.211180
900 0.000083 0.009100 100.000000 6.289308
910 0.000107 0.009381 100.000000 6.329114
920 0.000102 0.011426 100.000000 6.329114
930 0.000078 0.011331 100.000000 6.289308
940 0.000065 0.011087 100.000000 6.172840
950 0.000078 0.009705 100.000000 5.882353
960 0.000083 0.008742 100.000000 5.128205
970 0.000080 0.007185 100.000000 4.405286
