0.000000 0.000000 0.000000 0.000000
-0.041803 3.575628 -0.072013 3.615514
-0.083626 7.152769 -0.057527 7.212733
-0.125431 10.728320 -0.063488 10.796529
-0.167141 14.303480 -0.068391 14.391612
-0.208176 17.881040 -0.094344 17.971088
-0.253156 21.464680 -0.129176 21.572588
-0.307115 25.046840 -0.152090 25.150496
-0.367798 28.637120 -0.171795 28.750158
-0.435716 32.231930 -0.207496 32.322517
-0.509819 35.812560 -0.243094 35.911301
-0.590462 39.405490 -0.279677 39.499577
-0.675668 42.995920 -0.313800 43.093994
-0.761728 46.596120 -0.367274 46.708199
-0.822002 50.203480 -0.388771 50.341343
-0.875378 53.811250 -0.393102 53.940781
-0.933231 57.427770 -0.413756 57.564896
-1.006715 61.042090 -0.428203 61.172764
-1.078473 64.647550 -0.454291 64.776398
-1.157680 68.241070 -0.491528 68.367729
-1.243226 71.816000 -0.516422 71.951263
-1.310252 75.365540 -0.525524 75.514244
-1.337950 78.894600 -0.504396 79.047958
-1.335651 82.399130 -0.452454 82.554031
-1.292993 85.876960 -0.351557 86.038551
-1.216671 89.333360 -0.218886 89.493263
-1.101750 92.791290 -0.062020 92.984001
-0.953966 96.255380 0.132340 96.463295
-0.782045 99.739680 0.349404 99.961105
-0.607718 103.278800 0.565767 103.522514
-0.448327 106.867200 0.767188 107.123581
-0.329075 110.491600 0.932657 110.758087
-0.253779 114.142500 1.055359 114.401108
-0.232571 117.811600 1.111733 118.080742
-0.256232 121.501300 1.134494 121.794792
-0.297015 125.224100 1.144125 125.526207
-0.353204 128.969900 1.149539 129.271317
-0.397623 132.733500 1.154090 133.042313
-0.443887 136.522600 1.162976 136.821655
-0.490815 140.330600 1.178113 140.643478
-0.550146 144.153000 1.181294 144.506638
-0.601569 147.961100 1.191366 148.353012
-0.649286 151.756200 1.211288 152.169983
-0.703475 155.553300 1.232380 155.973160
-0.758140 159.342200 1.253526 159.790512
-0.821014 163.126200 1.254360 163.601730
-0.891591 166.914300 1.261481 167.404190
-0.968255 170.704700 1.252570 171.212646
-1.053647 174.498300 1.234832 175.022095
-1.140940 178.289100 1.192845 178.797119
-1.220912 182.072200 1.182471 182.585983
-1.311919 185.843100 1.153219 186.353989
-1.400872 189.585600 1.125667 190.099564
-1.482347 193.303500 1.108321 193.838745
-1.543340 196.981600 1.101898 197.511459
-1.593225 200.619200 1.121424 201.173935
-1.629855 204.203300 1.134068 204.784668
-1.655974 207.709400 1.166107 208.308319
-1.680916 211.093700 1.198373 211.706604
-1.717659 214.345300 1.229645 214.976929
-1.758097 217.485400 1.249835 218.123245
-1.820190 220.495000 1.251127 221.145386
-1.900504 223.322800 1.224466 224.001038
-1.999321 225.946200 1.174033 226.651672
-2.113952 228.382000 1.104006 229.106705
-2.215172 230.657700 1.045241 231.394592
-2.309140 232.838300 0.994198 233.584335
-2.389577 234.991500 0.955916 235.744553
-2.458270 237.111600 0.927665 237.879547
-2.501543 239.199900 0.936301 239.979813
-2.528203 241.263900 0.948411 242.052979
-2.543393 243.355900 0.983784 244.145813
-2.546619 245.471500 1.021714 246.261734
-2.542056 247.635900 1.082947 248.426331
-2.540944 249.857300 1.138557 250.641861
-2.529475 252.145000 1.204643 252.934891
-2.522827 254.510700 1.270678 255.298523
-2.495854 256.929600 1.350364 257.704559
-2.426274 259.429500 1.489059 260.208893
-2.347909 261.939800 1.622343 262.725555
-2.249292 264.463100 1.778299 265.252075
-2.120601 266.988600 1.968134 267.791443
-1.972336 269.529300 2.172132 270.350281
-1.829452 272.089100 2.375916 272.936462
-1.700845 274.651100 2.579483 275.517853
-1.585579 277.203700 2.750937 278.062408
-1.489305 279.735400 2.903296 280.605896
-1.431895 282.203100 3.019588 283.085144
-1.411252 284.555300 3.090302 285.436768
-1.423417 286.744000 3.128962 287.617004
-1.477649 288.751100 3.118068 289.628693
-1.597157 290.628100 3.042554 291.509216
-1.834488 292.379000 2.843872 293.269104
-2.209538 293.998100 2.512978 294.880920
-2.739392 295.466700 2.024467 296.332794
-3.425572 296.782800 1.387772 297.628571
-4.268559 297.943900 0.582230 298.790649
-5.270323 298.869400 -0.376617 299.723083
-6.404391 299.609200 -1.472382 300.442535
-7.620091 300.061900 -2.638428 300.909210
-8.849753 300.287300 -3.807953 301.158661
-10.136050 300.271200 -5.034983 301.186279
-11.487940 299.994100 -6.355244 300.936462
-12.859800 299.433800 -7.751465 300.439240
-14.212510 298.521900 -9.123207 299.592682
-15.569170 297.360100 -10.471741 298.457306
-16.903920 295.876600 -11.851608 296.989258
-18.123430 294.046700 -13.110123 295.186432
-19.213810 291.862500 -14.224037 293.042053
-20.129220 289.390500 -15.158844 290.590332
-20.811550 286.620800 -15.832970 287.870636
-21.226910 283.593100 -16.288864 284.845581
-21.383580 280.311200 -16.478931 281.590057
-21.289760 276.829500 -16.428604 278.109619
-21.001900 273.207500 -16.197392 274.443390
-20.665910 269.427900 -15.894080 270.620331
-20.345860 265.509700 -15.625273 266.667664
-20.070850 261.517300 -15.392624 262.652588
-19.855300 257.511300 -15.215568 258.612915
-19.703440 253.474600 -15.111031 254.558319
-19.613680 249.416200 -15.063117 250.471863
-19.551340 245.338200 -15.054468 246.386307
-19.513830 241.222400 -15.053041 242.257324
-19.480990 237.073200 -15.062014 238.107529
-19.430400 232.892800 -15.052217 233.906998
-19.355550 228.687700 -15.018727 229.661697
-19.288210 224.454100 -15.006448 225.426086
-19.214900 220.186300 -14.971242 221.148056
-19.140510 215.891500 -14.942063 216.837784
-19.053200 211.570300 -14.911128 212.495316
-18.960210 207.218600 -14.881991 208.128784
-18.864760 202.831800 -14.834262 203.712616
-18.780810 198.440400 -14.804246 199.298004
-18.697180 194.055600 -14.786290 194.892151
-18.628490 189.691500 -14.780804 190.522293
-18.576860 185.352500 -14.781663 186.153046
-18.533400 181.031600 -14.786724 181.821045
-18.510720 176.750700 -14.823995 177.502487
-18.518290 172.537500 -14.885479 173.251373
-18.551690 168.447100 -14.958495 169.109467
-18.605030 164.539000 -15.068096 165.171844
-18.662110 160.837100 -15.157919 161.437332
-18.717150 157.359800 -15.246616 157.908112
-18.762310 154.117300 -15.331641 154.662857
-18.804370 151.111100 -15.416824 151.649460
-18.837660 148.339300 -15.473614 148.861969
-18.862790 145.753800 -15.520144 146.255020
-18.886270 143.302400 -15.570747 143.810150
-18.908720 140.992900 -15.627733 141.483337
-18.926770 138.765400 -15.668182 139.247955
-18.954640 136.621400 -15.713861 137.075729
-18.979110 134.516900 -15.762649 134.946960
-19.003890 132.428600 -15.812511 132.836548
-19.011690 130.377400 -15.845948 130.753876
-19.029680 128.286700 -15.882890 128.643158
-19.040930 126.090400 -15.935025 126.425690
-19.033980 123.792800 -15.944674 124.113205
-19.007880 121.337200 -15.948982 121.628326
-18.962360 118.740400 -15.937250 119.010780
-18.881640 115.984300 -15.893806 116.250603
-18.762610 113.072100 -15.802338 113.311203
-18.592730 110.010400 -15.676352 110.230728
-18.389740 106.796500 -15.502241 106.995590
-18.187250 103.411100 -15.342332 103.603233
-17.972000 99.881710 -15.173265 100.048798
-17.753740 96.208550 -15.003817 96.362274
-17.543660 92.393230 -14.851213 92.533836
-17.350650 88.454130 -14.685141 88.560562
-17.188340 84.351710 -14.583759 84.450455
-17.048280 80.126460 -14.481853 80.221779
-16.938900 75.757520 -14.424600 75.862839
-16.844870 71.334520 -14.380424 71.428856
-16.779170 66.924620 -14.361914 67.023346
-16.723740 62.522540 -14.353020 62.587921
-16.677280 58.118530 -14.352291 58.175758
-16.622860 53.735190 -14.350516 53.788326
-16.554460 49.366830 -14.330369 49.408882
-16.478250 45.013820 -14.310956 45.035221
-16.401830 40.697890 -14.280240 40.729259
-16.332450 36.396840 -14.260915 36.424835
-16.264000 32.124710 -14.252895 32.145714
-16.212760 27.867600 -14.249583 27.892010
-16.153630 23.646100 -14.237720 23.661053
-16.100440 19.472550 -14.232005 19.457882
-16.057300 15.332990 -14.237015 15.311628
-15.999870 11.221520 -14.224670 11.196261
-15.957640 7.122797 -14.232969 7.082112
-15.925900 3.038918 -14.252610 2.979469
-15.871210 -1.063172 -14.242537 -1.129207
-15.823200 -5.192326 -14.240788 -5.287300
-15.773900 -9.357139 -14.236526 -9.463029
-15.722330 -13.547460 -14.232789 -13.679235
-15.675190 -17.764350 -14.229012 -17.889938
-15.629860 -22.003930 -14.235225 -22.112644
-15.590270 -26.267830 -14.234455 -26.391615
-15.536760 -30.547830 -14.230816 -30.675457
-15.493260 -34.819990 -14.235182 -34.954723
-15.444100 -39.082170 -14.224580 -39.226021
-15.392450 -43.322590 -14.215908 -43.468357
-15.337830 -47.537950 -14.194866 -47.682045
-15.276960 -51.748500 -14.161088 -51.894653
-15.217710 -55.949500 -14.136816 -56.095657
-15.170080 -60.150690 -14.128881 -60.294849
-15.128010 -64.350760 -14.128688 -64.523216
-15.091410 -68.538780 -14.135001 -68.725235
-15.064380 -72.708390 -14.133493 -72.892677
-15.030840 -76.856420 -14.140957 -77.066360
-14.979300 -80.953600 -14.131483 -81.158966
-14.924670 -85.034950 -14.108145 -85.229012
-14.873980 -89.070400 -14.098888 -89.245430
-14.824260 -93.076720 -14.092498 -93.243118
-14.787030 -97.045510 -14.094806 -97.228172
-14.758540 -100.983800 -14.108776 -101.188805
-14.739600 -104.892000 -14.140459 -105.102119
-14.728240 -108.762900 -14.174623 -108.994690
-14.724790 -112.605400 -14.216090 -112.842422
-14.717800 -116.411100 -14.253344 -116.642586
-14.709830 -120.173400 -14.287825 -120.411362
-14.700540 -123.867100 -14.317009 -124.120323
-14.698520 -127.485200 -14.351956 -127.752495
-14.712330 -131.008900 -14.394976 -131.291031
-14.733340 -134.417400 -14.457103 -134.706985
-14.752330 -137.654200 -14.499029 -137.951981
-14.773570 -140.676300 -14.549357 -140.989197
-14.808450 -143.452200 -14.611657 -143.837906
-14.818770 -145.963300 -14.654263 -146.374023
-14.688160 -148.224500 -14.548408 -148.632370
-14.364200 -150.225000 -14.256330 -150.608017
-13.833420 -151.950400 -13.759941 -152.289658
-13.082430 -153.424000 -13.047367 -153.703827
-12.093300 -154.666400 -12.120422 -154.875961
-10.901070 -155.630100 -11.004532 -155.795990
-9.567123 -156.277800 -9.782410 -156.427246
-8.174402 -156.635100 -8.451164 -156.734909
-6.734167 -156.651000 -7.023021 -156.786942
-5.261917 -156.393600 -5.672937 -156.589722
-3.838336 -155.807800 -4.272064 -156.034225
-2.480572 -154.890600 -2.978523 -155.143402
-1.268487 -153.640100 -1.792618 -153.953827
-0.226137 -152.060600 -0.852448 -152.445984
0.552355 -150.216600 -0.085377 -150.665665
1.048250 -148.112500 0.421795 -148.598022
1.348496 -145.760400 0.733858 -146.289490
1.463451 -143.197700 0.844595 -143.737228
1.471319 -140.450900 0.862044 -140.997375
1.499366 -137.518100 0.891641 -138.087662
1.504501 -134.421900 0.906142 -134.972534
1.498560 -131.160300 0.902095 -131.702469
1.470024 -127.744100 0.888936 -128.256546
1.436723 -124.185000 0.858056 -124.638115
1.413177 -120.491700 0.841579 -120.907845
1.405768 -116.657200 0.861279 -117.054657
1.385028 -112.695000 0.848107 -113.048477
1.330549 -108.592800 0.817005 -108.939796
1.259616 -104.367900 0.763647 -104.701599
1.170075 -100.007600 0.692063 -100.304520
1.089274 -95.515710 0.627266 -95.775291
1.009148 -90.982260 0.577774 -91.220886
0.939998 -86.466900 0.521104 -86.699768
0.883448 -81.949500 0.483906 -82.166344
0.838174 -77.439600 0.448524 -77.655663
0.800315 -72.936360 0.432602 -73.151558
0.745043 -68.462600 0.399300 -68.667847
0.694630 -64.005150 0.374467 -64.206078
0.637038 -59.575570 0.336457 -59.746746
0.557118 -55.160600 0.283849 -55.325932
0.456132 -50.778540 0.202421 -50.930939
0.362164 -46.417970 0.127558 -46.557121
0.280628 -42.079120 0.070644 -42.186462
0.202969 -37.762520 0.016055 -37.875004
0.132669 -33.463810 -0.031760 -33.563824
0.084829 -29.193990 -0.060469 -29.261477
0.052569 -24.947680 -0.073402 -24.990358
0.032329 -20.738440 -0.078068 -20.779037
0.025161 -16.550260 -0.061300 -16.561838
0.021588 -12.403820 -0.046877 -12.373667
-0.000537 -8.285137 -0.041585 -8.220156
-0.031141 -4.183286 -0.067785 -4.104823
-0.072897 -0.090700 -0.101873 -0.021068
-0.117565 3.988036 -0.113190 4.014625
-0.160177 8.059835 -0.123559 8.156281
-0.208154 12.123170 -0.148340 12.238906
-0.248220 16.180930 -0.183221 16.311625
-0.283357 20.233300 -0.176590 20.354649
-0.323376 24.273080 -0.200970 24.408905
-0.367457 28.293060 -0.198372 28.427832
-0.413998 32.282480 -0.208144 32.399254
-0.451537 36.243360 -0.197233 36.366779
-0.483912 40.173770 -0.180896 40.293213
-0.534623 44.076020 -0.196034 44.206501
-0.599992 47.961110 -0.208390 48.080948
-0.674006 51.810410 -0.239309 51.958122
-0.762477 55.629480 -0.279403 55.795059
-0.859787 59.434080 -0.320544 59.567909
-0.962179 63.207400 -0.361788 63.351776
-1.068654 66.953700 -0.427822 67.078888
-1.188155 70.668750 -0.488405 70.802071
-1.293464 74.341090 -0.537765 74.497757
-1.359396 77.886940 -0.552860 78.044624
-1.402951 81.267680 -0.549408 81.422417
-1.402636 84.557510 -0.496151 84.714867
-1.391329 87.836530 -0.432557 88.007080
-1.372397 91.075680 -0.365192 91.251923
-1.348852 94.282140 -0.291065 94.474152
-1.346362 97.452060 -0.249166 97.660919
-1.397412 100.636400 -0.247210 100.866173
-1.507808 103.868200 -0.294288 104.125565
-1.686244 107.147500 -0.437247 107.397842
-1.855701 110.482100 -0.550714 110.753387
-1.949092 113.881100 -0.600438 114.153145
-1.940135 117.341400 -0.532639 117.648582
-1.833080 120.865900 -0.385469 121.203888
-1.665951 124.465900 -0.162797 124.815063
-1.454190 128.142800 0.114789 128.502167
-1.212752 131.910500 0.403827 132.276367
-0.998254 135.780800 0.671769 136.121872
-0.860070 139.749100 0.864109 140.071442
-0.808213 143.817500 0.977605 144.182587
-0.818199 147.962100 1.036530 148.374481
-0.863698 152.201700 1.068675 152.626968
-0.925229 156.508200 1.074625 156.959885
-1.007339 160.831700 1.063301 161.341370
-1.112662 165.144700 1.030999 165.650208
-1.225583 169.454500 0.981345 169.980225
-1.333194 173.746700 0.950494 174.281586
-1.427528 178.011200 0.909103 178.554886
-1.498241 182.250200 0.915323 182.791046
-1.559212 186.455600 0.933882 186.993042
-1.603074 190.634400 0.950798 191.172592
-1.633867 194.776400 1.004322 195.328003
-1.669867 198.889600 1.043771 199.452850
-1.705984 202.969800 1.075222 203.568726
-1.737778 207.012200 1.101391 207.641342
-1.768399 211.025100 1.142126 211.674820
-1.802728 214.966700 1.179602 215.638000
-1.842513 218.742600 1.197812 219.422485
-1.895168 222.285200 1.204038 222.988571
-1.971966 225.567200 1.171988 226.294418
-2.073778 228.574200 1.113305 229.323822
-2.174190 231.286800 1.061888 232.047852
-2.280068 233.718900 0.999031 234.486130
-2.372559 236.037200 0.945951 236.818848
-2.421540 238.338400 0.942666 239.140961
-2.457471 240.613800 0.961349 241.411301
-2.477940 242.858500 1.006001 243.668747
-2.487604 245.075200 1.055781 245.881592
-2.497272 247.315700 1.108593 248.121323
-2.506486 249.599100 1.157664 250.411301
-2.503453 251.921600 1.221234 252.729599
-2.498934 254.303700 1.288520 255.098862
-2.475778 256.706800 1.358706 257.504974
-2.418788 259.175900 1.475440 259.976349
-2.357178 261.687800 1.588540 262.501862
-2.278446 264.282700 1.714390 265.102112
-2.181048 266.960400 1.875228 267.805817
-2.072995 269.711700 2.037034 270.582153
-1.977183 272.515600 2.191169 273.394684
-1.903306 275.322000 2.340049 276.217896
-1.860171 278.121700 2.450702 279.029877
-1.834878 280.906700 2.552443 281.831177
-1.820378 283.662600 2.622979 284.580109
-1.821293 286.355900 2.688223 287.275269
-1.835812 288.890500 2.734723 289.810181
-1.843827 291.365700 2.780276 292.288361
-1.840209 293.812200 2.836707 294.746979
-1.823832 296.231700 2.904553 297.141022
-1.812035 298.624300 2.967252 299.499268
