0.000000 0.000000 0.000000 0.000000
-0.017534 0.283467 -0.026075 0.285415
-0.060000 0.627936 -0.084340 0.626044
-0.141534 1.081913 -0.176424 1.075035
-0.293459 1.604140 -0.341836 1.572808
-0.522492 2.173020 -0.581995 2.135504
-0.839493 2.758285 -0.877699 2.680568
-1.242764 3.333105 -1.241042 3.213901
-1.761568 3.880703 -1.709746 3.724354
-2.415527 4.382391 -2.338227 4.234299
-3.215512 4.824434 -3.118553 4.672690
-4.177130 5.153468 -4.051202 4.991189
-5.299329 5.360943 -5.129501 5.207139
-6.558994 5.427674 -6.365158 5.266866
-7.950411 5.389282 -7.748734 5.221633
-9.480377 5.263869 -9.262465 5.097292
-11.152740 5.088360 -10.930318 4.919473
-12.964270 4.901812 -12.745854 4.729151
-14.913410 4.697363 -14.725494 4.514906
-17.004780 4.494630 -16.824806 4.306046
-19.224270 4.290984 -19.047140 4.089607
-21.564480 4.100217 -21.398748 3.884817
-23.969500 3.908970 -23.793169 3.678207
-26.461360 3.716343 -26.298120 3.472120
-28.997620 3.492898 -28.816618 3.249568
-31.515860 3.271990 -31.321180 3.021986
-34.026260 3.051261 -33.810764 2.804611
-36.533450 2.843137 -36.301003 2.583387
-39.049180 2.638855 -38.814438 2.362964
-41.538400 2.436154 -41.295063 2.153486
-44.015190 2.223683 -43.761848 1.931620
-46.483350 2.028253 -46.237705 1.724793
-48.933140 1.820295 -48.657532 1.502300
-51.328710 1.575304 -51.036083 1.248016
-53.701960 1.337479 -53.403423 1.004584
-56.038080 1.110756 -55.723259 0.776481
-58.330390 0.883063 -58.022804 0.539808
-60.536580 0.662366 -60.223850 0.307403
-62.620220 0.461718 -62.319977 0.091610
-64.570470 0.320188 -64.252373 -0.046990
-66.375630 0.255567 -66.078255 -0.124312
-67.990520 0.345560 -67.689682 -0.035873
-69.403760 0.611089 -69.115662 0.214419
-70.681710 1.080744 -70.371353 0.665834
-71.814190 1.753829 -71.483025 1.277954
-72.810710 2.601772 -72.520790 2.135862
-73.659320 3.554385 -73.411621 3.075793
-74.401710 4.718510 -74.139984 4.234754
-75.018160 6.110247 -74.780312 5.648758
-75.539300 7.706095 -75.291557 7.253611
-75.980690 9.486418 -75.740219 9.047895
-76.379030 11.414990 -76.147896 10.991939
-76.702710 13.494070 -76.484085 13.082604
-76.964630 15.687850 -76.766823 15.265552
-77.198810 17.993590 -77.024078 17.598425
-77.402440 20.301510 -77.232056 19.911348
-77.573400 22.614340 -77.423737 22.222321
-77.734200 24.898110 -77.601097 24.485163
-77.908780 27.180670 -77.774040 26.760681
-78.064690 29.440670 -77.932785 29.056547
-78.198100 31.701300 -78.057388 31.306629
-78.346240 34.000930 -78.194870 33.617085
-78.507180 36.347540 -78.347672 35.984177
-78.700400 38.735230 -78.522308 38.340672
-78.895930 41.194680 -78.718933 40.795300
-79.100340 43.724740 -78.922615 43.316486
-79.318630 46.299200 -79.131302 45.890781
-79.508610 48.902070 -79.318230 48.501041
-79.697420 51.529450 -79.492569 51.129444
-79.900390 54.113500 -79.674561 53.728409
-80.092730 56.670630 -79.843811 56.288822
-80.280860 59.213100 -80.025452 58.828632
-80.474010 61.695670 -80.209816 61.317284
-80.696040 64.136290 -80.422043 63.765926
-80.945180 66.559290 -80.676834 66.174049
-81.219160 68.948800 -80.936745 68.578598
-81.542260 71.291910 -81.244789 70.916817
-81.910890 73.584740 -81.575089 73.201813
-82.326990 75.851980 -81.956421 75.496048
-82.765640 78.069230 -82.365326 77.722252
-83.284090 80.280970 -82.871864 79.943649
-83.856430 82.430700 -83.438759 82.074265
-84.492780 84.584160 -84.072540 84.224327
-85.212300 86.715560 -84.791367 86.342308
-85.996320 88.820790 -85.570465 88.459808
-86.860390 90.918090 -86.428703 90.573090
-87.802500 93.003510 -87.351173 92.682251
-88.749010 95.068170 -88.267944 94.760086
-89.747960 97.163510 -89.238434 96.833344
-90.774930 99.219550 -90.266716 98.935944
-91.840000 101.277400 -91.316132 101.013931
-92.914780 103.296100 -92.367073 103.044739
-94.015070 105.267400 -93.467094 105.032585
-95.123350 107.187800 -94.535782 106.964928
-96.223200 109.067700 -95.589302 108.854088
-97.263380 110.813500 -96.611282 110.613922
-98.241750 112.423300 -97.569366 112.233047
-99.124850 113.865700 -98.443855 113.683601
-99.918840 115.113700 -99.238731 114.946724
-100.633200 116.204600 -99.917488 116.045479
-101.305600 117.126600 -100.558685 116.968834
-101.873900 117.899200 -101.122284 117.739784
-102.405300 118.508600 -101.632050 118.365456
-102.901800 118.981600 -102.110039 118.841110
-103.418300 119.366800 -102.580170 119.249725
-103.954800 119.734800 -103.084984 119.583244
-104.533600 120.029100 -103.637421 119.897781
-105.136200 120.256600 -104.212326 120.135155
-105.801600 120.452000 -104.811676 120.296509
-106.640800 120.599400 -105.614937 120.480080
-107.630100 120.643400 -106.543419 120.530449
-108.711300 120.530800 -107.572723 120.456512
-109.893600 120.252600 -108.774300 120.145226
-111.159800 119.776100 -110.069077 119.679161
-112.496700 119.062200 -111.408363 118.994904
-113.898700 118.106700 -112.806000 118.066010
-115.384500 116.988900 -114.245338 117.021927
-116.978000 115.737300 -115.828484 115.795029
-118.659900 114.366200 -117.508141 114.463043
-120.438900 112.893300 -119.293434 113.025093
-122.328200 111.322200 -121.202354 111.481636
-124.284900 109.650200 -123.213028 109.837540
-126.332000 107.913600 -125.294037 108.129051
-128.461900 106.101400 -127.450844 106.349678
-130.662300 104.214900 -129.678894 104.483475
-132.923400 102.303500 -131.966125 102.583801
-135.189200 100.390400 -134.234573 100.702133
-137.468500 98.469440 -136.512741 98.803642
-139.748000 96.546090 -138.788422 96.901787
-142.020800 94.620440 -141.049561 95.004410
-144.286200 92.690670 -143.277390 93.115814
-146.547500 90.774040 -145.503754 91.225494
-148.833300 88.871460 -147.781982 89.335258
-151.113400 86.978090 -150.030701 87.489227
-153.379000 85.085390 -152.289612 85.621307
-155.629200 83.206150 -154.526184 83.780518
-157.861400 81.326710 -156.736206 81.932243
-160.058500 79.464550 -158.897293 80.120926
-162.221300 77.608580 -161.073242 78.305031
-164.376700 75.774280 -163.237701 76.502670
-166.524800 73.967130 -165.382614 74.716125
-168.668400 72.191080 -167.493835 72.986862
-170.783100 70.468000 -169.578949 71.274292
-172.829900 68.807490 -171.609390 69.599831
-174.785600 67.216050 -173.550385 68.006927
-176.663800 65.684200 -175.440704 66.459343
-178.444800 64.197390 -177.223114 65.000832
-180.100300 62.765190 -178.920044 63.608040
-181.648600 61.419590 -180.494492 62.293972
-183.088500 60.110320 -181.959885 61.014156
-184.404500 58.801210 -183.280899 59.733505
-185.549500 57.458340 -184.417343 58.432949
-186.455000 56.066080 -185.349274 57.070934
-187.120600 54.647590 -186.000259 55.746353
-187.525600 53.213090 -186.429688 54.356384
-187.748500 51.772320 -186.683243 52.950638
-187.716500 50.330420 -186.659134 51.518303
-187.519800 48.954720 -186.503754 50.117531
-187.091900 47.667580 -186.114304 48.865688
-186.478200 46.430560 -185.544556 47.619442
-185.743700 45.217520 -184.814423 46.415989
-184.898100 44.044150 -183.960434 45.249554
-183.968900 42.858990 -183.040009 44.060699
-182.972800 41.628580 -182.043884 42.820366
-181.887200 40.344680 -180.969406 41.521286
-180.726700 38.951790 -179.835037 40.125156
-179.492700 37.459110 -178.612396 38.640484
-178.162100 35.849180 -177.288391 37.008759
-176.710600 34.142700 -175.864929 35.266148
-175.171800 32.296660 -174.343842 33.402798
-173.559000 30.363270 -172.759720 31.456278
-171.867000 28.346750 -171.089310 29.396206
-170.123400 26.259270 -169.404999 27.303974
-168.337100 24.097840 -167.625626 25.117188
-166.581500 21.908660 -165.882263 22.925510
-164.835100 19.714670 -164.131241 20.748194
-163.104500 17.573870 -162.389923 18.593798
-161.377300 15.429150 -160.666214 16.444832
-159.682200 13.303470 -158.966034 14.322920
-158.088000 11.153610 -157.367661 12.159708
-156.652500 8.940913 -155.920441 9.939593
-155.433700 6.640524 -154.680954 7.604895
-154.451100 4.275819 -153.686218 5.220639
-153.690900 1.836084 -152.914093 2.761086
-153.116700 -0.684920 -152.351547 0.233285
-152.659200 -3.301845 -151.896942 -2.391399
-152.323800 -6.003442 -151.569916 -5.085638
-152.034900 -8.818435 -151.304596 -7.903607
-151.705400 -11.696490 -150.992462 -10.756079
-151.368100 -14.689410 -150.660660 -13.774050
-151.018300 -17.760610 -150.331253 -16.837051
-150.658400 -20.884570 -149.993546 -19.951588
-150.317300 -24.039630 -149.667252 -23.104136
-149.995500 -27.198720 -149.357574 -26.253084
-149.688200 -30.326210 -149.059906 -29.375580
-149.392500 -33.448800 -148.766159 -32.482578
-149.124700 -36.525700 -148.506287 -35.568825
-148.881400 -39.588890 -148.270874 -38.625412
-148.663600 -42.621440 -148.075897 -41.667118
-148.444100 -45.622170 -147.882278 -44.676968
-148.225800 -48.590750 -147.702744 -47.634933
-148.013500 -51.538440 -147.516693 -50.591320
-147.797700 -54.448530 -147.318253 -53.527000
-147.579700 -57.330200 -147.106842 -56.412975
-147.341500 -60.171640 -146.877167 -59.265224
-147.099100 -62.956470 -146.649734 -62.050365
-146.873600 -65.641890 -146.444214 -64.735146
-146.684200 -68.188960 -146.285614 -67.287781
-146.575000 -70.550950 -146.201126 -69.661743
-146.515200 -72.689370 -146.178436 -71.821320
-146.496000 -74.588600 -146.191330 -73.728104
-146.520100 -76.249210 -146.231003 -75.383698
-146.562400 -77.644470 -146.265991 -76.797852
-146.614700 -78.752900 -146.316010 -77.931557
-146.644400 -79.571930 -146.305969 -78.733139
-146.661300 -80.195760 -146.313095 -79.366905
-146.655800 -80.746170 -146.311630 -79.922630
-146.626400 -81.202170 -146.291290 -80.408951
-146.606400 -81.580050 -146.289429 -80.799881
-146.554400 -81.887990 -146.255234 -81.122910
-146.509800 -82.072680 -146.226837 -81.296570
-146.481300 -82.147900 -146.212112 -81.375771
-146.467500 -82.144490 -146.212677 -81.370613
-146.474300 -82.148460 -146.197052 -81.385025
-146.483700 -82.145920 -146.199051 -81.379463
-146.487400 -82.144780 -146.217697 -81.383156
-146.492900 -82.150980 -146.215698 -81.381630
-146.495200 -82.155360 -146.210938 -81.389183
-146.494300 -82.156570 -146.210953 -81.383064
-146.487800 -82.148430 -146.211014 -81.382698
-146.487300 -82.140910 -146.200485 -81.394104
-146.486500 -82.135050 -146.203781 -81.382721
-146.488100 -82.132520 -146.186859 -81.394051
-146.489000 -82.133460 -146.197418 -81.369629
-146.484700 -82.133480 -146.203979 -81.372307
-146.484900 -82.133510 -146.191879 -81.393784
-146.480100 -82.133670 -146.179367 -81.395119
-146.472100 -82.131890 -146.196014 -81.383926
-146.477500 -82.133220 -146.203232 -81.384178
-146.525000 -82.162010 -146.217621 -81.381187
-146.565900 -82.217300 -146.188004 -81.388870
-146.590600 -82.310130 -146.145950 -81.457664
-146.581800 -82.426170 -146.096359 -81.569763
-146.551800 -82.574220 -146.078964 -81.675613
-146.475900 -82.778480 -145.990570 -81.846306
-146.351300 -83.116710 -145.857681 -82.182663
-146.156300 -83.574440 -145.658203 -82.628235
-145.879500 -84.106160 -145.366333 -83.132843
-145.491300 -84.682600 -145.002350 -83.669785
-144.895700 -85.318510 -144.485916 -84.257660
-144.077500 -86.065360 -143.692383 -84.999825
-142.947400 -86.840620 -142.499420 -85.779999
-141.509200 -87.543350 -141.036728 -86.498650
-139.798500 -88.087580 -139.289139 -87.014732
-137.828100 -88.433330 -137.312775 -87.340973
-135.614800 -88.607530 -135.069595 -87.497528
-133.180100 -88.696560 -132.646194 -87.576797
-130.552000 -88.680490 -130.010971 -87.529129
-127.723900 -88.575690 -127.154327 -87.414696
-124.683500 -88.464330 -124.131836 -87.285583
-121.460200 -88.294280 -120.923782 -87.123329
-118.086600 -88.040550 -117.541237 -86.889977
-114.579400 -87.745070 -114.056076 -86.612885
-110.975100 -87.438680 -110.472206 -86.341621
-107.385700 -87.146760 -106.904205 -86.073311
-103.821100 -86.859660 -103.339920 -85.815620
-100.261700 -86.572000 -99.778641 -85.559540
-96.736140 -86.293870 -96.219582 -85.313629
-93.228880 -86.017520 -92.716637 -85.066879
-89.760830 -85.757500 -89.238960 -84.831139
-86.314280 -85.511300 -85.819504 -84.592918
-82.904810 -85.266650 -82.400269 -84.366623
-79.525840 -84.982830 -79.008522 -84.091461
-76.174850 -84.684980 -75.639442 -83.811409
-72.849640 -84.375480 -72.313080 -83.508957
-69.556400 -84.051650 -69.019501 -83.194305
-66.269780 -83.744240 -65.738731 -82.912300
-62.988460 -83.463860 -62.450665 -82.664192
-59.725320 -83.192290 -59.198330 -82.408501
-56.511930 -82.928720 -55.972233 -82.174454
-53.287950 -82.677770 -52.727154 -81.971565
-50.102380 -82.423820 -49.508839 -81.759605
-46.961330 -82.161740 -46.307999 -81.526405
-43.795000 -81.913070 -43.115974 -81.317200
-40.605850 -81.669580 -39.930824 -81.096352
-37.446990 -81.429200 -36.812096 -80.855537
-34.324130 -81.178460 -33.677029 -80.622993
-31.234230 -80.938930 -30.576883 -80.401695
-28.164850 -80.719500 -27.503674 -80.171761
-25.130870 -80.512870 -24.437485 -79.958405
-22.128140 -80.313820 -21.438654 -79.754120
-19.203440 -80.118030 -18.513603 -79.552460
-16.439970 -79.929640 -15.728882 -79.389229
-13.862420 -79.730950 -13.136840 -79.221611
-11.471000 -79.505250 -10.733609 -79.025520
-9.267307 -79.258710 -8.549018 -78.782890
-7.272311 -78.940490 -6.511452 -78.514153
-5.472914 -78.549550 -4.746279 -78.145470
-3.867830 -78.086270 -3.123073 -77.684158
-2.385605 -77.503960 -1.624305 -77.124817
-1.027851 -76.800120 -0.305327 -76.487396
0.166806 -75.911920 0.860844 -75.650063
1.182030 -74.883010 1.863757 -74.699249
1.977241 -73.709730 2.725693 -73.560143
2.625592 -72.432540 3.330094 -72.283058
3.046312 -71.053430 3.752934 -70.916649
3.332790 -69.610070 4.014731 -69.498001
3.505748 -68.096830 4.176222 -68.014275
3.623078 -66.505600 4.299791 -66.437622
3.673887 -64.790020 4.350067 -64.730972
3.664022 -62.925430 4.342826 -62.879581
3.591227 -60.915700 4.269029 -60.869331
3.485568 -58.760380 4.160106 -58.711121
3.375737 -56.493750 4.057243 -56.433205
3.243097 -54.203520 3.911885 -54.148636
3.069795 -51.907210 3.762778 -51.859348
2.871709 -49.612280 3.572361 -49.579044
2.690256 -47.318710 3.399424 -47.302147
2.514617 -45.039680 3.214715 -45.032486
2.336487 -42.787040 3.044066 -42.779003
2.176053 -40.574230 2.871033 -40.554134
2.023801 -38.441270 2.715827 -38.408791
1.895520 -36.414710 2.566888 -36.381790
1.766675 -34.458180 2.430915 -34.418205
1.645582 -32.544470 2.301054 -32.495667
1.524724 -30.674470 2.167413 -30.609364
1.412389 -28.840280 2.021054 -28.763992
1.305986 -27.028700 1.894500 -26.954166
1.191105 -25.239530 1.753767 -25.163160
1.067365 -23.476920 1.594053 -23.397354
0.934574 -21.765460 1.444985 -21.690268
0.802905 -20.140230 1.297227 -20.064507
0.699503 -18.615910 1.159895 -18.549908
0.601767 -17.196320 1.042292 -17.115435
0.507341 -15.885810 0.945781 -15.812154
0.417035 -14.726660 0.854796 -14.646264
0.351258 -13.760620 0.785285 -13.663877
0.299516 -12.930350 0.730989 -12.846019
0.263868 -12.153000 0.679035 -12.062167
0.238575 -11.391050 0.628081 -11.307170
0.198165 -10.644890 0.576730 -10.561646
0.151201 -9.907869 0.519390 -9.829647
0.091011 -9.183499 0.432612 -9.118475
0.016860 -8.476707 0.329821 -8.409777
-0.070862 -7.778389 0.237429 -7.720048
-0.158415 -7.094030 0.146946 -7.029991
-0.234301 -6.412690 0.077314 -6.357594
-0.307917 -5.742297 0.017443 -5.688883
-0.360353 -5.068979 -0.043355 -5.022060
-0.401589 -4.328040 -0.095075 -4.293662
-0.431289 -3.483170 -0.145206 -3.450659
-0.464543 -2.555900 -0.177983 -2.519782
-0.487938 -1.556277 -0.210180 -1.516008
-0.499710 -0.485171 -0.242687 -0.455961
-0.511556 0.679747 -0.288984 0.704324
-0.388368 1.890361 -0.250159 1.908779
-0.387786 3.050660 -0.311311 3.057510
-0.473375 4.175334 -0.436262 4.136456
-0.669462 5.262875 -0.674317 5.180489
-0.929674 6.291946 -0.960654 6.179373
-1.229340 7.289411 -1.264311 7.166732
-1.438607 8.249384 -1.484911 8.119918
-1.565470 8.946937 -1.624784 8.824637
-1.615795 9.324632 -1.674799 9.211184
-1.635852 9.404838 -1.684647 9.292192
-1.640332 9.376167 -1.684668 9.277357
-1.643540 9.371050 -1.684294 9.277564
