0.000000 0.000000 0.000000 0.000000
0.054181 0.879235 0.039078 0.886771
0.069768 1.824326 0.057604 1.861391
0.003415 2.875512 -0.034450 2.894390
-0.123130 4.021896 -0.181204 4.015977
-0.355562 5.248722 -0.411729 5.241287
-0.622388 6.586939 -0.686025 6.582445
-0.941959 8.041587 -1.021678 8.029960
-1.317954 9.607606 -1.392754 9.586368
-1.746028 11.261490 -1.860037 11.263009
-2.247333 13.001260 -2.420594 13.030506
-2.819369 14.841550 -3.025275 14.866558
-3.471584 16.794890 -3.723197 16.815907
-4.206227 18.801040 -4.465862 18.840904
-5.002325 20.924250 -5.280476 20.961212
-5.895726 23.141170 -6.169773 23.122591
-6.893668 25.384920 -7.173892 25.365274
-7.982190 27.688730 -8.279500 27.653435
-9.164411 30.059710 -9.450660 29.972383
-10.444260 32.492060 -10.739087 32.391846
-11.824940 34.996970 -12.153120 34.893589
-13.288260 37.616200 -13.619567 37.463551
-14.807970 40.343090 -15.171993 40.132084
-16.405480 43.114560 -16.793928 42.880054
-18.046730 45.856950 -18.484001 45.615261
-19.822820 48.550680 -20.243067 48.288876
-21.675070 51.158150 -22.085363 50.922131
-23.560100 53.734170 -23.988167 53.537205
-25.494780 56.313420 -25.922777 56.099674
-27.482530 58.864650 -27.903152 58.641285
-29.541190 61.360910 -29.960974 61.173645
-31.678300 63.840490 -32.086887 63.660053
-33.902360 66.293940 -34.333702 66.139114
-36.250580 68.681990 -36.642479 68.564667
-38.692550 71.052560 -39.076683 70.958015
-41.192840 73.405700 -41.572994 73.310760
-43.783840 75.735640 -44.204136 75.697922
-46.432290 78.051270 -46.875805 78.027313
-49.152200 80.361270 -49.592873 80.326775
-51.940820 82.646680 -52.379047 82.611656
-54.848670 84.861880 -55.284687 84.803474
-57.859180 86.983730 -58.327515 86.953682
-60.964150 89.027210 -61.459114 88.993683
-64.171330 90.959490 -64.691040 90.955711
-67.486660 92.809380 -68.018700 92.814697
-70.858280 94.583360 -71.371292 94.587341
-74.262510 96.288110 -74.792969 96.305412
-77.676110 97.939670 -78.187729 97.950905
-81.063060 99.532950 -81.627251 99.563583
-84.370760 101.062700 -84.978394 101.119507
-87.620370 102.509100 -88.258568 102.603699
-90.786320 103.874400 -91.442413 104.037666
-93.870530 105.255700 -94.510864 105.464561
-96.881570 106.709600 -97.507111 106.930031
-99.805830 108.239800 -100.452827 108.479149
-102.636000 109.900200 -103.278107 110.112579
-105.378400 111.659200 -105.974182 111.846497
-107.976000 113.472300 -108.564362 113.656914
-110.447900 115.333000 -111.013290 115.514618
-112.784900 117.225600 -113.340164 117.421890
-115.015000 119.132700 -115.529129 119.380890
-117.123400 121.056800 -117.601471 121.342186
-119.078900 122.948300 -119.559029 123.311829
-120.895600 124.857100 -121.378113 125.269089
-122.564000 126.793900 -123.056976 127.253372
-124.115200 128.784700 -124.611877 129.294922
-125.556900 130.848800 -126.065628 131.399200
-126.900700 132.986400 -127.405151 133.553146
-128.166200 135.162700 -128.696884 135.783676
-129.390300 137.438800 -129.930542 138.084381
-130.624700 139.816800 -131.163177 140.478653
-131.850200 142.307900 -132.389816 142.989685
-133.053900 144.928800 -133.604309 145.657684
-134.221100 147.696700 -134.751419 148.427505
-135.286000 150.585100 -135.833008 151.356750
-136.188200 153.654800 -136.784042 154.465042
-136.902400 156.885700 -137.547089 157.730713
-137.414500 160.267800 -138.105515 161.164307
-137.716200 163.797200 -138.432617 164.715759
-137.811800 167.451700 -138.552872 168.387787
-137.693100 171.190300 -138.470612 172.219116
-137.342300 175.019300 -138.147583 176.121033
-136.764600 178.911300 -137.598618 180.082581
-135.961700 182.879700 -136.824036 184.131470
-134.921000 186.887900 -135.810486 188.190094
-133.676900 190.927900 -134.564255 192.323212
-132.176400 194.967500 -133.065491 196.437256
-130.412100 198.974000 -131.319962 200.508728
-128.325000 202.907800 -129.222198 204.498291
-125.879600 206.683600 -126.762093 208.328796
-123.115600 210.265500 -123.993988 211.979218
-120.072500 213.663000 -120.886902 215.473572
-116.797700 216.867700 -117.520981 218.782333
-113.326600 219.882100 -114.003670 221.879822
-109.741800 222.621900 -110.351402 224.698853
-106.071200 225.055100 -106.571571 227.235199
-102.330300 227.163100 -102.738083 229.438629
-98.549080 228.934800 -98.872833 231.272934
-94.765260 230.393600 -95.007362 232.776718
-91.040120 231.572900 -91.166351 234.014572
-87.356360 232.508500 -87.370201 234.996353
-83.712820 233.198800 -83.618690 235.738068
-80.131800 233.665300 -79.937508 236.246368
-76.597140 233.928600 -76.297874 236.544601
-73.221710 234.047000 -72.812706 236.697403
-69.951170 234.094200 -69.430481 236.768127
-66.744420 234.089700 -66.134499 236.816574
-63.631270 234.073000 -62.943748 236.818634
-60.588190 234.080900 -59.839569 236.841293
-57.589970 234.129900 -56.785900 236.928452
-54.631270 234.221300 -53.769283 237.045609
-51.691800 234.380800 -50.853371 237.252609
-48.789980 234.600500 -47.908779 237.506134
-45.914730 234.880700 -45.020191 237.807175
-43.056600 235.221400 -42.163933 238.170456
-40.226560 235.615000 -39.313892 238.575882
-37.436510 236.072300 -36.508759 239.054550
-34.671830 236.602900 -33.746117 239.611465
-31.872100 237.159200 -30.918673 240.190933
-29.030010 237.739000 -28.062778 240.782394
-26.164210 238.361200 -25.179272 241.424515
-23.288400 239.014600 -22.302643 242.116669
-20.420150 239.737800 -19.491385 242.878983
-17.585900 240.557900 -16.648167 243.724014
-14.787740 241.484300 -13.867733 244.682755
-12.027780 242.497800 -11.088802 245.712463
-9.297034 243.589800 -8.340623 246.837189
-6.615868 244.741000 -5.684836 247.987625
-4.000885 245.950200 -3.073129 249.214096
-1.445171 247.223500 -0.531378 250.497940
1.045353 248.560800 1.954279 251.839417
3.471952 249.950800 4.355483 253.248672
5.864994 251.410300 6.760643 254.714798
8.235125 252.947800 9.173118 256.232941
10.583690 254.573100 11.568324 257.790741
12.953340 256.177400 13.928367 259.330353
15.346400 257.781100 16.353008 260.927765
17.751050 259.400400 18.773571 262.537384
20.188860 261.030300 21.221474 264.163208
22.647720 262.666800 23.652575 265.811615
25.099450 264.305600 26.089096 267.446808
27.525840 265.954500 28.511703 269.116119
29.936290 267.631700 30.902792 270.808990
32.286150 269.360900 33.218521 272.547791
34.606160 271.143700 35.516140 274.345734
36.885170 273.027100 37.720764 276.218811
39.097050 274.998500 39.908806 278.208954
41.290800 277.096800 42.079647 280.311554
43.439250 279.297300 44.194847 282.519470
45.513250 281.622300 46.235413 284.825409
47.514220 284.070700 48.234673 287.278687
49.431830 286.626800 50.128078 289.845947
51.294100 289.273800 51.975346 292.501282
53.101300 292.012400 53.775517 295.255493
54.875230 294.809700 55.546154 298.081665
56.646400 297.643200 57.316357 300.923676
58.445530 300.513000 59.116138 303.825928
60.252450 303.405100 60.927715 306.728821
62.043860 306.330600 62.710403 309.671051
63.761150 309.296200 64.406380 312.652222
65.349920 312.311900 65.983986 315.677887
66.806830 315.364200 67.430496 318.751709
68.116080 318.458200 68.719246 321.864624
69.296620 321.579600 69.895027 324.992615
70.444270 324.701500 71.035576 328.149506
71.544490 327.823300 72.123573 331.329254
72.579080 330.962600 73.147583 334.476166
73.537630 334.109900 74.094574 337.655457
74.456800 337.228300 75.002419 340.775208
75.339380 340.280400 75.893066 343.861633
76.286690 343.179300 76.849731 346.783966
77.264140 345.918700 77.817657 349.541290
78.217100 348.599200 78.789864 352.243439
79.076510 351.282300 79.649925 354.902527
79.788430 353.970700 80.356796 357.586334
80.289200 356.680100 80.869659 360.278534
80.544210 359.422600 81.137917 363.008392
80.553950 362.181700 81.153786 365.746582
80.325300 364.950100 80.936729 368.494110
79.948290 367.764600 80.563560 371.308960
79.552930 370.623900 80.176659 374.177246
79.189870 373.576200 79.816566 377.147583
78.847720 376.617400 79.473091 380.219391
78.487220 379.779100 79.116127 383.410950
78.109220 383.024900 78.740036 386.674561
77.724340 386.331700 78.355499 390.017975
77.303670 389.673500 77.941261 393.371155
76.785710 392.998500 77.428185 396.709961
76.164260 396.307900 76.812935 400.032013
75.453110 399.563900 76.100479 403.304749
74.687820 402.778100 75.330292 406.534668
73.880590 405.959600 74.515266 409.755615
73.001560 409.140100 73.631065 412.900116
72.077030 412.325000 72.710182 416.122375
71.142260 415.518400 71.783043 419.316284
70.199490 418.732600 70.851837 422.533539
69.226500 421.954700 69.883598 425.760162
68.236100 425.167200 68.882294 428.990997
67.260820 428.363600 67.897018 432.204987
66.313240 431.552600 66.924919 435.413208
65.391740 434.718000 65.984459 438.607361
64.501670 437.856900 65.075027 441.786377
63.634920 440.951000 64.197090 444.872070
62.789470 444.005700 63.331261 447.975128
61.956690 447.015700 62.483845 451.007111
61.133480 449.961200 61.618027 453.996155
60.318620 452.867200 60.784798 456.915527
59.499520 455.718100 59.954445 459.758789
58.682170 458.529200 59.129658 462.581635
57.867160 461.298900 58.338657 465.357971
57.054660 464.035200 57.528194 468.094971
56.243590 466.731100 56.721363 470.779602
55.443060 469.359000 55.908630 473.411926
54.686220 471.907600 55.166782 475.977661
53.957650 474.335100 54.446133 478.406067
53.256730 476.667000 53.753468 480.742340
52.582380 478.963700 53.092110 483.053833
51.956500 481.261900 52.473934 485.359558
51.412610 483.574200 51.921410 487.689575
51.013880 485.899300 51.543484 490.043335
50.812910 488.248800 51.328068 492.421173
50.798080 490.609700 51.320549 494.803497
50.978710 492.984500 51.499638 497.214996
51.345270 495.367500 51.871342 499.618744
51.889050 497.738400 52.423759 502.028900
52.577300 500.130400 53.106747 504.439148
53.407230 502.515400 53.947639 506.849487
54.397040 504.884900 54.941044 509.256439
55.518570 507.215000 56.059093 511.623199
56.765020 509.509300 57.315601 513.926880
58.192020 511.730400 58.760761 516.196533
59.789040 513.824000 60.351357 518.303345
61.540430 515.752700 62.106670 520.261658
63.410000 517.523000 63.976521 522.073120
65.397890 519.217300 65.964600 523.781494
67.496690 520.814600 68.078362 525.396362
69.720640 522.307200 70.322708 526.912964
72.067650 523.642400 72.665070 528.245789
74.549290 524.809100 75.179489 529.418518
77.153850 525.815200 77.811310 530.431030
79.881990 526.633100 80.563293 531.282166
82.715440 527.211700 83.414062 531.878845
85.640790 527.586200 86.360237 532.255981
88.644290 527.748500 89.423370 532.456909
91.710620 527.693700 92.532494 532.410950
94.811790 527.411800 95.682594 532.111755
97.935300 526.886500 98.842598 531.578064
101.063100 526.157900 102.027901 530.857117
104.194600 525.225000 105.200378 529.919617
107.305700 524.079000 108.315750 528.767029
110.385400 522.743600 111.446663 527.425781
113.459600 521.282300 114.572449 525.976624
116.567100 519.769500 117.708885 524.475159
119.739300 518.237200 120.890488 522.968018
122.982300 516.640600 124.087769 521.414490
126.165500 515.061000 127.329124 519.831421
129.459200 513.419400 130.627319 518.207581
132.785400 511.739500 133.954132 516.539490
136.164500 510.030300 137.342331 514.839478
139.600200 508.311400 140.724075 513.150452
143.109700 506.548700 144.234619 511.393921
146.672500 504.761300 147.793854 509.618683
150.295000 502.937800 151.428406 507.791504
153.967100 501.081900 155.121140 505.935242
157.696200 499.214100 158.845337 504.077545
161.457700 497.333800 162.603149 502.212769
165.216700 495.416600 166.362930 500.303070
168.984800 493.501000 170.137848 498.408386
172.746400 491.586700 173.923691 496.492493
176.518000 489.688800 177.694321 494.630493
180.295200 487.819900 181.489120 492.770447
184.036700 485.970500 185.245087 490.957611
187.779200 484.135700 189.005402 489.141479
191.500200 482.306500 192.746872 487.332672
195.180200 480.469600 196.461182 485.507751
198.815300 478.621300 200.100388 483.677734
202.393600 476.753100 203.735641 481.817078
205.912000 474.880400 207.301086 479.954865
209.296500 473.041000 210.734085 478.120331
212.515400 471.274700 213.965866 476.369629
215.580600 469.586600 217.065720 474.684692
218.489200 468.019000 220.012070 473.143158
221.328300 466.599200 222.890579 471.743317
224.156800 465.368500 225.729279 470.546356
226.991800 464.316200 228.601273 469.509918
229.883500 463.424700 231.539520 468.653900
232.820800 462.731300 234.496658 467.995667
235.780100 462.243300 237.465515 467.543335
238.782200 461.945800 240.491913 467.260468
241.848400 461.905600 243.562286 467.225861
244.967900 462.147500 246.614761 467.508911
248.086200 462.682300 249.722931 468.051453
251.186900 463.495800 252.787384 468.887146
254.278000 464.580100 255.870972 469.976135
257.287900 465.915200 258.881744 471.329926
260.242000 467.523100 261.773773 472.965729
263.106900 469.351100 264.626556 474.800415
265.866100 471.381400 267.379272 476.867737
268.559300 473.556000 270.089294 479.061157
271.204400 475.840000 272.720245 481.374939
273.819900 478.206700 275.300568 483.744751
276.385100 480.590800 277.823395 486.125702
278.915500 482.977100 280.358185 488.545746
281.390900 485.346800 282.850006 490.923157
283.809500 487.633100 285.279236 493.230347
286.165500 489.759700 287.640411 495.394531
288.479300 491.699500 289.979950 497.368683
290.753400 493.425200 292.259583 499.121826
292.943900 494.909400 294.461121 500.643555
295.050000 496.208200 296.579559 501.975037
297.157600 497.295500 298.716309 503.106415
299.275300 498.080400 300.851959 503.913177
301.409300 498.552800 303.004303 504.469147
303.638500 498.806300 305.236023 504.739746
305.825500 498.755800 307.456360 504.685791
307.969500 498.413400 309.653259 504.395081
310.082700 497.866400 311.804047 503.913116
312.168500 497.169500 313.940125 503.255249
314.242500 496.345000 316.054443 502.490662
316.287200 495.404000 318.219269 501.596954
318.242200 494.293900 320.205750 500.506042
320.067800 492.959300 322.083801 499.199554
321.691800 491.422900 323.749603 497.675934
323.027900 489.679600 325.183228 495.986206
324.128000 487.907400 326.369995 494.203766
325.083100 486.074100 327.361084 492.333923
325.901600 484.156200 328.197906 490.369537
326.541500 482.161200 328.842285 488.313049
326.975000 480.110600 329.296692 486.224915
327.199900 477.981300 329.557861 484.075226
327.207600 475.816100 329.594025 481.883514
326.987100 473.574900 329.404602 479.656158
326.612600 471.312500 329.041443 477.320740
326.101700 468.984300 328.543610 474.947540
325.485000 466.584700 327.945526 472.522339
324.770900 464.117300 327.262604 470.031677
324.015300 461.568800 326.551392 467.471619
323.241500 458.937100 325.797668 464.828613
322.428100 456.221600 325.019409 462.113251
321.582200 453.438700 324.201172 459.318481
320.700500 450.590200 323.343414 456.459442
319.803300 447.709400 322.480164 453.602570
318.882300 444.812700 321.575897 450.699066
317.933600 441.902000 320.684418 447.826599
317.026500 438.982700 319.791473 444.893707
316.159500 436.052700 318.939789 441.957672
315.357400 433.104800 318.151367 438.996429
314.633500 430.138600 317.443726 436.023010
314.023700 427.174800 316.829254 433.020996
313.546100 424.188800 316.371368 430.032043
313.186000 421.191700 316.036224 427.056061
312.967300 418.184200 315.854858 424.069366
312.864500 415.179900 315.763702 421.059540
312.872600 412.155500 315.791412 418.050964
312.990400 409.162100 315.915375 415.043091
313.203500 406.159400 316.167084 412.069946
313.520300 403.163500 316.507416 409.059967
313.923800 400.189100 316.932373 406.086273
314.410500 397.252500 317.430420 403.148865
314.957200 394.350700 318.015076 400.258362
315.563700 391.486400 318.644745 397.376465
316.210700 388.682600 319.316345 394.559875
316.875600 385.969600 320.029327 391.844971
317.575400 383.411700 320.753937 389.300140
318.278300 381.082600 321.483582 386.972504
318.940600 378.964700 322.164307 384.849945
319.536100 376.960800 322.809570 382.854858
320.051600 374.976800 323.409149 380.881317
320.455200 373.030400 323.904327 378.925079
320.667900 371.083600 324.169495 376.984528
320.639300 369.178900 324.187439 375.065308
320.367200 367.308200 323.979340 373.199036
319.812200 365.451900 323.490662 371.335205
318.977600 363.612500 322.735718 369.517883
317.917200 361.899400 321.728333 367.801361
316.653200 360.259800 320.497894 366.143158
315.183100 358.649300 319.059265 364.516449
313.573000 357.006500 317.468597 362.856140
311.803000 355.325900 315.712372 361.160217
309.911600 353.572300 313.858917 359.367371
307.954100 351.681100 311.922516 357.462830
305.918800 349.709900 309.916504 355.470184
303.815100 347.660800 307.834229 353.384094
301.671400 345.530600 305.715240 351.231995
299.493500 343.321800 303.573181 349.024475
297.311600 341.063800 301.415070 346.765961
295.144200 338.750800 299.267517 344.455841
293.010900 336.383800 297.137512 342.093658
290.937000 333.945100 295.079468 339.650787
288.991700 331.405200 293.131012 337.105530
287.170900 328.759000 291.317261 334.460297
285.462000 326.045600 289.631195 331.756104
283.830800 323.246400 287.971588 328.920197
282.268800 320.363300 286.401245 326.030151
280.755300 317.391500 284.889771 323.051178
279.273700 314.371200 283.419647 320.038452
277.774600 311.308900 281.936127 316.974640
276.264200 308.193000 280.430664 313.842529
274.757100 305.022400 278.944824 310.663300
273.207400 301.793600 277.425049 307.420319
271.619600 298.531900 275.886261 304.144409
270.024400 295.205700 274.324524 300.799438
268.363800 291.836000 272.705811 297.422485
266.611600 288.477200 270.975861 294.060791
264.727500 285.132100 269.114258 290.727173
262.759200 281.800100 267.162262 287.409882
260.701700 278.471600 265.139343 284.090057
258.620500 275.176300 263.038452 280.750031
256.506400 271.837700 260.939423 277.419434
254.344100 268.488000 258.796997 274.046082
252.173900 265.097000 256.661774 270.681702
249.944700 261.678700 254.479324 267.310944
247.696800 258.253900 252.300720 263.897491
245.448300 254.808000 250.055740 260.455505
243.193400 251.334600 247.822388 256.983215
240.896500 247.824500 245.581329 253.493988
238.556700 244.277400 243.298660 249.973557
236.174700 240.690700 240.963913 246.380417
233.763000 237.091500 238.617783 242.785812
231.332800 233.457600 236.303680 239.195053
228.838300 229.808000 233.929443 235.587509
226.342900 226.169100 231.517212 231.980713
223.818800 222.533800 229.060654 228.363983
221.285700 218.901400 226.597977 224.754852
218.752300 215.265000 224.129013 221.133255
216.249600 211.634900 221.678207 217.492035
213.762100 207.997700 219.219742 213.845688
211.316800 204.351400 216.809662 210.178696
208.893800 200.676600 214.447189 206.510529
206.508300 196.989800 212.093094 202.843613
204.177700 193.291200 209.781662 199.134003
201.927600 189.547700 207.555191 195.363968
199.739900 185.759300 205.396301 191.543884
197.634000 181.950500 203.338959 187.706650
195.568100 178.118500 201.317963 183.826004
193.561400 174.281900 199.339172 179.962738
191.624100 170.408300 197.412231 176.080139
189.716900 166.527700 195.506653 172.168579
187.815500 162.621800 193.609024 168.257019
185.959300 158.681600 191.761337 164.275269
184.094000 154.737900 189.910294 160.336411
182.239600 150.794500 188.066864 156.391815
180.398400 146.846200 186.231705 152.424408
178.592100 142.900000 184.430847 148.482224
176.795000 138.933400 182.634018 144.515289
174.974500 134.967700 180.833466 140.564911
173.137100 131.051800 179.010468 136.650177
171.221700 127.194200 177.077850 132.768967
169.204100 123.403700 175.050079 128.947678
167.059300 119.698200 172.897552 125.214233
164.778800 116.075700 170.645889 121.610085
162.368900 112.524900 168.259354 118.091209
159.842700 109.067300 165.755569 114.659309
157.243500 105.701500 163.135284 111.279449
154.586000 102.373400 160.465225 107.953346
151.852400 99.075390 157.745682 104.668686
149.065100 95.812170 154.985794 101.408585
146.211000 92.589950 152.152344 98.171097
143.290400 89.438890 149.223328 94.985481
140.313900 86.318510 146.244797 91.851578
137.315300 83.188540 143.235641 88.715569
134.309400 80.022690 140.255447 85.560249
131.293700 76.854850 137.298874 82.429863
128.257000 73.680270 134.305466 79.252022
125.224000 70.510050 131.295242 76.053612
122.171600 67.325860 128.288040 72.869637
119.104200 64.151150 125.235161 69.671860
116.003700 60.986180 122.135262 66.502792
112.861400 57.817240 119.040726 63.351997
109.667300 54.647940 115.898468 60.203327
106.494700 51.468900 112.751274 57.041336
103.294400 48.292970 109.566750 53.870594
100.126400 45.132480 106.408615 50.715965
96.950460 41.977160 103.215668 47.530693
93.739320 38.803750 100.046074 44.389057
90.567830 35.632100 96.886307 41.206944
87.415790 32.458970 93.762634 38.030903
84.260040 29.295850 90.661575 34.886925
81.123540 26.129440 87.561096 31.717983
77.992680 22.957970 84.471542 28.536144
74.890600 19.774830 81.378555 25.339338
71.780370 16.590360 78.282234 22.140783
68.630430 13.396510 75.185822 18.928785
65.471800 10.205970 72.107025 15.752204
62.314330 7.007367 69.068840 12.603968
59.206170 3.808043 66.016823 9.405220
56.091860 0.584754 62.938400 6.181355
53.008120 -2.625659 59.906246 2.988508
49.955730 -5.822352 56.913383 -0.171107
46.935070 -9.021045 53.922474 -3.331908
43.893000 -12.216550 50.957813 -6.435287
40.929340 -15.293680 48.055817 -9.487414
38.089530 -18.317430 45.233852 -12.515590
35.418750 -21.291630 42.563847 -15.505349
32.866820 -24.157290 40.008766 -18.374027
30.511610 -26.943030 37.613106 -21.165377
28.282770 -29.552800 35.396629 -23.775402
26.270910 -31.981160 33.345539 -26.223869
24.406470 -34.119140 31.440086 -28.379501
22.621160 -35.934900 29.645929 -30.214939
20.883450 -37.415600 27.910013 -31.702852
19.174900 -38.513760 26.196926 -32.842804
17.516050 -39.260550 24.532593 -33.592583
15.838890 -39.714580 22.826891 -34.096455
14.191360 -39.829780 21.169416 -34.291653
12.634270 -39.672360 19.557129 -34.171329
11.172310 -39.260550 18.036570 -33.763584
9.789695 -38.629800 16.596647 -33.162006
8.497673 -37.738490 15.251637 -32.244083
7.308945 -36.616890 14.025386 -31.097666
6.256320 -35.282630 12.982923 -29.712618
5.377697 -33.729560 12.133691 -28.101658
4.666734 -31.994970 11.457653 -26.344938
4.118069 -30.087400 10.908270 -24.390858
3.675026 -28.058910 10.464265 -22.298891
3.306982 -25.913550 10.104129 -20.099152
2.950683 -23.671670 9.752277 -17.784161
2.589654 -21.354230 9.382007 -15.391840
2.235350 -18.941910 9.028140 -12.900497
1.883217 -16.438970 8.679399 -10.355092
1.539703 -13.883430 8.346637 -7.706236
1.229057 -11.374200 8.012169 -5.139509
0.914029 -8.934948 7.687531 -2.621725
0.572467 -6.591425 7.365181 -0.237071
0.172462 -4.328516 6.984596 2.093490
-0.233814 -2.148095 6.664676 4.295453
-0.652500 -0.027237 6.296931 6.436192
-1.128803 2.027763 5.887212 8.513980
-1.682534 4.091749 5.412784 10.617948
-2.326851 6.156888 4.854717 12.693591
-3.006582 8.222648 4.230324 14.760611
