0.000000 0.000000 0.000000 0.000000
0.059875 0.430540 0.056314 0.436264
0.240194 0.981257 0.236172 0.987961
0.531827 1.620036 0.527968 1.621619
0.999102 2.286905 0.991873 2.282679
1.634196 2.948016 1.599019 2.919289
2.465897 3.579897 2.411397 3.555654
3.507611 4.202254 3.453875 4.190172
4.794196 4.791823 4.753252 4.793829
6.329744 5.330723 6.316602 5.316875
8.109243 5.878028 8.111320 5.885149
10.112010 6.449695 10.144255 6.446234
12.311460 7.000760 12.365245 6.996119
14.649940 7.512325 14.734452 7.509548
17.045990 7.933466 17.151745 7.932438
19.495760 8.228210 19.616394 8.219665
21.992720 8.306307 22.135527 8.281372
24.504830 8.124873 24.675232 8.086105
26.991550 7.679836 27.178764 7.618474
29.438030 6.997717 29.601788 6.924335
31.783040 6.157692 31.933294 6.084490
34.061480 5.135804 34.194504 5.058941
36.249090 3.963231 36.377377 3.874892
38.339410 2.756405 38.458324 2.673488
40.387000 1.476584 40.519123 1.381594
42.507450 0.121543 42.643467 0.018649
44.798470 -1.255569 44.907955 -1.347754
47.253440 -2.652713 47.346455 -2.757651
49.829130 -4.119797 49.893661 -4.228130
52.496600 -5.654198 52.530678 -5.763743
55.197500 -7.201418 55.208557 -7.314297
57.889050 -8.733355 57.863880 -8.850121
60.568300 -10.237180 60.516609 -10.360897
63.209030 -11.720560 63.139477 -11.855995
65.794730 -13.245590 65.722328 -13.383183
68.306160 -14.789450 68.236488 -14.930771
70.774870 -16.359280 70.684311 -16.510542
73.207180 -17.930420 73.102081 -18.080294
75.585180 -19.500110 75.473831 -19.664221
77.976200 -21.045650 77.860229 -21.196527
80.359750 -22.550030 80.249168 -22.704136
82.721600 -24.045560 82.617661 -24.222424
85.130890 -25.457240 85.036491 -25.648294
87.583520 -26.763470 87.498611 -26.953844
90.052030 -27.962520 89.959724 -28.154694
92.567280 -29.055560 92.508713 -29.268944
95.091560 -30.042180 95.051125 -30.277916
97.627970 -30.999950 97.573227 -31.229763
100.184800 -31.914080 100.119316 -32.154461
102.738700 -32.746220 102.674316 -33.007809
105.306500 -33.553570 105.234901 -33.821182
107.889600 -34.298460 107.808784 -34.581406
110.487000 -34.993230 110.386169 -35.288460
113.094500 -35.631080 112.975143 -35.921951
115.714700 -36.218190 115.586418 -36.513714
118.336800 -36.794500 118.182053 -37.098789
120.956100 -37.311260 120.800179 -37.624100
123.575400 -37.808670 123.419403 -38.122425
126.178100 -38.305940 126.017342 -38.620525
128.749000 -38.789160 128.569000 -39.089340
131.294400 -39.254810 131.077225 -39.559624
133.800300 -39.697620 133.574646 -40.017624
136.267300 -40.152820 136.038803 -40.489250
138.705700 -40.571180 138.460510 -40.916538
141.108200 -40.918610 140.861420 -41.280277
143.486200 -41.184130 143.223984 -41.556274
145.827400 -41.344840 145.562729 -41.720642
148.116900 -41.390150 147.854416 -41.765285
150.394500 -41.337850 150.139221 -41.732613
152.640300 -41.243160 152.395813 -41.673244
154.896300 -41.171990 154.647339 -41.640476
157.139500 -41.129290 156.874374 -41.631737
159.364300 -41.123040 159.102554 -41.672474
161.541500 -41.143410 161.270172 -41.719269
163.691100 -41.184580 163.424988 -41.797146
165.794600 -41.169840 165.506699 -41.800213
167.853000 -41.036680 167.556015 -41.689213
169.861400 -40.814300 169.562531 -41.480728
171.785700 -40.498720 171.490356 -41.179600
173.656900 -40.100850 173.358994 -40.787273
175.466100 -39.643440 175.165756 -40.344009
177.238400 -39.176700 176.941299 -39.887417
179.051200 -38.637820 178.767151 -39.356987
180.842400 -38.130090 180.573990 -38.866222
182.654500 -37.585090 182.395294 -38.326302
184.499200 -36.994200 184.249588 -37.758766
186.326400 -36.336250 186.109299 -37.130768
188.179600 -35.586660 187.976532 -36.423862
190.033300 -34.744990 189.836563 -35.607361
191.950900 -33.866980 191.757431 -34.731010
193.922400 -32.984310 193.737823 -33.850117
195.981900 -32.091960 195.770630 -32.963142
198.044700 -31.179470 197.804901 -32.077103
200.096400 -30.282730 199.844360 -31.198437
202.149000 -29.377620 201.917084 -30.307087
204.205200 -28.490440 203.997131 -29.424007
206.280400 -27.683360 206.082367 -28.651934
208.395100 -26.949400 208.180618 -27.945278
210.511400 -26.248260 210.309448 -27.255756
212.653100 -25.542730 212.427460 -26.591969
214.826000 -24.841570 214.587570 -25.889151
217.025900 -24.115450 216.765106 -25.180592
219.237300 -23.317850 218.985916 -24.410301
221.445500 -22.466040 221.130554 -23.606781
223.667300 -21.584010 223.344513 -22.765839
225.887600 -20.687600 225.548996 -21.895990
228.072000 -19.761640 227.759445 -20.991575
230.220200 -18.813360 229.945511 -20.056757
232.380100 -17.819580 232.144135 -19.080687
234.567900 -16.817990 234.341980 -18.089802
236.713000 -15.809910 236.496246 -17.109566
238.851800 -14.765210 238.642242 -16.095490
241.017000 -13.683470 240.811920 -15.043748
243.189400 -12.578710 242.995285 -13.978102
245.303900 -11.468690 245.112808 -12.888099
247.468200 -10.349670 247.294922 -11.799793
249.645100 -9.231011 249.482452 -10.693932
251.806300 -8.090111 251.638702 -9.584030
253.960700 -6.938930 253.828659 -8.464726
256.101100 -5.755645 255.988953 -7.302781
258.215000 -4.543629 258.145752 -6.101813
260.307600 -3.272954 260.251831 -4.847394
262.344400 -1.883065 262.303680 -3.474693
264.302700 -0.414263 264.276154 -2.034639
266.252100 1.068534 266.251648 -0.581016
268.265900 2.447327 268.293152 0.781744
270.324900 3.759467 270.397095 2.074537
272.419700 5.022290 272.516876 3.310769
274.560900 6.266911 274.699585 4.529585
276.693900 7.483336 276.870544 5.736558
278.872400 8.703796 279.085114 6.930087
281.097600 9.935075 281.341797 8.146205
283.337500 11.219770 283.619598 9.408854
285.578400 12.544850 285.862671 10.713085
287.831600 13.911530 288.118744 12.055622
290.088700 15.396350 290.391022 13.526685
292.311900 16.932960 292.635345 15.026834
294.493900 18.481610 294.872650 16.582432
296.720900 20.090920 297.119537 18.238070
298.978300 21.804860 299.326538 19.971947
301.361000 23.633810 301.511047 21.790916
303.645300 25.487530 303.672577 23.622414
305.870300 27.427630 305.800110 25.507532
308.019400 29.387000 307.918182 27.443840
310.140700 31.374480 310.005768 29.382080
312.194800 33.399420 312.055664 31.368206
314.189200 35.447230 314.052917 33.363121
316.138800 37.517350 316.009552 35.389702
318.049100 39.628100 317.930237 37.472321
319.943200 41.728570 319.818817 39.538307
321.828600 43.822610 321.727051 41.604145
323.748400 45.934260 323.661224 43.691238
325.706500 48.018020 325.629211 45.745018
327.739600 50.080930 327.712036 47.830029
329.840400 52.117880 329.827301 49.837803
331.997600 54.088750 332.002777 51.784985
334.230000 56.046050 334.261658 53.706131
336.499800 57.995180 336.554413 55.626556
338.816900 59.925620 338.889465 57.534386
341.178100 61.833440 341.258270 59.392639
343.554900 63.722300 343.642334 61.252415
345.957800 65.576790 346.065674 63.058617
348.386500 67.418200 348.513916 64.888168
350.801500 69.229240 350.947113 66.674881
353.254100 71.038830 353.390259 68.456718
355.698600 72.844900 355.834015 70.245316
358.141800 74.650950 358.277039 72.028755
360.583100 76.452920 360.711761 73.820267
363.026300 78.255900 363.156036 75.594429
365.452200 80.044720 365.604584 77.362396
367.845000 81.823410 368.006958 79.101562
370.166400 83.579750 370.344666 80.839096
372.393300 85.288160 372.582886 82.518608
374.497600 86.944540 374.710480 84.162682
376.478000 88.495560 376.704529 85.691559
378.371000 89.933730 378.605865 87.120888
380.183400 91.300940 380.437103 88.475601
381.933000 92.573690 382.190430 89.727287
383.660900 93.763590 383.929169 90.918823
385.476400 94.921870 385.787842 92.088715
387.358800 96.029350 387.701080 93.176735
389.297900 97.086300 389.661926 94.217339
391.333900 98.175050 391.728027 95.294472
393.414000 99.266980 393.821198 96.343727
395.549800 100.322500 395.964417 97.364800
397.704500 101.322500 398.154388 98.348007
399.824200 102.279600 400.293182 99.265656
401.916600 103.140900 402.402985 100.099014
403.950600 103.902700 404.450684 100.811134
405.959700 104.590800 406.460602 101.450500
408.011000 105.108200 408.515503 101.935577
410.135100 105.485400 410.659790 102.294754
412.361000 105.790800 412.895569 102.574783
414.624700 106.058600 415.159332 102.823753
416.897400 106.297800 417.468872 103.045517
419.163900 106.506600 419.729950 103.213684
421.493300 106.727000 422.058838 103.391075
423.737200 106.947800 424.305725 103.591316
425.977100 107.191600 426.522003 103.813377
428.102800 107.420100 428.637909 104.015625
430.149200 107.670800 430.671722 104.223671
432.117500 107.907600 432.638184 104.414963
434.025800 108.008100 434.548645 104.469254
435.758200 108.009100 436.308319 104.423576
437.299000 107.930500 437.842468 104.298912
438.581000 107.769400 439.134888 104.092857
439.666200 107.607000 440.227844 103.907761
440.608900 107.409000 441.162506 103.686409
441.398700 107.289400 441.935272 103.573448
441.992900 107.179100 442.523193 103.443787
442.448600 107.110700 442.973999 103.345306
442.905900 107.038600 443.421173 103.235382
443.346800 107.014100 443.860779 103.169464
443.836000 106.989300 444.348389 103.108322
444.473000 106.989500 444.982727 103.065308
445.205500 106.946300 445.740997 102.983208
446.012900 106.953300 446.552765 102.946159
446.902800 107.033600 447.441589 102.979553
447.889800 107.210000 448.385162 103.118423
448.987400 107.446500 449.447418 103.307266
450.189500 107.822200 450.654205 103.627159
451.491100 108.402100 451.925171 104.052681
452.928900 109.084800 453.372742 104.613396
454.502200 109.798100 454.930664 105.287689
456.158200 110.666600 456.554047 106.112404
457.971900 111.646100 458.306671 107.084480
459.877400 112.735800 460.190094 108.149788
461.883200 113.914900 462.190826 109.302277
463.988700 115.182000 464.287842 110.546913
466.175500 116.517700 466.457214 111.850655
468.435400 117.924700 468.721313 113.218674
470.781100 119.404400 471.062653 114.667274
473.219400 120.926800 473.495483 116.154617
475.743400 122.510800 476.010040 117.696281
478.344300 124.160400 478.609406 119.311249
480.992000 125.864000 481.274872 120.985237
483.679900 127.592900 484.006744 122.681107
486.447600 129.273600 486.815704 124.316376
489.320000 130.826500 489.748260 125.830376
492.282900 132.213200 492.767334 127.168953
495.358000 133.438200 495.893250 128.318985
498.513800 134.409800 499.132233 129.246841
501.751100 135.064200 502.360199 129.851303
505.042300 135.427700 505.682892 130.192352
508.395000 135.556900 509.042084 130.293350
511.770400 135.475700 512.460022 130.179581
515.185000 135.299200 515.901245 129.964859
518.623000 135.097900 519.348022 129.711304
522.144800 134.847000 522.906006 129.433090
525.734400 134.578800 526.520813 129.123764
529.399100 134.293800 530.212402 128.806259
533.133700 134.010400 533.955750 128.493835
536.936600 133.686300 537.810547 128.130325
540.806000 133.326000 541.671753 127.741150
544.802000 132.892300 545.585938 127.298317
548.848400 132.415900 549.571045 126.806602
552.948000 131.900800 553.635376 126.272530
557.104100 131.327900 557.793945 125.679970
561.317500 130.706600 562.001282 125.043449
565.599800 130.051200 566.305115 124.364403
569.941500 129.367300 570.640625 123.668236
574.351700 128.666500 575.002991 122.947754
578.779700 127.953800 579.407471 122.208481
583.237100 127.258900 583.825317 121.487984
587.713000 126.567300 588.272217 120.733582
592.202000 125.884700 592.718811 120.006737
596.683800 125.215200 597.166443 119.294090
601.149700 124.558400 601.603638 118.599464
605.601500 123.870200 606.025208 117.900993
610.038700 123.194200 610.445190 117.213043
614.483600 122.547100 614.866089 116.569611
618.926400 121.903400 619.290588 115.926056
623.350300 121.254400 623.686584 115.269844
627.741900 120.615400 628.026306 114.645409
632.071600 120.016600 632.323975 114.050827
636.318800 119.412600 636.569092 113.455673
640.484000 118.825100 640.713928 112.877365
644.497600 118.256100 644.718933 112.312531
648.278400 117.698400 648.532104 111.754852
651.817400 117.176000 652.095764 111.244179
655.064500 116.712400 655.367371 110.791298
657.980700 116.314200 658.270935 110.405350
660.526400 115.964600 660.819519 110.074303
662.701100 115.630800 662.989441 109.757317
664.544000 115.185100 664.884216 109.333168
666.220700 114.557800 666.523682 108.710480
667.731400 113.722400 667.999023 107.840897
668.815500 112.652100 669.143616 106.788795
669.721700 111.420600 670.026794 105.536240
670.375000 110.040000 670.634583 104.124443
670.743500 108.532100 670.964539 102.605072
670.853700 106.905800 671.088013 101.025642
670.479600 105.203700 670.789429 99.300270
669.886200 103.505000 670.209656 97.723946
668.934000 101.811700 669.250977 96.061546
667.713400 100.128500 667.989746 94.414101
666.284600 98.431790 666.548584 92.686394
664.691900 96.730170 664.959290 90.966003
662.951100 95.069520 663.213196 89.299057
661.045400 93.515090 661.303467 87.740677
658.978100 92.108080 659.259277 86.359398
656.784000 90.796840 657.086426 85.076134
654.501500 89.445100 654.820190 83.759216
652.178300 88.060580 652.472412 82.390823
649.787300 86.622730 650.092529 80.960953
647.361600 85.108610 647.648376 79.436417
644.842400 83.549870 645.118835 77.863716
642.252000 81.948280 642.544189 76.269554
639.681300 80.324390 639.972656 74.640320
637.149300 78.658370 637.466492 72.996590
634.666500 76.993840 634.999207 71.340836
632.251900 75.355150 632.604919 69.732132
629.879500 73.738570 630.247620 68.154213
627.590500 72.163550 627.969238 66.599663
625.387200 70.610050 625.780762 65.073181
623.318500 69.115660 623.725647 63.638645
621.410500 67.709240 621.822205 62.279869
619.670100 66.436970 620.108459 61.049980
618.153900 65.289110 618.600464 59.940990
616.867100 64.327580 617.322632 59.003143
615.819600 63.530860 616.308777 58.233635
614.973800 62.932120 615.471252 57.628857
614.330800 62.461620 614.806824 57.141468
613.811100 62.069300 614.279968 56.747826
613.313200 61.694250 613.768311 56.382858
612.830400 61.322490 613.270691 55.997406
612.348000 60.956790 612.771118 55.635731
611.900500 60.618970 612.299683 55.281235
611.476100 60.298910 611.864441 54.949684
611.109300 60.011850 611.496216 54.669903
610.766100 59.758400 611.145691 54.423275
610.434000 59.483890 610.808777 54.151867
610.127300 59.236310 610.493713 53.912243
609.810600 58.983200 610.173462 53.671928
609.426900 58.683240 609.792236 53.376644
608.885000 58.245010 609.232178 52.951893
608.141400 57.643250 608.499634 52.362225
607.226200 56.864850 607.597778 51.603836
606.175100 55.922830 606.576599 50.675613
604.988800 54.815760 605.426025 49.593075
603.721000 53.539790 604.182434 48.339775
602.357600 52.129810 602.843079 46.953220
600.872200 50.598950 601.370056 45.450493
599.313100 48.940800 599.816895 43.819942
597.636500 47.153860 598.131531 42.052017
595.881100 45.248230 596.356323 40.183834
594.057800 43.236600 594.520081 38.210098
592.228600 41.166150 592.669800 36.155926
590.416500 39.097260 590.865295 34.095291
588.589700 37.035950 589.054749 32.051544
586.727400 34.953000 587.202148 30.007219
584.835300 32.869090 585.309509 27.953606
582.909900 30.778460 583.383118 25.882366
580.956400 28.682870 581.432129 23.811653
578.981900 26.559660 579.430176 21.693771
576.989600 24.412110 577.430542 19.580368
575.013400 22.261790 575.461731 17.464693
573.061000 20.092300 573.493286 15.299564
571.135300 17.941960 571.570007 13.175379
569.253000 15.812370 569.671875 11.052282
567.402800 13.684550 567.809021 8.934401
565.597000 11.594760 565.994263 6.851351
563.776800 9.568871 564.157288 4.844892
562.016200 7.610878 562.386230 2.890228
560.357800 5.761759 560.716980 1.055827
558.790600 4.059161 559.150513 -0.626828
557.388800 2.556647 557.735901 -2.110802
556.166300 1.224300 556.508972 -3.420740
555.086800 0.038120 555.424316 -4.611288
554.091900 -1.065239 554.397827 -5.708964
553.156200 -2.093206 553.458740 -6.729084
552.265400 -3.039119 552.554321 -7.662638
551.446200 -3.918816 551.732300 -8.519193
550.714900 -4.709150 550.988770 -9.308965
550.055400 -5.411455 550.313171 -10.018971
549.472200 -6.063502 549.724731 -10.673960
548.991400 -6.627882 549.234375 -11.233458
548.582100 -7.090666 548.826843 -11.684514
548.257600 -7.479973 548.497253 -12.068064
547.987500 -7.803179 548.215149 -12.379420
547.768900 -8.070234 547.988342 -12.637446
547.592600 -8.293718 547.799622 -12.858144
547.438700 -8.468806 547.647827 -13.036028
547.312300 -8.609266 547.517456 -13.180787
547.212800 -8.727030 547.410156 -13.301232
547.137900 -8.816118 547.331543 -13.393218
547.093000 -8.878200 547.273132 -13.454757
547.069500 -8.915003 547.244629 -13.493439
547.040300 -8.948208 547.215332 -13.522384
546.977500 -9.002351 547.168945 -13.572026
546.906300 -9.075048 547.110291 -13.639303
546.823300 -9.175395 547.028870 -13.732255
546.717900 -9.307750 546.924377 -13.853957
546.577700 -9.471357 546.781250 -14.010725
546.411500 -9.667371 546.615601 -14.200072
546.222400 -9.896104 546.422302 -14.420516
546.013600 -10.141830 546.210938 -14.659526
545.783400 -10.398320 545.974609 -14.915903
545.569500 -10.646660 545.750793 -15.164424
545.387700 -10.868510 545.565002 -15.379756
545.242600 -11.049650 545.418762 -15.552990
