-0.000000 0.000000 0.000000 0.000000
0.002038 3.941730 -0.014707 3.929903
0.007571 7.908775 -0.032748 7.900903
0.006781 11.904260 -0.053335 11.913530
-0.005852 15.930660 -0.094507 15.942714
0.005006 19.986700 -0.113616 19.997307
-0.007369 24.072100 -0.138358 24.085363
0.001962 28.194720 -0.139860 28.190508
0.006827 32.335310 -0.157036 32.318592
0.012119 36.507890 -0.171822 36.482155
0.019429 40.704370 -0.178989 40.696896
0.026224 44.928210 -0.183102 44.942791
0.033592 49.179630 -0.190251 49.184200
0.025370 53.457160 -0.220523 53.457767
0.013229 57.745500 -0.262236 57.724960
0.002764 62.027950 -0.286880 62.008526
-0.005954 66.289400 -0.325033 66.225616
-0.027023 70.530000 -0.371595 70.423973
-0.046776 74.742450 -0.408158 74.614067
-0.052873 78.934960 -0.429119 78.774185
-0.048388 83.097210 -0.439525 82.908882
-0.075180 87.250150 -0.449579 87.007866
-0.111047 91.375240 -0.473345 91.138069
-0.169705 95.460760 -0.503248 95.214996
-0.234406 99.515130 -0.553467 99.266441
-0.286760 103.545900 -0.594000 103.284271
-0.334309 107.565300 -0.623211 107.281265
-0.394315 111.576600 -0.635937 111.282433
-0.429590 115.560100 -0.674310 115.263947
-0.430614 119.561300 -0.677271 119.278091
-0.456074 123.624200 -0.676825 123.287491
-0.470849 127.692500 -0.652496 127.299568
-0.470125 131.755700 -0.618960 131.334457
-0.466120 135.814600 -0.572689 135.382370
-0.464181 139.862600 -0.540458 139.400284
-0.474702 143.909900 -0.527222 143.415375
-0.484415 147.953800 -0.502500 147.458893
-0.497985 151.991700 -0.482832 151.478073
-0.518837 156.032900 -0.486772 155.499817
-0.490889 160.078600 -0.463058 159.542358
-0.476780 164.129500 -0.451960 163.609131
-0.449484 168.200000 -0.443092 167.701447
-0.411154 172.284100 -0.436272 171.787415
-0.358878 176.408600 -0.436840 175.890396
-0.313655 180.542000 -0.416846 180.059418
-0.318656 184.703900 -0.429950 184.243515
-0.308933 188.900300 -0.449836 188.442261
-0.300756 193.121300 -0.443638 192.701065
-0.295505 197.380900 -0.423627 196.957687
-0.332199 201.657300 -0.437349 201.250732
-0.348136 205.970400 -0.437604 205.572495
-0.342964 210.323200 -0.412369 209.934982
-0.357581 214.714200 -0.407823 214.324234
-0.360488 219.141900 -0.405595 218.713745
-0.375507 223.589400 -0.409471 223.139053
-0.378527 228.060200 -0.420400 227.617371
-0.374570 232.542100 -0.414057 232.128159
-0.378408 237.044600 -0.420925 236.654831
-0.382092 241.571200 -0.427413 241.196487
-0.377078 246.123100 -0.412884 245.743622
-0.365894 250.696400 -0.399477 250.331055
-0.356528 255.288500 -0.410170 254.920166
-0.340799 259.900300 -0.382517 259.527985
-0.325374 264.511300 -0.379428 264.197357
-0.317394 269.137700 -0.344094 268.879242
-0.314040 273.764900 -0.326546 273.484467
-0.306203 278.395200 -0.285010 278.125580
-0.276490 283.049800 -0.211133 282.810211
-0.230158 287.699900 -0.146816 287.495697
-0.192693 292.369200 -0.094916 292.198517
-0.168171 297.072300 -0.058052 296.912018
-0.143657 301.821100 -0.043225 301.652283
-0.111308 306.608600 -0.017893 306.436249
-0.093249 311.433100 0.014579 311.255646
-0.107981 316.295300 0.031171 316.145294
-0.103970 321.182300 0.034819 321.002686
-0.096484 326.068200 0.041367 325.849304
-0.074427 330.950800 0.060554 330.689728
-0.054350 335.802400 0.078113 335.564026
-0.042570 340.628700 0.087374 340.383850
-0.035147 345.452500 0.079573 345.197235
-0.041563 350.253200 0.049550 349.994507
-0.075066 355.037900 0.019392 354.782928
-0.109101 359.812500 -0.014990 359.565186
-0.141995 364.586700 -0.041963 364.348572
-0.185891 369.386600 -0.083608 369.130707
-0.237813 374.225300 -0.115998 373.900146
-0.270401 378.992900 -0.136838 378.727478
-0.296087 383.840800 -0.184562 383.569427
-0.316454 388.685700 -0.203235 388.421753
-0.323790 393.557900 -0.209262 393.338165
