0.000000 0.000000 0.000000 0.000000
-0.007832 1.689225 -0.009308 1.684808
-0.029694 3.390281 -0.036910 3.372999
-0.070081 5.150463 -0.069280 5.141519
-0.123858 6.989627 -0.118184 6.990050
-0.184475 8.978383 -0.166296 8.976547
-0.253794 11.064230 -0.225951 11.058480
-0.296212 13.335200 -0.292641 13.337741
-0.345120 15.748820 -0.357608 15.756578
-0.368644 18.288060 -0.420029 18.319574
-0.406558 20.990620 -0.476427 21.064959
-0.450732 23.849210 -0.557960 23.940140
-0.505576 26.794890 -0.633982 26.878939
-0.567916 29.817300 -0.715815 29.939301
-0.634186 32.902500 -0.802691 33.028851
-0.704629 36.067260 -0.894002 36.214005
-0.763742 39.276990 -1.001108 39.454243
-0.840559 42.506460 -1.104656 42.712490
-0.944805 45.707290 -1.215930 45.955379
-1.050114 48.934630 -1.333298 49.226089
-1.142897 52.159540 -1.441265 52.495342
-1.248790 55.372460 -1.542128 55.743168
-1.352181 58.600620 -1.628730 59.000397
-1.444555 61.847430 -1.723579 62.290085
-1.528092 65.085270 -1.826550 65.563507
-1.623511 68.349680 -1.941265 68.863777
-1.697570 71.605970 -2.031303 72.162811
-1.784427 74.842930 -2.127451 75.452400
-1.892754 78.044640 -2.235217 78.692963
-2.009246 81.241000 -2.352204 81.916168
-2.118145 84.381460 -2.472596 85.105171
-2.224921 87.410700 -2.589551 88.180931
-2.344772 90.265560 -2.709550 91.057816
-2.486719 92.915770 -2.852887 93.736771
-2.649588 95.352060 -3.022486 96.184227
-2.827593 97.533080 -3.179953 98.371063
-2.992555 99.437370 -3.334049 100.301659
-3.132396 101.119600 -3.469290 102.006287
-3.196722 102.604300 -3.525683 103.484406
-3.182672 103.907400 -3.496756 104.804512
-3.061832 105.116200 -3.359662 106.044403
-2.813888 106.240500 -3.113764 107.160904
-2.431748 107.285400 -2.744253 108.188736
-1.921488 108.234600 -2.240486 109.141357
-1.282825 109.049600 -1.618355 109.965614
-0.530716 109.791000 -0.860203 110.731415
0.374458 110.404000 0.075657 111.365341
1.408134 110.856700 1.133141 111.808029
2.533142 111.185100 2.289316 112.153755
3.783818 111.364400 3.546188 112.313675
5.173439 111.489500 4.988987 112.444351
6.728517 111.518300 6.521781 112.461792
8.447661 111.482200 8.284769 112.437431
10.365340 111.411600 10.205637 112.377556
12.440570 111.376600 12.286519 112.345474
14.658270 111.336300 14.523414 112.319923
16.980990 111.294300 16.852531 112.282814
19.371510 111.225100 19.258518 112.228271
21.827520 111.168600 21.733536 112.171318
24.338230 111.128000 24.259010 112.117699
26.865460 111.086600 26.812181 112.064224
29.340250 111.018500 29.300764 111.984978
31.824380 110.949500 31.798227 111.920837
34.255590 110.895700 34.262226 111.877220
36.655720 110.832300 36.693924 111.813362
39.023530 110.760300 39.078934 111.728302
41.348270 110.661800 41.422935 111.630112
43.625630 110.563400 43.713890 111.541306
45.778700 110.472200 45.867901 111.451042
47.871130 110.381700 47.977623 111.350540
49.939530 110.289100 50.060493 111.257698
51.971720 110.194600 52.091774 111.157448
53.966400 110.084400 54.081535 111.038063
55.968740 109.922700 56.105236 110.875221
58.012520 109.724900 58.177048 110.688599
60.142410 109.502900 60.309296 110.461472
62.329410 109.265100 62.505600 110.228043
64.563430 109.013700 64.753235 109.975441
66.805840 108.790700 66.990211 109.721619
69.024790 108.566800 69.214012 109.475784
71.274060 108.316000 71.453499 109.205666
73.551630 108.056300 73.730446 108.929710
75.878910 107.783000 76.082680 108.646637
78.249380 107.482800 78.443626 108.324501
80.656160 107.159100 80.865974 107.991669
83.128450 106.823200 83.355942 107.640343
85.650170 106.498800 85.905014 107.318123
88.195570 106.179900 88.454247 106.986740
90.756270 105.878900 91.015411 106.672653
93.347120 105.574100 93.609558 106.359192
95.936460 105.267700 96.204079 106.042984
98.498850 104.969700 98.775009 105.742683
101.043100 104.696300 101.334480 105.473473
103.535900 104.414000 103.865341 105.177200
105.990700 104.117400 106.350365 104.872116
108.401400 103.830100 108.774094 104.586700
110.756600 103.530500 111.157433 104.281929
113.078300 103.210700 113.490616 103.944916
115.356600 102.887000 115.789368 103.606674
117.639100 102.533100 118.072693 103.253906
119.873200 102.178000 120.327797 102.897400
122.079200 101.811900 122.533142 102.513443
124.272600 101.407700 124.758194 102.107063
126.424700 100.975200 126.898201 101.668884
128.537100 100.456100 129.023682 101.148346
130.617700 99.856810 131.099579 100.537933
132.667800 99.216070 133.173538 99.877846
134.687400 98.553530 135.194061 99.211342
136.660100 97.926510 137.188324 98.595413
138.607400 97.314350 139.124496 97.992798
140.503400 96.738880 141.019440 97.423157
142.369000 96.204360 142.890015 96.897453
144.202100 95.695640 144.736176 96.400810
145.980300 95.244100 146.485947 95.962616
147.725300 94.841610 148.241562 95.578316
149.451200 94.497860 149.975128 95.254257
151.160400 94.251030 151.678284 95.020187
152.853900 94.142140 153.370346 94.940086
154.532700 94.132680 155.031036 94.945992
156.196500 94.120650 156.691757 94.917381
157.821400 94.007330 158.320602 94.794395
159.401200 93.838200 159.899902 94.618980
160.938600 93.578160 161.437424 94.355995
162.417600 93.276270 162.941391 94.039970
163.854200 92.938740 164.385223 93.694519
165.277700 92.622550 165.807068 93.350510
166.674900 92.299640 167.224258 93.015884
168.125300 91.946090 168.672531 92.641487
169.638900 91.526300 170.203064 92.209602
171.214100 91.062420 171.786942 91.735657
172.836600 90.569120 173.422867 91.223183
174.480800 90.035230 175.089493 90.685547
176.115700 89.513510 176.745316 90.160675
177.736600 89.009020 178.394836 89.653656
179.315600 88.539550 180.002411 89.155838
180.808000 88.123170 181.510880 88.725533
182.185700 87.753480 182.900085 88.331711
183.432400 87.482040 184.148361 88.033142
184.623100 87.293670 185.339600 87.859520
185.803900 87.231550 186.510117 87.779152
186.952000 87.297830 187.598602 87.876747
188.068600 87.451920 188.732727 88.015945
189.154900 87.728640 189.800735 88.280975
190.233600 88.157250 190.905441 88.712982
191.320100 88.781620 191.950470 89.317703
192.410500 89.600550 193.021790 90.123520
193.454200 90.684490 194.083603 91.222473
194.437900 91.988930 195.069122 92.497086
195.378100 93.548950 196.011780 94.041061
196.271500 95.327110 196.906815 95.794846
197.137400 97.277400 197.785889 97.736938
197.949900 99.411050 198.606293 99.873428
198.716100 101.702700 199.368774 102.175652
199.516800 104.092500 200.196228 104.581879
200.371000 106.590800 201.048141 107.085434
201.252400 109.169500 201.934128 109.678368
202.151000 111.754400 202.852600 112.299568
203.059200 114.350500 203.751022 114.911552
203.983900 117.000400 204.661789 117.542000
204.857600 119.562000 205.562225 120.172699
205.735000 122.179100 206.438797 122.807739
206.598600 124.790300 207.316956 125.445221
207.440900 127.377400 208.163437 128.049667
208.242800 129.908400 208.969955 130.600098
208.997300 132.350000 209.726288 133.057999
209.687300 134.653600 210.422302 135.373886
210.315800 136.812600 211.061844 137.555923
210.853400 138.781000 211.589600 139.522507
211.314900 140.528100 212.062668 141.290161
211.724000 142.072000 212.474152 142.833984
212.087800 143.489600 212.831635 144.243408
212.418900 144.848700 213.164383 145.609802
212.644500 146.170800 213.383942 146.935806
212.735200 147.467000 213.473053 148.216812
212.655400 148.727700 213.384918 149.418030
212.394800 149.931200 213.136276 150.566528
211.967700 151.060900 212.731522 151.653442
211.327800 152.041400 212.128204 152.664291
210.570500 152.900300 211.402664 153.531250
209.690200 153.609600 210.483292 154.162598
208.709700 154.127900 209.537567 154.658401
207.628600 154.446600 208.492920 155.008942
206.514300 154.663600 207.400955 155.229858
205.342600 154.839800 206.272095 155.401855
204.054700 154.916400 205.014099 155.504013
202.653200 155.003000 203.608765 155.620758
201.071000 155.004800 202.027481 155.636902
199.317900 154.934200 200.259674 155.587112
197.401000 154.857200 198.293671 155.522064
195.316900 154.772000 196.181702 155.448349
193.070500 154.750200 193.917694 155.450150
190.668800 154.808600 191.488220 155.525528
188.123400 154.966400 188.912445 155.674072
185.505500 155.209900 186.273209 155.925369
182.877200 155.502600 183.617355 156.212830
180.229400 155.806300 180.958710 156.527802
177.558300 156.111000 178.265778 156.854355
174.880600 156.428400 175.581329 157.181244
172.210900 156.745600 172.905090 157.515213
169.531800 157.057600 170.208389 157.834229
166.857300 157.367500 167.528381 158.151627
164.166400 157.687700 164.850861 158.469254
161.543900 158.015100 162.193420 158.806091
158.917500 158.348300 159.548950 159.141129
156.307000 158.685700 156.917770 159.484787
153.701700 159.029500 154.293549 159.831696
151.074500 159.379400 151.659943 160.178116
148.417600 159.744000 148.960114 160.545837
145.726100 160.131500 146.256638 160.925110
143.006700 160.516800 143.533035 161.315247
140.244900 160.894500 140.752014 161.697418
137.441200 161.249200 137.933487 162.043335
134.595200 161.560200 135.068268 162.352158
131.711200 161.840600 132.165680 162.633377
128.789000 162.129400 129.215393 162.926697
125.847000 162.402500 126.245781 163.214996
122.922800 162.662800 123.295013 163.486069
120.011500 162.917000 120.360046 163.750351
117.096200 163.164900 117.431351 164.017548
114.183400 163.417600 114.491211 164.294373
111.271300 163.676400 111.557999 164.557373
108.360000 163.930000 108.631638 164.829132
105.444700 164.185400 105.689819 165.094971
102.540700 164.434900 102.772652 165.357727
99.644400 164.672400 99.861900 165.600784
96.744730 164.928100 96.948441 165.866562
93.849290 165.223100 94.063995 166.167145
90.952140 165.530200 91.160492 166.477585
88.065380 165.851200 88.250046 166.810913
85.150470 166.191600 85.322159 167.158081
82.242610 166.531500 82.376892 167.497452
79.311830 166.862600 79.425369 167.826721
76.393260 167.201900 76.474541 168.164963
73.438700 167.538900 73.517754 168.505020
70.485150 167.863400 70.535706 168.825531
67.519840 168.167700 67.548599 169.138062
64.540850 168.441900 64.552673 169.415268
61.540400 168.697200 61.533401 169.677475
58.537190 168.941400 58.506836 169.935486
55.533930 169.185000 55.484108 170.191635
52.543330 169.420200 52.483894 170.437729
49.571870 169.640200 49.514313 170.655319
46.635500 169.839600 46.587944 170.851776
43.710130 170.017100 43.661381 171.030838
40.823360 170.176600 40.770454 171.201187
37.953040 170.328300 37.895817 171.355209
35.132860 170.473500 35.070351 171.518204
32.385260 170.602800 32.291744 171.670471
29.704360 170.713400 29.597019 171.792297
27.093420 170.807100 26.956932 171.889526
24.583170 170.877300 24.437283 171.986328
22.209330 170.937800 22.039967 172.072647
19.944280 171.027800 19.772240 172.185883
17.748010 171.142200 17.549179 172.306198
15.606760 171.273100 15.373623 172.443832
13.545460 171.403600 13.295589 172.575562
11.568070 171.540200 11.305714 172.714706
9.709170 171.687300 9.437284 172.863266
7.998637 171.853700 7.713538 173.025681
6.432635 172.024100 6.131045 173.185577
4.995356 172.227700 4.667624 173.377838
3.674361 172.460800 3.326443 173.610916
2.475555 172.738700 2.109245 173.885468
1.394096 173.060700 1.022545 174.209137
0.435287 173.448800 0.059830 174.585159
-0.481995 173.905100 -0.868851 175.021606
-1.324858 174.456900 -1.680550 175.546509
-2.065394 175.091700 -2.454597 176.148605
-2.762100 175.808500 -3.186287 176.868011
-3.408457 176.720100 -3.810867 177.770813
-3.994755 177.763900 -4.390625 178.799683
-4.506015 178.951500 -4.905743 180.009613
-4.930925 180.367000 -5.321754 181.397583
-5.212692 181.952900 -5.603655 182.987839
-5.351521 183.714600 -5.738095 184.780136
-5.392321 185.625500 -5.769128 186.722641
-5.387940 187.682900 -5.747329 188.799881
-5.372151 189.871900 -5.725028 191.023590
-5.386586 192.193400 -5.731120 193.363190
-5.406023 194.585200 -5.759147 195.776871
-5.440439 197.017600 -5.798556 198.228531
-5.475977 199.456500 -5.853244 200.674286
-5.514842 201.934200 -5.909142 203.163620
-5.560062 204.406700 -5.977448 205.641800
-5.616804 206.863600 -6.052073 208.106735
-5.692115 209.294100 -6.134733 210.561569
-5.775682 211.678200 -6.233629 212.936981
-5.860771 213.990100 -6.333028 215.252960
-5.940900 216.159300 -6.422379 217.433792
-6.023283 218.169400 -6.511859 219.456512
-6.114588 220.000600 -6.605767 221.289642
-6.209081 221.641100 -6.712589 222.947113
-6.290085 223.094700 -6.798491 224.406357
-6.323739 224.427000 -6.845176 225.763077
-6.274326 225.732300 -6.798289 227.102905
-6.132258 226.985000 -6.655073 228.339340
-5.842543 228.167200 -6.342247 229.548508
-5.392446 229.278300 -5.914749 230.608109
-4.842747 230.275700 -5.385025 231.631180
-4.162700 231.192700 -4.706573 232.545166
-3.339169 232.032200 -3.867172 233.416840
-2.397566 232.795000 -2.896477 234.201294
-1.278517 233.345000 -1.780090 234.753784
0.002398 233.849400 -0.476219 235.264969
1.451824 234.167300 0.998825 235.587631
3.063341 234.394700 2.644440 235.830124
4.818404 234.521700 4.426127 235.961395
6.718857 234.529500 6.345653 235.972778
8.771869 234.476900 8.423359 235.920486
10.950050 234.353500 10.605547 235.803436
13.283690 234.242600 12.956066 235.688889
15.698180 234.114100 15.371630 235.558792
18.109840 234.011200 17.783066 235.444107
20.538930 233.937000 20.223227 235.375519
23.000350 233.896100 22.679169 235.322433
25.454510 233.895700 25.141493 235.289001
27.927720 233.889300 27.626459 235.256470
30.407900 233.872000 30.126923 235.223175
32.882140 233.853600 32.610489 235.175903
35.338500 233.829000 35.066051 235.133377
37.779520 233.790500 37.545284 235.069748
40.179400 233.727500 39.957920 235.002441
42.552300 233.662400 42.366119 234.917252
44.907840 233.595600 44.743858 234.838882
47.226940 233.520600 47.087475 234.751266
49.522840 233.434600 49.409012 234.663071
51.803140 233.370200 51.691109 234.577133
54.049950 233.306500 53.939392 234.494766
56.280590 233.226500 56.193798 234.405502
58.445580 233.147900 58.374290 234.316071
60.619970 233.086700 60.547081 234.243469
62.750480 233.037500 62.689156 234.187424
64.846290 232.998000 64.797318 234.137680
66.907940 232.934300 66.866631 234.066757
68.927460 232.866900 68.879135 233.988037
70.887740 232.814900 70.833672 233.925217
72.825750 232.758300 72.760544 233.857803
74.737930 232.699000 74.672470 233.802032
76.618370 232.622200 76.575432 233.729553
78.487810 232.513200 78.455681 233.625168
80.415420 232.376500 80.399307 233.497498
82.423060 232.187700 82.410233 233.306046
84.524370 231.969700 84.538025 233.095154
86.709120 231.699600 86.734467 232.819733
89.024130 231.380400 89.066315 232.500870
91.467840 231.021200 91.490265 232.125458
94.024580 230.649200 94.057068 231.759109
96.704300 230.258000 96.765976 231.360138
99.500260 229.890100 99.586075 230.999573
102.390800 229.569300 102.462219 230.658859
105.358500 229.285100 105.432236 230.382416
108.344900 229.013100 108.425102 230.108246
111.363200 228.734900 111.435822 229.836151
114.373200 228.477600 114.448357 229.581863
117.360000 228.229400 117.459290 229.341980
120.339400 228.001300 120.445854 229.117310
123.309400 227.796900 123.400047 228.917786
126.241200 227.623100 126.345139 228.748917
129.151600 227.477500 129.261383 228.609894
132.012600 227.318900 132.112991 228.431915
134.854400 227.154700 134.968811 228.263016
137.658300 226.984100 137.780823 228.088959
140.441600 226.780700 140.580170 227.877197
143.209300 226.535400 143.354919 227.627319
145.977400 226.238300 146.127472 227.318756
148.746000 225.862600 148.912323 226.933258
151.518600 225.402500 151.697983 226.478973
154.265800 224.858900 154.481888 225.927429
157.017900 224.208100 157.242325 225.279251
159.770300 223.494500 160.018555 224.568375
162.519400 222.782200 162.795715 223.839996
165.292700 222.111000 165.602646 223.166000
168.051700 221.507000 168.375366 222.561737
170.813300 220.973200 171.163422 222.022491
173.565300 220.491000 173.918777 221.551208
176.245800 220.043100 176.618912 221.106155
178.818800 219.633700 179.212936 220.679123
181.257200 219.251600 181.664703 220.285080
183.679400 218.884000 184.094696 219.881134
186.086900 218.497600 186.574127 219.477768
188.454700 218.100200 188.955551 219.063004
190.804000 217.716300 191.300842 218.669144
193.140800 217.373500 193.632950 218.321411
195.432100 217.054600 195.948303 218.007431
197.727600 216.759200 198.237991 217.699188
199.972100 216.485600 200.487717 217.416733
202.098700 216.237900 202.630493 217.164169
204.042400 215.996300 204.587997 216.923157
205.749800 215.775100 206.309769 216.705597
207.241200 215.583400 207.810425 216.534195
208.613300 215.379500 209.189606 216.345734
209.946100 215.165400 210.498367 216.149811
211.132200 214.943200 211.705322 215.945435
212.136600 214.744800 212.710846 215.760376
213.062500 214.534600 213.645721 215.576904
213.959300 214.314400 214.553116 215.383484
214.824000 214.088800 215.433640 215.180603
215.687900 213.834700 216.314697 214.936493
216.575000 213.526600 217.227982 214.640228
217.490900 213.157600 218.180374 214.275787
218.457300 212.700900 219.168152 213.817261
219.480700 212.125200 220.223038 213.241302
220.511700 211.370900 221.305634 212.473114
221.550800 210.459100 222.361389 211.538666
222.555600 209.363300 223.350464 210.429169
223.474400 208.082600 224.277802 209.135010
224.312800 206.641100 225.143143 207.660477
225.044800 205.038200 225.909286 205.988464
225.610700 203.260200 226.480576 204.144409
225.969900 201.350200 226.880554 202.208069
226.110100 199.367200 227.026474 200.160675
226.043000 197.305000 226.948456 198.068466
225.807700 195.159800 226.704819 195.897049
225.430000 192.956900 226.342468 193.698685
224.916600 190.707600 225.823578 191.448074
224.270500 188.432400 225.170105 189.117172
223.514900 186.121900 224.413437 186.790405
222.660400 183.771100 223.553711 184.418167
221.783100 181.391000 222.687073 182.031204
220.891900 178.998600 221.792282 179.633270
220.021400 176.587400 220.939423 177.218597
219.223500 174.200300 220.133011 174.801361
218.482200 171.834800 219.406937 172.427063
217.818500 169.568700 218.738739 170.148087
217.216600 167.458800 218.143951 168.043961
216.650700 165.491600 217.576752 166.087982
216.110800 163.682800 217.037994 164.271545
215.577800 162.017400 216.504013 162.564789
214.999400 160.430000 215.913940 160.977463
214.344800 158.975700 215.240875 159.524078
213.573800 157.662600 214.490967 158.221405
212.660500 156.532700 213.573761 157.073029
211.582500 155.560200 212.526001 156.116043
210.426600 154.805400 211.373672 155.366562
209.163000 154.246200 210.082718 154.783813
207.764200 153.857100 208.685959 154.413193
206.280800 153.652300 207.215790 154.211243
204.678000 153.573200 205.604843 154.143204
202.976300 153.576200 203.903397 154.140335
201.140400 153.649700 202.057983 154.229919
199.175800 153.795100 200.057587 154.385147
197.094000 154.001100 197.957001 154.604492
194.884400 154.205500 195.741714 154.820206
192.560300 154.427500 193.401093 155.045654
190.124200 154.677200 190.945999 155.302811
187.577500 154.946500 188.371353 155.581543
184.929000 155.250800 185.705933 155.887619
182.198300 155.594600 182.955414 156.235260
179.402300 155.944800 180.148956 156.597382
176.570000 156.287200 177.300995 156.952667
173.734500 156.623600 174.448975 157.302475
170.901000 156.954000 171.578293 157.654144
168.081500 157.295300 168.747345 158.013031
165.284900 157.640900 165.932571 158.371033
162.507400 157.987500 163.150803 158.722992
159.747400 158.333400 160.375412 159.075027
156.984600 158.680600 157.597900 159.433426
154.216200 159.032100 154.804718 159.795013
151.439500 159.399800 152.020508 160.166748
148.640500 159.792600 149.210907 160.562927
145.813800 160.206400 146.369949 160.981079
142.963600 160.610300 143.510574 161.390244
140.057000 160.997100 140.591171 161.782135
137.092200 161.347900 137.611435 162.133224
134.059200 161.649400 134.575562 162.428741
130.993600 161.935400 131.468872 162.711136
127.858900 162.233700 128.314178 163.011124
124.683800 162.520100 125.103531 163.310226
121.492100 162.798700 121.894821 163.589157
118.297400 163.082000 118.659409 163.886093
115.103400 163.377800 115.445236 164.182648
111.913100 163.672600 112.216637 164.486008
108.723500 163.966800 108.993019 164.787628
105.531500 164.253700 105.773590 165.080673
102.343500 164.537500 102.591057 165.365036
99.161640 164.825900 99.381477 165.656067
95.959550 165.164700 96.160080 165.994858
92.746890 165.547500 92.965034 166.377609
89.526460 165.956000 89.727745 166.789612
86.297890 166.381500 86.473969 167.229721
83.033610 166.817100 83.199371 167.669128
79.736970 167.238800 79.875885 168.095810
76.427180 167.629500 76.538223 168.490799
73.050320 167.986400 73.151764 168.857376
69.640860 168.315400 69.719528 169.196198
66.194370 168.637100 66.243797 169.527573
62.710330 168.931500 62.738556 169.833908
59.214430 169.199600 59.231476 170.111221
55.734640 169.446800 55.721603 170.374588
52.271980 169.681900 52.241276 170.624451
48.833520 169.903400 48.809479 170.833267
45.431860 170.116400 45.398277 171.047241
42.051610 170.315300 42.016567 171.248459
38.742450 170.482700 38.701416 171.410187
35.535340 170.629700 35.477806 171.570160
32.460880 170.758300 32.382969 171.711533
29.526980 170.862700 29.422485 171.831436
26.736320 170.955000 26.596022 171.926971
24.096640 171.032400 23.936081 172.008041
21.599520 171.132300 21.418020 172.108795
19.316590 171.344600 19.010042 172.265396
17.201760 171.658400 16.702236 172.503860
15.089840 171.971500 14.496176 172.819290
12.980420 172.284000 12.404516 173.173859
10.872410 172.596000 10.407763 173.546188
8.838192 172.907600 8.539116 173.870407
7.132350 173.177000 6.821991 174.136520
5.611287 173.387400 5.288200 174.351913
4.309371 173.544500 3.984459 174.512939
3.237420 173.651900 2.893730 174.630569
2.375838 173.729600 2.027647 174.707443
1.679549 173.799100 1.303778 174.793671
1.056923 173.859600 0.680405 174.839966
0.465217 173.909300 0.094360 174.878952
-0.128030 173.962400 -0.513417 174.919922
-0.720230 174.003300 -1.099707 174.971573
-1.330594 174.023800 -1.719151 174.992416
-2.080426 174.055200 -2.475292 175.025757
-2.997577 174.094600 -3.385680 175.056946
-4.098643 174.120700 -4.493924 175.083481
-5.416520 174.168000 -5.835657 175.135529
-6.936037 174.228300 -7.367485 175.203476
-8.609358 174.340400 -9.046955 175.325058
-10.463980 174.413000 -10.896226 175.403503
-12.494230 174.495000 -12.918652 175.490280
-14.662590 174.544200 -15.095069 175.548431
-17.028510 174.612700 -17.467447 175.614471
-19.515490 174.656900 -19.958454 175.662964
-22.153150 174.694500 -22.614532 175.718185
-24.891700 174.736800 -25.379076 175.784531
-27.728470 174.787700 -28.226690 175.848190
-30.668830 174.869400 -31.185694 175.939590
-33.671140 174.970100 -34.218994 176.043350
-36.734690 175.074800 -37.296673 176.154022
-39.843610 175.165700 -40.436653 176.247711
-43.001160 175.252500 -43.578522 176.329788
-46.184910 175.351700 -46.765163 176.418488
-49.374400 175.443100 -49.954964 176.508530
-52.557440 175.526000 -53.151184 176.576126
-55.757590 175.616000 -56.371464 176.668854
-58.925860 175.702900 -59.549984 176.749390
-62.130070 175.804700 -62.762405 176.847565
-65.328080 175.907300 -65.962120 176.941315
-68.537660 176.003100 -69.187866 177.029922
-71.749230 176.080900 -72.405693 177.095581
-74.976500 176.145900 -75.639938 177.162491
-78.208790 176.218000 -78.883316 177.226364
-81.447070 176.257900 -82.124359 177.259918
-84.692180 176.290600 -85.364670 177.282715
-87.936790 176.288700 -88.618698 177.287247
-91.211290 176.258400 -91.924065 177.261414
-94.484440 176.204800 -95.205048 177.214615
-97.757000 176.121600 -98.512367 177.149643
-101.045200 176.004400 -101.822556 177.048141
-104.339000 175.862100 -105.144127 176.943146
-107.640300 175.694600 -108.461220 176.796417
-110.948600 175.520500 -111.766869 176.643539
-114.267700 175.326000 -115.116203 176.453094
-117.598500 175.123100 -118.486221 176.269562
-120.942600 174.923200 -121.876625 176.066666
-124.293900 174.718800 -125.262222 175.866135
-127.663000 174.505900 -128.683838 175.655899
-131.048900 174.295300 -132.086533 175.446777
-134.443100 174.072500 -135.488342 175.216751
-137.847200 173.848200 -138.930527 175.007935
-141.262000 173.635000 -142.380997 174.799362
-144.675300 173.415500 -145.831696 174.580978
-148.093400 173.189000 -149.283783 174.362396
-151.506600 172.967300 -152.709366 174.154083
-154.901800 172.728300 -156.133652 173.924011
-158.292900 172.494700 -159.531067 173.695557
-161.632200 172.250400 -162.872910 173.476089
-164.974900 172.022600 -166.225784 173.261810
-168.236000 171.803200 -169.512939 173.057388
-171.502400 171.597000 -172.770584 172.869141
-174.668300 171.359900 -175.940033 172.632874
-177.746400 171.132500 -179.044983 172.417557
-180.803200 170.903300 -182.105576 172.195801
-183.778700 170.687800 -185.116272 171.996750
-186.701500 170.475800 -188.036346 171.789291
-189.566000 170.268000 -190.906631 171.594879
-192.391300 170.070600 -193.724915 171.403214
-195.149900 169.858100 -196.498779 171.198502
-197.876000 169.626400 -199.243973 170.976425
-200.552400 169.372500 -201.925354 170.716354
-203.199000 169.063700 -204.571136 170.406036
-205.787000 168.703000 -207.182159 170.047638
-208.326100 168.290400 -209.743439 169.631348
-210.824000 167.881700 -212.307114 169.225388
-213.258300 167.488200 -214.722244 168.863998
-215.584000 167.155500 -217.094086 168.541962
-217.825600 166.951000 -219.346085 168.343018
-219.976700 166.840100 -221.510315 168.241776
-222.030600 166.826400 -223.593277 168.228638
-223.989000 166.912900 -225.576508 168.314026
-225.824600 167.087900 -227.442078 168.494232
-227.550100 167.325800 -229.168427 168.723328
-229.178200 167.608800 -230.812683 169.006134
-230.692700 167.920100 -232.326141 169.294586
-232.121600 168.192100 -233.744003 169.552063
-233.453600 168.409000 -235.067139 169.766983
-234.669500 168.528300 -236.290939 169.894897
-235.786800 168.548000 -237.383377 169.914520
-236.809500 168.431800 -238.438522 169.802414
-237.749100 168.202200 -239.223740 169.529175
-238.622500 167.871000 -240.095184 169.212402
-239.423500 167.439100 -240.814407 168.833420
-240.167900 166.948100 -241.586136 168.366257
-240.836500 166.406300 -242.260681 167.856430
-241.484000 165.802100 -242.950104 167.264252
-242.133500 165.204600 -243.547043 166.669235
-242.760700 164.564800 -244.192139 166.030045
-243.373200 163.846400 -244.825378 165.326340
-243.956600 163.041100 -245.440598 164.527405
-244.490700 162.132200 -245.966415 163.654419
-244.987900 161.116800 -246.471451 162.644531
-245.418700 159.925400 -246.927139 161.448944
-245.815100 158.551700 -247.329865 160.085022
-246.200000 156.991700 -247.718674 158.532318
-246.613900 155.230000 -248.134903 156.763977
-246.967700 153.214300 -248.493668 154.736710
-247.267000 150.943600 -248.783478 152.476624
-247.521500 148.451900 -249.055954 149.933121
-247.763400 145.749400 -249.308151 147.214966
-248.018000 142.841100 -249.567261 144.297974
-248.277200 139.720500 -249.823364 141.164612
-248.523100 136.389500 -250.077377 137.817505
-248.773200 132.870500 -250.323471 134.267120
-249.015800 129.335700 -250.579041 130.733292
-249.218400 125.814900 -250.779861 127.184692
-249.397800 122.286300 -250.966034 123.659981
-249.565200 118.755000 -251.123550 120.127220
-249.697400 115.238200 -251.261490 116.590157
-249.820200 111.741900 -251.403152 113.064529
-249.943300 108.268400 -251.521133 109.575111
-250.044800 104.815000 -251.626373 106.134476
-250.125300 101.386800 -251.704590 102.701859
-250.189300 97.986010 -251.777557 99.315269
-250.244000 94.598780 -251.832184 95.912651
-250.305600 91.259170 -251.887604 92.537415
-250.400100 87.936680 -251.997971 89.237915
-250.549700 84.645240 -252.131287 85.894730
-250.690200 81.356670 -252.274536 82.568954
-250.847000 78.103800 -252.436356 79.303986
-251.020300 74.824490 -252.614822 76.008415
-251.181200 71.549630 -252.765594 72.712837
-251.353200 68.299410 -252.953979 69.466873
-251.504400 65.068130 -253.088577 66.242661
-251.635100 61.852520 -253.219391 63.013252
-251.747700 58.661860 -253.338394 59.801857
-251.845300 55.489840 -253.432083 56.625690
-251.935900 52.343660 -253.521942 53.479614
-252.030900 49.220080 -253.616226 50.344360
-252.144000 46.116710 -253.733582 47.246891
-252.285100 43.039160 -253.884140 44.175720
-252.447800 39.988030 -254.038574 41.124031
-252.625400 36.956390 -254.212357 38.120853
-252.810700 33.954820 -254.399017 35.120880
-252.984400 30.978070 -254.566925 32.162903
-253.097600 28.028950 -254.662247 29.218824
-253.116300 25.101150 -254.684189 26.292278
-253.041100 22.203360 -254.612289 23.412266
-252.848100 19.324220 -254.415298 20.532131
-252.488000 16.480910 -254.063034 17.723476
-251.943700 13.650460 -253.532349 14.902859
-251.206200 10.846250 -252.801926 12.103699
-250.269300 8.064427 -251.902603 9.347656
-249.119400 5.314832 -250.747559 6.579430
-247.746000 2.616861 -249.410156 3.902031
-246.166100 -0.017969 -247.870300 1.295090
-244.406300 -2.619939 -246.126190 -1.301315
-242.507000 -5.201607 -244.219208 -3.909279
-240.543700 -7.805212 -242.235138 -6.544342
-238.527600 -10.441420 -240.204926 -9.213554
-236.482900 -13.102670 -238.156174 -11.893661
-234.463000 -15.778320 -236.111420 -14.604347
-232.508700 -18.481870 -234.131195 -17.346962
-230.631700 -21.211600 -232.238937 -20.099564
-228.850200 -23.973140 -230.438156 -22.889786
-227.120500 -26.731510 -228.686417 -25.676659
-225.420200 -29.466820 -226.976746 -28.422173
-223.756600 -32.175260 -225.299072 -31.169991
-222.113500 -34.852880 -223.650696 -33.851250
-220.503000 -37.487790 -222.030533 -36.506348
-218.945600 -40.020000 -220.460999 -39.050003
-217.473700 -42.350380 -218.984985 -41.371994
-216.081800 -44.449900 -217.591827 -43.477066
-214.778200 -46.310220 -216.282974 -45.333977
-213.569900 -47.963370 -215.084717 -46.986534
-212.469800 -49.406600 -213.975601 -48.443939
-211.402700 -50.703570 -212.911591 -49.759483
-210.350300 -51.866650 -211.865967 -50.925026
-209.329000 -52.882180 -210.873322 -51.930763
-208.342100 -53.712810 -209.902084 -52.764320
-207.433900 -54.314810 -208.992004 -53.374527
-206.639200 -54.750770 -208.225266 -53.816040
-205.846700 -55.112410 -207.431747 -54.190933
-205.046500 -55.376850 -206.667328 -54.434174
-204.238300 -55.572130 -205.879028 -54.639442
-203.340400 -55.720010 -204.998154 -54.788471
-202.343700 -55.812630 -203.998581 -54.888084
-201.230000 -55.831900 -202.868210 -54.919083
-199.966900 -55.727910 -201.639481 -54.819485
-198.511800 -55.515700 -200.186691 -54.618832
-196.896300 -55.177990 -198.562820 -54.308640
-195.101200 -54.675310 -196.754181 -53.815273
-193.144500 -53.980020 -194.766449 -53.128731
-191.089500 -53.059560 -192.722198 -52.215202
-188.959500 -51.870660 -190.563950 -51.029953
-186.748300 -50.457590 -188.313538 -49.620155
-184.446800 -48.882240 -185.982208 -48.044392
-181.997000 -47.211720 -183.519943 -46.396591
-179.497700 -45.532110 -180.940704 -44.688190
-176.845100 -43.764640 -178.231842 -42.895073
-174.079200 -41.951340 -175.434601 -41.080845
-171.182700 -40.094050 -172.505707 -39.219601
-168.181500 -38.252180 -169.462738 -37.381271
-165.080700 -36.437440 -166.302948 -35.558281
-161.936900 -34.664440 -163.102509 -33.751972
-158.730900 -32.961050 -159.867599 -32.059704
-155.498500 -31.326070 -156.587784 -30.416008
-152.284900 -29.754520 -153.330719 -28.840691
-149.069300 -28.182760 -150.082642 -27.274418
-145.857700 -26.612150 -146.827332 -25.711208
-142.641000 -25.057000 -143.589386 -24.172741
-139.402500 -23.486330 -140.284760 -22.605457
-136.173000 -21.934650 -137.055588 -21.072273
-132.945300 -20.377060 -133.803406 -19.530743
-129.754900 -18.849320 -130.580551 -18.010101
-126.594800 -17.311780 -127.401520 -16.477211
-123.481600 -15.777190 -124.270370 -14.939075
-120.382000 -14.275260 -121.138908 -13.429394
-117.290900 -12.878730 -118.019211 -12.042450
-114.140500 -11.587510 -114.826927 -10.741669
-110.985900 -10.399830 -111.646927 -9.553917
-107.823700 -9.243398 -108.451988 -8.406427
-104.639900 -8.124757 -105.271149 -7.302324
-101.445300 -7.020636 -102.057625 -6.193941
-98.266820 -5.927679 -98.866814 -5.116968
-95.057020 -4.924307 -95.643105 -4.128546
-91.816180 -3.988153 -92.377007 -3.207708
-88.560330 -3.139167 -89.085091 -2.359522
-85.275670 -2.357662 -85.729202 -1.575790
-81.984180 -1.642797 -82.376160 -0.860412
-78.695610 -0.956720 -79.033875 -0.177917
-75.422800 -0.300680 -75.721573 0.474249
-72.166360 0.319994 -72.424866 1.072555
-68.928530 0.923302 -69.178162 1.666935
-65.700550 1.500442 -65.961952 2.226262
-62.489590 2.047975 -62.741531 2.759981
-59.295260 2.577472 -59.551575 3.261442
-56.128970 3.091711 -56.379677 3.765431
-52.988540 3.575444 -53.234180 4.238008
-49.868360 4.040344 -50.101414 4.677768
-46.776300 4.464286 -46.987095 5.097338
-43.712180 4.856902 -43.925194 5.475290
-40.666360 5.223322 -40.867573 5.826118
-37.689290 5.564962 -37.891850 6.154699
-34.786240 5.888495 -34.978565 6.472711
-31.996720 6.190015 -32.152802 6.767812
-29.296910 6.465571 -29.430029 7.041492
-26.720990 6.720779 -26.828447 7.284252
-24.320240 6.954131 -24.419222 7.520642
-22.089310 7.159574 -22.176889 7.715892
-20.016680 7.362635 -20.083702 7.914065
-18.106820 7.551445 -18.163797 8.097896
-16.337750 7.702083 -16.377819 8.245241
-14.726050 7.819683 -14.744081 8.369022
-13.313500 7.930153 -13.327717 8.478625
-12.128270 8.022018 -12.129786 8.564748
-11.139240 8.100664 -11.104890 8.633760
-10.287410 8.195045 -10.268826 8.731728
-9.518219 8.309922 -9.504449 8.858334
-8.789252 8.478175 -8.762088 9.024667
-8.149181 8.669320 -8.141815 9.204454
-7.829442 8.769976 -7.822043 9.295383
-7.799252 8.787461 -7.794527 9.307856
-7.813018 8.786625 -7.800958 9.305703
-7.809395 8.788143 -7.797984 9.308655
-7.809451 8.779000 -7.801281 9.306705
-7.809131 8.771007 -7.803016 9.305396
-7.804822 8.762953 -7.803612 9.309690
-7.800766 8.755551 -7.799736 9.306859
-7.795082 8.750163 -7.802979 9.307097
-7.789514 8.745234 -7.804782 9.308590
-7.784930 8.740517 -7.808383 9.316949
-7.780166 8.734843 -7.803944 9.305521
-7.775784 8.730871 -7.805460 9.305638
-7.771600 8.726560 -7.798457 9.305920
-7.768634 8.723581 -7.801857 9.307234
-7.766879 8.721761 -7.804570 9.305090
-7.765762 8.717584 -7.803996 9.308264
-7.763983 8.714586 -7.803009 9.306749
-7.763294 8.713489 -7.802765 9.305853
-7.762963 8.712553 -7.804432 9.310680
-7.763086 8.713488 -7.808430 9.304561
-7.762455 8.714167 -7.800344 9.305299
-7.753295 8.722145 -7.798985 9.322541
-7.717107 8.742340 -7.758777 9.335758
-7.658875 8.770779 -7.685259 9.326785
-7.513039 8.836058 -7.540899 9.392266
-7.175297 8.982757 -7.207619 9.535822
-6.640897 9.236569 -6.695597 9.766558
-5.930743 9.644152 -5.982241 10.147706
-5.120740 10.257790 -5.193397 10.717900
-4.260731 11.080700 -4.347142 11.505532
-3.414512 12.135620 -3.511612 12.513100
-2.599066 13.467900 -2.686093 13.806487
-1.884998 15.083310 -1.959305 15.408709
-1.260100 16.974890 -1.332525 17.273224
-0.766019 19.117060 -0.832654 19.417709
-0.469374 21.489410 -0.544711 21.754347
-0.353107 24.066230 -0.427639 24.315100
-0.356192 26.850340 -0.430345 27.110596
-0.405744 29.836580 -0.470904 30.132246
-0.459357 33.017600 -0.523826 33.340042
-0.512628 36.392400 -0.569869 36.745724
-0.584304 39.835620 -0.639622 40.237400
-0.669138 43.283040 -0.731733 43.713425
-0.775721 46.706780 -0.828883 47.194317
-0.884520 50.132480 -0.944212 50.662579
-0.993630 53.521590 -1.067335 54.062042
-1.089707 56.883700 -1.174002 57.459446
-1.185006 60.248880 -1.284640 60.864555
-1.270319 63.565850 -1.391422 64.222305
-1.374798 66.868940 -1.520435 67.547935
-1.472152 70.155470 -1.636392 70.877335
-1.562229 73.416080 -1.730276 74.150658
-1.660434 76.636610 -1.848068 77.400169
-1.775229 79.852040 -1.967377 80.630501
-1.895797 83.032260 -2.102308 83.828857
-2.017852 86.185380 -2.226935 87.019897
-2.146481 89.329260 -2.369718 90.183800
-2.263400 92.442530 -2.485179 93.306801
-2.372203 95.538220 -2.603497 96.430763
-2.465941 98.605540 -2.694725 99.526360
-2.540211 101.651500 -2.770774 102.585938
-2.582148 104.696700 -2.815317 105.645416
-2.595436 107.674300 -2.824566 108.640862
-2.621977 110.691900 -2.862839 111.640869
-2.648827 113.786700 -2.906314 114.726357
-2.681214 116.967200 -2.937976 117.872307
-2.721440 120.204500 -2.972397 121.086151
-2.774777 123.506700 -3.028693 124.390327
-2.842109 126.902400 -3.110079 127.775208
-2.924595 130.351000 -3.204150 131.210190
-3.024507 133.819600 -3.312633 134.687698
-3.138966 137.262500 -3.435122 138.091553
-3.265946 140.693500 -3.569930 141.516174
-3.389718 144.095500 -3.697220 144.888000
-3.526115 147.467500 -3.826171 148.286667
-3.671472 150.775300 -3.974986 151.596481
-3.794318 154.003900 -4.101582 154.840134
-3.904131 157.172200 -4.224509 158.010178
-3.996788 160.276500 -4.327329 161.158875
-4.071651 163.334000 -4.405327 164.267258
-4.122556 166.368900 -4.471887 167.313644
-4.194278 169.380900 -4.568688 170.364502
-4.264263 172.440400 -4.644942 173.439209
-4.319751 175.547300 -4.734443 176.530624
-4.393173 178.705600 -4.821381 179.703842
-4.501446 181.892900 -4.925788 182.949615
-4.607667 185.156000 -5.060321 186.250092
-4.701222 188.477800 -5.168612 189.639511
-4.806531 191.849500 -5.288167 193.061340
-4.887285 195.207400 -5.381833 196.453186
-4.976513 198.565600 -5.491709 199.831741
-5.057617 201.890800 -5.590579 203.180557
-5.132018 205.179500 -5.685509 206.486374
-5.210165 208.394000 -5.775799 209.699219
-5.281372 211.451500 -5.843487 212.757950
-5.354878 214.365600 -5.918644 215.669952
-5.416052 217.205700 -5.968594 218.507629
-5.469074 220.014000 -6.022502 221.327881
-5.505322 222.798100 -6.041038 224.132126
-5.545023 225.571400 -6.066240 226.923096
-5.563610 228.337300 -6.065593 229.705994
-5.598680 231.130300 -6.102975 232.476395
-5.715519 233.992700 -6.221394 235.337830
-5.886862 236.912900 -6.377963 238.260300
-6.076718 239.911700 -6.573383 241.267609
-6.214931 243.011500 -6.712459 244.370514
-6.364206 246.210000 -6.859879 247.577988
-6.521044 249.542600 -6.995245 250.915695
-6.657659 252.972000 -7.132829 254.346893
-6.794881 256.491900 -7.274986 257.868500
-6.924264 260.026600 -7.411858 261.414551
-7.052122 263.522600 -7.544459 264.927765
-7.164917 266.998200 -7.664873 268.388336
-7.284815 270.457200 -7.794899 271.826904
-7.417194 273.852800 -7.924589 275.179657
-7.523524 277.174400 -8.039108 278.493469
-7.651625 280.358300 -8.165198 281.685181
-7.782923 283.414900 -8.300530 284.766632
-7.918403 286.315200 -8.451067 287.686371
-8.055697 289.119300 -8.591320 290.525452
-8.185460 291.911300 -8.729738 293.348297
-8.314789 294.668400 -8.863865 296.140900
-8.425515 297.433700 -8.978662 298.915009
-8.486769 300.239900 -9.056350 301.714050
-8.528132 303.087600 -9.107971 304.570374
-8.538802 306.012500 -9.133003 307.493896
-8.512542 309.030900 -9.116915 310.521362
-8.446156 312.111900 -9.059333 313.616852
-8.351900 315.297900 -8.985165 316.796814
-8.211642 318.520500 -8.849255 320.056763
-8.031870 321.816300 -8.667818 323.361725
-7.798255 325.179400 -8.436676 326.734741
-7.513710 328.583000 -8.172789 330.124725
-7.227060 332.070400 -7.897102 333.617737
-6.930360 335.644600 -7.619282 337.162170
-6.634241 339.252200 -7.344244 340.744690
-6.353320 342.849100 -7.068306 344.322784
-6.099343 346.409700 -6.825106 347.872650
-5.858059 349.945000 -6.587646 351.396851
-5.647279 353.444000 -6.372498 354.890228
-5.439992 356.885000 -6.160126 358.331543
-5.251048 360.315600 -5.985870 361.754547
-5.098453 363.671600 -5.843533 365.101929
-4.951017 366.989800 -5.691799 368.411499
-4.804541 370.256900 -5.549723 371.677948
