0.000000 0.000000 0.000000 0.000000
-0.041803 3.575628 -0.059481 3.624191
-0.083626 7.152769 -0.043885 7.232130
-0.125431 10.728320 -0.049528 10.836191
-0.167141 14.303480 -0.056375 14.440046
-0.208176 17.881040 -0.074712 18.022030
-0.253156 21.464680 -0.108059 21.618902
-0.307115 25.046840 -0.140455 25.173569
-0.367798 28.637120 -0.165642 28.709381
-0.435716 32.231930 -0.194939 32.258392
-0.509819 35.812560 -0.226890 35.835632
-0.590462 39.405490 -0.287533 39.451385
-0.675668 42.995920 -0.337483 43.049141
-0.761728 46.596120 -0.378448 46.662632
-0.822002 50.203480 -0.389406 50.288963
-0.875378 53.811250 -0.403925 53.893265
-0.933231 57.427770 -0.420477 57.514919
-1.006715 61.042090 -0.454731 61.122143
-1.078473 64.647550 -0.474177 64.739418
-1.157680 68.241070 -0.516327 68.333076
-1.243226 71.816000 -0.552564 71.917931
-1.310252 75.365540 -0.567284 75.487297
-1.337950 78.894600 -0.554293 79.029129
-1.335651 82.399130 -0.510846 82.548416
-1.292993 85.876960 -0.422969 86.034241
-1.216671 89.333360 -0.302935 89.491188
-1.101750 92.791290 -0.141998 92.989883
-0.953966 96.255380 0.041883 96.470833
-0.782045 99.739680 0.252849 99.970093
-0.607718 103.278800 0.466304 103.538757
-0.448327 106.867200 0.649500 107.139038
-0.329075 110.491600 0.811750 110.786301
-0.253779 114.142500 0.925452 114.442963
-0.232571 117.811600 0.975417 118.114456
-0.256232 121.501300 0.991549 121.834953
-0.297015 125.224100 0.991829 125.586472
-0.353204 128.969900 0.992275 129.359528
-0.397623 132.733500 0.993428 133.148590
-0.443887 136.522600 0.994459 136.972885
-0.490815 140.330600 0.992474 140.822037
-0.550146 144.153000 0.989920 144.666565
-0.601569 147.961100 0.994567 148.476746
-0.649286 151.756200 1.003160 152.317596
-0.703475 155.553300 1.008399 156.108566
-0.758140 159.342200 1.014218 159.908646
-0.821014 163.126200 1.007173 163.706177
-0.891591 166.914300 0.997204 167.508347
-0.968255 170.704700 0.973868 171.311539
-1.053647 174.498300 0.933955 175.126801
-1.140940 178.289100 0.903303 178.891678
-1.220912 182.072200 0.857073 182.703903
-1.311919 185.843100 0.827361 186.445526
-1.400872 189.585600 0.790375 190.183807
-1.482347 193.303500 0.762925 193.940475
-1.543340 196.981600 0.755010 197.616852
-1.593225 200.619200 0.747665 201.283127
-1.629855 204.203300 0.763688 204.885208
-1.655974 207.709400 0.785122 208.415863
-1.680916 211.093700 0.803771 211.814682
-1.717659 214.345300 0.820035 215.086670
-1.758097 217.485400 0.828617 218.237534
-1.820190 220.495000 0.811588 221.259033
-1.900504 223.322800 0.773977 224.104050
-1.999321 225.946200 0.711627 226.750488
-2.113952 228.382000 0.631894 229.204514
-2.215172 230.657700 0.564168 231.487106
-2.309140 232.838300 0.503797 233.673065
-2.389577 234.991500 0.454755 235.834534
-2.458270 237.111600 0.413768 237.974228
-2.501543 239.199900 0.409634 240.067886
-2.528203 241.263900 0.414367 242.141434
-2.543393 243.355900 0.439027 244.235535
-2.546619 245.471500 0.470263 246.353928
-2.542056 247.635900 0.522923 248.523605
-2.540944 249.857300 0.567528 250.753677
-2.529475 252.145000 0.626367 253.050095
-2.522827 254.510700 0.680755 255.411728
-2.495854 256.929600 0.758230 257.847015
-2.426274 259.429500 0.880051 260.360962
-2.347909 261.939800 1.010146 262.901459
-2.249292 264.463100 1.156355 265.454315
-2.120601 266.988600 1.333233 268.017609
-1.972336 269.529300 1.523703 270.576263
-1.829452 272.089100 1.715052 273.158295
-1.700845 274.651100 1.898577 275.748627
-1.585579 277.203700 2.063053 278.317078
-1.489305 279.735400 2.205483 280.863251
-1.431895 282.203100 2.305737 283.335297
-1.411252 284.555300 2.372080 285.705383
-1.423417 286.744000 2.405004 287.893127
-1.477649 288.751100 2.383534 289.903473
-1.597157 290.628100 2.304920 291.783234
-1.834488 292.379000 2.098351 293.528717
-2.209538 293.998100 1.761749 295.134857
-2.739392 295.466700 1.269707 296.588470
-3.425572 296.782800 0.624016 297.892395
-4.268559 297.943900 -0.179062 299.024017
-5.270323 298.869400 -1.132370 299.964905
-6.404391 299.609200 -2.240540 300.676971
-7.620091 300.061900 -3.402298 301.126007
-8.849753 300.287300 -4.550964 301.368164
-10.136050 300.271200 -5.787101 301.393433
-11.487940 299.994100 -7.105499 301.147858
-12.859800 299.433800 -8.414185 300.601593
-14.212510 298.521900 -9.814301 299.750732
-15.569170 297.360100 -11.110718 298.622223
-16.903920 295.876600 -12.451874 297.164124
-18.123430 294.046700 -13.716705 295.356384
-19.213810 291.862500 -14.839752 293.204224
-20.129220 289.390500 -15.799057 290.731445
-20.811550 286.620800 -16.484116 288.003510
-21.226910 283.593100 -16.931274 284.989624
-21.383580 280.311200 -17.116697 281.738953
-21.289760 276.829500 -17.045620 278.233185
-21.001900 273.207500 -16.795433 274.549835
-20.665910 269.427900 -16.482601 270.727692
-20.345860 265.509700 -16.201517 266.762268
-20.070850 261.517300 -15.952543 262.744995
-19.855300 257.511300 -15.770552 258.709167
-19.703440 253.474600 -15.658957 254.649109
-19.613680 249.416200 -15.601948 250.576752
-19.551340 245.338200 -15.581323 246.491043
-19.513830 241.222400 -15.571676 242.362808
-19.480990 237.073200 -15.568377 238.206604
-19.430400 232.892800 -15.550068 234.002045
-19.355550 228.687700 -15.508808 229.763184
-19.288210 224.454100 -15.485606 225.540848
-19.214900 220.186300 -15.433971 221.246002
-19.140510 215.891500 -15.392196 216.936630
-19.053200 211.570300 -15.355342 212.600449
-18.960210 207.218600 -15.314846 208.241608
-18.864760 202.831800 -15.258878 203.830597
-18.780810 198.440400 -15.224486 199.423462
-18.697180 194.055600 -15.189456 195.020386
-18.628490 189.691500 -15.174335 190.648361
-18.576860 185.352500 -15.165627 186.288742
-18.533400 181.031600 -15.160802 181.964645
-18.510720 176.750700 -15.187015 177.642258
-18.518290 172.537500 -15.239106 173.398514
-18.551690 168.447100 -15.304029 169.244339
-18.605030 164.539000 -15.398231 165.316818
-18.662110 160.837100 -15.484026 161.578201
-18.717150 157.359800 -15.563097 158.044113
-18.762310 154.117300 -15.641662 154.797806
-18.804370 151.111100 -15.717894 151.771576
-18.837660 148.339300 -15.770779 148.975357
-18.862790 145.753800 -15.810411 146.364029
-18.886270 143.302400 -15.853541 143.930313
-18.908720 140.992900 -15.904898 141.592117
-18.926770 138.765400 -15.942617 139.344666
-18.954640 136.621400 -15.985357 137.167236
-18.979110 134.516900 -16.030781 135.039276
-19.003890 132.428600 -16.076454 132.926819
-19.011690 130.377400 -16.098026 130.846527
-19.029680 128.286700 -16.123962 128.737259
-19.040930 126.090400 -16.170708 126.517380
-19.033980 123.792800 -16.174326 124.214653
-19.007880 121.337200 -16.173187 121.723625
-18.962360 118.740400 -16.145638 119.118279
-18.881640 115.984300 -16.103430 116.362717
-18.762610 113.072100 -15.999842 113.434784
-18.592730 110.010400 -15.854755 110.343513
-18.389740 106.796500 -15.679419 107.106789
-18.187250 103.411100 -15.491811 103.685776
-17.972000 99.881710 -15.321563 100.129723
-17.753740 96.208550 -15.146216 96.438751
-17.543660 92.393230 -14.963994 92.611938
-17.350650 88.454130 -14.797998 88.652954
-17.188340 84.351710 -14.690065 84.558739
-17.048280 80.126460 -14.587019 80.337486
-16.938900 75.757520 -14.530190 75.968834
-16.844870 71.334520 -14.486922 71.541092
-16.779170 66.924620 -14.464160 67.142349
-16.723740 62.522540 -14.448054 62.712551
-16.677280 58.118530 -14.444593 58.299011
-16.622860 53.735190 -14.438369 53.914410
-16.554460 49.366830 -14.416630 49.540661
-16.478250 45.013820 -14.388200 45.166073
-16.401830 40.697890 -14.361949 40.850983
-16.332450 36.396840 -14.351660 36.542171
-16.264000 32.124710 -14.337256 32.249668
-16.212760 27.867600 -14.322745 27.984303
-16.153630 23.646100 -14.307461 23.746687
-16.100440 19.472550 -14.299075 19.542839
-16.057300 15.332990 -14.294060 15.397832
-15.999870 11.221520 -14.279215 11.293825
-15.957640 7.122797 -14.281784 7.190061
-15.925900 3.038918 -14.296979 3.081747
-15.871210 -1.063172 -14.277937 -1.031186
-15.823200 -5.192326 -14.277525 -5.178668
-15.773900 -9.357139 -14.262054 -9.348577
-15.722330 -13.547460 -14.258739 -13.554074
-15.675190 -17.764350 -14.255364 -17.761459
-15.629860 -22.003930 -14.262227 -21.990467
-15.590270 -26.267830 -14.264292 -26.284903
-15.536760 -30.547830 -14.260914 -30.572830
-15.493260 -34.819990 -14.245212 -34.875397
-15.444100 -39.082170 -14.231995 -39.142342
-15.392450 -43.322590 -14.226271 -43.383781
-15.337830 -47.537950 -14.203849 -47.580956
-15.276960 -51.748500 -14.171997 -51.794155
-15.217710 -55.949500 -14.141604 -56.003124
-15.170080 -60.150690 -14.134842 -60.216305
-15.128010 -64.350760 -14.130304 -64.444038
-15.091410 -68.538780 -14.136946 -68.639221
-15.064380 -72.708390 -14.133814 -72.812157
-15.030840 -76.856420 -14.137847 -76.978127
-14.979300 -80.953600 -14.130435 -81.069794
-14.924670 -85.034950 -14.108136 -85.153305
-14.873980 -89.070400 -14.100930 -89.175209
-14.824260 -93.076720 -14.091550 -93.178253
-14.787030 -97.045510 -14.093527 -97.158699
-14.758540 -100.983800 -14.099351 -101.116341
-14.739600 -104.892000 -14.130363 -105.018990
-14.728240 -108.762900 -14.150620 -108.903435
-14.724790 -112.605400 -14.183566 -112.735886
-14.717800 -116.411100 -14.219529 -116.541870
-14.709830 -120.173400 -14.249554 -120.323380
-14.700540 -123.867100 -14.277458 -124.042091
-14.698520 -127.485200 -14.320342 -127.655426
-14.712330 -131.008900 -14.362873 -131.191650
-14.733340 -134.417400 -14.420556 -134.613083
-14.752330 -137.654200 -14.467493 -137.875305
-14.773570 -140.676300 -14.516106 -140.920837
-14.808450 -143.452200 -14.585178 -143.761780
-14.818770 -145.963300 -14.626513 -146.297882
-14.688160 -148.224500 -14.516112 -148.553375
-14.364200 -150.225000 -14.224537 -150.524536
-13.833420 -151.950400 -13.730122 -152.204254
-13.082430 -153.424000 -13.018093 -153.605438
-12.093300 -154.666400 -12.091110 -154.784485
-10.901070 -155.630100 -10.983452 -155.701050
-9.567123 -156.277800 -9.754272 -156.339691
-8.174402 -156.635100 -8.404526 -156.636139
-6.734167 -156.651000 -7.030772 -156.693604
-5.261917 -156.393600 -5.646488 -156.483200
-3.838336 -155.807800 -4.300861 -155.920685
-2.480572 -154.890600 -2.944702 -155.041901
-1.268487 -153.640100 -1.909714 -153.882156
-0.226137 -152.060600 -0.831215 -152.310455
0.552355 -150.216600 -0.077435 -150.539703
1.048250 -148.112500 0.416782 -148.507080
1.348496 -145.760400 0.741568 -146.209839
1.463451 -143.197700 0.863887 -143.650864
1.471319 -140.450900 0.877917 -140.906464
1.499366 -137.518100 0.906697 -137.958527
1.504501 -134.421900 0.920226 -134.835953
1.498560 -131.160300 0.923266 -131.562668
1.470024 -127.744100 0.903542 -128.123749
1.436723 -124.185000 0.875785 -124.537674
1.413177 -120.491700 0.874762 -120.802612
1.405768 -116.657200 0.888295 -116.952194
1.385028 -112.695000 0.885988 -112.952118
1.330549 -108.592800 0.855145 -108.857506
1.259616 -104.367900 0.818680 -104.621307
1.170075 -100.007600 0.741409 -100.208488
1.089274 -95.515710 0.696469 -95.694824
1.009148 -90.982260 0.628840 -91.121567
0.939998 -86.466900 0.589197 -86.600960
0.883448 -81.949500 0.548869 -82.066315
0.838174 -77.439600 0.521092 -77.566757
0.800315 -72.936360 0.500568 -73.059334
0.745043 -68.462600 0.461363 -68.567184
0.694630 -64.005150 0.429272 -64.125603
0.637038 -59.575570 0.383573 -59.673878
0.557118 -55.160600 0.320280 -55.256012
0.456132 -50.778540 0.236070 -50.876644
0.362164 -46.417970 0.154182 -46.536446
0.280628 -42.079120 0.090528 -42.182552
0.202969 -37.762520 0.043674 -37.875278
0.132669 -33.463810 -0.003348 -33.558277
0.084829 -29.193990 -0.032010 -29.262941
0.052569 -24.947680 -0.050015 -24.999901
0.032329 -20.738440 -0.063231 -20.779736
0.025161 -16.550260 -0.050208 -16.567991
0.021588 -12.403820 -0.038921 -12.376745
-0.000537 -8.285137 -0.027629 -8.230285
-0.031141 -4.183286 -0.044115 -4.119181
-0.072897 -0.090700 -0.081539 -0.019148
-0.117565 3.988036 -0.087478 4.096547
-0.160177 8.059835 -0.108261 8.189837
-0.208154 12.123170 -0.132859 12.286407
-0.248220 16.180930 -0.137710 16.370459
-0.283357 20.233300 -0.158439 20.417416
-0.323376 24.273080 -0.182369 24.434717
-0.367457 28.293060 -0.193994 28.390963
-0.413998 32.282480 -0.198544 32.338238
-0.451537 36.243360 -0.188313 36.291412
-0.483912 40.173770 -0.191133 40.258102
-0.534623 44.076020 -0.203798 44.160667
-0.599992 47.961110 -0.215832 48.056709
-0.674006 51.810410 -0.230080 51.921295
-0.762477 55.629480 -0.288228 55.728493
-0.859787 59.434080 -0.337382 59.519047
-0.962179 63.207400 -0.382754 63.300182
-1.068654 66.953700 -0.450185 67.047539
-1.188155 70.668750 -0.519813 70.767677
-1.293464 74.341090 -0.579630 74.464478
-1.359396 77.886940 -0.596789 78.025414
-1.402951 81.267680 -0.600363 81.406433
-1.402636 84.557510 -0.562990 84.704361
-1.391329 87.836530 -0.512515 88.002380
-1.372397 91.075680 -0.446508 91.243149
-1.348852 94.282140 -0.391153 94.469124
-1.346362 97.452060 -0.345250 97.670700
-1.397412 100.636400 -0.356795 100.871696
-1.507808 103.868200 -0.416799 104.148415
-1.686244 107.147500 -0.567062 107.427948
-1.855701 110.482100 -0.694108 110.777489
-1.949092 113.881100 -0.750115 114.176796
-1.940135 117.341400 -0.694233 117.663132
-1.833080 120.865900 -0.549570 121.198456
-1.665951 124.465900 -0.337665 124.813789
-1.454190 128.142800 -0.051748 128.575073
-1.212752 131.910500 0.224446 132.363663
-0.998254 135.780800 0.496975 136.258682
-0.860070 139.749100 0.679956 140.244308
-0.808213 143.817500 0.792997 144.341003
-0.818199 147.962100 0.839211 148.516495
-0.863698 152.201700 0.858473 152.766174
-0.925229 156.508200 0.849821 157.101913
-1.007339 160.831700 0.816681 161.449738
-1.112662 165.144700 0.771085 165.749298
-1.225583 169.454500 0.707159 170.087357
-1.333194 173.746700 0.660777 174.393661
-1.427528 178.011200 0.606600 178.651901
-1.498241 182.250200 0.593128 182.909775
-1.559212 186.455600 0.606737 187.090881
-1.603074 190.634400 0.618954 191.263535
-1.633867 194.776400 0.658282 195.437881
-1.669867 198.889600 0.684149 199.569031
-1.705984 202.969800 0.703442 203.666763
-1.737778 207.012200 0.719828 207.741592
-1.768399 211.025100 0.746194 211.785156
-1.802728 214.966700 0.764350 215.750549
-1.842513 218.742600 0.767027 219.529175
-1.895168 222.285200 0.753208 223.092972
-1.971966 225.567200 0.709375 226.394150
-2.073778 228.574200 0.644128 229.421555
-2.174190 231.286800 0.582595 232.137497
-2.280068 233.718900 0.503201 234.576004
-2.372559 236.037200 0.439873 236.894058
-2.421540 238.338400 0.427588 239.221405
-2.457471 240.613800 0.430123 241.502411
-2.477940 242.858500 0.464159 243.757050
-2.487604 245.075200 0.499999 245.979736
-2.497272 247.315700 0.547213 248.213577
-2.506486 249.599100 0.592917 250.517578
-2.503453 251.921600 0.644836 252.840454
-2.498934 254.303700 0.693928 255.223434
-2.475778 256.706800 0.767328 257.647064
-2.418788 259.175900 0.864803 260.116882
-2.357178 261.687800 0.966167 262.667603
-2.278446 264.282700 1.086397 265.289948
-2.181048 266.960400 1.234588 268.015533
-2.072995 269.711700 1.375718 270.780365
-1.977183 272.515600 1.523794 273.614594
-1.903306 275.322000 1.655085 276.453094
-1.860171 278.121700 1.759632 279.269043
-1.834878 280.906700 1.838349 282.071777
-1.820378 283.662600 1.911712 284.838898
-1.821293 286.355900 1.968337 287.548553
-1.835812 288.890500 2.000698 290.084839
-1.843827 291.365700 2.036330 292.558441
-1.840209 293.812200 2.078640 294.983917
-1.823832 296.231700 2.156986 297.410828
-1.812035 298.624300 2.195032 299.750458
