0.000000 0.000000 0.000000 0.000000
0.054181 0.879235 0.039967 0.887190
0.069768 1.824326 0.057411 1.857443
0.003415 2.875512 -0.032602 2.892882
-0.123130 4.021896 -0.177333 4.016864
-0.355562 5.248722 -0.408065 5.238557
-0.622388 6.586939 -0.681840 6.578699
-0.941959 8.041587 -1.025272 8.034150
-1.317954 9.607606 -1.407032 9.589168
-1.746028 11.261490 -1.872784 11.272533
-2.247333 13.001260 -2.435638 13.037021
-2.819369 14.841550 -3.042716 14.889480
-3.471584 16.794890 -3.729769 16.830645
-4.206227 18.801040 -4.480575 18.831160
-5.002325 20.924250 -5.284176 20.947149
-5.895726 23.141170 -6.172719 23.115910
-6.893668 25.384920 -7.172664 25.356047
-7.982190 27.688730 -8.268325 27.662727
-9.164411 30.059710 -9.447559 29.998131
-10.444260 32.492060 -10.742980 32.438606
-11.824940 34.996970 -12.168737 34.949638
-13.288260 37.616200 -13.625759 37.521572
-14.807970 40.343090 -15.179464 40.194157
-16.405480 43.114560 -16.793524 42.942482
-18.046730 45.856950 -18.462271 45.670185
-19.822820 48.550680 -20.203257 48.343937
-21.675070 51.158150 -22.059278 50.988262
-23.560100 53.734170 -23.955235 53.583687
-25.494780 56.313420 -25.904530 56.178104
-27.482530 58.864650 -27.882660 58.726959
-29.541190 61.360910 -29.932705 61.253426
-31.678300 63.840490 -32.057705 63.757767
-33.902360 66.293940 -34.298721 66.233253
-36.250580 68.681990 -36.611977 68.677811
-38.692550 71.052560 -39.046665 71.080643
-41.192840 73.405700 -41.548740 73.451935
-43.783840 75.735640 -44.137535 75.831192
-46.432290 78.051270 -46.808701 78.186981
-49.152200 80.361270 -49.570389 80.521210
-51.940820 82.646680 -52.363289 82.820099
-54.848670 84.861880 -55.281464 85.036064
-57.859180 86.983730 -58.316864 87.186798
-60.964150 89.027210 -61.450481 89.245483
-64.171330 90.959490 -64.651619 91.165115
-67.486660 92.809380 -67.962837 93.017273
-70.858280 94.583360 -71.307556 94.790985
-74.262510 96.288110 -74.734077 96.510880
-77.676110 97.939670 -78.159119 98.172432
-81.063060 99.532950 -81.546463 99.762047
-84.370760 101.062700 -84.929695 101.327759
-87.620370 102.509100 -88.231888 102.825989
-90.786320 103.874400 -91.399452 104.253792
-93.870530 105.255700 -94.472549 105.685852
-96.881570 106.709600 -97.467163 107.147827
-99.805830 108.239800 -100.417923 108.687637
-102.636000 109.900200 -103.251617 110.324768
-105.378400 111.659200 -105.959518 112.059990
-107.976000 113.472300 -108.549858 113.879822
-110.447900 115.333000 -110.985954 115.756798
-112.784900 117.225600 -113.309799 117.659767
-115.015000 119.132700 -115.476669 119.610054
-117.123400 121.056800 -117.536255 121.577866
-119.078900 122.948300 -119.481705 123.536812
-120.895600 124.857100 -121.290695 125.493965
-122.564000 126.793900 -122.965149 127.478394
-124.115200 128.784700 -124.510132 129.518646
-125.556900 130.848800 -125.946663 131.605911
-126.900700 132.986400 -127.292328 133.765717
-128.166200 135.162700 -128.584351 135.994797
-129.390300 137.438800 -129.801514 138.291992
-130.624700 139.816800 -131.021484 140.681427
-131.850200 142.307900 -132.239853 143.197479
-133.053900 144.928800 -133.435577 145.861176
-134.221100 147.696700 -134.582535 148.634506
-135.286000 150.585100 -135.656494 151.544540
-136.188200 153.654800 -136.597092 154.653839
-136.902400 156.885700 -137.339569 157.906357
-137.414500 160.267800 -137.886063 161.338898
-137.716200 163.797200 -138.225357 164.919342
-137.811800 167.451700 -138.351410 168.625000
-137.693100 171.190300 -138.253204 172.439407
-137.342300 175.019300 -137.917252 176.339691
-136.764600 178.911300 -137.366470 180.326431
-135.961700 182.879700 -136.581451 184.374252
-134.921000 186.887900 -135.553085 188.458099
-133.676900 190.927900 -134.294220 192.586227
-132.176400 194.967500 -132.784164 196.711975
-130.412100 198.974000 -131.007355 200.807465
-128.325000 202.907800 -128.898438 204.822388
-125.879600 206.683600 -126.422684 208.663513
-123.115600 210.265500 -123.631653 212.312683
-120.072500 213.663000 -120.514801 215.800507
-116.797700 216.867700 -117.154732 219.083847
-113.326600 219.882100 -113.598663 222.177429
-109.741800 222.621900 -109.927261 224.985031
-106.071200 225.055100 -106.153160 227.499725
-102.330300 227.163100 -102.325104 229.660065
-98.549080 228.934800 -98.455444 231.465775
-94.765260 230.393600 -94.577072 232.948700
-91.040120 231.572900 -90.745934 234.153381
-87.356360 232.508500 -86.960159 235.108078
-83.712820 233.198800 -83.187668 235.830490
-80.131800 233.665300 -79.502350 236.320129
-76.597140 233.928600 -75.869904 236.597534
-73.221710 234.047000 -72.382347 236.722061
-69.951170 234.094200 -69.000427 236.778580
-66.744420 234.089700 -65.698509 236.797714
-63.631270 234.073000 -62.508904 236.802872
-60.588190 234.080900 -59.376419 236.817886
-57.589970 234.129900 -56.353767 236.877228
-54.631270 234.221300 -53.349213 236.975830
-51.691800 234.380800 -50.390629 237.156281
-48.789980 234.600500 -47.480171 237.369049
-45.914730 234.880700 -44.610062 237.673401
-43.056600 235.221400 -41.728073 238.010971
-40.226560 235.615000 -38.882137 238.404755
-37.436510 236.072300 -36.089382 238.856766
-34.671830 236.602900 -33.322556 239.390961
-31.872100 237.159200 -30.517134 239.942856
-29.030010 237.739000 -27.676975 240.528351
-26.164210 238.361200 -24.810448 241.155655
-23.288400 239.014600 -21.937584 241.832443
-20.420150 239.737800 -19.118050 242.572815
-17.585900 240.557900 -16.275715 243.397537
-14.787740 241.484300 -13.485359 244.334869
-12.027780 242.497800 -10.713577 245.346375
-9.297034 243.589800 -7.985786 246.427505
-6.615868 244.741000 -5.317513 247.572388
-4.000885 245.950200 -2.714531 248.787903
-1.445171 247.223500 -0.175514 250.057037
1.045353 248.560800 2.317993 251.376694
3.471952 249.950800 4.732079 252.772095
5.864994 251.410300 7.142242 254.217377
8.235125 252.947800 9.541801 255.722412
10.583690 254.573100 11.940353 257.254730
12.953340 256.177400 14.313683 258.786713
15.346400 257.781100 16.735237 260.358337
17.751050 259.400400 19.165413 261.953766
20.188860 261.030300 21.626328 263.570007
22.647720 262.666800 24.070274 265.202759
25.099450 264.305600 26.489937 266.817352
27.525840 265.954500 28.913727 268.466034
29.936290 267.631700 31.290215 270.147949
32.286150 269.360900 33.625946 271.866974
34.606160 271.143700 35.915863 273.644775
36.885170 273.027100 38.160172 275.512146
39.097050 274.998500 40.374367 277.505188
41.290800 277.096800 42.559151 279.602386
43.439250 279.297300 44.704506 281.793762
45.513250 281.622300 46.768982 284.114075
47.514220 284.070700 48.780891 286.560455
49.431830 286.626800 50.689774 289.112671
51.294100 289.273800 52.557129 291.747192
53.101300 292.012400 54.389282 294.495178
54.875230 294.809700 56.182770 297.321350
56.646400 297.643200 57.980385 300.145508
58.445530 300.513000 59.793953 303.036133
60.252450 303.405100 61.633904 305.925842
62.043860 306.330600 63.428711 308.854218
63.761150 309.296200 65.150429 311.820007
65.349920 312.311900 66.737930 314.831177
66.806830 315.364200 68.208000 317.895020
68.116080 318.458200 69.528000 320.999329
69.296620 321.579600 70.737122 324.130402
70.444270 324.701500 71.898155 327.279022
71.544490 327.823300 73.004074 330.440704
72.579080 330.962600 74.047729 333.577026
73.537630 334.109900 75.020264 336.742249
74.456800 337.228300 75.956589 339.861115
75.339380 340.280400 76.867607 342.933655
76.286690 343.179300 77.845566 345.840149
77.264140 345.918700 78.835632 348.588776
78.217100 348.599200 79.826263 351.290375
79.076510 351.282300 80.694519 353.930634
79.788430 353.970700 81.433678 356.569763
80.289200 356.680100 81.962563 359.264313
80.544210 359.422600 82.249580 361.993927
80.553950 362.181700 82.291290 364.736237
80.325300 364.950100 82.079781 367.488129
79.948290 367.764600 81.743469 370.300781
79.552930 370.623900 81.377884 373.169403
79.189870 373.576200 81.043404 376.157898
78.847720 376.617400 80.723267 379.214661
78.487220 379.779100 80.391022 382.398773
78.109220 383.024900 80.039688 385.663940
77.724340 386.331700 79.684464 388.996246
77.303670 389.673500 79.299896 392.355621
76.785710 392.998500 78.790726 395.701721
76.164260 396.307900 78.212906 399.028381
75.453110 399.563900 77.549255 402.278809
74.687820 402.778100 76.807495 405.522308
73.880590 405.959600 76.019127 408.737457
73.001560 409.140100 75.165703 411.975342
72.077030 412.325000 74.255966 415.179382
71.142260 415.518400 73.363876 418.396179
70.199490 418.732600 72.466393 421.606567
69.226500 421.954700 71.518845 424.847412
68.236100 425.167200 70.552376 428.085083
67.260820 428.363600 69.603981 431.311768
66.313240 431.552600 68.666779 434.526459
65.391740 434.718000 67.757988 437.721893
64.501670 437.856900 66.888412 440.874420
63.634920 440.951000 66.033051 444.013763
62.789470 444.005700 65.196442 447.096924
61.956690 447.015700 64.396011 450.099640
61.133480 449.961200 63.564201 453.123291
60.318620 452.867200 62.740288 456.051147
59.499520 455.718100 61.943848 458.906433
58.682170 458.529200 61.155846 461.728394
57.867160 461.298900 60.380562 464.535065
57.054660 464.035200 59.604729 467.279510
56.243590 466.731100 58.808113 469.972168
55.443060 469.359000 58.036804 472.627075
54.686220 471.907600 57.314514 475.196381
53.957650 474.335100 56.625870 477.633087
53.256730 476.667000 55.958679 479.972046
52.582380 478.963700 55.317589 482.289551
51.956500 481.261900 54.706726 484.640106
51.412610 483.574200 54.183243 486.998138
51.013880 485.899300 53.813820 489.353455
50.812910 488.248800 53.629097 491.721283
50.798080 490.609700 53.629433 494.116638
50.978710 492.984500 53.822922 496.523254
51.345270 495.367500 54.242615 498.926331
51.889050 497.738400 54.787079 501.310089
52.577300 500.130400 55.516891 503.764862
53.407230 502.515400 56.397202 506.131714
54.397040 504.884900 57.426956 508.578827
55.518570 507.215000 58.601227 510.901062
56.765020 509.509300 59.873032 513.216614
58.192020 511.730400 61.341187 515.455994
59.789040 513.824000 62.983765 517.544250
61.540430 515.752700 64.769287 519.453674
63.410000 517.523000 66.660294 521.218262
65.397890 519.217300 68.670166 522.882568
67.496690 520.814600 70.792725 524.442200
69.720640 522.307200 73.088806 525.942444
72.067650 523.642400 75.457611 527.235901
74.549290 524.809100 77.989929 528.367004
77.153850 525.815200 80.663879 529.366089
79.881990 526.633100 83.453728 530.168823
82.715440 527.211700 86.329231 530.713074
85.640790 527.586200 89.316696 531.069275
88.644290 527.748500 92.369072 531.210510
91.710620 527.693700 95.491180 531.118469
94.811790 527.411800 98.641182 530.783569
97.935300 526.886500 101.791489 530.209167
101.063100 526.157900 104.986618 529.420898
104.194600 525.225000 108.120552 528.407410
107.305700 524.079000 111.238625 527.184570
110.385400 522.743600 114.293716 525.792236
113.459600 521.282300 117.358864 524.253601
116.567100 519.769500 120.466652 522.655457
119.739300 518.237200 123.600784 521.064758
122.982300 516.640600 126.756035 519.432373
126.165500 515.061000 129.945526 517.763794
129.459200 513.419400 133.210663 516.052734
132.785400 511.739500 136.503891 514.298218
136.164500 510.030300 139.854004 512.514648
139.600200 508.311400 143.205750 510.731445
143.109700 506.548700 146.673248 508.890045
146.672500 504.761300 150.209991 507.019440
150.295000 502.937800 153.780350 505.120850
153.967100 501.081900 157.428223 503.162537
157.696200 499.214100 161.124191 501.201935
161.457700 497.333800 164.858780 499.224304
165.216700 495.416600 168.589325 497.200104
168.984800 493.501000 172.321564 495.216492
172.746400 491.586700 176.029938 493.244080
176.518000 489.688800 179.762527 491.260284
180.295200 487.819900 183.511581 489.311646
184.036700 485.970500 187.185379 487.424377
187.779200 484.135700 190.894287 485.510925
191.500200 482.306500 194.582199 483.606140
195.180200 480.469600 198.226227 481.702087
198.815300 478.621300 201.825745 479.763275
202.393600 476.753100 205.378357 477.830200
205.912000 474.880400 208.881897 475.885834
209.296500 473.041000 212.251099 473.970642
212.515400 471.274700 215.458801 472.153717
215.580600 469.586600 218.548462 470.382477
218.489200 468.019000 221.451080 468.752930
221.328300 466.599200 224.274734 467.280640
224.156800 465.368500 227.088638 465.989136
226.991800 464.316200 229.929810 464.876190
229.883500 463.424700 232.849716 463.935150
232.820800 462.731300 235.792450 463.191528
235.780100 462.243300 238.759705 462.642242
238.782200 461.945800 241.788177 462.260651
241.848400 461.905600 244.867859 462.140839
244.967900 462.147500 247.958801 462.312500
248.086200 462.682300 251.054169 462.800781
251.186900 463.495800 254.135941 463.528564
254.278000 464.580100 257.240509 464.536133
257.287900 465.915200 260.285645 465.787170
260.242000 467.523100 263.229156 467.318420
263.106900 469.351100 266.106628 469.071442
265.866100 471.381400 268.944183 471.058624
268.559300 473.556000 271.699524 473.183929
271.204400 475.840000 274.418091 475.429260
273.819900 478.206700 277.061432 477.714569
276.385100 480.590800 279.659363 480.027924
278.915500 482.977100 282.262970 482.367859
281.390900 485.346800 284.823761 484.673523
283.809500 487.633100 287.315155 486.903809
286.165500 489.759700 289.735931 488.994324
288.479300 491.699500 292.124634 490.898560
290.753400 493.425200 294.451721 492.587341
292.943900 494.909400 296.698792 494.040955
295.050000 496.208200 298.848114 495.311096
297.157600 497.295500 301.001160 496.376160
299.275300 498.080400 303.158081 497.123596
301.409300 498.552800 305.344971 497.598145
303.638500 498.806300 307.588623 497.809998
305.825500 498.755800 309.804077 497.701141
307.969500 498.413400 311.994629 497.337738
310.082700 497.866400 314.149048 496.771301
312.168500 497.169500 316.274170 496.040405
314.242500 496.345000 318.368134 495.210388
316.287200 495.404000 320.433197 494.260803
318.242200 494.293900 322.395844 493.122986
320.067800 492.959300 324.208740 491.769409
321.691800 491.422900 325.842712 490.199402
323.027900 489.679600 327.212311 488.462402
324.128000 487.907400 328.352783 486.648102
325.083100 486.074100 329.277161 484.744690
325.901600 484.156200 330.049744 482.747375
326.541500 482.161200 330.670929 480.687653
326.975000 480.110600 331.078156 478.583588
327.199900 477.981300 331.259430 476.437653
327.207600 475.816100 331.232971 474.255219
326.987100 473.574900 330.966156 472.023010
326.612600 471.312500 330.552124 469.700195
326.101700 468.984300 329.979431 467.342834
325.485000 466.584700 329.308899 464.933685
324.770900 464.117300 328.552124 462.456482
324.015300 461.568800 327.752411 459.911041
323.241500 458.937100 326.924255 457.294250
322.428100 456.221600 326.048584 454.602966
321.582200 453.438700 325.156677 451.869690
320.700500 450.590200 324.212097 449.030792
319.803300 447.709400 323.257202 446.198120
318.882300 444.812700 322.277039 443.333649
317.933600 441.902000 321.268127 440.430511
317.026500 438.982700 320.295715 437.529785
316.159500 436.052700 319.369019 434.635162
315.357400 433.104800 318.478943 431.684509
314.633500 430.138600 317.660187 428.702332
314.023700 427.174800 316.983826 425.754456
313.546100 424.188800 316.448669 422.774017
313.186000 421.191700 316.015106 419.788605
312.967300 418.184200 315.732574 416.811035
312.864500 415.179900 315.571014 413.814056
312.872600 412.155500 315.513458 410.823578
312.990400 409.162100 315.554901 407.833740
313.203500 406.159400 315.717651 404.862396
313.520300 403.163500 315.968353 401.865845
313.923800 400.189100 316.298340 398.895538
314.410500 397.252500 316.724976 395.952454
314.957200 394.350700 317.199219 393.060608
315.563700 391.486400 317.741425 390.177277
316.210700 388.682600 318.351562 387.339630
316.875600 385.969600 318.963287 384.637451
317.575400 383.411700 319.597412 382.107330
318.278300 381.082600 320.250488 379.749817
318.940600 378.964700 320.868286 377.636566
319.536100 376.960800 321.442078 375.644897
320.051600 374.976800 321.965820 373.678894
320.455200 373.030400 322.409515 371.701050
320.667900 371.083600 322.572235 369.798035
320.639300 369.178900 322.532806 367.905182
320.367200 367.308200 322.285065 366.053528
319.812200 365.451900 321.760803 364.202820
318.977600 363.612500 320.964417 362.401520
317.917200 361.899400 319.933472 360.715149
316.653200 360.259800 318.666351 359.085876
315.183100 358.649300 317.197876 357.493835
313.573000 357.006500 315.577087 355.869110
311.803000 355.325900 313.779327 354.201447
309.911600 353.572300 311.864624 352.462311
307.954100 351.681100 309.873749 350.573975
305.918800 349.709900 307.842560 348.631805
303.815100 347.660800 305.712372 346.589203
301.671400 345.530600 303.515228 344.468140
299.493500 343.321800 301.310425 342.286285
297.311600 341.063800 299.086456 340.053345
295.144200 338.750800 296.876099 337.770630
293.010900 336.383800 294.713684 335.448395
290.937000 333.945100 292.585968 333.034210
288.991700 331.405200 290.557556 330.497742
287.170900 328.759000 288.672760 327.866119
285.462000 326.045600 286.939026 325.185913
283.830800 323.246400 285.251038 322.394714
282.268800 320.363300 283.622253 319.546692
280.755300 317.391500 282.064453 316.607178
279.273700 314.371200 280.540771 313.628906
277.774600 311.308900 279.018097 310.600769
276.264200 308.193000 277.457825 307.501282
274.757100 305.022400 275.933075 304.363556
273.207400 301.793600 274.370026 301.158997
271.619600 298.531900 272.775787 297.916626
270.024400 295.205700 271.170227 294.617157
268.363800 291.836000 269.501160 291.285217
266.611600 288.477200 267.720856 287.965240
264.727500 285.132100 265.806824 284.668671
262.759200 281.800100 263.809784 281.379639
260.701700 278.471600 261.726196 278.098419
258.620500 275.176300 259.585266 274.800629
256.506400 271.837700 257.420807 271.490540
254.344100 268.488000 255.224167 268.150421
252.173900 265.097000 253.027298 264.820007
249.944700 261.678700 250.801025 261.483337
247.696800 258.253900 248.561127 258.102936
245.448300 254.808000 246.259766 254.685638
243.193400 251.334600 243.971313 251.259186
240.896500 247.824500 241.678253 247.793533
238.556700 244.277400 239.326752 244.299210
236.174700 240.690700 236.933762 240.737946
233.763000 237.091500 234.561188 237.193542
231.332800 233.457600 232.148712 233.604675
228.838300 229.808000 229.718597 230.026047
226.342900 226.169100 227.226318 226.437805
223.818800 222.533800 224.711029 222.852631
221.285700 218.901400 222.196487 219.265152
218.752300 215.265000 219.669464 215.676636
216.249600 211.634900 217.168732 212.063614
213.762100 207.997700 214.689301 208.462891
211.316800 204.351400 212.237137 204.838806
208.893800 200.676600 209.827591 201.206009
206.508300 196.989800 207.418503 197.565918
204.177700 193.291200 205.055359 193.879288
201.927600 189.547700 202.785675 190.132645
199.739900 185.759300 200.579102 186.334747
197.634000 181.950500 198.481155 182.518021
195.568100 178.118500 196.428970 178.668579
193.561400 174.281900 194.425644 174.853378
191.624100 170.408300 192.404236 170.963058
189.716900 166.527700 190.450348 167.101288
187.815500 162.621800 188.545059 163.209351
185.959300 158.681600 186.642685 159.256210
184.094000 154.737900 184.742447 155.341644
182.239600 150.794500 182.864838 151.421967
180.398400 146.846200 180.988052 147.477982
178.592100 142.900000 179.140350 143.557846
176.795000 138.933400 177.310394 139.632767
174.974500 134.967700 175.498062 135.706436
173.137100 131.051800 173.634979 131.823044
171.221700 127.194200 171.675934 127.970505
169.204100 123.403700 169.625366 124.163239
167.059300 119.698200 167.465454 120.446449
164.778800 116.075700 165.190521 116.846802
162.368900 112.524900 162.799026 113.316910
159.842700 109.067300 160.293335 109.883835
157.243500 105.701500 157.661194 106.492722
154.586000 102.373400 154.994003 103.150940
151.852400 99.075390 152.279282 99.854095
149.065100 95.812170 149.527054 96.584198
146.211000 92.589950 146.702530 93.338333
143.290400 89.438890 143.784515 90.139267
140.313900 86.318510 140.806732 86.990921
137.315300 83.188540 137.812714 83.842438
134.309400 80.022690 134.841278 80.671585
131.293700 76.854850 131.895752 77.520378
128.257000 73.680270 128.917053 74.329849
125.224000 70.510050 125.927773 71.114906
122.171600 67.325860 122.942574 67.921028
119.104200 64.151150 119.899498 64.706360
116.003700 60.986180 116.821205 61.512161
112.861400 57.817240 113.739685 58.334885
109.667300 54.647940 110.628326 55.174263
106.494700 51.468900 107.488937 51.994789
103.294400 48.292970 104.344223 48.815056
100.126400 45.132480 101.207108 45.643646
96.950460 41.977160 98.051964 42.451328
93.739320 38.803750 94.904182 39.288925
90.567830 35.632100 91.789177 36.103699
87.415790 32.458970 88.705391 32.932625
84.260040 29.295850 85.613312 29.748190
81.123540 26.129440 82.526260 26.557705
77.992680 22.957970 79.456879 23.346193
74.890600 19.774830 76.371323 20.129393
71.780370 16.590360 73.295631 16.903433
68.630430 13.396510 70.235405 13.680405
65.471800 10.205970 67.190102 10.484833
62.314330 7.007367 64.184013 7.312557
59.206170 3.808043 61.162891 4.094173
56.091860 0.584754 58.110764 0.844814
53.008120 -2.625659 55.101265 -2.367796
49.955730 -5.822352 52.129005 -5.537298
46.935070 -9.021045 49.175903 -8.720030
43.893000 -12.216550 46.250759 -11.847473
40.929340 -15.293680 43.368355 -14.938332
38.089530 -18.317430 40.581425 -17.971970
35.418750 -21.291630 37.930542 -20.969387
32.866820 -24.157290 35.396709 -23.867039
30.511610 -26.943030 33.030457 -26.681566
28.282770 -29.552800 30.835056 -29.310940
26.270910 -31.981160 28.810085 -31.764612
24.406470 -34.119140 26.927368 -33.929005
22.621160 -35.934900 25.151855 -35.777107
20.883450 -37.415600 23.434162 -37.275787
19.174900 -38.513760 21.743452 -38.411739
17.516050 -39.260550 20.071733 -39.186230
15.838890 -39.714580 18.409071 -39.716064
14.191360 -39.829780 16.728075 -39.860641
12.634270 -39.672360 15.163614 -39.793583
11.172310 -39.260550 13.639222 -39.390656
9.789695 -38.629800 12.230614 -38.776043
8.497673 -37.738490 10.883114 -37.875435
7.308945 -36.616890 9.655212 -36.751884
6.256320 -35.282630 8.601418 -35.377708
5.377697 -33.729560 7.695368 -33.773396
4.666734 -31.994970 7.011768 -32.019672
4.118069 -30.087400 6.453660 -30.106737
3.675026 -28.058910 5.989487 -28.040331
3.306982 -25.913550 5.608171 -25.861322
2.950683 -23.671670 5.229196 -23.568867
2.589654 -21.354230 4.836480 -21.188852
2.235350 -18.941910 4.451411 -18.717018
1.883217 -16.438970 4.062779 -16.194103
1.539703 -13.883430 3.699066 -13.584690
1.229057 -11.374200 3.337588 -11.038458
0.914029 -8.934948 2.981249 -8.556122
0.572467 -6.591425 2.607242 -6.163328
0.172462 -4.328516 2.230696 -3.869144
-0.233814 -2.148095 1.867269 -1.649499
-0.652500 -0.027237 1.474010 0.489427
-1.128803 2.027763 1.032563 2.557747
-1.682534 4.091749 0.522528 4.624167
-2.326851 6.156888 -0.064509 6.720551
-3.006582 8.222648 -0.756042 8.827323
