0 0.000067 0.004303 100.000000 5.780347
0 0.000058 0.004164 200.000000 6.369427
0 0.000037 0.004463 300.000000 6.726458
0 0.000016 0.002965 400.000000 6.908463
0 0.000015 0.002347 500.000000 6.297229
0 0.000022 0.001458 600.000000 6.741573
10 0.000042 0.009729 100.000000 6.097561
10 0.000037 0.005068 200.000000 6.451613
10 0.000028 0.003802 300.000000 6.849315
10 0.000018 0.002658 400.000000 7.017544
10 0.000007 0.002639 500.000000 6.369427
10 0.000017 0.002347 600.000000 6.802721
20 0.000106 0.001356 100.000000 6.369427
20 0.000040 0.005715 200.000000 6.493506
20 0.000040 0.005887 300.000000 6.960557
20 0.000018 0.004148 400.000000 7.117438
20 0.000022 0.003033 500.000000 6.435007
20 0.000026 0.001326 600.000000 6.857143
30 0.000139 0.001333 100.000000 6.622517
30 0.000058 0.007235 200.000000 6.535948
30 0.000043 0.007213 300.000000 7.042253
30 0.000023 0.005222 400.000000 7.207207
30 0.000029 0.003568 500.000000 6.501951
30 0.000026 0.001016 600.000000 6.888634
40 0.000150 0.001281 100.000000 6.849315
40 0.000057 0.005910 200.000000 6.578948
40 0.000036 0.006865 300.000000 7.075472
40 0.000021 0.005205 400.000000 7.299270
40 0.000031 0.003542 500.000000 6.561680
40 0.000025 0.000946 600.000000 6.912442
50 0.000162 0.002589 100.000000 7.042253
50 0.000069 0.005148 200.000000 6.600660
50 0.000045 0.005472 300.000000 7.058824
50 0.000019 0.004966 400.000000 7.366483
50 0.000031 0.003413 500.000000 6.605020
50 0.000020 0.001156 600.000000 6.896552
60 0.000164 0.002507 100.000000 7.092198
60 0.000073 0.004804 200.000000 6.622517
60 0.000045 0.005748 300.000000 6.993007
60 0.000019 0.005049 400.000000 7.407407
60 0.000032 0.003302 500.000000 6.640106
60 0.000018 0.001118 600.000000 6.880734
70 0.000157 0.001807 100.000000 7.142857
70 0.000087 0.004975 200.000000 6.644518
70 0.000040 0.006189 300.000000 6.944445
70 0.000021 0.005107 400.000000 7.421150
70 0.000032 0.003157 500.000000 6.666667
70 0.000016 0.001024 600.000000 6.872852
80 0.000173 0.002120 100.000000 7.142857
80 0.000085 0.004584 200.000000 6.688963
80 0.000044 0.006006 300.000000 6.928406
80 0.000022 0.005242 400.000000 7.434944
80 0.000032 0.003032 500.000000 6.684492
80 0.000016 0.001006 600.000000 6.864988
90 0.000183 0.002071 100.000000 7.142857
90 0.000078 0.005063 200.000000 6.711410
90 0.000041 0.006182 300.000000 6.944445
90 0.000021 0.005398 400.000000 7.434944
90 0.000032 0.002794 500.000000 6.711410
90 0.000016 0.000991 600.000000 6.857143
100 0.000155 0.001062 100.000000 7.092198
100 0.000069 0.005682 200.000000 6.756757
100 0.000034 0.006283 300.000000 6.960557
100 0.000020 0.005152 400.000000 7.299270
100 0.000034 0.002469 500.000000 6.729475
100 0.000013 0.000970 600.000000 6.833713
110 0.000175 0.001933 100.000000 7.092198
110 0.000068 0.006285 200.000000 6.802721
110 0.000036 0.006328 300.000000 6.993007
110 0.000030 0.004901 400.000000 6.220840
110 0.000034 0.002290 500.000000 6.756757
110 0.000014 0.000855 600.000000 6.810442
120 0.000167 0.003237 100.000000 7.142857
120 0.000070 0.006078 200.000000 6.872852
120 0.000029 0.006041 300.000000 7.025761
120 0.000034 0.004854 400.000000 6.211180
120 0.000034 0.002345 500.000000 6.793478
120 0.000013 0.001026 600.000000 6.779661
130 0.000136 0.005043 100.000000 7.352941
130 0.000039 0.004520 200.000000 6.993007
130 0.000021 0.005419 300.000000 7.092198
130 0.000039 0.004459 400.000000 6.250000
130 0.000033 0.003132 500.000000 6.839945
130 0.000011 0.001726 600.000000 6.726458
140 0.000061 0.008550 100.000000 7.575758
140 0.000007 0.003888 200.000000 7.142857
140 0.000033 0.004298 300.000000 7.177033
140 0.000035 0.004380 400.000000 6.299212
140 0.000035 0.004191 500.000000 6.896552
140 0.000015 0.002217 600.000000 6.666667
150 0.000061 0.004680 100.000000 7.751938
150 0.000028 0.004529 200.000000 7.246377
150 0.000026 0.004220 300.000000 7.263923
150 0.000029 0.004136 400.000000 6.339144
150 0.000032 0.003642 500.000000 6.934813
150 0.000010 0.001611 600.000000 6.593407
160 0.000083 0.002497 100.000000 7.692307
160 0.000046 0.005487 200.000000 7.299270
160 0.000024 0.004208 300.000000 7.317073
160 0.000018 0.004002 400.000000 6.379585
160 0.000029 0.003227 500.000000 6.963789
160 0.000025 0.001016 600.000000 6.535948
170 0.000087 0.004465 100.000000 7.142857
170 0.000049 0.006000 200.000000 7.272727
170 0.000030 0.004302 300.000000 7.352941
170 0.000017 0.004026 400.000000 6.420546
170 0.000029 0.003207 500.000000 6.963789
180 0.000053 0.005805 100.000000 6.369427
180 0.000033 0.005698 200.000000 7.220217
180 0.000031 0.004409 300.000000 7.407407
180 0.000016 0.004188 400.000000 6.451613
180 0.000022 0.003361 500.000000 6.925208
190 0.000089 0.005603 100.000000 6.172840
190 0.000034 0.005444 200.000000 7.067138
190 0.000034 0.004537 300.000000 7.444169
190 0.000014 0.004571 400.000000 6.493506
190 0.000018 0.003594 500.000000 6.868132
200 0.000086 0.006080 100.000000 6.134969
200 0.000018 0.005866 200.000000 6.872852
200 0.000034 0.004542 300.000000 7.481297
200 0.000020 0.004680 400.000000 6.514658
200 0.000013 0.003452 500.000000 6.821282
210 0.000090 0.005166 100.000000 6.172840
210 0.000015 0.005698 200.000000 6.802721
210 0.000029 0.004643 300.000000 7.500000
210 0.000022 0.004906 400.000000 6.546645
210 0.000013 0.003504 500.000000 6.802721
220 0.000101 0.005131 100.000000 6.211180
220 0.000025 0.005542 200.000000 6.802721
220 0.000036 0.005135 300.000000 7.518797
220 0.000027 0.005397 400.000000 6.568144
220 0.000016 0.003724 500.000000 6.793478
230 0.000096 0.006284 100.000000 6.289308
230 0.000030 0.005752 200.000000 6.825939
230 0.000039 0.005137 300.000000 7.518797
230 0.000030 0.005503 400.000000 6.600660
230 0.000017 0.003653 500.000000 6.784261
240 0.000070 0.006934 100.000000 6.410256
240 0.000032 0.005916 200.000000 6.872852
240 0.000036 0.005091 300.000000 7.334963
240 0.000031 0.005411 400.000000 6.633499
240 0.000016 0.003425 500.000000 6.765900
250 0.000083 0.008461 100.000000 6.493506
250 0.000041 0.006880 200.000000 6.920415
250 0.000047 0.007349 300.000000 5.964215
250 0.000035 0.006496 400.000000 6.666667
250 0.000020 0.003730 500.000000 6.747638
260 0.000072 0.009185 100.000000 6.578948
260 0.000047 0.007483 200.000000 6.944445
260 0.000044 0.007724 300.000000 5.928854
260 0.000034 0.006480 400.000000 6.700168
260 0.000021 0.003551 500.000000 6.693440
270 0.000069 0.009953 100.000000 6.666667
270 0.000053 0.008054 200.000000 6.968641
270 0.000041 0.008424 300.000000 5.940594
270 0.000038 0.006902 400.000000 6.722689
270 0.000022 0.003397 500.000000 6.510417
280 0.000066 0.011167 100.000000 6.756757
280 0.000058 0.008826 200.000000 7.017544
280 0.000044 0.008824 300.000000 5.976096
280 0.000038 0.007472 400.000000 6.756757
280 0.000023 0.003368 500.000000 6.377551
290 0.000067 0.012498 100.000000 6.849315
290 0.000061 0.009228 200.000000 7.117438
290 0.000043 0.009367 300.000000 6.024096
290 0.000044 0.008102 400.000000 6.791172
290 0.000041 0.003035 500.000000 6.321113
300 0.000067 0.012789 100.000000 7.092198
300 0.000062 0.009618 200.000000 7.246377
300 0.000042 0.009621 300.000000 6.109980
300 0.000044 0.008343 400.000000 6.837607
310 0.000072 0.011268 100.000000 7.407407
310 0.000062 0.008710 200.000000 7.462687
310 0.000042 0.009000 300.000000 6.198347
310 0.000044 0.007885 400.000000 6.908463
320 0.000053 0.008428 100.000000 7.751938
320 0.000048 0.005523 200.000000 7.692307
320 0.000033 0.005856 300.000000 6.315790
320 0.000041 0.005029 400.000000 6.993007
330 0.000058 0.008726 100.000000 8.130081
330 0.000033 0.005095 200.000000 7.905138
330 0.000030 0.003980 300.000000 6.410256
330 0.000035 0.002755 400.000000 7.054674
340 0.000025 0.008644 100.000000 8.264462
340 0.000039 0.005193 200.000000 8.097166
340 0.000036 0.004840 300.000000 6.507592
340 0.000033 0.003991 400.000000 7.079646
350 0.000099 0.007892 100.000000 8.130081
350 0.000042 0.006100 200.000000 8.230453
350 0.000041 0.005837 300.000000 6.578948
350 0.000032 0.005027 400.000000 7.042253
360 0.000080 0.008477 100.000000 7.751938
360 0.000043 0.006853 200.000000 8.333333
360 0.000042 0.006741 300.000000 6.622517
360 0.000024 0.005368 400.000000 6.993007
370 0.000095 0.010496 100.000000 7.518797
370 0.000058 0.009422 200.000000 8.368201
370 0.000052 0.009149 300.000000 6.651885
370 0.000027 0.006970 400.000000 6.968641
380 0.000092 0.010305 100.000000 7.407407
380 0.000051 0.009581 200.000000 8.333333
380 0.000054 0.009048 300.000000 6.666667
380 0.000026 0.006509 400.000000 6.932409
390 0.000104 0.008844 100.000000 7.352941
390 0.000053 0.007326 200.000000 8.196721
390 0.000056 0.007891 300.000000 6.681514
390 0.000026 0.005322 400.000000 6.884682
400 0.000102 0.008286 100.000000 7.299270
400 0.000058 0.007806 200.000000 5.747127
400 0.000054 0.007642 300.000000 6.696429
400 0.000024 0.004550 400.000000 6.814310
410 0.000088 0.008251 100.000000 7.246377
410 0.000082 0.008650 200.000000 5.617978
410 0.000055 0.007898 300.000000 6.711410
410 0.000025 0.004416 400.000000 6.700168
420 0.000093 0.007270 100.000000 7.194244
420 0.000073 0.008134 200.000000 5.617978
420 0.000057 0.007383 300.000000 6.726458
420 0.000021 0.003571 400.000000 6.400000
430 0.000096 0.006806 100.000000 7.246377
430 0.000075 0.008523 200.000000 5.633803
430 0.000060 0.008239 300.000000 6.726458
430 0.000047 0.003988 400.000000 6.230530
440 0.000089 0.007025 100.000000 7.352941
440 0.000069 0.008729 200.000000 5.698006
440 0.000060 0.008446 300.000000 6.741573
450 0.000074 0.005885 100.000000 7.575758
450 0.000059 0.007190 200.000000 5.763689
450 0.000054 0.006637 300.000000 6.741573
460 0.000057 0.003361 100.000000 7.874016
460 0.000052 0.004367 200.000000 5.865103
460 0.000041 0.004021 300.000000 6.726458
470 0.000070 0.003716 100.000000 8.196721
470 0.000027 0.001441 200.000000 5.952381
470 0.000021 0.000597 300.000000 6.726458
480 0.000073 0.003878 100.000000 8.620689
480 0.000027 0.001324 200.000000 6.060606
480 0.000011 0.001000 300.000000 6.741573
490 0.000058 0.003030 100.000000 8.928572
490 0.000031 0.002883 200.000000 6.172840
490 0.000013 0.001358 300.000000 6.756757
500 0.000050 0.002953 100.000000 9.259259
500 0.000040 0.002862 200.000000 6.250000
500 0.000011 0.001310 300.000000 6.787330
510 0.000057 0.003050 100.000000 9.433962
510 0.000043 0.003857 200.000000 6.309148
510 0.000012 0.001742 300.000000 6.787330
520 0.000051 0.003493 100.000000 9.345795
520 0.000041 0.003926 200.000000 6.349206
520 0.000017 0.001587 300.000000 6.741573
530 0.000063 0.002352 100.000000 8.196721
530 0.000046 0.002145 200.000000 6.369427
530 0.000010 0.000753 300.000000 6.681514
540 0.000070 0.003956 100.000000 4.608295
540 0.000044 0.002642 200.000000 6.410256
540 0.000012 0.000892 300.000000 6.593407
550 0.000085 0.004762 100.000000 4.566210
550 0.000051 0.003125 200.000000 6.451613
550 0.000013 0.001807 300.000000 6.410256
560 0.000081 0.005663 100.000000 4.566210
560 0.000054 0.003262 200.000000 6.472492
560 0.000011 0.002246 300.000000 6.072875
570 0.000086 0.005796 100.000000 4.587156
570 0.000066 0.004531 200.000000 6.472492
570 0.000036 0.003835 300.000000 5.870842
580 0.000105 0.005800 100.000000 4.629630
580 0.000066 0.004843 200.000000 6.349206
590 0.000094 0.005418 100.000000 4.651163
590 0.000057 0.003809 200.000000 6.153846
600 0.000091 0.005594 100.000000 4.672897
600 0.000028 0.003854 200.000000 5.988024
610 0.000088 0.006652 100.000000 4.694836
610 0.000020 0.004312 200.000000 5.934718
620 0.000098 0.007445 100.000000 4.739336
620 0.000026 0.004583 200.000000 5.899705
630 0.000104 0.008452 100.000000 4.807693
630 0.000028 0.004926 200.000000 5.899705
640 0.000113 0.010936 100.000000 4.950495
640 0.000040 0.006653 200.000000 5.952381
650 0.000109 0.010221 100.000000 5.154639
650 0.000029 0.005794 200.000000 6.079027
660 0.000102 0.009853 100.000000 5.405406
660 0.000029 0.005160 200.000000 6.230530
670 0.000102 0.010162 100.000000 5.714286
670 0.000031 0.005188 200.000000 6.430868
680 0.000104 0.009936 100.000000 6.060606
680 0.000031 0.005118 200.000000 6.644518
690 0.000102 0.009722 100.000000 6.451613
690 0.000032 0.004895 200.000000 6.872852
700 0.000105 0.009810 100.000000 6.896552
700 0.000032 0.004962 200.000000 7.117438
710 0.000104 0.009499 100.000000 7.407407
710 0.000031 0.004744 200.000000 7.380074
720 0.000101 0.007380 100.000000 8.000000
720 0.000030 0.003656 200.000000 7.633588
730 0.000096 0.005318 100.000000 8.695652
730 0.000028 0.002830 200.000000 7.936508
740 0.000094 0.004990 100.000000 9.345795
740 0.000028 0.002625 200.000000 8.163265
750 0.000091 0.004687 100.000000 10.101010
750 0.000022 0.004906 200.000000 8.333333
760 0.000105 0.007831 100.000000 10.526316
760 0.000044 0.007365 200.000000 8.333333
770 0.000100 0.007216 100.000000 10.869565
770 0.000043 0.006799 200.000000 7.843137
780 0.000117 0.007164 100.000000 10.869565
780 0.000044 0.007307 200.000000 7.092198
790 0.000094 0.004756 100.000000 10.526316
800 0.000030 0.005553 100.000000 9.433962
810 0.000085 0.005165 100.000000 8.403361
820 0.000100 0.004674 100.000000 8.000000
830 0.000111 0.004697 100.000000 7.692307
840 0.000126 0.004570 100.000000 7.352941
850 0.000109 0.005452 100.000000 6.993007
860 0.000139 0.007404 100.000000 6.134969
870 0.000142 0.010348 100.000000 5.208333
880 0.000218 0.013798 100.000000 4.830918
