0 0.000080 0.007154 100.000000 8.474576
0 0.000028 0.006636 200.000000 9.433962
0 0.000020 0.009681 300.000000 10.416667
0 0.000024 0.008350 400.000000 10.471204
0 0.000026 0.006242 500.000000 10.416667
0 0.000024 0.006791 600.000000 10.416667
0 0.000029 0.007930 700.000000 10.279001
0 0.000031 0.006614 800.000000 10.282776
10 0.000108 0.006858 100.000000 9.009009
10 0.000047 0.009241 200.000000 9.756098
10 0.000028 0.011957 300.000000 10.714286
10 0.000030 0.010012 400.000000 10.666667
10 0.000032 0.008037 500.000000 10.570825
10 0.000032 0.009179 600.000000 10.544815
10 0.000034 0.010485 700.000000 10.370370
10 0.000036 0.008927 800.000000 10.376135
20 0.000095 0.007954 100.000000 9.615385
20 0.000039 0.009298 200.000000 10.000000
20 0.000033 0.011942 300.000000 10.948905
20 0.000035 0.009768 400.000000 10.810811
20 0.000034 0.007782 500.000000 10.706638
20 0.000031 0.008898 600.000000 10.657193
20 0.000034 0.010213 700.000000 10.447762
20 0.000034 0.008351 800.000000 10.471204
30 0.000100 0.007884 100.000000 10.101010
30 0.000037 0.009600 200.000000 10.256411
30 0.000034 0.012097 300.000000 11.194030
30 0.000033 0.009937 400.000000 10.928962
30 0.000034 0.007980 500.000000 10.822511
30 0.000030 0.009174 600.000000 10.752688
30 0.000036 0.010382 700.000000 10.510510
30 0.000035 0.008328 800.000000 10.554090
40 0.000097 0.008375 100.000000 10.638298
40 0.000023 0.009678 200.000000 10.471204
40 0.000035 0.012175 300.000000 11.406844
40 0.000034 0.009723 400.000000 11.019283
40 0.000038 0.007869 500.000000 10.917030
40 0.000032 0.009064 600.000000 10.830325
40 0.000033 0.010130 700.000000 10.542169
40 0.000034 0.007842 800.000000 10.624170
50 0.000103 0.008411 100.000000 10.989011
50 0.000015 0.009762 200.000000 10.638298
50 0.000036 0.012166 300.000000 11.538462
50 0.000031 0.009365 400.000000 11.080333
50 0.000035 0.007734 500.000000 10.989011
50 0.000030 0.008894 600.000000 10.889292
50 0.000032 0.009859 700.000000 10.558069
50 0.000033 0.007247 800.000000 10.680908
60 0.000100 0.008802 100.000000 11.363636
60 0.000018 0.010334 200.000000 10.810811
60 0.000038 0.012232 300.000000 11.627907
60 0.000035 0.009040 400.000000 11.080333
60 0.000035 0.007763 500.000000 11.013216
60 0.000028 0.008894 600.000000 10.909091
60 0.000032 0.009725 700.000000 10.558069
60 0.000033 0.006757 800.000000 10.723861
70 0.000112 0.011315 100.000000 11.494253
70 0.000030 0.012377 200.000000 10.928962
70 0.000041 0.013101 300.000000 11.627907
70 0.000038 0.009271 400.000000 11.080333
70 0.000031 0.008152 500.000000 10.964912
70 0.000030 0.009311 600.000000 10.909091
70 0.000036 0.010071 700.000000 10.558069
70 0.000035 0.006733 800.000000 10.767160
80 0.000111 0.010907 100.000000 11.494253
80 0.000035 0.013140 200.000000 11.049724
80 0.000052 0.012710 300.000000 11.583012
80 0.000039 0.008887 400.000000 11.049724
80 0.000032 0.008111 500.000000 10.940919
80 0.000031 0.009391 600.000000 10.889292
80 0.000038 0.009871 700.000000 10.558069
80 0.000036 0.006389 800.000000 10.796222
90 0.000089 0.008828 100.000000 11.494253
90 0.000041 0.012816 200.000000 11.235955
90 0.000047 0.011874 300.000000 11.538462
90 0.000039 0.008013 400.000000 11.049724
90 0.000035 0.007600 500.000000 10.917030
90 0.000028 0.008582 600.000000 10.849910
90 0.000038 0.008558 700.000000 10.558069
90 0.000034 0.005290 800.000000 10.825439
100 0.000044 0.008607 100.000000 11.235955
100 0.000051 0.012380 200.000000 11.428572
100 0.000044 0.011173 300.000000 11.450381
100 0.000043 0.007732 400.000000 11.019283
100 0.000033 0.007307 500.000000 10.917030
100 0.000029 0.008075 600.000000 10.771993
100 0.000039 0.007465 700.000000 10.558069
100 0.000034 0.004779 800.000000 10.854816
110 0.000029 0.008002 100.000000 10.869565
110 0.000063 0.012244 200.000000 11.560694
110 0.000052 0.010728 300.000000 11.406844
110 0.000043 0.007511 400.000000 11.019283
110 0.000034 0.007089 500.000000 10.917030
110 0.000033 0.007811 600.000000 10.695188
110 0.000039 0.006715 700.000000 10.574018
110 0.000034 0.004384 800.000000 10.854816
120 0.000037 0.008158 100.000000 10.416667
120 0.000067 0.012602 200.000000 11.695907
120 0.000053 0.010579 300.000000 11.278195
120 0.000041 0.007344 400.000000 11.019283
120 0.000032 0.007130 500.000000 10.893247
120 0.000033 0.007976 600.000000 10.600707
120 0.000036 0.005954 700.000000 10.590015
120 0.000034 0.003732 800.000000 10.825439
130 0.000051 0.007955 100.000000 10.204082
130 0.000075 0.012642 200.000000 11.764706
130 0.000047 0.010953 300.000000 11.152416
130 0.000043 0.007707 400.000000 10.958904
130 0.000031 0.007075 500.000000 10.845987
130 0.000032 0.007540 600.000000 10.526316
130 0.000034 0.005191 700.000000 10.590015
130 0.000032 0.003625 800.000000 10.796222
140 0.000095 0.009515 100.000000 10.101010
140 0.000080 0.013576 200.000000 11.695907
140 0.000044 0.010849 300.000000 11.029411
140 0.000046 0.008317 400.000000 10.928962
140 0.000029 0.007373 500.000000 10.822511
140 0.000034 0.007489 600.000000 10.452962
140 0.000035 0.005102 700.000000 10.606061
140 0.000033 0.004388 800.000000 10.767160
150 0.000133 0.010748 100.000000 10.204082
150 0.000088 0.014452 200.000000 11.627907
150 0.000048 0.010902 300.000000 10.909091
150 0.000040 0.008626 400.000000 10.840109
150 0.000028 0.007475 500.000000 10.775862
150 0.000033 0.007563 600.000000 10.398614
150 0.000034 0.004877 700.000000 10.638298
150 0.000033 0.004503 800.000000 10.752688
160 0.000151 0.012323 100.000000 10.309278
160 0.000094 0.015127 200.000000 11.560694
160 0.000050 0.011214 300.000000 10.869565
160 0.000040 0.009064 400.000000 10.781672
160 0.000029 0.007696 500.000000 10.752688
160 0.000035 0.007675 600.000000 10.380623
160 0.000036 0.005146 700.000000 10.670732
160 0.000035 0.005200 800.000000 10.752688
170 0.000142 0.015179 100.000000 10.638298
170 0.000095 0.015574 200.000000 11.494253
170 0.000052 0.011093 300.000000 10.830325
170 0.000038 0.008777 400.000000 10.752688
170 0.000031 0.007654 500.000000 10.729613
170 0.000039 0.007444 600.000000 10.380623
170 0.000037 0.004800 700.000000 10.703364
170 0.000035 0.005097 800.000000 10.767160
180 0.000129 0.017081 100.000000 10.989011
180 0.000078 0.015511 200.000000 11.428572
180 0.000050 0.010557 300.000000 10.869565
180 0.000033 0.008524 400.000000 10.752688
180 0.000024 0.007664 500.000000 10.683761
180 0.000036 0.007061 600.000000 10.398614
180 0.000034 0.004230 700.000000 10.736197
180 0.000034 0.004483 800.000000 10.767160
190 0.000110 0.016703 100.000000 11.494253
190 0.000065 0.014505 200.000000 11.494253
190 0.000048 0.009336 300.000000 10.909091
190 0.000036 0.007825 400.000000 10.810811
190 0.000031 0.007854 500.000000 10.638298
190 0.000041 0.007055 600.000000 10.434783
190 0.000035 0.004347 700.000000 10.785825
190 0.000038 0.005393 800.000000 10.752688
200 0.000108 0.016672 100.000000 12.195122
200 0.000065 0.013888 200.000000 11.560694
200 0.000048 0.008830 300.000000 11.029411
200 0.000036 0.007839 400.000000 10.869565
200 0.000034 0.008178 500.000000 10.638298
200 0.000042 0.007075 600.000000 10.507881
200 0.000035 0.004666 700.000000 10.819165
200 0.000038 0.005946 800.000000 10.723861
210 0.000103 0.017501 100.000000 12.820513
210 0.000061 0.013345 200.000000 11.695907
210 0.000050 0.008490 300.000000 11.111111
210 0.000033 0.008027 400.000000 10.928962
210 0.000040 0.008691 500.000000 10.615711
210 0.000042 0.007069 600.000000 10.563380
210 0.000035 0.005036 700.000000 10.852714
210 0.000036 0.006555 800.000000 10.709505
220 0.000108 0.017635 100.000000 13.333333
220 0.000061 0.013015 200.000000 11.695907
220 0.000048 0.008090 300.000000 11.194030
220 0.000035 0.007903 400.000000 10.989011
220 0.000040 0.008627 500.000000 10.593221
220 0.000039 0.006418 600.000000 10.619469
220 0.000034 0.004675 700.000000 10.852714
220 0.000034 0.006125 800.000000 10.666667
230 0.000095 0.019152 100.000000 13.698630
230 0.000055 0.012985 200.000000 11.560694
230 0.000054 0.008634 300.000000 11.194030
230 0.000039 0.009141 400.000000 10.989011
230 0.000042 0.009823 500.000000 10.548523
230 0.000040 0.007377 600.000000 10.657193
230 0.000035 0.006117 700.000000 10.852714
230 0.000038 0.007613 800.000000 10.582010
240 0.000082 0.021413 100.000000 13.513514
240 0.000052 0.013245 200.000000 11.428572
240 0.000058 0.009893 300.000000 11.152416
240 0.000041 0.010752 400.000000 10.958904
240 0.000045 0.011547 500.000000 10.460251
240 0.000043 0.008664 600.000000 10.676157
240 0.000037 0.007998 700.000000 10.835914
240 0.000037 0.008807 800.000000 10.498688
250 0.000097 0.023614 100.000000 13.157895
250 0.000071 0.013981 200.000000 11.173184
250 0.000056 0.012392 300.000000 10.989011
250 0.000050 0.012950 400.000000 10.869565
250 0.000055 0.013980 500.000000 10.395010
250 0.000048 0.010700 600.000000 10.695188
250 0.000043 0.010781 700.000000 10.819165
250 0.000040 0.010850 800.000000 10.430247
260 0.000085 0.021819 100.000000 12.500000
260 0.000064 0.012902 200.000000 10.928962
260 0.000051 0.012069 300.000000 10.791367
260 0.000045 0.012188 400.000000 10.752688
260 0.000056 0.013059 500.000000 10.309278
260 0.000046 0.009930 600.000000 10.676157
260 0.000040 0.010435 700.000000 10.769231
260 0.000036 0.009637 800.000000 10.376135
270 0.000060 0.020143 100.000000 11.627907
270 0.000049 0.011570 200.000000 10.695188
270 0.000045 0.010697 300.000000 10.600707
270 0.000038 0.010928 400.000000 10.526316
270 0.000049 0.011051 500.000000 10.245902
270 0.000038 0.008468 600.000000 10.657193
270 0.000035 0.008966 700.000000 10.703364
270 0.000031 0.007527 800.000000 10.309278
280 0.000052 0.016843 100.000000 10.869565
280 0.000049 0.010868 200.000000 10.471204
280 0.000046 0.010372 300.000000 10.452962
280 0.000047 0.010391 400.000000 10.282776
280 0.000048 0.010079 500.000000 10.183299
280 0.000036 0.008340 600.000000 10.600707
280 0.000037 0.008984 700.000000 10.542169
280 0.000032 0.006984 800.000000 10.243278
290 0.000051 0.013782 100.000000 10.416667
290 0.000044 0.009683 200.000000 10.309278
290 0.000044 0.009572 300.000000 10.344828
290 0.000053 0.009767 400.000000 10.101010
290 0.000045 0.008965 500.000000 10.162601
290 0.000033 0.008023 600.000000 10.526316
290 0.000036 0.008575 700.000000 10.385756
290 0.000031 0.006429 800.000000 10.191083
300 0.000065 0.012776 100.000000 9.900990
300 0.000061 0.009396 200.000000 10.204082
300 0.000049 0.009419 300.000000 10.273973
300 0.000055 0.009661 400.000000 9.950249
300 0.000046 0.008651 500.000000 10.162601
300 0.000034 0.008499 600.000000 10.471204
300 0.000038 0.009315 700.000000 10.248902
300 0.000031 0.006803 800.000000 10.139417
310 0.000084 0.012741 100.000000 9.708738
310 0.000078 0.009477 200.000000 10.152285
310 0.000055 0.009538 300.000000 10.238908
310 0.000060 0.010249 400.000000 9.876543
310 0.000050 0.008909 500.000000 10.204082
310 0.000038 0.009519 600.000000 10.452962
310 0.000040 0.010204 700.000000 10.159652
310 0.000032 0.007477 800.000000 10.050251
320 0.000101 0.012174 100.000000 9.615385
320 0.000069 0.009353 200.000000 10.101010
320 0.000059 0.009048 300.000000 10.238908
320 0.000065 0.010456 400.000000 9.828010
320 0.000053 0.008739 500.000000 10.245902
320 0.000043 0.009930 600.000000 10.452962
320 0.000038 0.010261 700.000000 10.115607
320 0.000032 0.007584 800.000000 9.962640
330 0.000095 0.011213 100.000000 9.523809
330 0.000063 0.008985 200.000000 10.050251
330 0.000061 0.008350 300.000000 10.238908
330 0.000067 0.010187 400.000000 9.852217
330 0.000052 0.008493 500.000000 10.309278
330 0.000044 0.009883 600.000000 10.489511
330 0.000038 0.009724 700.000000 10.115607
330 0.000028 0.007268 800.000000 9.925558
340 0.000097 0.010061 100.000000 9.615385
340 0.000073 0.008216 200.000000 10.000000
340 0.000058 0.007684 300.000000 10.238908
340 0.000069 0.009571 400.000000 9.852217
340 0.000051 0.007875 500.000000 10.373444
340 0.000042 0.009405 600.000000 10.507881
340 0.000035 0.008793 700.000000 10.115607
340 0.000025 0.006609 800.000000 9.913259
350 0.000088 0.008977 100.000000 9.708738
350 0.000070 0.006914 200.000000 10.050251
350 0.000055 0.007072 300.000000 10.204082
350 0.000065 0.008549 400.000000 9.900990
350 0.000046 0.007319 500.000000 10.438414
350 0.000041 0.008741 600.000000 10.526316
350 0.000033 0.007778 700.000000 10.130246
350 0.000023 0.005804 800.000000 9.925558
360 0.000091 0.008377 100.000000 9.803922
360 0.000064 0.006562 200.000000 10.101010
360 0.000057 0.006767 300.000000 10.135135
360 0.000062 0.007810 400.000000 9.950249
360 0.000042 0.007123 500.000000 10.482181
360 0.000041 0.008352 600.000000 10.507881
360 0.000032 0.007108 700.000000 10.130246
360 0.000022 0.005211 800.000000 9.937888
370 0.000084 0.007932 100.000000 9.900990
370 0.000063 0.006221 200.000000 10.152285
370 0.000062 0.006371 300.000000 10.033444
370 0.000059 0.007045 400.000000 10.000000
370 0.000039 0.006862 500.000000 10.526316
370 0.000040 0.007842 600.000000 10.452962
370 0.000032 0.006378 700.000000 10.130246
370 0.000022 0.004639 800.000000 9.950249
380 0.000068 0.006106 100.000000 10.000000
380 0.000058 0.004792 200.000000 10.204082
380 0.000066 0.005493 300.000000 9.966778
380 0.000052 0.005564 400.000000 10.050251
380 0.000035 0.005844 500.000000 10.526316
380 0.000035 0.006606 600.000000 10.380623
380 0.000029 0.005269 700.000000 10.144928
380 0.000021 0.003857 800.000000 9.962640
390 0.000059 0.005136 100.000000 10.204082
390 0.000054 0.003783 200.000000 10.309278
390 0.000067 0.004944 300.000000 9.933775
390 0.000048 0.004629 400.000000 10.101010
390 0.000032 0.005484 500.000000 10.526316
390 0.000031 0.005865 600.000000 10.344828
390 0.000028 0.004763 700.000000 10.144928
390 0.000020 0.003374 800.000000 9.975062
400 0.000066 0.004172 100.000000 10.309278
400 0.000043 0.003084 200.000000 10.362695
400 0.000059 0.004457 300.000000 9.900990
400 0.000044 0.003797 400.000000 10.204082
400 0.000031 0.004592 500.000000 10.548523
400 0.000035 0.005158 600.000000 10.273973
400 0.000026 0.003879 700.000000 10.144928
400 0.000018 0.002788 800.000000 10.000000
410 0.000066 0.005399 100.000000 10.416667
410 0.000043 0.004712 200.000000 10.471204
410 0.000056 0.005731 300.000000 9.900990
410 0.000041 0.004659 400.000000 10.282776
410 0.000031 0.005110 500.000000 10.570825
410 0.000035 0.005177 600.000000 10.221465
410 0.000028 0.003647 700.000000 10.101010
410 0.000019 0.002608 800.000000 10.025063
420 0.000052 0.003970 100.000000 10.526316
420 0.000040 0.003659 200.000000 10.471204
420 0.000056 0.004881 300.000000 9.868421
420 0.000042 0.003221 400.000000 10.362695
420 0.000033 0.004191 500.000000 10.615711
420 0.000029 0.004589 600.000000 10.186757
420 0.000026 0.003159 700.000000 10.014306
420 0.000015 0.002249 800.000000 10.062893
430 0.000035 0.002672 100.000000 10.416667
430 0.000044 0.003814 200.000000 10.526316
430 0.000056 0.005160 300.000000 9.868421
430 0.000042 0.003358 400.000000 10.443864
430 0.000035 0.004382 500.000000 10.638298
430 0.000029 0.004517 600.000000 10.186757
430 0.000021 0.003122 700.000000 9.971510
430 0.000014 0.002250 800.000000 10.088272
440 0.000048 0.001150 100.000000 10.309278
440 0.000044 0.003632 200.000000 10.526316
440 0.000062 0.005115 300.000000 9.900990
440 0.000042 0.003195 400.000000 10.526316
440 0.000036 0.004282 500.000000 10.683761
440 0.000028 0.004231 600.000000 10.186757
440 0.000017 0.003046 700.000000 9.943182
440 0.000012 0.002128 800.000000 10.126582
450 0.000057 0.003438 100.000000 10.309278
450 0.000044 0.004358 200.000000 10.416667
450 0.000059 0.005469 300.000000 9.933775
450 0.000036 0.004213 400.000000 10.582010
450 0.000033 0.004622 500.000000 10.683761
450 0.000025 0.003922 600.000000 10.186757
450 0.000016 0.002698 700.000000 9.943182
450 0.000012 0.001721 800.000000 10.152285
460 0.000048 0.004088 100.000000 10.309278
460 0.000048 0.004996 200.000000 10.256411
460 0.000056 0.005152 300.000000 9.933775
460 0.000035 0.004176 400.000000 10.638298
460 0.000036 0.004288 500.000000 10.638298
460 0.000026 0.003590 600.000000 10.169492
460 0.000017 0.002487 700.000000 9.943182
460 0.000012 0.001646 800.000000 10.178117
470 0.000048 0.004943 100.000000 10.309278
470 0.000052 0.005852 200.000000 10.050251
470 0.000051 0.005228 300.000000 9.966778
470 0.000030 0.004475 400.000000 10.638298
470 0.000034 0.003941 500.000000 10.526316
470 0.000027 0.003062 600.000000 10.152285
470 0.000017 0.002103 700.000000 9.929078
470 0.000010 0.001504 800.000000 10.204082
480 0.000057 0.005154 100.000000 10.309278
480 0.000073 0.006031 200.000000 9.852217
480 0.000045 0.005244 300.000000 10.000000
480 0.000028 0.004854 400.000000 10.610080
480 0.000034 0.004030 500.000000 10.416667
480 0.000026 0.003131 600.000000 10.135135
480 0.000018 0.002032 700.000000 9.929078
480 0.000011 0.001361 800.000000 10.243278
490 0.000052 0.004792 100.000000 10.204082
490 0.000071 0.006075 200.000000 9.708738
490 0.000041 0.004743 300.000000 10.067114
490 0.000026 0.004283 400.000000 10.582010
490 0.000029 0.003407 500.000000 10.309278
490 0.000025 0.002649 600.000000 10.101010
490 0.000017 0.001747 700.000000 9.929078
490 0.000009 0.001490 800.000000 10.269576
500 0.000055 0.005052 100.000000 10.309278
500 0.000065 0.006373 200.000000 9.615385
500 0.000035 0.005555 300.000000 10.135135
500 0.000021 0.005169 400.000000 10.582010
500 0.000033 0.004044 500.000000 10.183299
500 0.000024 0.002597 600.000000 10.050251
500 0.000015 0.001650 700.000000 9.943182
500 0.000011 0.001555 800.000000 10.309278
510 0.000044 0.004686 100.000000 10.309278
510 0.000058 0.005520 200.000000 9.523809
510 0.000037 0.004567 300.000000 10.204082
510 0.000027 0.004264 400.000000 10.582010
510 0.000026 0.003318 500.000000 10.101010
510 0.000023 0.001824 600.000000 9.950249
510 0.000014 0.001507 700.000000 9.971510
510 0.000008 0.001723 800.000000 10.335917
520 0.000054 0.005362 100.000000 10.416667
520 0.000064 0.006259 200.000000 9.523809
520 0.000045 0.004488 300.000000 10.344828
520 0.000035 0.004703 400.000000 10.638298
520 0.000031 0.004377 500.000000 10.101010
520 0.000023 0.002822 600.000000 9.884679
520 0.000013 0.002132 700.000000 10.000000
520 0.000007 0.001909 800.000000 10.389610
530 0.000068 0.006197 100.000000 10.526316
530 0.000077 0.007341 200.000000 9.569378
530 0.000048 0.005192 300.000000 10.452962
530 0.000039 0.005508 400.000000 10.695188
530 0.000033 0.004802 500.000000 10.121457
530 0.000019 0.003229 600.000000 9.852217
530 0.000014 0.002391 700.000000 10.043041
530 0.000009 0.002031 800.000000 10.443864
540 0.000036 0.006382 100.000000 10.526316
540 0.000065 0.006298 200.000000 9.661836
540 0.000041 0.004332 300.000000 10.563380
540 0.000033 0.003705 400.000000 10.752688
540 0.000025 0.002976 500.000000 10.121457
540 0.000015 0.002344 600.000000 9.852217
540 0.000010 0.001882 700.000000 10.086455
540 0.000007 0.002348 800.000000 10.484928
550 0.000038 0.006046 100.000000 10.309278
550 0.000067 0.005344 200.000000 9.708738
550 0.000040 0.003332 300.000000 10.676157
550 0.000039 0.002834 400.000000 10.752688
550 0.000025 0.002734 500.000000 10.121457
550 0.000015 0.002630 600.000000 9.868421
550 0.000007 0.002164 700.000000 10.130246
550 0.000006 0.002551 800.000000 10.526316
560 0.000046 0.007161 100.000000 9.803922
560 0.000065 0.005052 200.000000 9.708738
560 0.000038 0.003128 300.000000 10.714286
560 0.000044 0.002197 400.000000 10.638298
560 0.000027 0.002298 500.000000 10.101010
560 0.000015 0.002578 600.000000 9.852217
560 0.000005 0.002364 700.000000 10.159652
560 0.000008 0.002925 800.000000 10.554090
570 0.000072 0.007316 100.000000 9.523809
570 0.000067 0.004090 200.000000 9.756098
570 0.000038 0.002189 300.000000 10.676157
570 0.000043 0.002315 400.000000 10.498688
570 0.000029 0.002510 500.000000 10.080646
570 0.000020 0.002841 600.000000 9.852217
570 0.000006 0.002858 700.000000 10.189228
570 0.000008 0.003080 800.000000 10.596026
580 0.000093 0.008734 100.000000 9.259259
580 0.000052 0.004368 200.000000 9.852217
580 0.000038 0.002227 300.000000 10.676157
580 0.000042 0.002574 400.000000 10.362695
580 0.000031 0.002663 500.000000 10.060362
580 0.000021 0.003224 600.000000 9.852217
580 0.000005 0.003793 700.000000 10.233918
580 0.000014 0.003915 800.000000 10.624170
590 0.000095 0.008511 100.000000 9.009009
590 0.000048 0.004402 200.000000 9.950249
590 0.000033 0.002873 300.000000 10.638298
590 0.000038 0.002870 400.000000 10.204082
590 0.000030 0.002175 500.000000 10.020041
590 0.000019 0.002642 600.000000 9.852217
590 0.000006 0.003335 700.000000 10.263929
590 0.000017 0.003409 800.000000 10.652463
600 0.000105 0.008009 100.000000 8.849558
600 0.000047 0.004049 200.000000 10.050251
600 0.000039 0.002935 300.000000 10.600707
600 0.000037 0.003339 400.000000 10.075566
600 0.000032 0.002728 500.000000 9.920635
600 0.000018 0.003121 600.000000 9.868421
600 0.000008 0.003758 700.000000 10.294118
600 0.000021 0.003774 800.000000 10.695188
610 0.000094 0.007606 100.000000 8.695652
610 0.000053 0.003636 200.000000 10.152285
610 0.000041 0.003386 300.000000 10.638298
610 0.000033 0.004107 400.000000 10.000000
610 0.000028 0.003455 500.000000 9.803922
610 0.000016 0.003324 600.000000 9.900990
610 0.000006 0.003876 700.000000 10.339734
610 0.000024 0.003966 800.000000 10.723861
620 0.000095 0.008152 100.000000 8.695652
620 0.000053 0.003644 200.000000 10.309278
620 0.000043 0.003560 300.000000 10.676157
620 0.000033 0.004256 400.000000 10.000000
620 0.000019 0.003868 500.000000 9.727627
620 0.000011 0.003529 600.000000 9.933775
620 0.000009 0.004129 700.000000 10.385756
620 0.000025 0.004287 800.000000 10.767160
630 0.000107 0.009026 100.000000 8.771930
630 0.000056 0.003894 200.000000 10.471204
630 0.000045 0.003568 300.000000 10.752688
630 0.000032 0.004068 400.000000 10.000000
630 0.000018 0.004196 500.000000 9.708738
630 0.000011 0.003823 600.000000 9.983361
630 0.000010 0.004559 700.000000 10.447762
630 0.000026 0.004835 800.000000 10.810811
640 0.000113 0.008716 100.000000 8.928572
640 0.000054 0.003397 200.000000 10.638298
640 0.000046 0.003731 300.000000 10.830325
640 0.000033 0.004419 400.000000 10.025063
640 0.000021 0.004937 500.000000 9.727627
640 0.000011 0.004553 600.000000 10.033444
640 0.000011 0.005142 700.000000 10.494753
640 0.000030 0.005341 800.000000 10.869565
650 0.000107 0.007724 100.000000 9.174312
650 0.000058 0.002628 200.000000 10.869565
650 0.000054 0.003560 300.000000 10.869565
650 0.000038 0.004697 400.000000 10.075566
650 0.000024 0.005476 500.000000 9.765625
650 0.000011 0.005082 600.000000 10.101010
650 0.000011 0.005613 700.000000 10.574018
650 0.000032 0.005899 800.000000 10.928962
660 0.000093 0.007350 100.000000 9.433962
660 0.000057 0.002372 200.000000 11.111111
660 0.000057 0.002942 300.000000 10.869565
660 0.000037 0.004549 400.000000 10.126582
660 0.000024 0.005868 500.000000 9.823183
660 0.000009 0.005870 600.000000 10.186757
660 0.000016 0.006615 700.000000 10.638298
660 0.000035 0.007186 800.000000 11.004127
670 0.000077 0.007690 100.000000 9.803922
670 0.000052 0.002971 200.000000 11.299435
670 0.000050 0.003133 300.000000 10.830325
670 0.000037 0.004514 400.000000 10.178117
670 0.000028 0.006017 500.000000 9.881423
670 0.000013 0.006765 600.000000 10.256411
670 0.000019 0.007536 700.000000 10.719755
670 0.000037 0.008405 800.000000 11.065007
680 0.000084 0.006053 100.000000 10.101010
680 0.000062 0.003867 200.000000 11.363636
680 0.000064 0.005246 300.000000 10.791367
680 0.000049 0.006622 400.000000 10.230179
680 0.000034 0.008234 500.000000 9.920635
680 0.000021 0.009373 600.000000 10.344828
680 0.000026 0.009885 700.000000 10.785825
680 0.000042 0.010722 800.000000 11.142061
690 0.000082 0.005300 100.000000 10.526316
690 0.000068 0.004527 200.000000 11.494253
690 0.000063 0.006198 300.000000 10.714286
690 0.000048 0.007013 400.000000 10.256411
690 0.000038 0.008715 500.000000 9.960159
690 0.000023 0.010114 600.000000 10.416667
690 0.000029 0.010581 700.000000 10.852714
690 0.000043 0.011552 800.000000 11.204482
700 0.000073 0.004714 100.000000 10.869565
700 0.000064 0.003954 200.000000 11.560694
700 0.000060 0.006198 300.000000 10.600707
700 0.000048 0.006663 400.000000 10.282776
700 0.000033 0.008261 500.000000 10.020041
700 0.000021 0.009696 600.000000 10.489511
700 0.000032 0.009962 700.000000 10.920437
700 0.000041 0.011318 800.000000 11.267606
710 0.000088 0.003474 100.000000 11.363636
710 0.000063 0.004165 200.000000 11.695907
710 0.000062 0.006413 300.000000 10.526316
710 0.000053 0.007685 400.000000 10.230179
710 0.000035 0.009209 500.000000 10.080646
710 0.000026 0.010601 600.000000 10.563380
710 0.000037 0.010868 700.000000 10.989011
710 0.000042 0.012298 800.000000 11.331445
720 0.000080 0.002605 100.000000 11.764706
720 0.000059 0.003668 200.000000 11.834319
720 0.000054 0.006339 300.000000 10.489511
720 0.000044 0.007731 400.000000 10.126582
720 0.000030 0.008552 500.000000 10.121457
720 0.000023 0.009760 600.000000 10.619469
720 0.000038 0.010049 700.000000 11.041010
720 0.000041 0.011451 800.000000 11.396011
730 0.000057 0.002538 100.000000 12.195122
730 0.000047 0.002245 200.000000 11.904762
730 0.000044 0.005571 300.000000 10.452962
730 0.000032 0.007811 400.000000 10.000000
730 0.000025 0.008265 500.000000 10.183299
730 0.000025 0.009867 600.000000 10.695188
730 0.000044 0.010476 700.000000 11.093502
730 0.000042 0.012318 800.000000 11.444921
740 0.000067 0.002359 100.000000 12.658228
740 0.000051 0.001191 200.000000 11.976048
740 0.000043 0.005521 300.000000 10.416667
740 0.000030 0.008071 400.000000 9.950249
740 0.000025 0.008549 500.000000 10.224949
740 0.000027 0.010407 600.000000 10.733453
740 0.000045 0.011141 700.000000 11.146497
740 0.000043 0.013327 800.000000 11.494253
750 0.000058 0.003070 100.000000 12.987013
750 0.000041 0.001843 200.000000 11.976048
750 0.000038 0.004715 300.000000 10.416667
750 0.000032 0.007843 400.000000 9.925558
750 0.000026 0.008797 500.000000 10.266940
750 0.000029 0.010754 600.000000 10.791367
750 0.000047 0.011652 700.000000 11.182109
750 0.000044 0.014068 800.000000 11.544011
760 0.000073 0.002565 100.000000 13.157895
760 0.000045 0.001880 200.000000 11.834319
760 0.000044 0.005238 300.000000 10.344828
760 0.000038 0.008442 400.000000 9.900990
760 0.000024 0.009491 500.000000 10.288066
760 0.000032 0.011211 600.000000 10.830325
760 0.000051 0.012333 700.000000 11.217949
760 0.000045 0.015038 800.000000 11.577424
770 0.000083 0.003676 100.000000 12.987013
770 0.000051 0.002847 200.000000 11.363636
770 0.000041 0.005261 300.000000 10.273973
770 0.000035 0.007984 400.000000 9.852217
770 0.000025 0.009649 500.000000 10.330579
770 0.000032 0.011165 600.000000 10.849910
770 0.000048 0.012527 700.000000 11.254020
770 0.000044 0.015400 800.000000 11.611031
780 0.000085 0.004491 100.000000 12.658228
780 0.000052 0.004292 200.000000 10.928962
780 0.000045 0.005508 300.000000 10.169492
780 0.000031 0.008085 400.000000 9.828010
780 0.000025 0.010325 500.000000 10.351967
780 0.000035 0.011187 600.000000 10.869565
780 0.000048 0.012783 700.000000 11.272141
780 0.000043 0.015639 800.000000 11.627907
790 0.000064 0.004241 100.000000 12.048193
790 0.000058 0.005123 200.000000 10.416667
790 0.000044 0.005295 300.000000 10.033444
790 0.000028 0.007750 400.000000 9.779951
790 0.000026 0.009843 500.000000 10.373444
790 0.000037 0.010379 600.000000 10.889292
790 0.000045 0.012307 700.000000 11.290322
790 0.000042 0.015207 800.000000 11.644833
800 0.000050 0.004558 100.000000 11.764706
800 0.000046 0.005573 200.000000 9.950249
800 0.000040 0.006266 300.000000 9.740260
800 0.000028 0.008050 400.000000 9.756098
800 0.000029 0.010027 500.000000 10.373444
800 0.000043 0.010544 600.000000 10.889292
800 0.000046 0.012657 700.000000 11.308562
800 0.000041 0.015658 800.000000 11.611031
810 0.000047 0.003269 100.000000 11.363636
810 0.000047 0.006344 200.000000 9.661836
810 0.000034 0.008387 300.000000 9.404388
810 0.000025 0.008917 400.000000 9.732360
810 0.000030 0.010865 500.000000 10.395010
810 0.000049 0.011475 600.000000 10.889292
810 0.000047 0.013644 700.000000 11.308562
810 0.000038 0.016366 800.000000 11.510792
820 0.000030 0.003695 100.000000 11.111111
820 0.000048 0.005666 200.000000 9.478673
820 0.000037 0.008482 300.000000 9.202454
820 0.000031 0.009282 400.000000 9.708738
820 0.000035 0.011467 500.000000 10.395010
820 0.000047 0.012174 600.000000 10.909091
820 0.000047 0.014630 700.000000 11.326860
820 0.000024 0.016822 800.000000 11.267606
830 0.000040 0.003442 100.000000 10.752688
830 0.000048 0.005038 200.000000 9.345795
830 0.000034 0.007962 300.000000 9.118541
830 0.000029 0.008733 400.000000 9.732360
830 0.000033 0.010569 500.000000 10.416667
830 0.000050 0.011352 600.000000 10.909091
830 0.000045 0.014050 700.000000 11.345219
830 0.000028 0.015239 800.000000 11.111111
840 0.000069 0.002274 100.000000 10.204082
840 0.000038 0.004448 200.000000 9.259259
840 0.000028 0.007177 300.000000 9.090909
840 0.000026 0.008093 400.000000 9.756098
840 0.000032 0.009611 500.000000 10.438414
840 0.000048 0.010635 600.000000 10.948905
840 0.000044 0.013636 700.000000 11.382113
840 0.000031 0.013555 800.000000 11.034483
850 0.000059 0.003286 100.000000 9.708738
850 0.000036 0.004183 200.000000 9.216590
850 0.000019 0.006407 300.000000 9.090909
850 0.000027 0.008011 400.000000 9.803922
850 0.000032 0.008963 500.000000 10.504202
850 0.000047 0.010336 600.000000 11.009174
850 0.000043 0.013500 700.000000 11.419250
850 0.000031 0.012722 800.000000 10.973937
860 0.000062 0.005070 100.000000 9.433962
860 0.000037 0.004236 200.000000 9.216590
860 0.000023 0.006869 300.000000 9.118541
860 0.000029 0.009027 400.000000 9.900990
860 0.000035 0.009585 500.000000 10.570825
860 0.000048 0.011223 600.000000 11.070110
860 0.000043 0.014329 700.000000 11.494253
870 0.000079 0.007114 100.000000 9.009009
870 0.000043 0.004938 200.000000 9.174312
870 0.000025 0.007782 300.000000 9.146341
870 0.000033 0.010018 400.000000 9.975062
870 0.000040 0.010221 500.000000 10.638298
870 0.000049 0.012171 600.000000 11.131725
870 0.000045 0.015372 700.000000 11.532125
880 0.000126 0.007219 100.000000 8.620689
880 0.000060 0.006410 200.000000 9.009009
880 0.000038 0.009306 300.000000 9.174312
880 0.000040 0.011402 400.000000 10.025063
880 0.000044 0.011356 500.000000 10.683761
880 0.000048 0.013170 600.000000 11.194030
880 0.000044 0.016215 700.000000 11.570248
890 0.000101 0.008682 100.000000 8.403361
890 0.000058 0.009171 200.000000 8.733624
890 0.000036 0.010423 300.000000 9.202454
890 0.000040 0.012462 400.000000 10.101010
890 0.000051 0.012657 500.000000 10.729613
890 0.000052 0.014607 600.000000 11.235955
890 0.000047 0.017495 700.000000 11.570248
900 0.000110 0.010551 100.000000 8.264462
900 0.000054 0.012256 200.000000 8.510638
900 0.000042 0.012386 300.000000 9.259259
900 0.000046 0.014419 400.000000 10.152285
900 0.000058 0.014649 500.000000 10.775862
900 0.000056 0.016857 600.000000 11.278195
900 0.000041 0.019501 700.000000 11.419250
910 0.000115 0.011064 100.000000 8.130081
910 0.000062 0.012993 200.000000 8.403361
910 0.000043 0.012857 300.000000 9.287926
910 0.000045 0.014686 400.000000 10.204082
910 0.000057 0.014837 500.000000 10.822511
910 0.000055 0.017191 600.000000 11.320755
910 0.000029 0.019177 700.000000 11.217949
920 0.000126 0.011091 100.000000 8.130081
920 0.000063 0.014041 200.000000 8.403361
920 0.000050 0.014028 300.000000 9.345795
920 0.000049 0.015503 400.000000 10.256411
920 0.000062 0.015733 500.000000 10.893247
920 0.000056 0.018261 600.000000 11.406844
920 0.000035 0.019457 700.000000 11.128776
930 0.000132 0.012159 100.000000 8.264462
930 0.000069 0.015290 200.000000 8.474576
930 0.000051 0.015325 300.000000 9.463722
930 0.000053 0.016668 400.000000 10.389610
930 0.000065 0.017241 500.000000 10.989011
930 0.000058 0.020155 600.000000 11.494253
930 0.000039 0.020167 700.000000 11.128776
940 0.000117 0.012825 100.000000 8.403361
940 0.000070 0.015320 200.000000 8.583691
940 0.000060 0.016191 300.000000 9.615385
940 0.000058 0.017529 400.000000 10.526316
940 0.000069 0.018661 500.000000 11.111111
940 0.000063 0.021955 600.000000 11.605416
940 0.000045 0.020963 700.000000 11.146497
950 0.000092 0.008023 100.000000 8.620689
950 0.000044 0.010854 200.000000 8.733624
950 0.000054 0.012496 300.000000 9.771987
950 0.000051 0.013527 400.000000 10.666667
950 0.000061 0.014947 500.000000 11.235955
950 0.000056 0.018369 600.000000 11.718750
950 0.000041 0.017265 700.000000 11.146497
960 0.000047 0.006985 100.000000 8.849558
960 0.000032 0.009454 200.000000 8.849558
960 0.000052 0.011620 300.000000 9.933775
960 0.000052 0.012402 400.000000 10.781672
960 0.000061 0.014418 500.000000 11.363636
960 0.000055 0.017931 600.000000 11.834319
960 0.000041 0.016359 700.000000 11.146497
970 0.000012 0.006570 100.000000 9.009009
970 0.000019 0.007869 200.000000 8.968610
970 0.000049 0.009920 300.000000 10.101010
970 0.000051 0.010922 400.000000 10.928962
970 0.000060 0.013486 500.000000 11.494253
970 0.000055 0.017069 600.000000 11.952191
980 0.000030 0.006043 100.000000 9.259259
980 0.000027 0.009121 200.000000 9.174312
980 0.000052 0.011661 300.000000 10.273973
980 0.000059 0.012451 400.000000 11.080333
980 0.000063 0.015429 500.000000 11.627907
980 0.000058 0.018964 600.000000 12.072434
990 0.000072 0.007389 100.000000 9.345795
990 0.000037 0.011116 200.000000 9.345795
990 0.000054 0.013493 300.000000 10.452962
990 0.000067 0.014272 400.000000 11.235955
990 0.000068 0.017363 500.000000 11.792453
990 0.000058 0.020844 600.000000 12.195122
1000 0.000069 0.007114 100.000000 9.174312
1000 0.000035 0.009735 200.000000 9.523809
1000 0.000051 0.012175 300.000000 10.638298
1000 0.000066 0.012957 400.000000 11.396011
1000 0.000065 0.016158 500.000000 11.904762
1000 0.000056 0.019528 600.000000 12.269938
1010 0.000014 0.008342 100.000000 8.928572
1010 0.000031 0.008428 200.000000 9.661836
1010 0.000047 0.011104 300.000000 10.791367
1010 0.000063 0.011931 400.000000 11.527377
1010 0.000062 0.015096 500.000000 12.048193
1010 0.000052 0.018336 600.000000 12.295082
1020 0.000042 0.009349 100.000000 8.695652
1020 0.000037 0.008542 200.000000 9.756098
1020 0.000050 0.011272 300.000000 10.948905
1020 0.000067 0.012126 400.000000 11.627907
1020 0.000063 0.015578 500.000000 12.135922
1020 0.000045 0.018578 600.000000 12.170385
1030 0.000053 0.009763 100.000000 8.620689
1030 0.000039 0.008542 200.000000 9.900990
1030 0.000051 0.011445 300.000000 11.070110
1030 0.000066 0.012368 400.000000 11.730206
1030 0.000063 0.015778 500.000000 12.224939
1030 0.000033 0.018025 600.000000 11.952191
1040 0.000043 0.009429 100.000000 8.620689
1040 0.000045 0.008095 200.000000 10.000000
1040 0.000051 0.010701 300.000000 11.194030
1040 0.000068 0.011727 400.000000 11.834319
1040 0.000058 0.015242 500.000000 12.345679
1040 0.000041 0.016391 600.000000 11.834319
1050 0.000051 0.010146 100.000000 8.620689
1050 0.000047 0.009037 200.000000 10.152285
1050 0.000053 0.011197 300.000000 11.320755
1050 0.000071 0.012685 400.000000 11.940298
1050 0.000061 0.016526 500.000000 12.437811
1050 0.000045 0.016089 600.000000 11.764706
1060 0.000051 0.010178 100.000000 8.695652
1060 0.000054 0.010699 200.000000 10.309278
1060 0.000058 0.012404 300.000000 11.450381
1060 0.000072 0.014347 400.000000 12.048193
1060 0.000064 0.018201 500.000000 12.531328
1060 0.000049 0.016478 600.000000 11.718750
1070 0.000038 0.010072 100.000000 8.771930
1070 0.000070 0.011703 200.000000 10.471204
1070 0.000065 0.012316 300.000000 11.583012
1070 0.000073 0.014776 400.000000 12.158054
1070 0.000064 0.018549 500.000000 12.626263
1070 0.000049 0.016169 600.000000 11.627907
1080 0.000033 0.011500 100.000000 8.849558
1080 0.000073 0.013012 200.000000 10.695188
1080 0.000068 0.013090 300.000000 11.718750
1080 0.000075 0.015629 400.000000 12.307693
1080 0.000066 0.019471 500.000000 12.755102
1090 0.000047 0.010987 100.000000 9.009009
1090 0.000077 0.012549 200.000000 10.869565
1090 0.000071 0.011980 300.000000 11.904762
1090 0.000072 0.015048 400.000000 12.461060
1090 0.000063 0.018849 500.000000 12.853471
1100 0.000071 0.010887 100.000000 9.345795
1100 0.000082 0.012332 200.000000 11.173184
1100 0.000075 0.011523 300.000000 12.096774
1100 0.000070 0.014735 400.000000 12.658228
1100 0.000063 0.018589 500.000000 12.987013
1110 0.000060 0.010410 100.000000 9.803922
1110 0.000079 0.012379 200.000000 11.560694
1110 0.000077 0.012051 300.000000 12.396694
1110 0.000073 0.015547 400.000000 12.861736
1110 0.000064 0.019237 500.000000 13.157895
1120 0.000056 0.009119 100.000000 10.309278
1120 0.000071 0.012019 200.000000 11.976048
1120 0.000082 0.012777 300.000000 12.658228
1120 0.000076 0.016507 400.000000 13.114754
1120 0.000062 0.019920 500.000000 13.262600
1130 0.000040 0.006587 100.000000 10.869565
1130 0.000063 0.010056 200.000000 12.345679
1130 0.000081 0.010873 300.000000 12.931034
1130 0.000071 0.014940 400.000000 13.333333
1130 0.000053 0.018204 500.000000 13.262600
1140 0.000032 0.004048 100.000000 11.235955
1140 0.000053 0.008463 200.000000 12.658228
1140 0.000075 0.009253 300.000000 13.157895
1140 0.000067 0.013250 400.000000 13.559322
1140 0.000033 0.015993 500.000000 13.054831
1150 0.000039 0.003784 100.000000 11.627907
1150 0.000054 0.007909 200.000000 12.903226
1150 0.000074 0.008861 300.000000 13.333333
1150 0.000064 0.012719 400.000000 13.698630
1150 0.000038 0.014421 500.000000 12.820513
1160 0.000063 0.003855 100.000000 11.904762
1160 0.000058 0.007982 200.000000 13.157895
1160 0.000080 0.009389 300.000000 13.513514
1160 0.000065 0.013663 400.000000 13.840831
1160 0.000043 0.013955 500.000000 12.690355
1170 0.000075 0.005880 100.000000 12.345679
1170 0.000058 0.008137 200.000000 13.333333
1170 0.000079 0.009859 300.000000 13.698630
1170 0.000065 0.014348 400.000000 13.986014
1170 0.000048 0.013017 500.000000 12.594459
1180 0.000098 0.009906 100.000000 12.658228
1180 0.000075 0.009948 200.000000 13.605442
1180 0.000084 0.012327 300.000000 13.824884
1180 0.000070 0.016709 400.000000 14.084507
1180 0.000052 0.014221 500.000000 12.468828
1190 0.000119 0.011801 100.000000 13.157895
1190 0.000083 0.010565 200.000000 13.793103
1190 0.000087 0.013447 300.000000 14.018692
1190 0.000072 0.017813 400.000000 14.234876
1200 0.000107 0.012692 100.000000 13.513514
1200 0.000093 0.010653 200.000000 13.986014
1200 0.000087 0.014549 300.000000 14.150944
1200 0.000071 0.018779 400.000000 14.285714
1210 0.000104 0.012725 100.000000 13.698630
1210 0.000101 0.010574 200.000000 14.084507
1210 0.000087 0.014644 300.000000 14.285714
1210 0.000069 0.018702 400.000000 14.285714
1220 0.000091 0.012346 100.000000 13.888889
1220 0.000110 0.010104 200.000000 14.184397
1220 0.000085 0.014501 300.000000 14.354067
1220 0.000057 0.018027 400.000000 13.986014
1230 0.000079 0.012089 100.000000 14.084507
1230 0.000102 0.010102 200.000000 14.285714
1230 0.000080 0.014527 300.000000 14.423077
1230 0.000034 0.016728 400.000000 13.333333
1240 0.000068 0.010799 100.000000 14.285714
1240 0.000117 0.010371 200.000000 14.285714
1240 0.000081 0.014972 300.000000 14.492754
1240 0.000042 0.015089 400.000000 12.861736
1250 0.000082 0.010053 100.000000 14.285714
1250 0.000124 0.011857 200.000000 14.388489
1250 0.000085 0.017068 300.000000 14.492754
1250 0.000051 0.014264 400.000000 12.578616
1260 0.000096 0.007757 100.000000 14.285714
1260 0.000125 0.011988 200.000000 14.388489
1260 0.000080 0.016631 300.000000 14.563107
1260 0.000043 0.012806 400.000000 12.232416
1270 0.000127 0.007152 100.000000 14.285714
1270 0.000115 0.012349 200.000000 14.388489
1270 0.000076 0.016467 300.000000 14.492754
1280 0.000160 0.005668 100.000000 14.084507
1280 0.000108 0.011258 200.000000 14.388489
1280 0.000070 0.015070 300.000000 14.423077
1290 0.000184 0.005353 100.000000 14.084507
1290 0.000103 0.011535 200.000000 14.388489
1290 0.000055 0.014676 300.000000 13.953488
1300 0.000172 0.006042 100.000000 14.084507
1300 0.000100 0.011777 200.000000 14.388489
1300 0.000023 0.013540 300.000000 12.931034
1310 0.000192 0.006915 100.000000 14.084507
1310 0.000097 0.012352 200.000000 14.492754
1310 0.000038 0.011631 300.000000 12.345679
1320 0.000176 0.007833 100.000000 14.084507
1320 0.000086 0.013321 200.000000 14.492754
1320 0.000044 0.009577 300.000000 12.000000
1330 0.000160 0.008206 100.000000 14.084507
1330 0.000073 0.012596 200.000000 14.492754
1330 0.000037 0.008546 300.000000 11.538462
1340 0.000107 0.006798 100.000000 14.084507
1340 0.000057 0.010855 200.000000 14.492754
1350 0.000066 0.004553 100.000000 14.285714
1350 0.000052 0.009289 200.000000 14.285714
1360 0.000047 0.004977 100.000000 14.285714
1360 0.000050 0.007185 200.000000 13.605442
1370 0.000058 0.005271 100.000000 14.492754
1370 0.000095 0.007210 200.000000 12.269938
1380 0.000040 0.006308 100.000000 14.492754
1380 0.000088 0.007650 200.000000 11.494253
1390 0.000063 0.008608 100.000000 14.492754
1390 0.000087 0.008062 200.000000 11.049724
1400 0.000073 0.009902 100.000000 14.492754
1410 0.000074 0.010751 100.000000 14.492754
1420 0.000072 0.010165 100.000000 13.888889
1430 0.000107 0.007324 100.000000 12.195122
1440 0.000193 0.008996 100.000000 10.101010
1450 0.000163 0.008474 100.000000 9.259259
1460 0.000154 0.009583 100.000000 8.547009
