0 0.000191 0.006789 100.000000 7.633588
0 0.000096 0.007321 200.000000 7.782101
0 0.000094 0.008241 300.000000 7.772021
0 0.000075 0.007137 400.000000 8.146640
0 0.000064 0.008183 500.000000 8.051530
0 0.000054 0.010367 600.000000 7.957560
0 0.000051 0.011477 700.000000 8.505467
0 0.000035 0.010733 800.000000 8.528785
10 0.000176 0.005705 100.000000 8.130081
10 0.000091 0.004747 200.000000 8.000000
10 0.000086 0.005237 300.000000 7.936508
10 0.000069 0.003677 400.000000 8.281573
10 0.000064 0.004742 500.000000 8.064516
10 0.000051 0.006989 600.000000 8.042895
10 0.000048 0.008476 700.000000 8.599508
10 0.000034 0.008444 800.000000 8.592911
20 0.000160 0.003285 100.000000 8.547009
20 0.000070 0.000691 200.000000 8.163265
20 0.000069 0.001709 300.000000 8.064516
20 0.000055 0.003678 400.000000 8.403361
20 0.000051 0.003846 500.000000 7.974482
20 0.000042 0.004474 600.000000 8.130081
20 0.000041 0.004928 700.000000 8.674102
20 0.000028 0.004978 800.000000 8.658009
30 0.000150 0.000370 100.000000 8.928572
30 0.000061 0.003195 200.000000 8.230453
30 0.000070 0.004369 300.000000 8.152174
30 0.000056 0.005834 400.000000 8.474576
30 0.000046 0.006887 500.000000 7.898894
30 0.000041 0.007147 600.000000 8.196721
30 0.000038 0.007075 700.000000 8.750000
30 0.000027 0.006153 800.000000 8.686211
40 0.000148 0.002460 100.000000 9.009009
40 0.000065 0.004808 200.000000 8.230453
40 0.000067 0.005156 300.000000 8.174387
40 0.000050 0.007146 400.000000 8.528785
40 0.000041 0.007982 500.000000 7.861635
40 0.000037 0.007380 600.000000 8.241758
40 0.000035 0.006757 700.000000 8.793970
40 0.000026 0.005378 800.000000 8.629990
50 0.000138 0.003650 100.000000 9.090909
50 0.000054 0.004582 200.000000 8.196721
50 0.000064 0.003306 300.000000 8.196721
50 0.000053 0.006091 400.000000 8.547009
50 0.000039 0.006230 500.000000 7.861635
50 0.000036 0.005061 600.000000 8.287292
50 0.000034 0.004424 700.000000 8.816121
50 0.000025 0.003807 800.000000 8.333333
60 0.000128 0.004929 100.000000 9.174312
60 0.000050 0.005840 200.000000 8.163265
60 0.000069 0.005322 300.000000 8.219178
60 0.000045 0.006708 400.000000 8.547009
60 0.000035 0.006756 500.000000 7.861635
60 0.000034 0.005471 600.000000 8.333333
60 0.000033 0.004662 700.000000 8.805032
60 0.000025 0.003860 800.000000 8.281573
70 0.000115 0.005634 100.000000 9.174312
70 0.000050 0.007015 200.000000 8.163265
70 0.000063 0.006762 300.000000 8.264462
70 0.000044 0.007530 400.000000 8.528785
70 0.000036 0.007711 500.000000 7.886436
70 0.000034 0.006614 600.000000 8.391608
70 0.000032 0.005859 700.000000 8.739077
70 0.000026 0.004395 800.000000 8.281573
80 0.000067 0.004938 100.000000 9.174312
80 0.000047 0.006453 200.000000 8.130081
80 0.000068 0.006802 300.000000 8.287292
80 0.000043 0.007050 400.000000 8.492569
80 0.000038 0.008265 500.000000 7.911392
80 0.000035 0.008225 600.000000 8.438819
80 0.000032 0.007822 700.000000 8.695652
80 0.000026 0.006145 800.000000 8.290155
90 0.000096 0.005565 100.000000 8.928572
90 0.000052 0.007175 200.000000 8.032128
90 0.000061 0.007584 300.000000 8.264462
90 0.000041 0.007593 400.000000 8.438819
90 0.000039 0.008599 500.000000 7.923930
90 0.000034 0.008341 600.000000 8.474576
90 0.000023 0.007610 700.000000 8.663366
90 0.000026 0.005712 800.000000 8.281573
100 0.000093 0.005590 100.000000 8.695652
100 0.000062 0.006871 200.000000 7.936508
100 0.000061 0.007446 300.000000 8.264462
100 0.000038 0.007365 400.000000 8.368201
100 0.000038 0.008225 500.000000 7.936508
100 0.000033 0.007794 600.000000 8.522727
100 0.000020 0.006755 700.000000 8.641975
100 0.000027 0.005264 800.000000 8.273009
110 0.000063 0.008667 100.000000 8.403361
110 0.000056 0.007777 200.000000 7.874016
110 0.000043 0.008705 300.000000 8.264462
110 0.000035 0.008210 400.000000 8.316009
110 0.000031 0.008565 500.000000 7.949126
110 0.000030 0.007576 600.000000 8.559201
110 0.000016 0.006019 700.000000 8.641975
110 0.000024 0.004301 800.000000 8.273009
120 0.000048 0.005973 100.000000 8.064516
120 0.000058 0.005264 200.000000 7.843137
120 0.000049 0.006213 300.000000 8.264462
120 0.000043 0.005836 400.000000 8.264462
120 0.000038 0.007229 500.000000 7.974482
120 0.000033 0.007197 600.000000 8.608321
120 0.000017 0.006208 700.000000 8.641975
120 0.000023 0.005306 800.000000 8.273009
130 0.000033 0.007553 100.000000 7.812500
130 0.000053 0.006171 200.000000 7.782101
130 0.000045 0.006685 300.000000 8.287292
130 0.000042 0.006521 400.000000 8.113590
130 0.000036 0.008224 500.000000 8.000000
130 0.000032 0.008189 600.000000 8.658009
130 0.000014 0.006828 700.000000 8.652658
130 0.000021 0.005638 800.000000 8.255934
140 0.000039 0.006883 100.000000 7.575758
140 0.000053 0.005078 200.000000 7.782101
140 0.000046 0.005107 300.000000 8.310249
140 0.000042 0.006374 400.000000 7.677543
140 0.000037 0.007597 500.000000 8.038586
140 0.000032 0.007935 600.000000 8.695652
140 0.000014 0.006641 700.000000 8.641975
140 0.000019 0.005733 800.000000 8.188332
150 0.000052 0.005787 100.000000 7.462687
150 0.000061 0.005407 200.000000 7.751938
150 0.000048 0.004690 300.000000 8.333333
150 0.000042 0.007186 400.000000 7.604563
150 0.000038 0.008305 500.000000 8.090615
150 0.000033 0.008820 600.000000 8.733624
150 0.000011 0.007254 700.000000 8.536586
150 0.000018 0.006021 800.000000 7.662835
160 0.000059 0.005766 100.000000 7.352941
160 0.000067 0.005556 200.000000 7.782101
160 0.000054 0.004867 300.000000 8.356546
160 0.000044 0.007495 400.000000 7.575758
160 0.000039 0.008808 500.000000 8.130081
160 0.000033 0.009214 600.000000 8.759124
160 0.000013 0.007583 700.000000 8.206330
170 0.000037 0.005906 100.000000 7.299270
170 0.000065 0.003947 200.000000 7.812500
170 0.000048 0.004400 300.000000 8.333333
170 0.000043 0.007022 400.000000 7.575758
170 0.000036 0.008139 500.000000 8.183306
170 0.000032 0.008430 600.000000 8.708273
170 0.000015 0.006973 700.000000 8.158508
180 0.000042 0.006047 100.000000 7.246377
180 0.000073 0.004425 200.000000 7.843137
180 0.000050 0.004151 300.000000 8.287292
180 0.000043 0.007206 400.000000 7.604563
180 0.000038 0.008556 500.000000 8.237232
180 0.000030 0.008839 600.000000 8.633094
180 0.000017 0.007139 700.000000 8.149011
190 0.000048 0.007287 100.000000 7.194244
190 0.000070 0.006049 200.000000 7.874016
190 0.000045 0.005526 300.000000 8.264462
190 0.000040 0.007835 400.000000 7.633588
190 0.000035 0.008493 500.000000 8.305648
190 0.000020 0.008241 600.000000 8.595988
190 0.000021 0.006513 700.000000 8.158508
200 0.000040 0.006299 100.000000 7.194244
200 0.000065 0.005106 200.000000 7.905138
200 0.000045 0.004457 300.000000 8.264462
200 0.000046 0.007378 400.000000 7.677543
200 0.000036 0.008389 500.000000 8.375210
200 0.000014 0.008288 600.000000 8.595988
200 0.000018 0.006579 700.000000 8.177570
210 0.000046 0.004222 100.000000 7.246377
210 0.000062 0.003524 200.000000 7.968128
210 0.000043 0.002999 300.000000 8.241758
210 0.000042 0.006172 400.000000 7.722008
210 0.000037 0.007443 500.000000 8.445946
210 0.000006 0.007404 600.000000 8.608321
210 0.000017 0.006289 700.000000 8.196721
220 0.000070 0.005442 100.000000 7.299270
220 0.000061 0.004788 200.000000 8.064516
220 0.000053 0.004403 300.000000 8.241758
220 0.000044 0.007452 400.000000 7.766990
220 0.000037 0.008352 500.000000 8.517887
220 0.000011 0.007795 600.000000 8.633094
220 0.000020 0.006494 700.000000 8.225616
230 0.000096 0.005414 100.000000 7.352941
230 0.000064 0.004900 200.000000 8.163265
230 0.000048 0.004629 300.000000 8.264462
230 0.000044 0.007705 400.000000 7.827789
230 0.000037 0.008476 500.000000 8.591065
230 0.000014 0.007688 600.000000 8.670520
230 0.000023 0.006549 700.000000 8.244994
240 0.000085 0.004775 100.000000 7.462687
240 0.000063 0.004846 200.000000 8.298756
240 0.000050 0.004304 300.000000 8.287292
240 0.000041 0.006782 400.000000 7.905138
240 0.000035 0.007260 500.000000 8.680555
240 0.000014 0.006429 600.000000 8.720930
240 0.000022 0.005774 700.000000 8.274232
250 0.000081 0.005376 100.000000 7.633588
250 0.000067 0.003629 200.000000 8.438819
250 0.000056 0.003637 300.000000 8.287292
250 0.000047 0.006802 400.000000 7.984032
250 0.000040 0.007881 500.000000 8.771930
250 0.000015 0.007105 600.000000 8.771930
250 0.000018 0.006599 700.000000 8.303678
260 0.000098 0.007071 100.000000 7.751938
260 0.000068 0.003594 200.000000 8.547009
260 0.000059 0.004495 300.000000 8.021390
260 0.000047 0.007499 400.000000 8.064516
260 0.000039 0.008765 500.000000 8.849558
260 0.000016 0.007787 600.000000 8.810573
260 0.000019 0.007284 700.000000 8.313540
270 0.000104 0.006015 100.000000 7.874016
270 0.000066 0.003481 200.000000 8.658009
270 0.000060 0.004410 300.000000 7.692307
270 0.000047 0.006040 400.000000 8.130081
270 0.000039 0.007106 500.000000 8.928572
270 0.000019 0.006471 600.000000 8.823529
270 0.000023 0.006458 700.000000 8.264462
280 0.000115 0.006601 100.000000 7.936508
280 0.000060 0.003229 200.000000 8.771930
280 0.000054 0.005606 300.000000 7.614213
280 0.000046 0.006689 400.000000 8.213552
280 0.000037 0.007579 500.000000 9.009009
280 0.000016 0.006643 600.000000 8.784773
280 0.000019 0.006457 700.000000 7.803791
290 0.000114 0.006700 100.000000 8.064516
290 0.000079 0.003277 200.000000 8.849558
290 0.000059 0.005628 300.000000 7.614213
290 0.000047 0.006745 400.000000 8.281573
290 0.000038 0.007680 500.000000 9.057971
290 0.000017 0.006961 600.000000 8.403361
300 0.000131 0.003010 100.000000 8.196721
300 0.000071 0.003342 200.000000 8.928572
300 0.000054 0.006302 300.000000 7.633588
300 0.000045 0.007190 400.000000 8.368201
300 0.000038 0.007608 500.000000 9.074410
300 0.000018 0.006862 600.000000 8.321775
310 0.000108 0.002375 100.000000 8.333333
310 0.000060 0.002902 200.000000 8.888889
310 0.000053 0.005510 300.000000 7.672634
310 0.000039 0.006302 400.000000 8.456659
310 0.000033 0.006760 500.000000 9.009009
310 0.000018 0.006311 600.000000 8.310249
320 0.000123 0.003915 100.000000 8.474576
320 0.000045 0.003613 200.000000 8.849558
320 0.000048 0.005513 300.000000 7.731959
320 0.000038 0.005785 400.000000 8.547009
320 0.000026 0.005805 500.000000 8.944544
320 0.000020 0.005490 600.000000 8.321775
330 0.000100 0.004726 100.000000 8.620689
330 0.000052 0.003370 200.000000 8.849558
330 0.000048 0.005115 300.000000 7.772021
330 0.000038 0.005575 400.000000 8.620689
330 0.000014 0.005613 500.000000 8.912656
330 0.000021 0.005259 600.000000 8.333333
340 0.000077 0.005667 100.000000 8.695652
340 0.000050 0.003871 200.000000 8.849558
340 0.000041 0.004718 300.000000 7.832898
340 0.000032 0.004714 400.000000 8.714597
340 0.000011 0.004474 500.000000 8.912656
340 0.000017 0.004349 600.000000 8.356546
350 0.000082 0.005359 100.000000 8.849558
350 0.000047 0.003283 200.000000 8.771930
350 0.000043 0.004327 300.000000 7.894737
350 0.000032 0.004809 400.000000 8.810573
350 0.000009 0.004601 500.000000 8.928572
350 0.000015 0.004647 600.000000 8.368201
360 0.000053 0.006807 100.000000 8.928572
360 0.000052 0.004216 200.000000 8.771930
360 0.000044 0.004416 300.000000 7.936508
360 0.000032 0.004454 400.000000 8.888889
360 0.000009 0.003793 500.000000 8.960573
360 0.000016 0.004052 600.000000 8.391608
370 0.000039 0.008270 100.000000 9.090909
370 0.000051 0.005489 200.000000 8.733624
370 0.000044 0.003773 300.000000 8.000000
370 0.000028 0.003421 400.000000 8.988764
370 0.000013 0.002791 500.000000 8.976661
370 0.000013 0.003580 600.000000 8.403361
380 0.000064 0.009640 100.000000 9.259259
380 0.000056 0.005621 200.000000 8.620689
380 0.000050 0.003661 300.000000 8.086253
380 0.000032 0.003895 400.000000 9.070294
380 0.000013 0.003336 500.000000 9.009009
380 0.000015 0.004286 600.000000 8.415147
390 0.000059 0.011312 100.000000 9.433962
390 0.000058 0.006046 200.000000 7.843137
390 0.000043 0.004368 300.000000 8.152174
390 0.000031 0.004089 400.000000 9.174312
390 0.000012 0.003114 500.000000 9.025270
390 0.000016 0.003992 600.000000 8.379889
400 0.000048 0.013073 100.000000 9.615385
400 0.000061 0.007808 200.000000 7.462687
400 0.000041 0.004228 300.000000 8.241758
400 0.000026 0.003282 400.000000 9.237875
400 0.000016 0.001941 500.000000 9.009009
400 0.000016 0.003019 600.000000 8.241758
410 0.000044 0.014426 100.000000 9.708738
410 0.000052 0.009303 200.000000 7.380074
410 0.000036 0.004763 300.000000 8.310249
410 0.000023 0.003202 400.000000 9.302325
410 0.000013 0.001946 500.000000 8.650519
420 0.000044 0.010923 100.000000 9.615385
420 0.000060 0.008160 200.000000 7.352941
420 0.000035 0.003811 300.000000 8.379889
420 0.000022 0.002443 400.000000 9.280743
420 0.000013 0.001864 500.000000 8.319468
430 0.000014 0.008271 100.000000 9.345795
430 0.000054 0.006812 200.000000 7.352941
430 0.000031 0.002930 300.000000 8.474576
430 0.000014 0.001364 400.000000 9.132421
430 0.000017 0.002318 500.000000 8.278146
440 0.000038 0.008334 100.000000 9.090909
440 0.000048 0.006289 200.000000 7.380074
440 0.000028 0.002679 300.000000 8.547009
440 0.000021 0.000712 400.000000 9.009009
440 0.000018 0.002300 500.000000 8.264462
450 0.000071 0.006855 100.000000 8.928572
450 0.000053 0.004485 200.000000 7.407407
450 0.000033 0.002139 300.000000 8.645534
450 0.000018 0.001574 400.000000 8.948545
450 0.000017 0.003401 500.000000 8.264462
460 0.000066 0.006924 100.000000 8.695652
460 0.000049 0.004157 200.000000 7.434944
460 0.000032 0.002104 300.000000 8.746356
460 0.000027 0.001788 400.000000 8.928572
460 0.000019 0.003686 500.000000 8.264462
470 0.000079 0.006929 100.000000 8.474576
470 0.000057 0.003998 200.000000 7.462687
470 0.000031 0.002048 300.000000 8.823529
470 0.000025 0.001469 400.000000 8.928572
470 0.000020 0.003691 500.000000 8.264462
480 0.000065 0.006945 100.000000 8.196721
480 0.000050 0.004198 200.000000 7.518797
480 0.000026 0.002128 300.000000 8.928572
480 0.000026 0.001351 400.000000 8.928572
480 0.000022 0.003839 500.000000 8.250825
490 0.000066 0.005541 100.000000 7.575758
490 0.000048 0.004171 200.000000 7.575758
490 0.000026 0.002168 300.000000 9.009009
490 0.000025 0.001841 400.000000 8.908686
490 0.000026 0.004428 500.000000 8.223684
500 0.000089 0.007445 100.000000 6.172840
500 0.000044 0.005050 200.000000 7.633588
500 0.000022 0.002573 300.000000 9.090909
500 0.000026 0.001940 400.000000 8.869180
500 0.000027 0.004065 500.000000 8.077544
510 0.000078 0.009342 100.000000 5.917160
510 0.000042 0.004962 200.000000 7.692307
510 0.000017 0.002303 300.000000 9.146341
510 0.000024 0.002012 400.000000 8.547009
520 0.000093 0.009799 100.000000 5.882353
520 0.000036 0.004403 200.000000 7.812500
520 0.000019 0.001514 300.000000 9.146341
520 0.000024 0.002633 400.000000 8.048289
530 0.000096 0.009303 100.000000 5.952381
530 0.000038 0.003718 200.000000 7.968128
530 0.000021 0.000652 300.000000 9.090909
530 0.000026 0.003897 400.000000 8.016032
540 0.000089 0.010183 100.000000 6.060606
540 0.000033 0.004523 200.000000 8.130081
540 0.000033 0.001662 300.000000 8.982036
540 0.000027 0.004117 400.000000 8.032128
550 0.000074 0.010865 100.000000 6.134969
550 0.000034 0.006203 200.000000 8.298756
550 0.000036 0.003241 300.000000 8.928572
550 0.000025 0.004747 400.000000 8.064516
560 0.000055 0.011012 100.000000 6.250000
560 0.000027 0.006223 200.000000 8.438819
560 0.000032 0.002880 300.000000 8.928572
560 0.000032 0.004360 400.000000 8.080808
570 0.000048 0.011857 100.000000 6.410256
570 0.000027 0.007241 200.000000 8.658009
570 0.000041 0.003615 300.000000 8.955224
570 0.000040 0.005086 400.000000 8.130081
580 0.000041 0.013425 100.000000 6.535948
580 0.000025 0.008468 200.000000 8.849558
580 0.000045 0.004258 300.000000 9.009009
580 0.000042 0.004939 400.000000 8.163265
590 0.000047 0.014100 100.000000 6.666667
590 0.000025 0.009078 200.000000 9.049774
590 0.000038 0.005056 300.000000 9.063444
590 0.000036 0.004917 400.000000 8.196721
600 0.000038 0.013307 100.000000 6.849315
600 0.000015 0.007733 200.000000 9.259259
600 0.000046 0.003627 300.000000 9.146341
600 0.000042 0.004743 400.000000 8.230453
610 0.000053 0.012001 100.000000 7.092198
610 0.000018 0.006549 200.000000 9.523809
610 0.000045 0.002972 300.000000 9.259259
610 0.000043 0.004747 400.000000 8.281573
620 0.000028 0.012459 100.000000 7.462687
620 0.000021 0.006990 200.000000 9.852217
620 0.000046 0.003116 300.000000 9.404388
620 0.000046 0.005170 400.000000 8.368201
630 0.000047 0.011475 100.000000 7.936508
630 0.000010 0.005994 200.000000 10.256411
630 0.000040 0.002732 300.000000 9.646302
630 0.000041 0.004659 400.000000 8.492569
640 0.000040 0.011528 100.000000 8.547009
640 0.000019 0.006535 200.000000 10.752688
640 0.000047 0.002885 300.000000 9.900990
640 0.000044 0.004643 400.000000 8.620689
650 0.000025 0.013953 100.000000 9.174312
650 0.000035 0.009218 200.000000 11.235955
650 0.000050 0.004044 300.000000 10.135135
650 0.000051 0.005065 400.000000 8.714597
660 0.000027 0.012621 100.000000 9.803922
660 0.000034 0.008432 200.000000 11.764706
660 0.000054 0.003503 300.000000 10.344828
660 0.000052 0.005554 400.000000 8.733624
670 0.000025 0.008699 100.000000 10.416667
670 0.000034 0.005886 200.000000 12.195122
670 0.000055 0.002267 300.000000 10.380623
670 0.000056 0.006080 400.000000 8.492569
680 0.000026 0.008705 100.000000 10.989011
680 0.000028 0.005318 200.000000 12.500000
680 0.000052 0.003194 300.000000 9.677420
690 0.000040 0.009702 100.000000 11.494253
690 0.000036 0.005974 200.000000 12.578616
690 0.000052 0.004535 300.000000 9.090909
700 0.000036 0.009163 100.000000 11.904762
700 0.000068 0.005585 200.000000 12.048193
700 0.000058 0.005011 300.000000 9.009009
710 0.000029 0.007647 100.000000 12.345679
710 0.000090 0.003880 200.000000 11.494253
710 0.000058 0.005694 300.000000 8.955224
720 0.000020 0.005666 100.000000 12.820513
720 0.000084 0.001870 200.000000 11.235955
720 0.000064 0.006362 300.000000 8.902077
730 0.000027 0.005708 100.000000 13.333333
730 0.000071 0.001458 200.000000 11.049724
730 0.000059 0.006451 300.000000 8.875740
740 0.000050 0.006970 100.000000 13.698630
740 0.000078 0.001899 200.000000 10.928962
740 0.000061 0.007155 300.000000 8.823529
750 0.000064 0.006399 100.000000 14.084507
750 0.000082 0.001708 200.000000 10.810811
750 0.000072 0.008623 300.000000 8.746356
760 0.000050 0.005411 100.000000 14.285714
760 0.000083 0.003771 200.000000 10.582010
760 0.000072 0.009764 300.000000 8.426967
770 0.000039 0.004078 100.000000 14.084507
770 0.000083 0.005649 200.000000 8.928572
780 0.000085 0.004127 100.000000 12.500000
780 0.000077 0.007926 200.000000 8.032128
790 0.000166 0.003495 100.000000 10.416667
790 0.000080 0.009682 200.000000 7.812500
800 0.000153 0.005142 100.000000 9.523809
800 0.000088 0.011900 200.000000 7.633588
810 0.000159 0.005561 100.000000 9.009009
810 0.000083 0.012013 200.000000 7.462687
820 0.000143 0.007395 100.000000 8.620689
820 0.000087 0.012358 200.000000 7.272727
830 0.000159 0.011408 100.000000 8.130081
830 0.000092 0.013454 200.000000 6.825939
840 0.000156 0.013900 100.000000 6.211180
850 0.000144 0.017431 100.000000 5.813953
860 0.000125 0.017001 100.000000 5.882353
870 0.000071 0.011780 100.000000 6.024096
880 0.000047 0.008967 100.000000 6.134969
890 0.000046 0.007737 100.000000 6.211180
900 0.000055 0.007936 100.000000 6.289308
910 0.000091 0.009043 100.000000 6.329114
920 0.000099 0.010929 100.000000 6.329114
930 0.000075 0.011191 100.000000 6.289308
940 0.000066 0.010941 100.000000 6.172840
950 0.000080 0.009587 100.000000 5.882353
960 0.000087 0.008961 100.000000 5.128205
970 0.000082 0.007322 100.000000 4.405286
