0.000000 -0.000000 -0.000001 0.000000
0.003267 4.566315 -0.026430 4.558623
-0.031716 9.099118 -0.075609 9.073310
-0.081952 13.587370 -0.140569 13.549757
-0.172757 18.042800 -0.224146 18.001196
-0.267875 22.451640 -0.311417 22.395403
-0.358400 26.802010 -0.394081 26.748661
-0.442803 31.082040 -0.492403 31.011930
-0.523018 35.271990 -0.578953 35.201237
-0.611006 39.330190 -0.658416 39.245766
-0.673187 43.239550 -0.707481 43.158344
-0.695957 46.977480 -0.736921 46.905506
-0.690361 50.605530 -0.710348 50.539970
-0.609462 54.132960 -0.608158 54.095165
-0.411112 57.531050 -0.402374 57.483421
-0.030280 60.807340 -0.005346 60.785229
0.568852 63.940690 0.589321 63.903942
1.400581 66.903860 1.414333 66.889618
2.445156 69.702430 2.442207 69.703934
3.697183 72.300100 3.691257 72.309326
5.171922 74.740420 5.176727 74.785706
6.852965 76.941870 6.877228 77.035370
8.750799 78.905900 8.792126 79.050880
10.823450 80.634320 10.878105 80.805923
13.066210 82.178440 13.144077 82.348312
15.504950 83.526400 15.637705 83.656456
18.101340 84.588810 18.283194 84.727020
20.853170 85.339470 21.090406 85.474518
23.704110 85.757740 23.968410 85.892815
26.596700 85.903500 26.914389 86.031204
29.539120 85.860020 29.918165 85.985672
32.495530 85.669740 32.912327 85.797409
35.473920 85.419290 35.922264 85.547852
38.479390 85.150930 38.958035 85.266670
41.523140 84.840110 42.003189 84.982452
44.591610 84.512730 45.067360 84.669075
47.698590 84.159740 48.181068 84.347450
50.851300 83.780360 51.342087 83.984100
54.021280 83.370120 54.502071 83.611809
57.236480 82.963200 57.695587 83.233093
60.484150 82.564450 60.910534 82.858246
63.801630 82.126570 64.198219 82.462776
67.115350 81.671290 67.494034 82.033890
70.485000 81.248710 70.796852 81.662918
73.889090 80.831410 74.213982 81.251457
77.339480 80.402860 77.649399 80.844345
80.814430 79.981940 81.109810 80.451347
84.311560 79.560560 84.628525 80.047249
87.843140 79.132970 88.195900 79.623787
91.452740 78.712050 91.797028 79.228699
95.109110 78.302620 95.461220 78.851517
98.802080 77.939830 99.167152 78.489151
102.537600 77.577720 102.902565 78.111252
106.283100 77.182590 106.674660 77.720108
110.001900 76.763780 110.439201 77.302361
113.690700 76.253080 114.140106 76.794250
117.341000 75.581300 117.794083 76.152283
120.903700 74.751300 121.341309 75.357437
124.437500 73.785660 124.860664 74.427505
127.882800 72.651860 128.295792 73.325897
131.253600 71.361680 131.673386 72.065819
134.528800 69.931300 134.959824 70.669342
137.742000 68.328450 138.177383 69.093246
140.926800 66.546730 141.374390 67.334839
144.031200 64.574810 144.500519 65.375450
147.051200 62.406270 147.527451 63.215836
149.969500 60.049300 150.476318 60.866493
152.781800 57.504160 153.319962 58.342255
155.436800 54.746640 156.025253 55.576675
157.947400 51.752940 158.492462 52.610680
160.279800 48.634580 160.750961 49.448341
162.349000 45.353340 162.773163 46.129906
164.179800 41.946720 164.576797 42.733360
165.830900 38.447790 166.213684 39.240440
167.335400 34.861970 167.706787 35.633129
168.691200 31.242820 169.102997 32.007618
169.969500 27.582240 170.450134 28.362782
171.127300 23.900190 171.728882 24.698944
172.263200 20.221330 172.971466 21.059216
173.377000 16.599090 174.241272 17.437870
174.627000 13.004350 175.555557 13.867908
175.942500 9.442182 176.903534 10.350449
177.356800 5.917093 178.353577 6.857166
178.928800 2.434985 179.957764 3.424400
180.675800 -0.971876 181.684296 0.068588
182.554400 -4.252484 183.540405 -3.104836
184.560700 -7.384682 185.509109 -6.166550
186.750900 -10.368790 187.699234 -9.089226
189.116500 -13.135630 190.041901 -11.828529
191.665700 -15.656880 192.563797 -14.299019
194.385900 -17.931220 195.255585 -16.537567
197.226100 -19.980800 198.130859 -18.556145
200.271800 -21.743030 201.184692 -20.321098
203.448300 -23.203180 204.391861 -21.792747
206.758900 -24.325190 207.745117 -22.911911
210.184300 -25.068170 211.188370 -23.654083
213.630700 -25.424490 214.655457 -24.026009
217.117000 -25.407460 218.113266 -24.000248
220.571900 -25.039820 221.598862 -23.662506
224.021200 -24.363710 225.040894 -22.982277
227.429900 -23.372920 228.418915 -21.975960
230.747500 -22.058700 231.695389 -20.666969
233.928400 -20.443850 234.847534 -19.050346
237.019600 -18.526770 237.873352 -17.129509
239.961000 -16.355940 240.758636 -14.953949
242.779800 -13.984550 243.526825 -12.566154
245.458500 -11.414060 246.143875 -10.005852
247.997000 -8.674394 248.634003 -7.249931
250.390600 -5.759310 250.966858 -4.320168
252.655600 -2.686673 253.198853 -1.230255
254.806500 0.534019 255.301407 1.991295
256.864000 3.862410 257.338928 5.342255
258.884400 7.263272 259.327362 8.759567
260.877600 10.718320 261.293030 12.223274
262.828700 14.222610 263.224091 15.760612
264.741600 17.745920 265.113892 19.290916
266.637600 21.266150 266.980927 22.820381
268.527700 24.786100 268.832489 26.336266
270.375000 28.334210 270.705383 29.862556
272.219500 31.917810 272.592773 33.426781
274.124700 35.502240 274.504059 37.038979
276.050500 39.060050 276.404449 40.659241
277.989700 42.665330 278.332855 44.301216
279.912600 46.301830 280.247101 47.945084
281.775800 49.949900 282.142670 51.574524
283.563100 53.532720 284.000275 55.179115
285.356500 57.056770 285.784241 58.749664
287.075600 60.536460 287.513000 62.249886
288.712000 63.954910 289.177551 65.710365
290.293900 67.289100 290.790619 69.089203
291.871100 70.559820 292.411011 72.408028
293.538100 73.753600 294.108032 75.621368
295.351100 76.864560 295.924774 78.771263
297.261700 79.892800 297.882629 81.836304
299.367900 82.771990 300.027527 84.737015
301.654700 85.444430 302.340027 87.416847
304.129900 87.873730 304.844543 89.896652
306.795800 90.009740 307.540436 92.060364
309.610300 91.815310 310.392395 93.907555
312.540600 93.287990 313.390259 95.418350
315.589700 94.424870 316.475739 96.607628
318.731100 95.231100 319.685059 97.431229
321.947000 95.719040 322.938629 97.932510
325.202000 95.875140 326.201477 98.079475
328.404100 95.672520 329.447357 97.870834
331.635400 95.086030 332.608337 97.315758
334.756200 94.171900 335.692566 96.393242
337.636900 92.963350 338.697998 95.155655
340.363200 91.461070 341.538940 93.572159
342.964100 89.692180 344.290527 91.649796
345.403300 87.579170 346.791687 89.403000
347.592200 85.092570 349.037506 86.853874
349.463400 82.321490 350.953583 84.053871
351.002500 79.397790 352.531372 81.106705
352.204000 76.402830 353.755829 78.041245
353.107800 73.306490 354.684052 74.885834
353.811200 70.096650 355.431763 71.680908
354.464700 66.889050 356.080017 68.485130
355.047400 63.664610 356.646729 65.269852
355.500500 60.449100 357.134369 62.029705
355.866900 57.296080 357.547729 58.857147
356.198500 54.208160 357.924194 55.738457
356.525800 51.221050 358.318604 52.739346
356.961300 48.369400 358.792175 49.900726
357.538900 45.752540 359.378479 47.297264
358.275300 43.388830 360.120422 44.937080
359.266800 41.238890 361.124207 42.809700
360.571800 39.373830 362.406677 40.986603
362.156300 37.835540 363.947601 39.475113
363.974400 36.638300 365.728271 38.297073
366.080400 35.761110 367.775513 37.447823
368.547300 35.234490 370.148987 36.935844
371.148400 35.045060 372.689728 36.781212
373.899500 35.175270 375.379974 36.921539
376.698100 35.611110 378.134796 37.351158
379.470900 36.322790 380.916687 38.079292
382.212100 37.294470 383.633026 39.044975
384.867700 38.517990 386.296295 40.278885
387.364100 39.991850 388.810150 41.773315
389.701500 41.780710 391.134338 43.589828
391.802700 43.839190 393.242126 45.654327
393.689400 46.099010 395.119354 47.927475
395.383900 48.474340 396.818207 50.299393
396.942200 50.928340 398.381165 52.765915
398.325500 53.450140 399.772888 55.296860
399.544900 56.052550 400.989075 57.908951
400.579700 58.728940 402.041748 60.590851
401.390700 61.486590 402.893372 63.376122
401.978000 64.333130 403.493530 66.229126
402.335300 67.250270 403.864838 69.164314
402.474600 70.259740 403.994232 72.187637
402.447300 73.356030 403.945465 75.306351
402.341800 76.540880 403.799683 78.488983
402.228800 79.805450 403.626801 81.734627
402.075400 83.156280 403.395355 85.096909
401.927800 86.597120 403.133667 88.552002
401.721900 90.113350 402.837250 92.060875
401.455800 93.737450 402.510223 95.654320
401.169200 97.438860 402.168182 99.349960
400.835400 101.196700 401.779938 103.105576
400.479100 104.981000 401.379730 106.869919
400.086700 108.745200 400.946045 110.644485
399.638200 112.493800 400.456055 114.370132
399.138700 116.226700 399.934692 118.087692
398.603300 119.924700 399.360168 121.779793
398.025400 123.612000 398.754822 125.446381
397.409200 127.314800 398.128845 129.147888
396.829000 131.013100 397.555634 132.795059
396.222300 134.687900 396.938568 136.434143
395.601900 138.281700 396.330475 140.088531
395.033400 141.881600 395.773956 143.759918
394.483600 145.487500 395.217163 147.385086
393.961300 149.091800 394.686432 151.026154
393.456700 152.724500 394.165009 154.670471
392.964400 156.362200 393.651123 158.350815
392.473900 160.012200 393.121796 162.031906
391.988000 163.681600 392.604492 165.736862
391.511200 167.360500 392.079163 169.447083
391.037700 171.040400 391.560059 173.164352
390.574400 174.743200 391.067291 176.895294
390.110100 178.440800 390.551941 180.635269
389.662900 182.147700 390.070343 184.357590
389.244100 185.891700 389.647430 188.124817
388.894800 189.677500 389.292389 191.897156
388.606000 193.461200 388.989166 195.681900
388.392800 197.250000 388.759460 199.451126
388.242200 201.058600 388.572723 203.250992
388.167200 204.843700 388.466309 207.048035
388.164900 208.656700 388.425232 210.840439
388.225800 212.467100 388.452240 214.678711
388.337900 216.277100 388.513031 218.500061
388.518500 220.100100 388.649780 222.363495
388.781300 223.924000 388.858154 226.226547
389.110400 227.762200 389.138580 230.088547
389.519500 231.600300 389.503265 233.960846
390.000700 235.455300 389.932098 237.849670
390.533100 239.323100 390.416168 241.733795
391.126500 243.191800 390.985199 245.645660
391.817200 247.082900 391.642517 249.564377
392.446500 250.991000 392.362640 253.470032
393.192700 254.933200 393.195770 257.401642
394.129800 258.841200 394.148315 261.315338
395.212400 262.725700 395.203003 265.248627
396.381300 266.559900 396.308075 269.117554
397.591700 270.309200 397.474701 272.918701
398.915600 273.988100 398.704956 276.650330
400.261600 277.620100 399.978210 280.323761
401.674900 281.230100 401.298584 283.971436
403.099300 284.836200 402.649231 287.620239
404.552600 288.368900 404.007629 291.187866
405.981400 291.858600 405.352417 294.725525
407.396700 295.286300 406.704346 298.207184
408.787500 298.654400 408.031891 301.628998
410.160300 301.970700 409.333618 304.985901
411.532700 305.248600 410.656006 308.312286
412.910200 308.514300 411.977600 311.564545
414.286500 311.815200 413.301575 314.935028
415.632400 315.158100 414.622437 318.320557
416.955300 318.554600 416.003174 321.686676
418.356500 321.950200 417.485901 325.123932
419.919100 325.360500 419.103882 328.548035
421.619500 328.772700 420.791687 331.962006
423.465300 332.205100 422.603882 335.399475
425.389400 335.648500 424.509399 338.844055
427.393700 339.062100 426.506104 342.297241
429.441400 342.427400 428.539001 345.706757
431.502800 345.736000 430.577820 349.052612
433.555500 349.037600 432.617188 352.390778
435.647400 352.345100 434.684448 355.749268
437.737700 355.673900 436.743195 359.091858
439.858900 359.019800 438.838928 362.469482
441.938400 362.354800 440.901001 365.845367
444.011500 365.707600 442.946899 369.194794
446.074200 369.043000 444.993103 372.581421
448.108100 372.393000 447.010437 375.913452
450.106200 375.748500 449.022278 379.267090
452.077600 379.076100 451.071655 382.621643
454.072700 382.382200 453.135468 385.964539
456.149900 385.671800 455.224304 389.305695
458.224600 388.968400 457.323425 392.633423
460.351800 392.205600 459.436401 395.892517
462.503100 395.388100 461.569550 399.115112
464.568500 398.419600 463.647736 402.172058
466.632000 401.347200 465.701965 405.116455
468.654400 404.221700 467.699677 408.024231
470.657600 407.038900 469.698395 410.863617
472.677800 409.783700 471.668579 413.663910
474.657200 412.487100 473.631805 416.410492
476.592600 415.139500 475.533508 419.084961
478.496300 417.710700 477.388977 421.666901
480.372100 420.213300 479.224792 424.160248
482.195400 422.602900 481.016968 426.581207
483.955500 424.843700 482.737762 428.828979
485.628500 426.923600 484.398651 430.925354
487.190800 428.865800 485.933014 432.893066
488.699400 430.731200 487.425446 434.767456
490.108000 432.491800 488.806366 436.528503
491.375400 434.138900 490.044006 438.170593
492.521700 435.661300 491.173920 439.692688
493.585300 437.088500 492.233032 441.118652
494.601900 438.498800 493.231506 442.520721
495.493900 439.942600 494.096130 443.941284
496.198400 441.455900 494.782562 445.397247
496.643000 443.038900 495.236877 446.938049
496.894900 444.688300 495.503662 448.533417
496.838300 446.434300 495.503052 450.283051
496.587000 448.236400 495.218475 452.092407
496.020500 450.035800 494.674194 453.921753
495.316800 451.880800 493.924133 455.707184
494.382600 453.714700 492.950134 457.506256
493.357500 455.591800 491.899109 459.365234
492.259600 457.525200 490.794617 461.270203
491.138900 459.531700 489.629150 463.281982
489.968800 461.583000 488.418213 465.344177
488.778600 463.722100 487.171631 467.481750
487.527700 465.987400 485.857849 469.713257
486.241900 468.332900 484.522675 472.046417
484.929200 470.750300 483.134399 474.420410
483.595100 473.196800 481.711090 476.841980
482.240900 475.680400 480.279449 479.290405
480.881200 478.179700 478.844452 481.764343
479.506700 480.715200 477.392731 484.283905
478.139700 483.249600 475.930359 486.762451
476.741800 485.776600 474.444519 489.291565
475.327000 488.358200 472.960266 491.846802
473.905700 490.923000 471.466125 494.390991
472.463600 493.499100 469.960083 496.930939
471.030900 496.048700 468.465942 499.436493
469.654400 498.493900 467.034058 501.840057
468.311000 500.883700 465.632477 504.201447
467.003300 503.201000 464.269745 506.453247
465.767600 505.385700 462.987305 508.628326
464.618000 507.421200 461.794128 510.637299
463.563200 509.303500 460.697693 512.466187
462.581700 511.077100 459.670715 514.220398
461.620900 512.827500 458.671234 515.942017
460.698800 514.516100 457.706268 517.604248
459.825600 516.111800 456.792328 519.169983
459.035800 517.582500 455.964264 520.614075
458.312900 518.912300 455.202942 521.920288
457.589200 520.176600 454.438751 523.169617
456.756600 521.359000 453.598145 524.312622
455.798000 522.446500 452.618652 525.350403
454.695200 523.354600 451.551270 526.206482
453.456700 523.963300 450.364136 526.858459
452.010000 524.448000 448.935669 527.342712
450.370300 524.664900 447.352539 527.595337
448.645800 524.629300 445.591766 527.520081
446.853700 524.242200 443.814697 527.101074
445.001300 523.578900 441.982330 526.414429
443.053700 522.715000 440.104950 525.493469
441.070200 521.621600 438.182159 524.357300
439.068600 520.385000 436.216919 523.068726
437.067600 519.079900 434.268982 521.728516
435.131900 517.711100 432.338715 520.301025
433.248700 516.276400 430.518677 518.824097
431.409100 514.772600 428.702332 517.269775
429.653800 513.188400 426.995026 515.656250
427.979000 511.552500 425.314911 513.982178
426.376200 509.872800 423.731781 512.275635
424.896200 508.159600 422.239624 510.521271
423.477300 506.386900 420.829437 508.718964
422.151700 504.603800 419.507660 506.910950
420.895300 502.757100 418.253113 505.026611
419.698800 500.847600 417.040619 503.082550
418.553100 498.879100 415.903748 501.087036
417.436100 496.852200 414.780426 499.037872
416.341100 494.769800 413.689209 496.901672
415.299400 492.613200 412.625549 494.719360
414.283100 490.400400 411.591614 492.463776
413.291100 488.174100 410.593567 490.194031
412.307400 485.928500 409.625977 487.929138
411.321100 483.659600 408.666809 485.652710
410.385800 481.369500 407.734009 483.341309
409.484300 479.070200 406.843567 481.026947
408.605900 476.771200 405.986816 478.698120
407.747600 474.482200 405.167969 476.375946
406.916200 472.194500 404.365234 474.055695
406.106200 469.923800 403.588684 471.775757
405.321800 467.714100 402.844910 469.573669
404.581200 465.613200 402.132324 467.448425
403.881000 463.647100 401.463684 465.474579
403.196100 461.842900 400.827637 463.637512
402.563700 460.074300 400.186615 461.852478
401.946900 458.305600 399.565308 460.078766
401.296600 456.548600 398.912109 458.303345
400.651300 454.770400 398.261292 456.518646
399.996700 452.984700 397.600464 454.720215
399.329600 451.125900 396.926270 452.845520
398.618400 449.218000 396.227539 450.932251
397.822000 447.249700 395.458771 448.947144
396.969800 445.208000 394.636536 446.891876
396.116100 443.116600 393.792358 444.805603
395.211200 440.967800 392.891418 442.667450
394.287700 438.749400 391.981812 440.489532
393.341900 436.497700 391.037354 438.252686
392.358600 434.221800 390.099731 435.988312
391.343800 431.907700 389.117981 433.687744
390.285600 429.531900 388.094666 431.318237
389.177900 427.104300 387.023315 428.902466
388.002000 424.633000 385.871582 426.447449
386.786000 422.153600 384.695251 423.986084
385.529200 419.645500 383.486511 421.507935
384.252800 417.122900 382.234253 418.983398
382.927300 414.575600 380.940521 416.441498
381.591500 412.030100 379.637146 413.922852
380.224100 409.463100 378.288635 411.379456
378.830100 406.889400 376.923187 408.801208
377.404400 404.303400 375.543701 406.212036
375.940700 401.722300 374.108826 403.626160
374.431300 399.137000 372.636353 401.033112
372.878200 396.550200 371.101532 398.432526
371.286300 393.960100 369.530792 395.825989
369.662600 391.367800 367.941467 393.217438
368.012000 388.798400 366.314484 390.616516
366.357200 386.258300 364.647614 388.015930
364.686300 383.683500 362.970123 385.392578
362.990500 381.103100 361.267578 382.766449
361.274100 378.545400 359.560425 380.168427
359.479500 376.079600 357.853516 377.668365
357.743100 373.713700 356.178345 375.273071
356.046500 371.424400 354.518860 372.961548
354.349500 369.168400 352.835693 370.660217
352.662900 366.944000 351.183533 368.386902
351.018900 364.780500 349.539062 366.175995
349.445300 362.679200 347.989258 364.031555
347.970100 360.669800 346.518463 361.989319
346.587900 358.760700 345.131439 360.051239
345.269200 357.004900 343.808746 358.270111
343.987600 355.420000 342.535248 356.647400
342.722300 353.942300 341.274231 355.167847
341.428400 352.599100 339.991577 353.827087
340.132200 351.423100 338.683533 352.657623
338.769300 350.441200 337.325867 351.664978
337.341700 349.681300 335.903290 350.885010
335.777200 349.128400 334.372559 350.362701
334.132400 348.908200 332.711426 350.092651
332.452400 349.031300 331.022308 350.172607
330.797800 349.428100 329.368591 350.536926
329.211100 350.167300 327.774475 351.245300
327.641800 351.098300 326.211792 352.175232
326.094800 352.236000 324.675232 353.300110
324.512700 353.489700 323.084290 354.537811
322.875800 354.863500 321.404175 355.915771
321.135500 356.302000 319.628662 357.322662
319.250000 357.710100 317.716217 358.682404
317.242300 359.002400 315.699219 359.927887
315.093800 360.160000 313.519623 361.047913
312.852600 361.167400 311.273376 361.985382
310.509200 362.008200 308.935547 362.766632
308.069100 362.662200 306.515686 363.357178
305.560600 363.146700 303.986023 363.807831
302.953900 363.438100 301.406433 364.056030
300.313300 363.558500 298.762726 364.123444
297.631800 363.522600 296.081390 364.066284
294.885100 363.381000 293.356476 363.886993
292.104200 363.172300 290.553650 363.652405
289.300900 362.939000 287.756744 363.372620
286.491000 362.678500 284.940582 363.059448
283.693500 362.370200 282.139221 362.694336
280.920600 362.098000 279.386322 362.365234
278.169000 361.857400 276.611816 362.063721
275.446800 361.657400 273.907959 361.797058
272.737000 361.519800 271.186829 361.612579
270.035600 361.455000 268.468811 361.500000
267.327700 361.497700 265.739349 361.494934
264.630400 361.676000 263.016724 361.622955
261.940300 361.979900 260.329773 361.873322
259.250900 362.413000 257.636780 362.246521
256.573600 362.959900 254.945343 362.748138
253.917300 363.655300 252.283661 363.378845
251.288400 364.497000 249.642883 364.159027
248.680300 365.504900 246.997849 365.114075
246.094700 366.666900 244.399750 366.240601
243.562600 367.994000 241.834000 367.540649
241.083300 369.508300 239.347305 369.007996
238.697300 371.174900 236.946228 370.635803
236.432200 372.983900 234.675720 372.424072
234.282400 374.915600 232.514740 374.316010
232.221400 376.965100 230.451996 376.327637
230.283900 379.136000 228.512085 378.463959
228.445400 381.408600 226.681046 380.706512
226.762700 383.789500 225.000122 383.042175
225.240300 386.284200 223.460663 385.512878
223.870500 388.875300 222.076080 388.084167
222.651800 391.576800 220.837708 390.752991
221.610300 394.407600 219.758301 393.567688
220.731600 397.346700 218.830109 396.489319
220.036100 400.374900 218.086975 399.519226
219.492700 403.546000 217.521423 402.690552
219.131100 406.829700 217.122345 405.983765
218.954900 410.176200 216.925705 409.307434
218.961000 413.566100 216.911713 412.698639
219.145900 416.967900 217.076813 416.093719
219.451900 420.389700 217.365952 419.522064
219.829800 423.806600 217.716034 422.924683
220.310500 427.237200 218.162384 426.371918
220.868900 430.684800 218.671417 429.817108
221.441400 434.161900 219.179520 433.296783
222.038500 437.663400 219.727356 436.768158
222.674200 441.192400 220.290527 440.302734
223.324700 444.766400 220.847504 443.868896
223.976800 448.390400 221.421173 447.460052
224.645100 452.052600 222.005432 451.098541
225.326300 455.738000 222.606308 454.755676
226.013500 459.438200 223.219376 458.445007
226.742700 463.131400 223.873352 462.109283
227.489100 466.830800 224.541794 465.789276
228.247700 470.527000 225.232666 469.461517
229.012100 474.215100 225.927979 473.167694
229.762000 477.897100 226.615997 476.827087
230.499300 481.567900 227.274414 480.478455
231.252900 485.238400 227.953979 484.135529
232.010300 488.886300 228.627197 487.787079
232.763300 492.531800 229.316132 491.421387
233.545900 496.169700 230.009369 495.059509
234.328200 499.811600 230.697449 498.694427
235.108100 503.420000 231.401337 502.302429
235.907500 507.019800 232.122391 505.913330
236.703700 510.603300 232.847870 509.513214
237.481000 514.162500 233.544052 513.081848
238.249000 517.704200 234.246399 516.651978
239.014400 521.230500 234.929291 520.161255
239.746800 524.741600 235.581268 523.653137
240.436600 528.231300 236.207428 527.144348
241.102000 531.689500 236.810272 530.614502
241.740900 535.133300 237.410461 534.045959
242.359400 538.550300 237.980530 537.430847
242.993900 541.935900 238.562592 540.804199
243.655500 545.295800 239.179016 544.175293
244.307800 548.630700 239.818146 547.504333
244.986700 551.924500 240.475952 550.800537
245.686600 555.189800 241.157379 554.066650
246.402300 558.403000 241.847565 557.282654
247.160300 561.604000 242.582733 560.474365
247.954300 564.747800 243.351883 563.596008
248.799800 567.843200 244.176620 566.676392
249.719700 570.881500 245.056946 569.723755
250.691800 573.875500 246.000687 572.717468
251.722500 576.816900 247.000687 575.661316
252.792400 579.719200 248.036652 578.583862
253.899200 582.619100 249.095642 581.481384
254.999400 585.538800 250.140762 584.394043
256.084000 588.464600 251.173431 587.337341
257.132200 591.413100 252.157684 590.295898
258.142200 594.337700 253.114441 593.218140
259.143500 597.295100 254.050171 596.179993
260.132300 600.227900 254.976257 599.118164
261.124300 603.146400 255.916901 602.035095
262.175000 606.016800 256.911835 604.906433
263.321800 608.844200 258.017548 607.723389
264.592700 611.600700 259.258820 610.483643
266.012800 614.279900 260.641632 613.180298
267.588100 616.881700 262.181244 615.801514
269.323800 619.428300 263.882690 618.380005
271.210100 621.881800 265.747406 620.880554
273.238300 624.254900 267.726776 623.268799
275.373300 626.509900 269.826782 625.546631
277.623300 628.637000 272.023743 627.711060
279.976600 630.608900 274.350708 629.736938
282.453700 632.438800 276.786072 631.619751
285.065600 634.108700 279.382568 633.334351
287.781800 635.684200 282.064331 634.956177
290.614800 637.170400 284.869171 636.482727
293.572000 638.551300 287.796997 637.912170
296.640000 639.897800 290.819977 639.310913
299.815900 641.203200 293.937561 640.663635
303.076400 642.494500 297.122192 642.003967
306.357100 643.765800 300.333496 643.333008
309.674900 645.021300 303.580139 644.644043
312.999700 646.243800 306.846130 645.917847
316.341000 647.457400 310.114868 647.194336
319.656500 648.689200 313.355652 648.476013
322.948500 649.961000 316.587402 649.831238
326.166800 651.311700 319.760101 651.237183
329.336100 652.739100 322.867737 652.709167
332.444200 654.205600 325.907471 654.218384
335.400500 655.659200 328.831970 655.713196
338.177900 657.091100 331.622375 657.186462
340.853600 658.520100 334.309448 658.651794
343.392000 659.901300 336.853699 660.067017
345.797500 661.222900 339.268250 661.432617
348.061700 662.470200 341.557526 662.703369
350.227800 663.663600 343.731812 663.925659
352.269800 664.764500 345.802734 665.046997
354.171500 665.743600 347.704834 666.055969
355.867200 666.596600 349.385681 666.934509
357.385800 667.323400 350.893677 667.702026
358.688300 667.945100 352.167908 668.370667
359.785500 668.454700 353.254669 668.871216
360.684700 668.879300 354.154083 669.314819
361.448900 669.240500 354.923218 669.690796
362.202200 669.609800 355.646759 670.060547
362.884200 670.041700 356.272339 670.532227
363.544500 670.582800 356.923126 671.070190
364.209800 671.330500 357.611298 671.787476
364.845000 672.309500 358.106140 672.845764
365.349200 673.552400 358.591034 674.095947
365.693100 675.079000 358.771423 675.497986
365.765200 676.782400 358.757111 677.175171
365.523700 678.539500 358.445038 678.938354
365.089100 680.489300 357.921265 680.807922
364.466100 682.514600 357.195496 682.755310
363.616300 684.610800 356.290924 684.777039
362.501500 686.760700 355.157837 686.898376
361.240200 688.988000 353.871033 689.083801
359.916600 691.336700 352.485840 691.381714
358.517400 693.800300 351.026306 693.825134
357.035700 696.407500 349.481537 696.379211
355.508800 699.115600 347.884216 699.033264
353.904300 701.929300 346.179382 701.810364
352.257400 704.823800 344.449646 704.632812
350.567500 707.796400 342.660706 707.553528
348.841400 710.853200 340.838257 710.539978
347.061700 713.947900 338.955811 713.564331
345.240600 717.126500 337.028503 716.674622
343.396200 720.384700 335.079712 719.837891
341.517100 723.688800 333.101135 723.056763
339.619000 727.060600 331.094757 726.341675
337.697800 730.488300 329.080139 729.653809
335.746300 733.965100 326.997437 733.089600
333.767200 737.500800 324.905457 736.522827
331.787300 741.093200 322.803162 740.043823
329.802100 744.697600 320.681885 743.572021
327.822700 748.252900 318.587982 747.041748
325.882900 751.750500 316.524963 750.464478
323.953700 755.221900 314.475525 753.844604
322.019400 758.698600 312.426605 757.239319
320.037700 762.177600 310.325867 760.642334
318.097700 765.622300 308.268799 764.012573
316.183200 769.057500 306.220886 767.381348
314.250000 772.494900 304.134521 770.733704
312.275800 775.931500 302.025452 774.123413
310.254000 779.359500 299.866302 777.453369
308.122800 782.782800 297.605438 780.789551
305.862800 786.166800 295.238007 784.101257
303.500700 789.503100 292.756866 787.355957
300.970800 792.776600 290.139465 790.525513
298.346100 795.948700 287.422546 793.586853
295.632400 799.046800 284.610687 796.569580
292.854400 802.131000 281.731598 799.535828
290.021900 805.167500 278.790955 802.453308
287.126600 808.146600 275.808838 805.286011
284.119000 811.063300 272.702545 808.079102
281.041800 813.860300 269.533203 810.725037
277.869300 816.545900 266.300415 813.283752
274.646800 819.105600 263.016815 815.721069
271.386100 821.531200 259.670227 818.043518
268.116800 823.813700 256.316162 820.218689
264.867100 825.970500 252.967850 822.272278
261.611600 828.060300 249.628235 824.245911
258.412200 830.064600 246.320709 826.143372
255.270800 831.964500 243.064484 827.954590
252.165400 833.785500 239.894287 829.646606
249.035500 835.465400 236.798111 831.247070
245.676600 836.941500 233.785828 832.757751
242.526400 838.395100 230.863480 834.197388
239.649200 839.782300 228.071304 835.570801
236.954200 841.095200 225.454269 836.832214
234.477400 842.339200 223.016312 838.020447
232.193600 843.528700 220.732010 839.171875
230.093400 844.639300 218.638962 840.233459
228.164600 845.633300 216.711349 841.173096
226.339700 846.487500 214.887146 841.966064
224.559800 847.148600 213.139282 842.548889
222.862900 847.611100 211.436890 842.948242
221.160000 847.853200 209.768036 843.089478
219.343600 847.650900 208.057770 842.975464
217.613700 847.228800 206.363480 842.530762
215.983200 846.459000 204.761993 841.769531
214.496600 845.376700 203.255890 840.683838
213.166300 844.015600 201.955322 839.294556
211.989600 842.443000 200.811676 837.689819
210.942500 840.673500 199.838379 835.898987
210.015200 838.668700 198.976303 833.915955
209.177100 836.492300 198.279846 831.736206
208.420100 834.203400 197.577057 829.412598
207.685300 831.756600 196.934738 826.918945
206.966400 829.169500 196.334671 824.342468
206.234900 826.499600 195.729965 821.649353
205.491300 823.727800 195.084915 818.832458
204.726900 820.872900 194.422638 815.941711
203.960100 817.947300 193.738312 812.964355
203.188700 814.944500 193.063080 809.918274
202.387700 811.853000 192.346146 806.775635
201.557100 808.685000 191.621964 803.574341
200.707000 805.446700 190.886230 800.311157
199.837600 802.169300 190.129166 796.973816
198.959100 798.853000 189.364365 793.606506
198.078300 795.512000 188.595367 790.211914
197.208100 792.134200 187.825378 786.792725
196.331500 788.727300 187.047165 783.351318
195.393800 785.296400 186.234024 779.876282
194.407000 781.832200 185.363861 776.376221
193.372100 778.361600 184.449203 772.847534
192.268500 774.862700 183.469482 769.304688
191.104500 771.351900 182.432678 765.744568
189.900200 767.803200 181.353226 762.135437
188.697400 764.215300 180.270020 758.490601
187.525500 760.573100 179.214294 754.776733
186.417200 756.874800 178.244522 751.031311
185.391100 753.140200 177.329956 747.226868
184.425300 749.376100 176.489471 743.407471
183.505800 745.586000 175.713776 739.554138
182.630800 741.760500 174.966492 735.669312
181.799600 737.920600 174.272217 731.793884
180.995700 734.046000 173.614929 727.916138
180.235100 730.165100 172.971985 724.023315
179.509000 726.267300 172.349243 720.114319
178.782600 722.358000 171.732544 716.178162
178.060700 718.433400 171.138458 712.237915
177.362100 714.485400 170.581421 708.265869
176.683600 710.485300 170.041901 704.263184
176.012100 706.523900 169.518036 700.250732
175.366700 702.573200 169.005676 696.238892
174.771600 698.664000 168.541107 692.299255
174.208700 694.786000 168.110046 688.365417
173.664500 690.971400 167.695618 684.523438
173.120400 687.194400 167.265533 680.697815
172.609800 683.452500 166.853516 676.930664
172.111300 679.757200 166.454712 673.195984
171.620100 676.075400 166.072433 669.507568
171.116500 672.425100 165.679474 665.842102
170.597300 668.791300 165.276489 662.180908
170.061700 665.158300 164.867508 658.522583
169.508500 661.515700 164.454956 654.849976
168.924400 657.855800 164.038727 651.176208
168.353600 654.164700 163.600723 647.450562
167.787000 650.469600 163.202881 643.750061
167.241700 646.760000 162.819458 640.042725
166.711700 643.033600 162.427719 636.296021
166.161900 639.298500 162.022186 632.541504
165.603300 635.547200 161.620682 628.787354
165.019900 631.781100 161.199127 625.001465
164.407900 627.989800 160.753693 621.205444
163.795100 624.165700 160.311600 617.376343
163.188600 620.333500 159.849731 613.511719
162.585900 616.485800 159.395309 609.649841
162.003800 612.637200 158.950577 605.782898
161.404000 608.796100 158.513199 601.917847
160.758000 604.972100 158.066940 598.019897
160.133600 601.135300 157.627060 594.137024
159.495800 597.273400 157.171127 590.246521
158.840300 593.366000 156.742432 586.311584
158.208600 589.447000 156.289932 582.330139
157.580800 585.515400 155.850357 578.370483
156.942900 581.558400 155.405853 574.386108
156.315100 577.584700 154.951889 570.363098
155.693100 573.602200 154.515442 566.349609
155.097900 569.612100 154.075897 562.348938
154.494600 565.631700 153.650131 558.337219
153.882900 561.635800 153.194992 554.322021
153.275400 557.661700 152.731323 550.316589
152.657100 553.699500 152.291138 546.333191
152.007000 549.736100 151.845520 542.325378
151.335500 545.780700 151.383545 538.329712
150.702300 541.830000 150.916504 534.303772
150.111100 537.863200 150.483582 530.334961
149.565800 533.878000 150.035172 526.309082
149.070700 529.886400 149.611191 522.296448
148.583300 525.892200 149.197632 518.286377
148.098100 521.899600 148.803864 514.281189
147.615200 517.906000 148.413025 510.270020
147.078600 513.924800 147.988953 506.272522
146.557400 509.928000 147.551239 502.260498
145.990800 505.947400 147.111496 498.300934
145.414200 501.983900 146.686981 494.295898
144.839400 498.023200 146.237183 490.301392
144.237000 494.066600 145.749023 486.322723
143.642200 490.086700 145.271027 482.334656
143.093600 486.100600 144.802658 478.354340
142.520000 482.109500 144.338699 474.361603
141.953600 478.120000 143.902481 470.377686
141.409200 474.120700 143.465836 466.380890
140.866200 470.116800 143.044571 462.373840
140.329900 466.129000 142.621445 458.390717
139.802900 462.170200 142.215302 454.454956
139.285200 458.259400 141.805878 450.540558
138.767400 454.380800 141.407867 446.657227
138.265200 450.537100 141.014420 442.817535
137.781900 446.703500 140.642151 439.006470
137.326700 442.890000 140.293457 435.194061
136.905100 439.064700 139.985138 431.362030
136.518100 435.237300 139.699509 427.525787
136.143200 431.414200 139.427902 423.703308
135.825400 427.592200 139.189743 419.894867
135.543200 423.737300 139.018280 416.042725
135.270100 419.908100 138.881195 412.217194
135.035900 416.031200 138.790436 408.358398
134.860400 412.167200 138.742844 404.514191
134.729600 408.319200 138.739563 400.660706
134.657500 404.515600 138.793228 396.866211
134.622800 400.768700 138.882263 393.116516
134.596400 397.079600 138.970856 389.443451
134.623000 393.460300 139.115707 385.811768
134.664700 389.903700 139.281738 382.250854
134.742900 386.395400 139.469940 378.763428
134.849100 382.945500 139.690445 375.329346
134.972000 379.565400 139.889725 371.972412
135.131800 376.244700 140.133789 368.693420
135.333900 373.018200 140.418030 365.480682
135.556500 369.861200 140.739075 362.345520
135.838900 366.777100 141.099762 359.287598
136.225700 363.791900 141.571365 356.336975
136.738700 360.891300 142.149109 353.462097
137.359000 358.081000 142.868744 350.655945
138.112400 355.303200 143.704178 347.895081
138.966200 352.534800 144.638626 345.150452
139.893600 349.805900 145.618469 342.445740
140.896000 347.157200 146.679352 339.846405
141.971400 344.579000 147.788574 337.358368
143.130500 342.084500 148.998688 334.915039
144.392300 339.674500 150.308258 332.560059
145.777400 337.332100 151.739838 330.270020
147.331500 335.073900 153.329010 328.084290
149.057400 332.893100 155.082748 325.996399
150.967000 330.772000 157.021179 323.995300
153.050000 328.762800 159.126968 322.081604
155.286900 326.913400 161.411209 320.313416
157.696000 325.210700 163.818085 318.709686
160.258100 323.696400 166.391037 317.297150
162.973100 322.395300 169.069504 316.119507
165.832800 321.314600 171.894547 315.183044
168.823000 320.455500 174.879471 314.430420
171.915000 319.751800 177.957764 313.840729
175.093600 319.154400 181.125809 313.358063
178.356600 318.621500 184.372803 312.935974
181.670600 318.107800 187.736954 312.543884
184.954100 317.552100 191.156891 312.184631
188.360600 317.014600 194.694229 311.809631
191.810500 316.498600 198.225006 311.422913
195.303300 315.956300 201.823120 310.980560
198.810200 315.370500 205.393417 310.500427
202.319700 314.727700 208.952286 309.957764
205.854900 314.018600 212.506241 309.358063
209.382100 313.210000 216.077408 308.644287
212.873900 312.313500 219.621811 307.850433
216.282400 311.315800 223.064621 306.956238
219.602300 310.211800 226.413635 305.953369
222.828600 308.969500 229.641052 304.820648
225.892800 307.618500 232.752258 303.566711
228.857400 306.132600 235.742859 302.177795
231.705300 304.510000 238.662170 300.621094
234.404500 302.795000 241.411163 299.005005
236.964200 301.022400 244.011993 297.329712
239.357400 299.191600 246.469070 295.552155
241.573300 297.348000 248.733337 293.791901
243.583200 295.531300 250.814713 292.016510
245.364000 293.745300 252.659348 290.278595
246.928300 292.003400 254.270874 288.568695
248.255900 290.313300 255.641205 286.920837
249.318200 288.712300 256.765167 285.339355
250.170400 287.137600 257.664459 283.771606
250.789300 285.600000 258.323029 282.234009
251.165900 284.019700 258.754883 280.625183
251.314100 282.347000 258.979980 278.995361
251.208600 280.685900 258.942505 277.340759
250.772400 279.031200 258.567963 275.592468
249.999900 277.363100 257.849609 273.868408
248.862600 275.742500 256.725464 272.192657
247.391400 274.199800 255.297714 270.612274
245.604100 272.717600 253.567627 269.074402
243.606700 271.249000 251.611603 267.524597
241.483200 269.657000 249.532593 265.864563
239.255900 267.931300 247.358536 264.080841
236.942400 266.062700 245.107529 262.148895
234.573400 264.060900 242.826981 260.078308
232.194200 261.911300 240.509064 257.864136
229.828600 259.643500 238.212158 255.534073
227.459400 257.285700 235.905151 253.107010
225.117700 254.818300 233.657593 250.589676
222.794900 252.268100 231.399933 247.982162
220.539900 249.684100 229.217133 245.338135
218.379000 247.150200 227.139969 242.737488
216.331900 244.688600 225.146301 240.211975
214.447100 242.296600 223.329163 237.745895
212.738900 239.986300 221.669952 235.399109
211.155100 237.800000 220.122162 233.152908
209.645500 235.806000 218.630966 231.103790
208.153800 234.063200 217.164505 229.311905
206.642600 232.599300 215.682831 227.788574
205.050700 231.388700 214.137695 226.539520
203.386000 230.453900 212.451797 225.528854
201.568800 229.804200 210.623596 224.806732
199.652600 229.469400 208.646713 224.407288
197.649300 229.448700 206.597000 224.374405
195.695200 229.808500 204.559937 224.688324
193.757500 230.545900 202.581329 225.378647
191.873400 231.575500 200.610229 226.373917
190.008500 232.786900 198.654648 227.527420
188.027800 234.075600 196.556732 228.795425
185.893500 235.390300 194.339294 230.043289
183.609800 236.705800 191.935059 231.349762
181.165200 238.005100 189.401108 232.573380
178.517300 239.254000 186.700012 233.736191
175.726900 240.407000 183.877106 234.783478
172.707400 241.421200 180.867157 235.721832
169.603600 242.357600 177.801392 236.596191
166.445500 243.209000 174.670547 237.369263
163.269700 243.975200 171.466034 238.027039
160.018600 244.710100 168.208359 238.693954
156.736700 245.397400 164.972778 239.304199
153.408400 246.036100 161.674088 239.873596
150.090200 246.634600 158.368210 240.386841
146.806300 247.228400 155.060715 240.882874
143.505000 247.801600 151.762360 241.360794
140.209300 248.367500 148.505264 241.835876
136.935100 248.926700 145.245514 242.287628
133.701200 249.482000 142.021973 242.769196
130.512300 250.041400 138.845703 243.261063
127.368600 250.623000 135.666763 243.800674
124.279500 251.271600 132.563171 244.401855
121.226800 251.988400 129.486984 245.081528
118.235900 252.796200 126.461212 245.839294
115.296000 253.710500 123.486832 246.711044
112.410900 254.793600 120.559364 247.703384
109.550100 256.073600 117.655197 248.882675
106.765300 257.559400 114.833160 250.251678
104.058300 259.195200 112.074570 251.798279
101.451300 260.983800 109.405121 253.486740
98.958900 262.930000 106.848419 255.343781
96.560750 265.038400 104.375710 257.361206
94.233290 267.302400 101.996300 259.522888
91.992660 269.682500 99.707047 261.832489
89.872160 272.215300 97.513885 264.320007
87.867480 274.902800 95.446678 266.941498
85.990600 277.735000 93.480225 269.703369
84.244040 280.710100 91.646370 272.617126
82.619100 283.777000 89.946693 275.608887
81.079690 286.968600 88.317863 278.767853
79.784310 290.233300 86.933441 281.962524
78.568560 293.653400 85.608635 285.316742
77.471470 297.091000 84.404121 288.665955
76.507590 300.590600 83.328331 292.095856
75.684350 304.118500 82.398994 295.568329
74.993740 307.691900 81.594559 299.097565
74.448540 311.297700 80.943871 302.673615
74.042020 314.935900 80.436646 306.286438
73.771590 318.594800 80.068176 309.909393
73.715910 322.261900 79.772858 313.547546
73.769420 325.907700 79.555115 317.207001
73.817040 329.552100 79.391846 320.856781
74.000290 333.173500 79.283394 324.474426
74.172500 336.809200 79.211586 328.076385
74.344680 340.442200 79.165817 331.691742
74.514430 344.091300 79.172661 335.299194
74.662940 347.746700 79.162979 338.904877
74.736070 351.400000 79.070274 342.489899
74.769320 355.000700 78.986221 346.064880
74.814470 358.586500 78.894966 349.621216
74.746920 362.178000 78.782425 353.171173
74.686830 365.745600 78.654800 356.740143
74.555740 369.317000 78.474937 360.297455
74.360040 372.935200 78.242722 363.855621
74.109450 376.533900 77.938507 367.392761
73.828330 380.133100 77.583923 370.942169
73.476450 383.716600 77.153992 374.454315
73.062260 387.295400 76.681030 377.987030
72.635640 390.839200 76.175156 381.493134
72.123690 394.365700 75.560196 384.974640
71.585570 397.910500 74.930450 388.473450
70.976400 401.435000 74.216888 391.954163
70.311850 404.959700 73.433495 395.472870
69.602670 408.449900 72.630051 398.954437
68.879140 411.948200 71.823334 402.449646
68.139490 415.452800 70.989403 405.937408
67.432580 418.981100 70.165466 409.394897
66.735590 422.501800 69.342369 412.853271
66.031790 425.991100 68.557884 416.341675
65.337700 429.457600 67.765541 419.821594
64.678150 432.971500 66.998512 423.337128
64.092350 436.564700 66.322441 426.913879
63.538820 440.165700 65.676094 430.467773
63.089490 443.780200 65.122345 434.060944
62.687700 447.405600 64.633560 437.641510
62.395430 451.016900 64.244171 441.212219
62.179910 454.600300 63.926907 444.800903
62.016060 458.184800 63.658531 448.373383
61.878910 461.762700 63.413738 451.933136
61.782260 465.339800 63.203346 455.492004
61.711200 468.924000 63.008919 459.054047
61.669710 472.506000 62.847847 462.621307
61.695530 476.094800 62.747860 466.165192
61.729390 479.666900 62.660164 469.735657
61.822870 483.270300 62.628742 473.319702
61.924810 486.878100 62.600597 476.914001
62.056550 490.478600 62.604317 480.507782
62.176020 494.117900 62.600029 484.151245
62.266690 497.773900 62.566093 487.761749
62.330910 501.484400 62.525608 491.404602
62.383600 505.245100 62.507580 495.076355
62.456820 509.016300 62.530891 498.798798
62.639660 512.800600 62.658829 502.548889
62.868350 516.638100 62.819351 506.329712
63.106400 520.456700 62.975693 510.073059
63.367240 524.259400 63.171165 513.839417
63.593570 528.081800 63.308201 517.586670
63.801530 531.888200 63.435894 521.339661
64.024540 535.667900 63.561668 525.083862
64.206830 539.467500 63.637676 528.807739
64.344710 543.234900 63.673962 532.506897
64.496310 546.996900 63.712982 536.220215
64.631930 550.743000 63.734089 539.920593
64.749170 554.462700 63.744492 543.617371
64.914610 558.167300 63.797260 547.308228
65.103700 561.867200 63.876991 551.012573
65.335960 565.517200 63.992073 554.629211
65.569200 569.190200 64.102234 558.249756
65.794250 572.863800 64.223618 561.883301
65.979210 576.521900 64.303528 565.505920
66.180050 580.172300 64.407227 569.137634
66.362280 583.853000 64.503052 572.769348
66.538350 587.515200 64.586334 576.389099
66.682270 591.168900 64.624710 580.004150
66.777600 594.811400 64.620506 583.600830
66.890400 598.420300 64.634430 587.182556
67.026690 602.042900 64.661339 590.791565
67.177460 605.622900 64.710495 594.356750
67.323020 609.198300 64.754875 597.902588
67.450500 612.758000 64.797897 601.458557
67.653570 616.289300 64.910995 604.983215
67.878290 619.813700 65.049049 608.512512
68.154010 623.308500 65.235504 611.972412
68.437020 626.799600 65.436638 615.450317
68.771410 630.257700 65.689117 618.920105
69.202550 633.695200 66.023033 622.349304
69.600670 637.103300 66.344681 625.708252
70.036830 640.488700 66.698685 629.081116
70.506270 643.807100 67.082687 632.395630
70.892770 647.161500 67.374245 635.758240
71.232770 650.443300 67.634125 639.067688
71.580170 653.720500 67.881897 642.282776
71.988160 656.939000 68.138939 645.555054
72.305150 660.204100 68.339622 648.775940
72.604120 663.408400 68.484985 652.012085
72.917010 666.635000 68.627579 655.241455
73.242550 669.852400 68.776123 658.499084
73.637330 673.050100 68.952484 661.733826
74.027710 676.284300 69.174561 664.995911
74.459600 679.526800 69.470764 668.232788
74.950660 682.820100 69.833023 671.503235
75.485380 686.101000 70.196815 674.803650
75.997000 689.438300 70.591705 678.130371
76.620780 692.817900 71.041351 681.505310
77.255750 696.266300 71.524353 684.930603
77.860920 699.720200 72.009308 688.371765
78.456960 703.252300 72.473816 691.921875
79.046650 706.838300 72.935738 695.519897
79.748960 710.431700 73.408463 699.134094
80.377820 714.087800 73.868629 702.826477
80.984990 717.795000 74.355957 706.522766
81.568530 721.524100 74.870789 710.239624
82.226950 725.230100 75.408997 713.968628
82.971570 728.932500 75.981735 717.705261
83.716810 732.637800 76.592377 721.386780
84.461420 736.340000 77.248810 725.136108
85.205890 740.041500 77.978683 728.821045
85.988280 743.734800 78.724022 732.504333
86.881120 747.371500 79.504341 736.160522
87.770200 751.019300 80.278999 739.824524
88.659140 754.657900 81.086731 743.462402
89.568830 758.256300 81.907082 747.086182
90.529500 761.919200 82.788910 750.772278
91.504420 765.495400 83.680901 754.395508
92.518360 769.126400 84.586021 758.004395
93.541990 772.703400 85.513321 761.599731
94.615270 776.302000 86.506157 765.226318
95.687250 779.833200 87.498657 768.779907
96.764590 783.369100 88.508286 772.328918
97.857970 786.887700 89.538361 775.849182
98.977700 790.363900 90.567917 779.324768
100.102700 793.842400 91.635803 782.811218
101.281700 797.278800 92.736099 786.269348
102.480100 800.701200 93.858810 789.726562
103.706800 804.080200 94.975525 793.112122
104.948300 807.449200 96.151291 796.561829
106.192400 810.798000 97.285690 799.916138
107.467000 814.117100 98.471313 803.281250
108.775000 817.411500 99.661087 806.612244
110.077600 820.689800 100.863297 809.929810
111.337000 823.916800 102.032303 813.221985
112.595900 827.082700 103.204468 816.431152
113.862500 830.153000 104.396271 819.525391
115.118400 833.166500 105.562988 822.569031
116.423500 836.128900 106.784576 825.573486
117.895400 839.037200 108.142914 828.542542
119.447600 841.885100 109.600632 831.461426
121.088600 844.701900 111.169922 834.357544
122.872100 847.290700 112.781616 837.142456
124.724400 849.810800 114.542328 839.925415
126.575500 852.329600 116.330078 842.566162
128.426600 854.848600 118.171661 845.151367
130.276800 857.367000 120.004883 847.610352
132.127400 859.883600 121.826843 849.970703
133.992200 862.014800 123.651489 852.194275
135.814600 864.035300 125.405151 854.310852
137.604800 865.988300 127.125702 856.333130
139.298200 867.835900 128.782257 858.259033
140.919200 869.609300 130.359741 860.071899
142.486000 871.338400 131.878296 861.871216
143.940800 872.954000 133.270477 863.557251
145.300100 874.412900 134.587189 865.063354
146.559000 875.661600 135.806335 866.370361
147.650800 876.418400 136.919098 867.394287
148.685500 877.020600 137.900543 868.212158
149.713200 877.623900 138.850891 868.924072
150.732500 878.227900 139.856384 869.489319
151.742600 878.831700 140.907776 869.920715
152.808100 879.342000 142.075134 870.275574
154.068700 879.516900 143.323502 870.476318
155.413300 879.479400 144.706360 870.539124
156.888700 879.272300 146.212173 870.364441
158.478100 878.881900 147.837601 870.046631
160.134900 878.287500 149.539581 869.490112
161.860100 877.489100 151.307098 868.736633
163.672500 876.562600 153.155731 867.858826
165.594100 875.530000 155.112350 866.883545
167.624000 874.437100 157.169098 865.851074
169.770000 873.289900 159.342865 864.772461
172.035600 872.094100 161.620453 863.651245
174.385300 870.862300 163.989624 862.484985
176.854600 869.589200 166.473679 861.287781
179.401000 868.288100 169.034378 860.057068
181.975500 866.969700 171.629669 858.804321
184.536700 865.639500 174.215866 857.534302
187.062400 864.284700 176.776276 856.232056
189.538900 862.924800 179.280411 854.936340
191.918900 861.611300 181.687271 853.683594
194.206900 860.315700 184.003326 852.450562
196.343300 858.956400 186.209503 851.296631
198.368400 857.888200 188.335938 850.243103
200.275000 856.919100 190.372986 849.322815
202.193600 856.085800 192.332870 848.558167
204.073500 855.496400 194.226273 848.049011
205.960400 855.183900 195.991837 847.794800
207.864300 855.202100 197.804871 847.842529
209.713700 855.529100 199.603806 848.177429
211.499200 856.220700 201.359772 848.888916
213.188100 857.107700 202.963165 849.967590
214.784400 858.522000 204.467926 851.364136
216.227100 860.190500 205.812347 853.060303
217.589200 862.100400 207.093033 855.000488
218.870200 864.194100 208.263870 857.131226
220.036500 866.491500 209.345215 859.451660
221.092500 868.955100 210.312683 861.952881
222.159200 871.551200 211.291656 864.587280
223.261300 874.233400 212.323456 867.326782
224.402100 877.003500 213.371002 870.159546
225.538100 879.835200 214.385361 873.048035
226.647400 882.714200 215.394379 875.971924
227.713000 885.605500 216.382996 878.919983
228.729800 888.498800 217.313477 881.872375
229.740400 891.364700 218.229950 884.774902
230.756400 894.190300 219.159698 887.648376
231.798000 896.975600 220.112061 890.494690
232.862200 899.689300 221.094528 893.253235
234.006400 902.314400 222.162689 895.924744
235.284000 904.779800 223.400482 898.486633
236.717300 907.106500 224.764709 900.882080
238.297800 909.282700 226.285645 903.117676
240.026200 911.279800 227.938202 905.156494
241.899800 913.107900 229.757629 907.070435
243.969200 914.753500 231.714661 908.779419
246.167200 916.200700 233.799225 910.297485
248.519300 917.425900 236.027557 911.600891
250.970500 918.372900 238.431915 912.679443
253.540200 919.159700 240.975693 913.577454
256.240400 919.688000 243.671387 914.213867
259.064500 919.965800 246.554108 914.647034
262.004800 920.092700 249.507065 914.892700
265.032800 920.081200 252.565643 914.982056
268.210100 920.078400 255.715179 914.918091
271.495300 919.927300 258.971527 914.780334
274.820000 919.698100 262.274628 914.601257
278.229300 919.336300 265.602509 914.339417
281.674700 918.885400 268.975616 913.997559
285.133600 918.345800 272.412598 913.575989
288.622600 917.728600 275.904297 913.090759
292.132800 917.013700 279.449738 912.514526
295.617300 916.238200 282.959625 911.852051
299.090900 915.358200 286.477814 911.125488
302.533100 914.353500 289.953400 910.315979
305.943200 913.309900 293.401276 909.439636
309.311700 912.191400 296.767029 908.493652
312.679900 911.045400 300.135223 907.488953
316.061700 909.902400 303.525940 906.473267
319.450400 908.753400 306.952881 905.463562
322.840000 907.560400 310.359985 904.398865
326.249400 906.356000 313.779999 903.329041
329.691100 905.139800 317.237427 902.233765
333.195400 903.900600 320.752960 901.139526
336.754600 902.625300 324.331665 899.991150
340.384100 901.328400 328.005890 898.811584
344.064600 899.969000 331.716431 897.572693
347.769700 898.590900 335.448486 896.318359
351.401700 897.220500 339.099487 895.058655
354.975200 895.841100 342.693054 893.806702
358.485000 894.463600 346.237915 892.536377
361.949500 893.084300 349.732330 891.271423
365.336200 891.732700 353.162964 890.038330
368.619200 890.389400 356.488464 888.816040
371.749500 889.112100 359.656311 887.650208
374.681800 887.918900 362.638885 886.561218
377.389200 886.824500 365.390442 885.548401
379.874900 885.837000 367.902649 884.641418
382.177900 884.931600 370.218201 883.803711
384.328100 884.100300 372.375000 883.023926
386.400700 883.311200 374.454132 882.281250
388.376900 882.536800 376.462799 881.559937
390.309000 881.774800 378.422668 880.857056
392.306100 880.993700 380.457214 880.152954
394.377700 880.162100 382.568329 879.401062
396.550200 879.262200 384.775146 878.580200
398.842300 878.314900 387.127441 877.733154
401.259600 877.339000 389.597931 876.837952
403.789800 876.325100 392.172333 875.923706
406.435900 875.291100 394.850891 874.977478
409.217000 874.214500 397.650818 874.003967
412.118100 873.111300 400.543976 872.991333
415.118700 871.959800 403.539246 871.941040
418.218100 870.771000 406.611877 870.856506
421.393100 869.520300 409.773499 869.722107
424.627300 868.193200 413.048492 868.506958
427.914800 866.771900 416.365906 867.208557
431.247800 865.254500 419.760498 865.809998
434.552400 863.690400 423.121246 864.372192
437.807500 862.081600 426.453278 862.886108
440.966600 860.444200 429.672424 861.366394
444.049200 858.816700 432.824524 859.832764
447.069000 857.193700 435.897278 858.314636
450.037100 855.607100 438.910980 856.843811
452.944600 854.081100 441.867157 855.421143
455.777600 852.654400 444.722443 854.095276
458.467600 851.383400 447.415955 852.917603
460.990700 850.198200 449.978943 851.825806
463.426800 849.070300 452.411041 850.801208
465.787600 847.990900 454.809235 849.801331
468.094900 846.950600 457.143372 848.834839
470.366800 845.937300 459.451721 847.917542
472.708100 844.897600 461.792725 846.968140
475.121700 843.800400 464.208344 845.961365
477.587500 842.683800 466.708862 844.952454
480.152400 841.532300 469.309937 843.881104
482.766300 840.339500 471.969543 842.779419
485.445100 839.143200 474.645233 841.670349
488.188300 837.891400 477.396973 840.528992
490.987500 836.623000 480.199310 839.381409
493.803100 835.351100 483.025665 838.217834
496.624700 834.094400 485.886536 837.051025
499.474300 832.809600 488.783173 835.868958
502.358500 831.502600 491.711334 834.661072
505.286800 830.236700 494.670898 833.448792
508.248000 828.948300 497.660187 832.238586
511.244100 827.658100 500.658997 831.035095
514.267100 826.347100 503.683716 829.826660
517.327800 825.031500 506.752625 828.616455
520.388500 823.719100 509.815155 827.405823
523.389100 822.420300 512.820435 826.219788
526.283400 821.190400 515.724182 825.090088
529.057000 820.023600 518.495728 824.024475
531.704800 818.934000 521.160767 823.022949
534.226500 817.916400 523.714539 822.089844
536.656700 816.946600 526.170227 821.204102
539.023500 815.952900 528.556213 820.295410
541.317300 814.866300 530.904846 819.298462
543.532000 813.688600 533.176880 818.190308
545.686900 812.396800 535.368225 816.970215
547.734700 810.971800 537.461670 815.606567
549.629400 809.339400 539.403564 814.012878
551.297600 807.502100 541.143860 812.208679
552.779900 805.465100 542.715210 810.168701
554.025400 803.122900 544.085022 807.883972
555.053800 800.603800 545.198120 805.357727
555.833800 797.890700 546.058655 802.660339
556.486200 795.031700 546.821777 799.789062
557.103100 792.043700 547.530762 796.830078
557.706900 788.950900 548.233765 793.758240
558.314100 785.757400 548.940186 790.590332
558.963000 782.480200 549.686401 787.354919
559.664300 779.132300 550.474670 784.062134
560.383500 775.702500 551.280457 780.668823
561.143700 772.190100 552.137390 777.251099
561.955700 768.606200 553.017700 773.743591
562.794300 764.921400 553.909424 770.135498
563.665600 761.194600 554.841492 766.462097
564.512000 757.439400 555.776245 762.741211
565.360500 753.691900 556.715332 759.060547
566.202300 749.955700 557.636475 755.376709
567.038700 746.210000 558.572083 751.687317
567.914000 742.455400 559.526794 747.967285
568.809800 738.700200 560.512512 744.257874
569.651600 734.948800 561.444214 740.528748
570.504400 731.165000 562.401245 736.789307
571.381700 727.390900 563.385132 733.039673
572.231200 723.645800 564.323975 729.317261
573.054100 719.904800 565.246338 725.610352
573.889700 716.163100 566.165039 721.919983
574.718600 712.404800 567.109009 718.187561
575.527100 708.639600 568.012939 714.457642
576.261300 704.869800 568.842590 710.684021
576.930700 701.064300 569.604309 706.922241
577.575900 697.234700 570.329468 703.111389
578.192400 693.375300 571.024048 699.295776
578.778500 689.496000 571.703003 695.428467
579.345900 685.591800 572.349121 691.528870
579.857300 681.665400 572.962158 687.645996
580.310600 677.720500 573.537659 683.680481
580.758800 673.746400 574.097778 679.718079
581.155000 669.796200 574.602600 675.785217
581.510700 665.865700 575.064575 671.868713
581.822900 661.969700 575.473083 667.970520
582.077900 658.112900 575.842896 664.131226
582.273900 654.274900 576.137085 660.288940
582.437900 650.427100 576.404907 656.428650
582.599800 646.577200 576.666809 652.529846
582.753900 642.693800 576.911316 648.659119
582.851400 638.813400 577.084595 644.795959
582.898800 634.890000 577.239319 640.873352
582.982400 630.949500 577.419250 636.928345
583.073100 627.003400 577.617920 632.981079
583.192100 623.061600 577.823547 629.005676
583.328900 619.143000 578.062927 625.089966
583.475300 615.223700 578.309509 621.166870
583.625900 611.282200 578.562927 617.212158
583.720700 607.341100 578.829590 613.267822
583.834500 603.396300 579.098755 609.303406
583.934300 599.462000 579.349976 605.344666
584.036500 595.562800 579.612488 601.445312
584.162200 591.689200 579.883972 597.566162
584.227300 587.867900 580.139160 593.704773
584.317600 584.024500 580.405273 589.840820
584.499000 580.192700 580.752319 586.010925
584.808000 576.397200 581.205444 582.196655
585.238500 572.636300 581.755615 578.450623
585.796800 568.901300 582.433533 574.735107
586.480500 565.193700 583.229614 571.022461
587.248500 561.507600 584.098389 567.316467
588.029900 557.836500 584.946838 563.659180
588.838600 554.171600 585.852966 560.047363
589.673700 550.509400 586.734009 556.408813
590.516100 546.866500 587.643677 552.798157
591.343500 543.261900 588.527832 549.257812
592.132200 539.698600 589.389893 545.710693
592.828000 536.162600 590.163879 542.202637
593.460000 532.659000 590.866211 538.717285
594.031700 529.277200 591.514038 535.355774
594.554500 526.081000 592.115540 532.190552
595.075800 523.072600 592.697449 529.232056
595.617300 520.255100 593.303467 526.439575
596.166400 517.626800 593.900696 523.835693
596.704800 515.143200 594.498108 521.372070
597.194900 512.833500 595.039795 519.084106
597.576200 510.694300 595.467041 516.928528
597.786600 508.667900 595.728882 514.884033
597.747500 506.649500 595.795532 512.865845
597.514600 504.697700 595.629028 510.878723
597.070500 502.800000 595.233398 508.969177
596.402400 500.998300 594.601868 507.140320
595.438900 499.228700 593.661377 505.297119
594.162500 497.526700 592.421570 503.537292
592.513700 495.900800 590.878784 501.935638
590.635600 494.532500 589.046692 500.526825
588.500500 493.343000 586.945251 499.298981
586.178900 492.278900 584.629700 498.181915
583.738500 491.279000 582.187317 497.121948
581.166800 490.215600 579.637207 495.996216
578.490800 489.083700 576.959961 494.794006
575.723500 487.861500 574.190796 493.509521
572.904600 486.554700 571.380127 492.142365
570.042200 485.190900 568.526855 490.701111
567.169200 483.760200 565.678833 489.199646
564.280500 482.280300 562.813538 487.668884
561.350400 480.769600 559.908630 486.094116
558.405800 479.261600 556.988953 484.533264
555.376800 477.743300 553.986084 482.906128
552.348800 476.229900 550.997742 481.303772
549.309400 474.657200 548.002441 479.660187
546.268100 473.067100 545.024170 477.999847
543.205700 471.460400 542.006287 476.318634
540.123400 469.844900 538.952637 474.632568
537.055800 468.227900 535.945984 472.958435
534.039300 466.620500 532.948242 471.289124
531.070100 465.041900 530.003662 469.643921
528.189800 463.496400 527.124573 468.028625
525.392500 461.985300 524.332092 466.434082
522.696400 460.482700 521.689087 464.881866
520.138600 459.018200 519.120728 463.348663
517.756100 457.609300 516.740051 461.870300
515.544600 456.272300 514.526978 460.471832
513.468500 454.993400 512.440735 459.139008
511.515000 453.792000 510.463806 457.877930
509.647000 452.752700 508.587708 456.778656
507.816400 451.952700 506.763245 455.913208
506.024700 451.375100 504.933594 455.288116
504.164400 451.057300 503.060242 454.910004
502.213400 450.955500 501.133850 454.827972
500.360000 451.174600 499.235382 454.991302
498.532400 451.717400 497.376404 455.482361
496.762400 452.594900 495.567383 456.309998
495.085200 453.803100 493.847961 457.479553
493.512800 455.370800 492.261353 458.998505
492.140200 457.192000 490.816101 460.840820
490.899800 459.329000 489.460815 463.009918
489.697100 461.689000 488.136078 465.391632
488.436200 464.216900 486.744751 467.955078
487.065300 466.910000 485.247955 470.637878
485.589500 469.753000 483.658081 473.490417
484.009700 472.740300 481.964722 476.463654
482.314200 475.837000 480.182739 479.530731
480.567300 479.018100 478.362427 482.692993
478.766800 482.282500 476.487976 485.889954
476.977200 485.484200 474.552307 489.148132
475.149800 488.770200 472.590027 492.478363
473.326600 492.020400 470.631989 495.740143
471.475600 495.302800 468.643738 499.064514
469.568200 498.617300 466.645203 502.385864
467.651300 501.958900 464.629333 505.687317
465.708000 505.334400 462.570679 509.073181
463.769100 508.731500 460.545898 512.420776
461.845200 512.161900 458.525513 515.803650
459.919600 515.621400 456.506897 519.228882
457.939000 519.112900 454.481598 522.672119
455.953400 522.620500 452.475800 526.084167
453.935100 526.117100 450.435333 529.500305
451.928900 529.614300 448.398315 532.942749
449.964500 533.134600 446.341980 536.399048
448.010500 536.687300 444.302673 539.885010
446.054100 540.236000 442.278778 543.379272
444.056100 543.807900 440.244354 546.888977
442.049300 547.417800 438.200348 550.418335
440.037800 551.028500 436.147095 553.953491
438.025200 554.634600 434.089661 557.462646
435.977800 558.237500 432.002625 560.985229
433.919500 561.855000 429.872375 564.535339
431.843000 565.470100 427.758667 568.117310
429.767800 569.108300 425.617859 571.686646
427.667800 572.747600 423.463562 575.238159
425.537800 576.435200 421.318359 578.864136
423.436400 580.100900 419.184448 582.411804
421.318500 583.767700 417.023102 585.978027
419.219900 587.449100 414.861511 589.598328
417.120400 591.134600 412.699097 593.206909
415.005200 594.832500 410.570892 596.815430
412.888500 598.541400 408.408875 600.411621
410.755500 602.261600 406.227661 604.021362
408.648800 605.999000 404.062439 607.655762
406.499300 609.720300 401.862427 611.289062
404.349900 613.457900 399.651855 614.935303
402.219500 617.158900 397.456879 618.566040
400.144400 620.804100 395.307068 622.138062
398.088300 624.376000 393.173889 625.649109
396.094000 627.872100 391.122192 629.118896
394.096100 631.363900 389.053253 632.546387
392.096200 634.841100 386.982910 635.970886
390.122200 638.266000 384.932678 639.341187
388.138200 641.719200 382.887329 642.720642
386.190000 645.182000 380.854614 646.057922
384.289400 648.626900 378.846619 649.415527
382.388400 652.005600 376.852844 652.717224
380.473700 655.356700 374.847290 655.987915
378.503900 658.701400 372.815308 659.252441
376.494800 662.062000 370.777039 662.525513
374.499000 665.373200 368.731995 665.839539
372.495100 668.759000 366.649231 669.169373
370.503500 672.182700 364.587708 672.531067
368.470500 675.625200 362.483398 675.916748
366.423200 679.124800 360.354004 679.353088
364.370700 682.649600 358.238586 682.789185
362.295100 686.175900 356.097412 686.244507
360.227100 689.735900 353.955505 689.762512
358.182300 693.297500 351.865234 693.230042
356.109700 696.850900 349.732971 696.705933
354.085800 700.357400 347.643433 700.118652
352.038300 703.859700 345.535248 703.562500
350.008800 707.353700 343.432770 706.980347
347.982700 710.855500 341.343536 710.394165
345.942000 714.320900 339.246033 713.755310
343.906200 717.779200 337.149597 717.113708
341.889600 721.226700 335.051086 720.505493
339.882000 724.654800 332.962646 723.860596
337.868700 728.103400 330.927490 727.164246
335.866200 731.571800 328.857086 730.561890
333.967500 735.105200 326.776672 733.998047
332.130600 738.707000 324.678467 737.469116
330.109000 742.325700 322.549744 741.024780
328.052600 745.993300 320.402161 744.621216
325.960300 749.694700 318.219055 748.262329
323.882400 753.400900 316.036224 751.919556
321.810400 757.046400 313.881012 755.486206
319.688500 760.664000 311.689880 759.051270
317.595700 764.288500 309.468201 762.574463
315.554700 767.892700 307.255676 766.074280
313.514600 771.526200 305.022614 769.583862
311.450700 775.119600 302.774536 773.049255
309.357300 778.629400 300.506897 776.462769
307.194900 782.050500 298.204071 779.798767
304.937400 785.448200 295.811523 783.101501
302.592400 788.799400 293.343048 786.349548
300.153800 792.111000 290.789307 789.575806
297.624000 795.374800 288.180298 792.698486
294.927000 798.539300 285.463196 795.776367
292.185800 801.678500 282.628204 798.834229
289.192200 804.695700 279.673645 801.815369
286.151300 807.624000 276.640015 804.692078
283.065000 810.476300 273.541809 807.495361
280.007100 813.213700 270.404907 810.158020
276.942200 815.904300 267.262970 812.685486
273.811500 818.493600 264.040344 815.127197
270.605600 820.960500 260.739410 817.473755
267.321200 823.303700 257.355225 819.706543
264.005200 825.567800 253.945221 821.863770
260.657900 827.735000 250.505402 823.885681
257.273000 829.813900 247.016647 825.834778
253.861800 831.809200 243.477859 827.745422
250.446800 833.761300 239.986237 829.560730
247.052800 835.652800 236.516327 831.338928
243.677200 837.476800 233.066940 833.064270
240.295500 839.294300 229.594193 834.796814
236.906500 841.089700 226.133087 836.493408
233.510200 842.896300 222.673401 838.182800
230.131200 844.723000 219.224701 839.895996
226.769300 846.514500 215.790131 841.579224
223.408300 848.268000 212.379318 843.215637
220.026300 849.991200 208.975510 844.824341
216.652600 851.728000 205.548279 846.438477
213.269900 853.442300 202.133652 848.033691
209.880600 855.139200 198.709610 849.596436
206.468800 856.885000 195.237976 851.203613
203.010300 858.620500 191.725891 852.816711
199.502700 860.363300 188.152924 854.459961
196.002500 862.107300 184.597519 856.102722
192.526600 863.893400 181.057999 857.793945
189.070200 865.686900 177.574020 859.461304
185.622800 867.526100 174.052200 861.196228
182.188500 869.362900 170.526855 862.933899
178.750800 871.210600 167.012787 864.654785
175.314500 873.051400 163.531357 866.367004
171.878500 874.938000 160.052780 868.154358
168.464000 876.882000 156.576431 869.987793
165.093500 878.898700 153.143188 871.910095
161.793700 881.039600 149.776825 873.960266
158.553600 883.315600 146.471802 876.135864
155.369300 885.727000 143.229645 878.434753
152.279000 888.277000 140.088226 880.875793
149.259200 890.897300 137.048523 883.356934
146.298100 893.633000 134.028534 885.964661
143.341500 896.377900 131.027283 888.608765
140.419600 899.149000 128.041534 891.276001
137.428800 901.883400 125.026794 893.915161
134.430600 904.585400 121.933258 896.578491
131.430500 907.268900 118.869781 899.206299
128.400000 909.942700 115.786957 901.813293
125.387100 912.605700 112.694977 904.426331
122.446000 915.311700 109.673462 907.057983
