0.000000 -0.000000 0.000000 0.000000
0.020455 2.389887 -0.020681 2.275131
0.038167 4.630767 -0.026820 4.419129
0.062475 6.584575 -0.038866 6.383867
0.078062 8.294502 -0.020988 8.123819
0.036300 9.647129 -0.005677 9.618361
0.037691 10.755690 0.013838 10.869287
0.070396 11.572020 0.049770 11.810747
0.096690 12.008000 0.079712 12.502086
0.124405 12.280970 0.099276 13.029447
0.106056 12.366960 0.119210 13.469419
0.125276 12.480720 0.145448 13.870785
0.156946 12.590120 0.166684 14.238697
0.151509 12.702880 0.181807 14.617097
0.146149 12.836600 0.162795 14.990202
0.118103 12.986600 0.141974 15.404538
0.046011 13.251830 0.058133 15.915857
-0.102743 13.662450 -0.105336 16.542068
-0.377391 14.237180 -0.360791 17.296221
-0.803739 14.918100 -0.777001 18.113176
-1.393517 15.599510 -1.329145 18.935801
-2.183640 16.257910 -2.073469 19.745096
-3.168635 16.891620 -3.069185 20.551365
-4.410526 17.491970 -4.287862 21.267551
-5.887262 17.957870 -5.716528 21.810902
-7.603442 18.241840 -7.400130 22.142982
-9.593783 18.333530 -9.260954 22.274004
-11.737930 18.262400 -11.276018 22.214441
-14.123570 18.137210 -13.492798 22.113445
-16.660080 18.043560 -15.902954 22.045721
-19.380350 17.941480 -18.523533 21.984840
-22.232040 17.791200 -21.295439 21.873426
-25.294530 17.612590 -24.273571 21.738205
-28.420350 17.436630 -27.329176 21.604895
-31.735350 17.259230 -30.406452 21.432436
-35.061830 17.012340 -33.547314 21.199274
-38.405680 16.701380 -36.766724 20.893652
-41.726310 16.376210 -39.988144 20.568672
-45.021050 16.012440 -43.243465 20.239288
-48.346970 15.612790 -46.569752 19.906134
-51.676860 15.192430 -49.923656 19.594934
-55.031060 14.742560 -53.303875 19.297161
-58.401830 14.329930 -56.725559 19.075695
-61.829840 14.034770 -60.190578 18.920071
-65.245090 13.824430 -63.673302 18.829990
-68.803470 13.628730 -67.210533 18.753967
-72.396330 13.444870 -70.745361 18.691097
-76.040760 13.365020 -74.312187 18.652351
-79.629870 13.286290 -77.858109 18.623201
-83.178040 13.172320 -81.418266 18.577477
-86.806450 13.116270 -84.971519 18.549023
-90.407370 13.030230 -88.472336 18.524178
-93.932750 12.938240 -91.978493 18.487673
-97.425940 12.830290 -95.472115 18.465807
-100.921800 12.721040 -98.940964 18.419682
-104.418700 12.646790 -102.420380 18.403904
-107.950700 12.574710 -105.911842 18.373137
-111.506500 12.491980 -109.431564 18.333586
-115.125400 12.427530 -113.069939 18.302240
-118.791400 12.356860 -116.753426 18.267859
-122.506900 12.277580 -120.468437 18.212227
-126.283000 12.162340 -124.259705 18.124609
-130.058300 12.056810 -128.055954 18.049772
-133.838200 11.940140 -131.867249 17.988483
-137.647000 11.763370 -135.643478 17.925186
-141.424200 11.624670 -139.390533 17.877012
-145.185900 11.523690 -143.182220 17.819714
-148.919300 11.449460 -146.905884 17.799122
-152.638200 11.381770 -150.643326 17.771303
-156.350400 11.310530 -154.346924 17.740356
-160.047400 11.214060 -158.049515 17.693630
-163.709400 11.107560 -161.743759 17.640341
-167.360400 10.983380 -165.380157 17.630690
-170.967600 10.933720 -169.072968 17.616251
-174.571400 10.876820 -172.726227 17.610884
-178.137200 10.833080 -176.350800 17.605331
-181.490500 10.796130 -179.718109 17.617496
-184.602400 10.773720 -182.874420 17.629793
-187.458300 10.758840 -185.749344 17.654295
-190.232700 10.733900 -188.528671 17.654869
-192.986900 10.663320 -191.306854 17.609547
-195.706100 10.585910 -194.055954 17.579330
-198.416300 10.495740 -196.784668 17.510527
-201.152700 10.412030 -199.543488 17.456100
-203.946700 10.341460 -202.345520 17.432541
-206.802300 10.298350 -205.221588 17.401665
-209.757100 10.317680 -208.147446 17.394497
-212.804800 10.361070 -211.153381 17.401260
-215.930200 10.396430 -214.237885 17.402157
-219.012900 10.360590 -217.340729 17.469397
-222.155100 10.298380 -220.534698 17.517281
-225.365500 10.246810 -223.794098 17.594124
-228.707300 10.215510 -227.111725 17.649515
-232.112300 10.220950 -230.534225 17.720015
-235.564300 10.214940 -233.980408 17.761337
-239.104300 10.217730 -237.547028 17.824055
-242.702700 10.183390 -241.138809 17.832987
-246.347300 10.130220 -244.799927 17.834099
-250.052800 10.036800 -248.533813 17.792913
-253.773800 9.880518 -252.322205 17.723797
-257.535100 9.718989 -256.071899 17.648108
-261.300500 9.591512 -259.848724 17.580172
-265.059000 9.459547 -263.599426 17.510252
-268.826900 9.337703 -267.347931 17.448246
-272.549600 9.176257 -271.086121 17.375729
-276.263700 8.976101 -274.779785 17.290884
-279.947200 8.832825 -278.466675 17.242506
-283.650400 8.715404 -282.152405 17.189133
-287.322900 8.610515 -285.836060 17.140968
-290.988400 8.505150 -289.504364 17.092846
-294.654700 8.394904 -293.166504 17.052677
-298.320400 8.294475 -296.844940 17.001591
-302.013000 8.169718 -300.527710 16.932238
-305.746200 8.074212 -304.244202 16.903357
-309.494500 7.982975 -307.928223 16.856722
-313.220200 7.863686 -311.690155 16.792130
-316.989500 7.782544 -315.410034 16.726717
-320.754000 7.679468 -319.146332 16.690195
-324.529500 7.563218 -322.914398 16.638599
-328.344000 7.456111 -326.681641 16.606091
-332.109700 7.347334 -330.440704 16.575655
-335.860100 7.242255 -334.161499 16.553005
-339.608800 7.147781 -337.921906 16.521811
-343.309300 7.053936 -341.627991 16.528385
-346.907500 6.957315 -345.228882 16.497633
-350.384600 6.860419 -348.701416 16.478148
-353.708400 6.768393 -352.030304 16.457687
-356.877800 6.663296 -355.223297 16.434450
-360.001200 6.552425 -358.359772 16.390575
-363.041000 6.435692 -361.445740 16.341642
-365.855800 6.345080 -364.324860 16.315298
-368.437600 6.307072 -366.973022 16.338194
-370.781400 6.383962 -369.393188 16.455973
-372.865900 6.648568 -371.550568 16.767279
-374.725000 7.109350 -373.421967 17.269711
-376.363200 7.741893 -375.110992 17.973091
-377.862400 8.633829 -376.640228 18.893240
-379.196300 9.712570 -377.997681 20.049772
-380.348700 10.965970 -379.174225 21.393894
-381.385700 12.448140 -380.211212 22.940777
-382.260100 14.122720 -381.099121 24.694216
-383.010800 15.994530 -381.830841 26.647320
-383.610300 18.057930 -382.396271 28.763420
-384.100300 20.314520 -382.842438 31.083975
-384.497100 22.748260 -383.193939 33.572983
-384.776600 25.364410 -383.424774 36.205830
-384.988900 28.128190 -383.582031 39.015434
-385.212700 31.086220 -383.703857 41.965988
-385.449300 34.192050 -383.800354 44.976070
-385.780600 37.315730 -383.878235 48.020561
-386.061000 40.426600 -383.948944 51.091469
-386.229000 43.492690 -383.989136 54.130127
-386.309000 46.518630 -384.011963 57.144341
-386.383200 49.505740 -384.028564 60.128880
-386.435500 52.415800 -384.027893 63.047634
-386.493200 55.225360 -384.019440 65.850250
-386.554400 57.943820 -383.994720 68.562134
-386.610300 60.578530 -383.928192 71.173759
-386.585600 63.079020 -383.811737 73.659653
-386.370900 65.433820 -383.570282 76.050117
-385.914800 67.648300 -383.172821 78.275040
-385.249200 69.694860 -382.600861 80.339149
-384.335100 71.573620 -381.842773 82.258888
-383.335600 73.255020 -380.964844 83.992371
-382.295300 74.818880 -379.890991 85.511635
-381.091700 76.191700 -378.600586 86.842529
-379.774700 77.364460 -377.127930 87.955933
-378.271000 78.251970 -375.505554 88.865952
-376.573900 78.987050 -373.755219 89.580925
-374.728100 79.537850 -371.857697 90.085487
-372.739900 79.941840 -369.815186 90.489662
-370.607000 80.199980 -367.672821 90.705421
-368.370300 80.415580 -365.435181 90.866280
-366.032000 80.571350 -363.070709 90.967743
-363.598400 80.673300 -360.626556 90.986389
-361.071700 80.716320 -358.074097 90.957230
-358.469900 80.705850 -355.465088 90.865623
-355.832800 80.638300 -352.803619 90.728249
-353.161000 80.553900 -350.098541 90.571053
-350.450100 80.465550 -347.388306 90.422066
-347.763100 80.398460 -344.675537 90.296204
-345.086900 80.370740 -341.964264 90.202164
-342.417400 80.402970 -339.268402 90.171867
-339.774100 80.483360 -336.621765 90.190468
-337.139800 80.575110 -333.990967 90.214928
-334.528900 80.693480 -331.345886 90.253571
-331.932700 80.824510 -328.704193 90.281013
-329.325200 80.918500 -326.053406 90.285660
-326.739100 80.990700 -323.428833 90.265747
-324.144100 81.038770 -320.805389 90.218376
-321.562300 81.091140 -318.175079 90.173492
-319.011600 81.190070 -315.586365 90.168571
-316.450900 81.308090 -312.987762 90.190742
-313.909200 81.444650 -310.415466 90.234497
-311.391900 81.580060 -307.861237 90.273994
-308.876400 81.706970 -305.324554 90.300690
-306.378900 81.849250 -302.792145 90.347473
-303.888700 81.994400 -300.280792 90.391472
-301.376300 82.158190 -297.767181 90.467781
-298.832900 82.325730 -295.189636 90.563240
-296.237900 82.504140 -292.593628 90.664909
-293.590400 82.683410 -289.913788 90.790199
-290.876600 82.853340 -287.189758 90.888077
-288.120000 82.987710 -284.426788 90.939384
-285.314700 83.062010 -281.603851 90.931641
-282.460400 83.089330 -278.729431 90.880684
-279.611400 83.105040 -275.880798 90.828377
-276.801100 83.107970 -273.066681 90.740044
-274.051500 83.099890 -270.308563 90.647202
-271.353100 83.054870 -267.598694 90.517578
-268.676800 82.970950 -264.944794 90.363670
-266.029200 82.903900 -262.279419 90.215607
-263.418800 82.873250 -259.687714 90.097359
-260.804200 82.903330 -257.072327 90.050102
-258.168800 82.990410 -254.447372 90.052589
-255.510500 83.145560 -251.834534 90.143219
-252.844700 83.373830 -249.168259 90.289452
-250.152200 83.637690 -246.481140 90.461258
-247.440300 83.910960 -243.754379 90.659950
-244.714300 84.178610 -241.036926 90.837067
-242.002000 84.383000 -238.352356 90.941620
-239.314700 84.514710 -235.662445 90.992752
-236.657500 84.567850 -233.002258 90.962753
-234.029000 84.526210 -230.366592 90.847054
-231.443300 84.405890 -227.780289 90.635162
-228.920700 84.255810 -225.257980 90.410164
-226.536800 84.105460 -222.859131 90.186684
-224.322600 83.973260 -220.664200 89.993370
-222.317800 83.852920 -218.677917 89.821167
-220.525500 83.748690 -216.920929 89.680016
-218.913500 83.654780 -215.346252 89.555252
-217.491400 83.614870 -213.955185 89.501953
-216.200400 83.663530 -212.699432 89.543335
-214.975300 83.890580 -211.505203 89.743698
-213.812900 84.303130 -210.364441 90.089546
-212.768400 84.851980 -209.417038 90.522354
-211.819400 85.505150 -208.437820 91.100571
-210.944500 86.249430 -207.542969 91.807091
-210.114900 87.190980 -206.659119 92.701271
-209.375900 88.379450 -205.884201 93.831520
-208.685500 89.786110 -205.147659 95.199203
-208.120100 91.447000 -204.555298 96.818352
-207.636800 93.318040 -204.018677 98.646538
-207.343700 95.377570 -203.692490 100.668625
-207.198500 97.677330 -203.502289 102.930733
-207.176800 100.117600 -203.438812 105.373528
-207.235900 102.732400 -203.468842 108.017250
-207.357900 105.495500 -203.529022 110.815842
-207.446900 108.321400 -203.554428 113.686188
-207.501200 111.206800 -203.542419 116.609657
-207.496800 114.153500 -203.456131 119.592308
-207.467000 117.040300 -203.365372 122.497131
-207.357100 119.818100 -203.270615 125.402809
-207.231600 122.580500 -203.146057 128.308350
-207.169600 125.360700 -203.057526 131.152206
-207.151600 128.086900 -203.016037 133.927887
-207.158900 130.676600 -202.980911 136.547028
-207.192200 133.099300 -202.966888 139.010834
-207.257200 135.311800 -202.995590 141.252121
-207.357800 137.293400 -203.070541 143.242996
-207.516000 139.039300 -203.207916 145.001907
-207.792700 140.624300 -203.450043 146.605103
-208.199400 142.155800 -203.832672 148.116180
-208.796100 143.591400 -204.377014 149.488708
-209.578000 144.906500 -205.088745 150.778610
-210.509400 146.123000 -205.926376 152.005676
-211.640600 147.221600 -206.989807 153.182953
-212.986500 148.243400 -208.310547 154.283447
-214.560800 149.101800 -209.854004 155.127426
-216.375500 149.752000 -211.666321 155.803802
-218.364200 150.183000 -213.674408 156.284225
-220.495700 150.431900 -215.768570 156.541885
-222.758400 150.560900 -218.043869 156.697922
-225.125500 150.643600 -220.421326 156.833221
-227.596900 150.727300 -222.903671 156.970230
-230.175200 150.835400 -225.490341 157.123245
-232.870900 150.954400 -228.194534 157.294846
-235.686400 151.084500 -231.013748 157.471008
-238.634600 151.219200 -233.939178 157.643616
-241.714000 151.324200 -237.000717 157.796249
-244.893500 151.370200 -240.161331 157.888977
-248.152800 151.340800 -243.421051 157.914825
-251.386800 151.245500 -246.641617 157.855774
-254.628800 151.083900 -249.881226 157.751251
-257.855100 150.860900 -253.092072 157.567032
-260.989500 150.595900 -256.225067 157.341629
-263.979600 150.335600 -259.237427 157.149155
-266.766600 150.087700 -262.029968 156.943344
-269.368500 149.866200 -264.626770 156.767227
-271.910000 149.696000 -267.166840 156.638107
-274.432000 149.547300 -269.686188 156.527069
-276.917800 149.419800 -272.175842 156.442047
-279.393400 149.337600 -274.683136 156.394501
-281.842600 149.284100 -277.121155 156.383148
-284.327000 149.245300 -279.613586 156.381729
-286.851400 149.215900 -282.139587 156.393341
-289.374600 149.175400 -284.671753 156.410934
-291.872700 149.113700 -287.187531 156.387848
-294.367000 149.035300 -289.685242 156.357254
-296.900400 148.946800 -292.234100 156.301620
-299.496800 148.857900 -294.841766 156.262085
-302.152700 148.763000 -297.512451 156.211990
-304.894400 148.662700 -300.308472 156.171799
-307.698800 148.565200 -303.145599 156.126480
-310.542800 148.472300 -306.023407 156.081772
-313.401900 148.388500 -308.902618 156.043137
-316.253600 148.309200 -311.771729 156.007843
-319.087100 148.246300 -314.617676 155.982895
-321.874200 148.159600 -317.428131 155.966324
-324.643500 148.080700 -320.218597 155.954468
-327.380000 148.017900 -322.984955 155.946472
-330.084600 147.943700 -325.709778 155.936172
-332.768800 147.879400 -328.355072 155.931656
-335.339000 147.849200 -330.937958 155.930435
-337.917500 147.821400 -333.499969 155.940826
-340.461700 147.771400 -336.040558 155.934937
-342.975500 147.703700 -338.535370 155.907806
-345.507800 147.596800 -341.057831 155.850845
-348.088400 147.502000 -343.619659 155.777954
-350.695500 147.387300 -346.227692 155.704773
-353.357500 147.254200 -348.860840 155.610901
-356.035100 147.123000 -351.512268 155.528137
-358.706400 146.987600 -354.198578 155.416000
-361.365400 146.869000 -356.858215 155.322021
-363.998800 146.747300 -359.493500 155.229309
-366.592400 146.651500 -362.078522 155.155136
-369.103200 146.586000 -364.588043 155.124130
-371.498800 146.552500 -366.985901 155.123779
-373.734100 146.569400 -369.222046 155.174698
-375.766000 146.687900 -371.264374 155.331970
-377.587800 146.923500 -373.089691 155.600937
-379.228200 147.254000 -374.716156 155.963165
-380.680100 147.681500 -376.175323 156.398514
-381.983900 148.240600 -377.490814 156.992477
-383.189300 148.967100 -378.690948 157.726028
-384.260600 149.832600 -379.768677 158.609467
-385.261700 150.822900 -380.751709 159.625427
-386.189600 152.026900 -381.698792 160.890762
-387.088300 153.508400 -382.582062 162.397934
-387.803500 155.255200 -383.257507 164.172180
-388.328200 157.227600 -383.760132 166.160858
-388.690100 159.390500 -384.078918 168.349121
-388.914300 161.727400 -384.248596 170.697128
-389.033800 164.223600 -384.306183 173.228455
-389.107700 166.899500 -384.313568 175.921967
-389.177200 169.703100 -384.309814 178.725769
-389.249200 172.602600 -384.314209 181.629852
-389.294800 175.566200 -384.295837 184.607101
-389.340400 178.518800 -384.302002 187.590897
-389.408400 181.466200 -384.317902 190.574173
-389.477100 184.395100 -384.311951 193.504608
-389.534000 187.303900 -384.299500 196.403900
-389.596100 190.151400 -384.300201 199.246323
-389.650400 192.868100 -384.303253 201.974396
-389.688600 195.381200 -384.292877 204.506165
-389.706500 197.729300 -384.261108 206.885132
-389.637200 199.881000 -384.136169 209.033340
-389.406500 201.894300 -383.868500 211.082199
-388.964400 203.824800 -383.372253 213.008041
-388.237500 205.641900 -382.589691 214.829651
-387.225600 207.247400 -381.556946 216.446533
-385.985200 208.725400 -380.304413 217.905228
-384.487500 210.025200 -378.789032 219.211700
-382.766900 211.133700 -377.041718 220.307526
-380.848000 212.024300 -375.086243 221.169571
-378.741200 212.710800 -372.955597 221.849976
-376.473400 213.257300 -370.692841 222.345001
-374.038800 213.683400 -368.263672 222.715927
-371.458500 214.025200 -365.663208 223.008560
-368.731200 214.304000 -362.949249 223.242737
-365.907000 214.548400 -360.108612 223.440109
-362.986400 214.774600 -357.192871 223.626587
-360.000500 214.982500 -354.191620 223.783752
-356.946700 215.144300 -351.152130 223.901047
-353.844800 215.269100 -348.050537 223.994019
-350.728200 215.343800 -344.960236 224.029037
-347.621800 215.396600 -341.885223 224.037704
-344.503600 215.436100 -338.779022 224.022446
-341.404500 215.431500 -335.692749 223.969376
-338.307200 215.374700 -332.622864 223.857712
-335.222900 215.258300 -329.537689 223.685577
-332.176900 215.090700 -326.516296 223.439255
-329.113900 214.919400 -323.478638 223.200806
-326.083300 214.755000 -320.463745 222.953476
-323.035500 214.645100 -317.413788 222.776184
-319.997700 214.594500 -314.407959 222.662094
-316.949800 214.613400 -311.387512 222.620682
-313.894600 214.701700 -308.355255 222.634125
-310.834000 214.851800 -305.302307 222.722916
-307.768800 215.021500 -302.220673 222.831848
-304.682000 215.209600 -299.123993 222.944031
-301.619300 215.403400 -296.061920 223.076935
-298.564100 215.602100 -293.002502 223.213776
-295.523500 215.774500 -289.960724 223.306076
-292.524500 215.925700 -286.972290 223.407196
-289.569200 216.080100 -284.017487 223.500122
-286.686000 216.208000 -281.146973 223.569061
-283.844300 216.320800 -278.324524 223.623856
-281.075400 216.414900 -275.602203 223.663788
-278.384800 216.482400 -272.919556 223.679764
-275.749900 216.524700 -270.301086 223.656143
-273.211000 216.563500 -267.764496 223.639954
-270.786900 216.596800 -265.353333 223.617798
-268.452200 216.627400 -263.020752 223.587524
-266.210100 216.670200 -260.769775 223.568863
-264.057900 216.715000 -258.629059 223.554352
-261.977600 216.758700 -256.551331 223.546783
-260.009300 216.805500 -254.583099 223.541580
-258.118000 216.846900 -252.712936 223.542068
-256.324100 216.892100 -250.921188 223.549561
-254.591600 216.937100 -249.195419 223.545532
-252.914000 216.968800 -247.525543 223.546616
-251.261500 217.002300 -245.880280 223.555817
-249.623300 217.030600 -244.235245 223.553146
-248.000000 217.075100 -242.617355 223.567261
-246.394700 217.123600 -240.995697 223.569824
-244.798500 217.177700 -239.410889 223.580734
-243.238500 217.242300 -237.858841 223.605621
-241.697700 217.301200 -236.328522 223.642380
-240.159500 217.379600 -234.795319 223.682419
-238.623700 217.447500 -233.265121 223.710663
-237.098100 217.517700 -231.744507 223.743240
-235.568700 217.578300 -230.202682 223.762283
-234.013600 217.632400 -228.647141 223.765869
-232.429300 217.675500 -227.072708 223.773270
-230.825000 217.709000 -225.455093 223.768585
-229.213500 217.727400 -223.841812 223.755417
-227.620200 217.743200 -222.240356 223.743256
-226.038600 217.749200 -220.663803 223.717636
-224.474500 217.720600 -219.090317 223.652237
-222.943700 217.646400 -217.550186 223.546890
-221.517500 217.497700 -216.134247 223.360275
-220.196400 217.264300 -214.836121 223.095322
-219.015400 216.979300 -213.644501 222.762802
-218.000600 216.671300 -212.636810 222.411377
-217.074300 216.316400 -211.730881 222.056427
-216.224900 215.882000 -210.896210 221.621307
-215.453800 215.357600 -210.123306 221.124451
-214.757400 214.782900 -209.403778 220.515091
-214.077200 214.065600 -208.710663 219.766586
-213.459700 213.182900 -208.100296 218.851501
-212.907500 212.086400 -207.582275 217.758209
-212.452200 210.870600 -207.146271 216.494431
-212.114300 209.456600 -206.859070 215.047699
-211.858500 207.837000 -206.633881 213.396057
-211.742000 206.028400 -206.567398 211.584656
-211.736300 204.033600 -206.627472 209.566788
-211.766900 201.873300 -206.717819 207.390366
-211.796200 199.533500 -206.813690 205.063980
-211.786800 197.027400 -206.887573 202.555161
-211.759900 194.373900 -206.931824 199.901779
-211.697900 191.633600 -206.972275 197.129776
-211.626700 188.816000 -206.999756 194.279617
-211.537000 185.992200 -207.006714 191.409912
-211.444400 183.173400 -207.011887 188.582840
-211.362800 180.374100 -207.033951 185.779831
-211.264700 177.600300 -207.031082 182.956680
-211.172000 174.834700 -207.018341 180.187988
-211.067900 172.132300 -207.000595 177.465286
-210.942500 169.548500 -206.950516 174.862000
-210.807500 167.115600 -206.872894 172.421677
-210.677900 164.891300 -206.787674 170.168182
-210.523800 162.831600 -206.681992 168.091400
-210.369300 160.883900 -206.569534 166.121521
-210.243400 159.140700 -206.481934 164.341599
-210.180400 157.654800 -206.443878 162.836014
-210.119700 156.263000 -206.404022 161.430161
-210.059800 154.892900 -206.371643 160.034332
-209.978700 153.571000 -206.300323 158.710800
-209.891700 152.272500 -206.242020 157.411743
-209.766700 150.900300 -206.133545 156.032150
-209.618400 149.453900 -206.019043 154.567383
-209.402000 147.911800 -205.848740 153.025360
-209.174500 146.248000 -205.694229 151.355530
-208.939400 144.453000 -205.516647 149.547485
-208.714900 142.497200 -205.357269 147.578537
-208.503800 140.403200 -205.211884 145.470245
-208.393000 138.150900 -205.166275 143.195908
-208.389600 135.751000 -205.234085 140.775940
-208.458300 133.190500 -205.378433 138.195358
-208.554900 130.503800 -205.555359 135.508209
-208.679600 127.708900 -205.765335 132.687439
-208.807700 124.788300 -205.951370 129.773132
-208.927800 121.786000 -206.152710 126.764359
-208.986400 118.770600 -206.312607 123.775932
-209.010800 115.753900 -206.479706 120.796730
-208.944000 112.761900 -206.523636 117.817970
-208.836500 109.809100 -206.536392 114.846146
-208.710600 106.913800 -206.486801 111.923752
-208.612900 104.164800 -206.442322 109.145500
-208.524100 101.612900 -206.410751 106.566925
-208.411800 99.291950 -206.352112 104.211868
-208.304000 97.231400 -206.305679 102.152214
-208.239900 95.441440 -206.287704 100.350815
-208.186600 93.928990 -206.241867 98.798080
-208.169400 92.620100 -206.241653 97.475349
-208.111400 91.359060 -206.208191 96.197090
-208.103700 90.108060 -206.203568 94.943596
-208.057300 88.899050 -206.182495 93.722420
-207.989700 87.686220 -206.137604 92.505112
-207.887500 86.424840 -206.062347 91.243591
-207.749700 85.106480 -205.958969 89.926704
-207.573400 83.679430 -205.819870 88.493027
-207.363800 82.128210 -205.655228 86.929054
-207.117800 80.466750 -205.456772 85.261780
-206.886600 78.657990 -205.258301 83.436409
-206.653200 76.721140 -205.061859 81.474808
-206.474300 74.687190 -204.916809 79.426300
-206.388100 72.537240 -204.885239 77.269623
-206.432200 70.298230 -204.979828 74.987808
-206.610100 68.000610 -205.215714 72.689087
-206.892700 65.622610 -205.552216 70.308441
-207.176400 63.145090 -205.865753 67.856956
-207.411300 60.582530 -206.144455 65.301765
-207.566400 57.936780 -206.352264 62.666264
-207.647700 55.184560 -206.510284 59.895382
-207.661500 52.385390 -206.580444 57.103493
-207.621300 49.546410 -206.648331 54.276352
-207.570900 46.730400 -206.691040 51.462887
-207.528900 43.951520 -206.739578 48.689053
-207.484900 41.207900 -206.791763 45.955601
-207.419300 38.483860 -206.842773 43.226398
-207.398300 35.859080 -206.912308 40.597408
-207.389600 33.323530 -206.994247 38.076191
-207.383600 30.928860 -207.071564 35.680397
-207.365700 28.737950 -207.117111 33.514244
-207.338200 26.780150 -207.159363 31.549429
-207.272200 25.076160 -207.163651 29.829020
-207.184900 23.637860 -207.142227 28.364204
-207.080700 22.407050 -207.088913 27.113853
-206.954300 21.322570 -207.004150 26.015326
-206.781600 20.334400 -206.869995 25.027403
-206.551700 19.436710 -206.723587 24.151201
-206.294700 18.614920 -206.521835 23.319595
-205.959400 17.852300 -206.236221 22.545788
-205.601700 17.147840 -205.917023 21.873055
-205.183200 16.499570 -205.537033 21.226845
-204.640200 15.834340 -205.024170 20.562214
-203.962000 15.126390 -204.400101 19.844835
-203.105900 14.402300 -203.625351 19.125179
-202.093300 13.723770 -202.619110 18.413792
-200.890700 13.072850 -201.437531 17.728291
-199.454900 12.451120 -199.979874 17.059614
-197.803000 11.847900 -198.338608 16.381876
-195.985800 11.251230 -196.536346 15.740849
-194.078300 10.799800 -194.647461 15.240187
-192.241500 10.550030 -192.841629 14.948658
-190.511600 10.492510 -191.081039 14.813355
-188.774500 10.514750 -189.299957 14.758465
-187.053000 10.530790 -187.534790 14.736065
-185.316100 10.589790 -185.780716 14.761682
-183.477200 10.672540 -183.917084 14.819940
-181.518300 10.768400 -181.901169 14.885001
-179.433500 10.895520 -179.793015 14.982851
-177.234800 11.053010 -177.560776 15.112083
-174.912900 11.228010 -175.178238 15.240240
-172.453800 11.406500 -172.680038 15.379117
-169.877600 11.633180 -170.067810 15.550355
-167.172600 11.903480 -167.330917 15.771425
-164.356100 12.241910 -164.485886 16.034086
-161.414200 12.605270 -161.525620 16.330858
-158.375100 12.957560 -158.441071 16.624502
-155.289000 13.266400 -155.312988 16.881990
-152.153500 13.477190 -152.166153 17.026548
-148.978900 13.534370 -148.965637 17.035667
-145.756200 13.449460 -145.766708 16.917631
-142.513300 13.323960 -142.522751 16.750622
-139.219200 13.264090 -139.242584 16.597942
-135.871600 13.235180 -135.879364 16.472395
-132.469300 13.237950 -132.457047 16.375809
-128.998700 13.250220 -128.971252 16.303600
-125.452300 13.247970 -125.433655 16.236868
-121.821900 13.224230 -121.805763 16.182623
-118.142800 13.197060 -118.164909 16.098890
-114.366200 13.195450 -114.441849 16.022875
-110.549500 13.202980 -110.711052 15.951916
-106.721100 13.234960 -106.919571 15.898684
-102.856200 13.237720 -103.121643 15.850606
-99.051970 13.344340 -99.305595 15.809954
-95.237560 13.444760 -95.508400 15.793914
-91.419640 13.530140 -91.701660 15.762207
-87.619070 13.674300 -87.922493 15.766649
-83.825400 13.812150 -84.155022 15.784060
-80.045030 13.941190 -80.405891 15.812158
-76.262920 14.064210 -76.673599 15.863669
-72.527230 14.169690 -72.963104 15.890047
-68.760100 14.314940 -69.291527 15.927536
-65.041990 14.448290 -65.642021 15.968325
-61.409550 14.597510 -62.022472 16.018364
-57.812780 14.752930 -58.450420 16.070715
-54.272080 14.916680 -54.911098 16.105188
-50.863180 15.111690 -51.412910 16.175104
-47.456920 15.288970 -47.929279 16.242786
-44.095940 15.453870 -44.531143 16.311584
-40.863370 15.611510 -41.245075 16.389679
-37.779270 15.768930 -38.119438 16.467730
-34.878460 16.001620 -35.162243 16.542231
-32.108550 16.224310 -32.337242 16.625912
-29.417700 16.336670 -29.657839 16.675739
-26.864830 16.377370 -27.122902 16.680407
-24.569330 16.453910 -24.761871 16.669523
-22.495940 16.503070 -22.620510 16.623064
-20.581990 16.519710 -20.665783 16.570847
-18.846180 16.508190 -18.898233 16.509146
-17.328990 16.482300 -17.332579 16.465530
-16.037550 16.475470 -15.949998 16.432056
-14.956120 16.515220 -14.770853 16.442772
-14.017770 16.603920 -13.772744 16.491709
-13.125570 16.745940 -12.864506 16.611029
-12.277220 17.018620 -12.049185 16.858711
-11.518690 17.387820 -11.325027 17.168379
-10.793900 17.853110 -10.572693 17.579725
-10.023690 18.451760 -9.802441 18.124537
-9.266871 19.249950 -9.038108 18.866579
-8.499983 20.230260 -8.212461 19.902163
-7.714471 21.448790 -7.433521 21.067904
-6.943853 22.899830 -6.641368 22.570145
-6.209422 24.630930 -5.960569 24.344763
-5.580618 26.636760 -5.337017 26.409935
-5.100718 28.938480 -4.854935 28.743536
-4.832290 31.540330 -4.522833 31.350700
-4.752808 34.327710 -4.400264 34.144096
-4.799016 37.335070 -4.411292 37.208900
-4.911943 40.499490 -4.497477 40.426510
-5.090383 43.700800 -4.608728 43.675041
-5.276585 46.904120 -4.718645 46.918621
-5.464336 50.126700 -4.831967 50.134357
-5.701735 53.348430 -4.911233 53.343349
-5.926283 56.566760 -4.992997 56.545738
-6.149722 59.747560 -5.071052 59.668034
-6.326192 62.853260 -5.122667 62.759212
-6.450595 65.815280 -5.182247 65.720940
-6.558018 68.633220 -5.225283 68.538055
-6.625230 71.279560 -5.264832 71.211952
-6.655510 73.749780 -5.308734 73.675575
-6.684464 75.995110 -5.345443 75.921181
-6.652349 77.987890 -5.343508 77.940018
-6.508811 79.715010 -5.219238 79.688538
-6.213677 81.157890 -4.943006 81.161613
-5.729615 82.390460 -4.512400 82.373192
-5.161236 83.435200 -4.007383 83.357445
-4.542652 84.252870 -3.392448 84.201248
-3.866113 84.884560 -2.791969 84.829048
-3.262439 85.311720 -2.219532 85.256027
-2.779876 85.608160 -1.765951 85.579674
-2.292931 85.855430 -1.307750 85.838150
-1.737887 86.025210 -0.805133 86.044746
-1.127115 86.147390 -0.301141 86.183487
-0.518659 86.251250 0.214145 86.301376
0.098283 86.354450 0.744053 86.409706
0.701588 86.427350 1.287871 86.474396
1.306431 86.494190 1.843678 86.521240
1.881704 86.544440 2.386189 86.570175
2.482048 86.571200 2.960914 86.587402
3.081643 86.601540 3.553468 86.606651
3.761151 86.625380 4.211130 86.623352
4.619787 86.696990 5.034722 86.670731
5.591334 86.770900 5.982194 86.724937
6.608439 86.844400 6.985985 86.777557
7.634023 86.901350 8.055851 86.822754
8.711110 86.958450 9.177591 86.840446
9.832777 87.009730 10.331375 86.855942
11.007620 87.011520 11.513359 86.841682
12.275390 86.965120 12.717716 86.769295
13.626340 86.918150 14.014780 86.711121
15.069990 86.825170 15.407895 86.606216
16.615310 86.785220 16.917015 86.561905
18.281790 86.877740 18.520615 86.636856
20.047850 87.081990 20.248510 86.815132
21.900640 87.285740 22.095612 86.978432
23.863160 87.475150 24.098419 87.075348
25.902040 87.591950 26.144354 87.126915
28.010580 87.643840 28.294523 87.143730
30.161670 87.666240 30.470791 87.148972
32.320100 87.664230 32.655727 87.142220
34.457590 87.659770 34.825993 87.113251
36.605810 87.671870 37.022076 87.105949
38.730770 87.693440 39.155674 87.108772
40.845470 87.730240 41.295063 87.108192
42.917780 87.780190 43.401142 87.132576
44.982820 87.855000 45.496887 87.178436
47.029150 87.934110 47.582104 87.211830
49.088540 87.988070 49.672413 87.216072
51.131190 88.046720 51.745827 87.233208
53.178890 88.088740 53.794277 87.242348
55.228720 88.131890 55.839745 87.263405
57.257270 88.189930 57.893398 87.287170
59.284240 88.231390 59.950642 87.299698
61.307870 88.268110 61.995754 87.325150
63.333450 88.313230 64.020111 87.328796
65.383590 88.353950 66.038155 87.344116
67.446480 88.391970 68.082291 87.357010
69.483090 88.432190 70.098610 87.376099
71.551190 88.436950 72.139877 87.385750
73.590280 88.449790 74.157806 87.382530
75.642440 88.447490 76.208595 87.374390
77.675640 88.454840 78.234573 87.356682
79.705830 88.461020 80.234207 87.355415
81.744040 88.480290 82.277779 87.351868
83.774580 88.511400 84.308723 87.351952
85.799340 88.557110 86.362801 87.360336
87.804420 88.601160 88.392075 87.365387
89.806920 88.643630 90.403130 87.361687
91.803370 88.704770 92.399300 87.381683
93.754020 88.738080 94.384621 87.382263
95.670500 88.790390 96.340012 87.395218
97.538390 88.822000 98.257332 87.392792
99.322990 88.859730 100.086060 87.401421
100.954900 88.856800 101.757263 87.367455
102.409400 88.885030 103.249931 87.369713
103.660500 88.873010 104.553345 87.345680
104.773500 88.863290 105.703316 87.340103
105.718200 88.844540 106.696014 87.305588
106.475800 88.845300 107.496010 87.310646
107.080900 88.835950 108.088905 87.315102
107.600100 88.863550 108.570763 87.358040
108.075700 88.966910 109.051140 87.456032
108.506900 89.161700 109.487709 87.641167
108.887900 89.429650 109.854729 87.877068
109.267500 89.752890 110.244316 88.165207
109.650400 90.181660 110.601257 88.551659
110.007800 90.683680 110.988045 89.032166
110.331900 91.262390 111.372688 89.635162
110.663200 91.958220 111.703346 90.320740
110.947400 92.750780 112.036728 91.076233
111.190500 93.649870 112.316261 91.922935
111.329400 94.676260 112.508606 92.938393
111.382200 95.834440 112.595352 94.064514
111.376200 97.156700 112.642418 95.325981
111.321400 98.712080 112.696716 96.830315
111.179000 100.499200 112.706612 98.522980
111.052600 102.454500 112.726593 100.405144
110.953400 104.573600 112.746208 102.492302
110.848100 106.867600 112.770485 104.737808
110.729000 109.311900 112.774544 107.150558
110.604600 111.877700 112.753334 109.718239
110.451100 114.520800 112.688469 112.373573
110.254000 117.240000 112.591553 115.101143
110.055600 119.971100 112.477966 117.845589
109.855900 122.687400 112.367134 120.562439
109.666000 125.388400 112.248711 123.255974
109.501800 128.077800 112.174294 125.943192
109.371200 130.752800 112.120064 128.603989
109.256400 133.406800 112.096405 131.241333
109.149100 136.006600 112.061172 133.821533
109.039300 138.439400 112.025063 136.233078
108.946900 140.687200 111.995377 138.438034
108.848000 142.713600 111.956444 140.454590
108.759900 144.486400 111.920212 142.231873
108.690000 146.045200 111.887833 143.815430
108.715900 147.402400 111.861588 145.210709
108.827800 148.539800 111.838028 146.397720
108.921200 149.485400 111.858559 147.339859
109.006800 150.284400 111.884315 148.161499
109.049700 151.026600 111.923721 148.911606
109.110000 151.749000 111.963707 149.651505
109.240400 152.403100 112.005882 150.367157
109.344100 153.097600 112.030113 151.114304
109.452600 153.933600 112.081108 151.986954
109.521400 154.936000 112.107910 153.007416
109.584300 156.072700 112.138992 154.159134
109.645200 157.328900 112.173859 155.432938
109.667500 158.738000 112.173096 156.851105
109.715500 160.311600 112.211983 158.420319
109.696400 162.088600 112.218590 160.183792
109.648800 164.031700 112.240082 162.085602
109.639100 166.108700 112.239326 164.176102
109.633200 168.339900 112.234238 166.411087
109.612700 170.710700 112.222519 168.780182
109.583300 173.210300 112.202499 171.294022
109.553500 175.810400 112.191170 173.872864
109.534300 178.500200 112.189667 176.575821
109.535800 181.237100 112.207809 179.298965
109.577200 183.940500 112.221840 182.029892
109.589000 186.635900 112.236374 184.747513
109.627500 189.311100 112.247704 187.427383
109.659000 191.927100 112.229614 190.036469
109.629600 194.430300 112.163155 192.554749
109.574900 196.783200 112.074043 194.912292
109.514500 198.966200 112.000755 197.111328
109.471200 200.971300 111.945404 199.122498
109.448700 202.821200 111.901138 200.978119
109.448800 204.602200 111.889008 202.773041
109.487500 206.354100 111.906868 204.536865
109.546200 208.062400 111.944817 206.248093
109.610500 209.709200 111.994698 207.927383
109.671900 211.262700 112.026428 209.475754
109.705900 212.701800 112.031685 210.921356
109.734000 214.083700 112.015762 212.327271
109.731100 215.443500 111.990334 213.667236
109.707300 216.763900 111.938744 214.997940
109.699800 218.051000 111.899979 216.296158
109.686600 219.346900 111.860504 217.588791
109.662800 220.744800 111.854660 218.947891
109.624300 222.181900 111.815094 220.364868
109.632900 223.689900 111.820580 221.854431
109.598100 225.285500 111.771568 223.436310
109.569800 226.964200 111.726334 225.114578
109.440500 228.723900 111.612770 226.893158
109.201500 230.569600 111.401672 228.745148
108.840200 232.500400 111.104500 230.657837
108.453300 234.508400 110.765732 232.672836
108.103400 236.603300 110.451721 234.772629
107.820000 238.782500 110.199310 236.964264
107.625300 241.068300 110.032921 239.264862
107.500700 243.440400 109.942749 241.642822
107.404300 245.878200 109.886826 244.126465
107.332600 248.416100 109.848648 246.679276
107.256600 251.021300 109.808662 249.305557
107.176600 253.624800 109.763474 251.908997
107.085700 256.216800 109.701500 254.519012
106.990300 258.788300 109.634308 257.095123
106.888800 261.345700 109.565147 259.655640
106.803900 263.853500 109.493484 262.176758
106.756800 266.256500 109.443558 264.586792
106.736800 268.495900 109.400093 266.880066
106.721100 270.543000 109.373497 268.963806
106.664600 272.451300 109.336479 270.897705
106.602400 274.231700 109.313637 272.679199
106.541100 275.936000 109.290215 274.386810
106.490100 277.548900 109.285515 276.004242
106.431000 279.024300 109.304352 277.469208
106.436000 280.325900 109.357880 278.775482
106.525700 281.483400 109.478600 279.921783
106.690800 282.500200 109.665886 280.943481
106.934200 283.393700 109.920250 281.810333
107.264500 284.174800 110.205032 282.576904
107.615000 284.885400 110.536415 283.324982
108.052900 285.553000 110.934891 283.996582
108.564200 286.162300 111.396294 284.630859
109.134400 286.814700 111.952194 285.312897
109.716100 287.520500 112.534340 285.994293
110.122000 288.203000 112.996498 286.648132
110.422100 288.820000 113.343979 287.227203
110.586500 289.418300 113.562782 287.835876
110.618300 290.064100 113.674889 288.442505
110.518800 290.708100 113.668571 289.023376
110.370600 291.314300 113.594711 289.566986
110.141900 291.925400 113.423248 290.076508
109.836600 292.549000 113.142097 290.660461
109.496500 293.150200 112.819725 291.212128
109.127000 293.786300 112.476311 291.837067
108.698100 294.485100 112.071075 292.513641
108.256700 295.314100 111.676506 293.299286
107.818100 296.219200 111.236610 294.240784
107.428300 297.304000 110.858574 295.317352
107.065000 298.537100 110.530060 296.526245
106.761100 299.883000 110.255432 297.895966
106.504600 301.404000 110.006287 299.394043
106.275100 303.166000 109.801682 301.133698
106.085800 305.101300 109.627403 303.058594
105.832300 307.215400 109.413033 305.150726
105.631300 309.512000 109.243347 307.440308
105.511000 311.924600 109.126030 309.860718
105.445300 314.490700 109.091148 312.415924
105.421000 317.132600 109.079895 315.063446
105.442800 319.873700 109.092804 317.812805
105.446400 322.691700 109.109314 320.655701
105.418000 325.550100 109.094612 323.551666
105.395200 328.463500 109.073967 326.504028
105.363900 331.394800 109.086617 329.442841
105.291400 334.291700 109.050957 332.350739
105.220100 337.191700 109.024849 335.257141
105.144300 340.052300 108.979607 338.120117
105.074500 342.867900 108.910370 340.964111
105.008900 345.615600 108.803795 343.752380
104.963300 348.183800 108.712189 346.385834
104.902500 350.569000 108.634369 348.827454
104.816700 352.734300 108.570076 351.029694
104.677500 354.661300 108.519073 352.994446
104.615300 356.352300 108.521919 354.725922
104.604300 357.799100 108.532104 356.221069
104.701100 359.026400 108.669975 357.501312
104.890600 360.123900 108.909355 358.608368
105.192900 361.139800 109.211838 359.661591
105.583500 362.033500 109.635490 360.605774
106.094900 362.891300 110.154732 361.509583
106.699400 363.652300 110.715797 362.225494
107.414200 364.337700 111.438622 362.953461
108.207300 364.984000 112.289597 363.695618
109.274200 365.625100 113.386444 364.343323
110.518200 366.322000 114.613960 365.012360
111.969200 367.023500 116.096046 365.711121
113.629200 367.645200 117.767464 366.328857
115.502500 368.145800 119.651085 366.806183
117.562800 368.470200 121.752884 367.136353
119.826500 368.663600 124.027779 367.306671
122.238200 368.733400 126.470528 367.342590
124.812600 368.744200 129.053513 367.319061
127.509600 368.750200 131.773422 367.307373
130.334100 368.742700 134.608139 367.266144
133.295700 368.738200 137.585098 367.232635
136.383900 368.770400 140.704376 367.213654
139.555000 368.815800 143.917786 367.215942
142.817300 368.903900 147.171097 367.243073
146.129200 369.028000 150.469086 367.307373
149.483900 369.137700 153.835800 367.357178
152.891500 369.309800 157.214035 367.398590
156.306000 369.518300 160.640472 367.456787
159.737200 369.684200 164.069000 367.473297
163.198500 369.811800 167.536377 367.479950
166.695400 369.930000 171.036896 367.500031
170.207000 370.046100 174.563019 367.517609
173.771600 370.157300 178.140244 367.555420
177.360900 370.266500 181.721954 367.605560
180.975000 370.366900 185.332321 367.643494
184.518100 370.493400 188.930817 367.689148
188.057900 370.608200 192.510468 367.733643
191.649500 370.691100 196.100815 367.757996
195.256300 370.767500 199.665939 367.812531
198.849500 370.860000 203.238129 367.858704
202.381300 370.945800 206.761292 367.895081
205.845900 371.042000 210.250290 367.936066
209.282900 371.140100 213.686401 367.949615
212.668000 371.264500 217.074081 367.978882
216.064400 371.405600 220.417145 368.016693
219.481600 371.542500 223.783188 368.064850
222.884100 371.677600 227.155579 368.109955
226.298100 371.814800 230.517517 368.173309
229.735800 371.946300 233.889725 368.246124
233.194100 372.081100 237.313751 368.310516
236.650500 372.201800 240.718292 368.358521
240.111200 372.286400 244.148376 368.383392
243.564300 372.361500 247.576050 368.372620
247.015400 372.438700 251.039993 368.386353
250.457000 372.513500 254.462143 368.410309
253.891600 372.590900 257.882324 368.430115
257.290300 372.695800 261.307892 368.451721
260.690700 372.783400 264.693146 368.486908
264.069500 372.879600 268.040161 368.514893
267.431600 372.988700 271.392059 368.579773
270.776800 373.106400 274.746429 368.642487
274.109000 373.236700 278.097748 368.706818
277.432900 373.381900 281.451660 368.796265
280.759300 373.509600 284.776062 368.866211
284.056000 373.639500 288.098450 368.930176
287.359000 373.744400 291.414764 368.963379
290.659600 373.828200 294.728424 368.981964
293.947900 373.890800 298.019592 369.000793
297.237800 373.937600 301.302948 369.018677
300.521400 373.988900 304.592987 369.038574
303.768300 374.045300 307.835083 369.053406
306.957900 374.123300 311.066986 369.052643
310.146500 374.187500 314.263885 369.055573
313.322400 374.161000 317.445343 369.048553
316.483700 374.147700 320.613831 369.046692
319.614100 374.138000 323.735809 369.026093
322.710900 374.134900 326.799591 369.031952
325.754600 374.160500 329.824646 369.055054
328.760000 374.252700 332.809418 369.111755
331.723400 374.480400 335.756714 369.314178
334.629700 374.897700 338.646118 369.712616
337.443500 375.575200 341.418030 370.310333
340.190600 376.425800 344.127899 371.108551
342.858100 377.501000 346.785858 372.111145
345.468300 378.757900 349.352020 373.289948
348.031800 380.138800 351.848633 374.597137
350.528000 381.659100 354.344574 376.005707
353.018700 383.175200 356.864197 377.457275
355.491300 384.652000 359.362183 378.857208
357.947400 386.052400 361.898438 380.198273
360.450400 387.298300 364.457642 381.371674
362.989400 388.343200 367.063782 382.369019
365.629600 389.180000 369.737701 383.150665
368.276800 389.785200 372.449860 383.739502
371.000200 390.203900 375.203613 384.114685
373.810900 390.409900 378.009949 384.291901
376.669700 390.515800 380.870544 384.300018
379.565900 390.475800 383.750122 384.190460
382.519300 390.334600 386.716766 383.963135
385.568500 390.096400 389.729431 383.678162
388.667700 389.806400 392.836029 383.328094
391.801000 389.495500 395.950623 382.963776
394.948500 389.200900 399.065216 382.614655
398.070600 388.865200 402.200653 382.233795
401.148300 388.481900 405.275787 381.793060
404.065800 388.058900 408.240204 381.320343
406.691700 387.530400 410.873077 380.752716
409.000000 386.806300 413.165771 379.997345
410.962900 385.896000 415.087189 379.058807
412.562500 384.785500 416.679199 378.020508
413.996700 383.545300 418.081573 376.727692
415.180900 382.105900 419.209961 375.259064
416.123400 380.517100 420.135223 373.594391
416.780300 378.715300 420.793579 371.840515
417.257500 376.862000 421.243073 369.929840
417.474300 374.922400 421.448792 367.929688
417.570600 372.940800 421.509338 365.886749
417.595000 370.957200 421.497772 363.848145
417.608000 368.989000 421.473999 361.860748
417.583600 367.038100 421.413391 359.886108
417.563900 365.089500 421.371979 357.929108
417.541600 363.162600 421.300385 355.969025
417.537500 361.254500 421.255035 354.054138
417.528500 359.368700 421.205780 352.163269
417.528100 357.497400 421.162628 350.251465
417.533000 355.636800 421.118469 348.384277
417.535200 353.779400 421.066467 346.506836
417.571900 351.871300 421.044830 344.600555
417.625100 349.951000 421.050323 342.661957
417.694000 348.023900 421.084717 340.723938
417.785900 346.081700 421.134491 338.760498
417.908800 344.103500 421.225128 336.762177
418.015700 342.077300 421.285767 334.730591
418.081000 339.964700 421.313202 332.613953
418.090200 337.760700 421.272705 330.379364
418.050600 335.423900 421.186523 328.048065
417.958300 332.974100 421.047729 325.589661
417.860400 330.443200 420.847656 323.027954
417.712700 327.891600 420.597504 320.448944
417.482600 325.340400 420.270996 317.848877
417.033400 322.795700 419.832123 315.295685
416.342400 320.296000 419.179718 312.809021
415.500300 317.846800 418.326080 310.352814
414.502200 315.485600 417.310699 307.978394
413.318100 313.201700 416.115875 305.667358
412.032900 310.983400 414.833740 303.453430
410.705100 308.826400 413.483582 301.311981
409.332700 306.723300 412.091431 299.193909
407.938700 304.690300 410.668152 297.151459
406.473300 302.693100 409.182373 295.156921
404.955000 300.719700 407.636139 293.165833
403.421700 298.744000 406.084534 291.170319
401.884500 296.708900 404.548615 289.140533
400.391900 294.639900 403.022430 287.063721
398.848100 292.568900 401.600494 284.999512
397.412100 290.463600 400.228394 282.904175
396.057400 288.363000 398.923462 280.813141
394.718200 286.280300 397.612610 278.730133
393.408400 284.209500 396.311066 276.658661
392.117400 282.093800 395.016052 274.568451
390.835100 279.982500 393.732605 272.471710
389.579700 277.837900 392.468750 270.345947
388.345300 275.665600 391.223969 268.175781
387.120100 273.483200 389.994690 265.986053
385.875700 271.265000 388.732666 263.791687
384.628200 269.049200 387.482666 261.587341
383.381900 266.843000 386.214172 259.382629
382.125900 264.656300 384.927399 257.194611
380.854500 262.504300 383.643860 255.041412
379.661500 260.394600 382.342896 252.948471
378.446600 258.284100 381.015472 250.896393
377.135400 256.231900 379.682739 248.879822
375.830100 254.203900 378.368958 246.904053
374.666100 252.142300 377.050476 244.919952
373.467400 250.089900 375.730560 242.920731
372.260300 248.016900 374.374115 240.911072
371.007200 245.900200 372.984650 238.853638
369.693400 243.722700 371.544434 236.736420
368.315100 241.489500 370.047028 234.567032
366.888500 239.203500 368.516998 232.346115
365.460800 236.868900 366.962219 230.073380
364.012600 234.509600 365.422699 227.752731
362.529900 232.103900 363.887695 225.409348
361.127000 229.646700 362.347473 223.012405
359.661000 227.165200 360.806061 220.603729
358.172600 224.664800 359.240356 218.161041
356.667000 222.124500 357.598358 215.690247
355.093500 219.562900 355.883911 213.188705
353.424100 216.994400 354.121002 210.672638
351.712100 214.400800 352.304230 208.122391
349.975600 211.757600 350.484253 205.537766
348.217300 209.053900 348.640442 202.889435
346.440100 206.295800 346.763611 200.202332
344.718700 203.491400 344.913300 197.499954
343.048900 200.668300 343.065704 194.778687
341.324500 197.881200 341.217804 192.047089
339.568500 195.094400 339.409088 189.342361
337.852500 192.286600 337.567535 186.559250
336.194600 189.467000 335.762817 183.820724
334.505100 186.643600 333.963959 181.045258
332.810200 183.813400 332.161926 178.249313
331.136400 180.975200 330.396729 175.476822
329.490700 178.148700 328.642731 172.704742
327.932900 175.420200 326.939209 170.035889
326.471500 172.833200 325.342743 167.509018
325.095300 170.445000 323.868500 165.161179
323.762200 168.206100 322.473480 162.961639
322.412400 165.996900 321.031677 160.774811
321.011100 163.835400 319.578491 158.638702
319.641800 161.678600 318.168243 156.501984
318.295500 159.472400 316.768524 154.325775
316.951800 157.229300 315.364990 152.127380
315.588800 154.961100 313.934753 149.912216
314.135600 152.692800 312.454987 147.677780
312.631900 150.387300 310.934723 145.394821
311.148500 148.012100 309.388062 143.046356
309.612900 145.580200 307.820038 140.664917
308.016700 143.109100 306.198242 138.207092
306.331100 140.598200 304.511414 135.718399
304.564400 138.076000 302.782501 133.209534
302.797400 135.508900 301.002075 130.669785
300.997000 132.893600 299.205597 128.071594
299.222800 130.218600 297.378632 125.422684
297.437100 127.496300 295.540070 122.736679
295.655500 124.725500 293.683441 120.021706
293.887000 121.904900 291.808594 117.194267
292.106700 119.014900 289.926697 114.360344
290.285600 116.096800 288.024078 111.490463
288.486200 113.134700 286.114288 108.595398
286.686000 110.204800 284.187408 105.706009
284.893700 107.269000 282.264648 102.832336
283.126100 104.350100 280.353027 99.985924
281.355100 101.454500 278.452087 97.150322
279.594100 98.593690 276.579163 94.349106
277.853700 95.782330 274.734253 91.577927
276.123300 93.015090 272.910950 88.865555
274.407100 90.294590 271.123383 86.196838
272.692900 87.620630 269.341034 83.559067
270.986100 84.990760 267.541626 80.949135
269.325100 82.370640 265.784637 78.390488
267.721500 79.761360 264.060516 75.879807
266.125000 77.187760 262.358368 73.392113
264.542700 74.650060 260.662048 70.906395
262.985600 72.146080 259.002380 68.452003
261.442300 69.672120 257.378113 66.020424
259.914000 67.228910 255.760376 63.612926
258.304500 64.884450 254.180130 61.250656
256.745600 62.566170 252.626175 58.900696
255.295000 60.234750 251.155807 56.575706
253.997800 57.859320 249.842697 54.213013
252.910900 55.413560 248.710922 51.763107
252.070800 52.918370 247.814713 49.264687
251.456200 50.379500 247.172379 46.755733
251.101500 47.849010 246.758881 44.212227
250.932300 45.362320 246.536087 41.699982
250.858900 42.970440 246.399765 39.274120
250.880600 40.703100 246.310089 36.944824
250.860200 38.529600 246.189484 34.710423
250.643100 36.422190 245.911972 32.564217
250.219900 34.431510 245.425552 30.587555
249.550300 32.522370 244.709061 28.671520
248.682400 30.805930 243.894516 26.852861
247.595100 29.296170 242.696747 25.330202
246.325600 27.986790 241.342926 23.967251
244.806500 26.870520 239.798080 22.914349
243.208500 26.046220 238.176559 22.132805
241.618500 25.511990 236.595123 21.662544
240.183400 25.244680 235.140717 21.451025
238.935000 25.182690 233.909714 21.441286
237.834400 25.306400 232.806183 21.611376
236.751000 25.547440 231.771179 21.915010
235.819600 26.015040 230.909164 22.359177
235.018800 26.634010 230.153503 22.953764
234.322500 27.380390 229.459396 23.691389
233.665300 28.270030 228.858643 24.624140
233.152200 29.370220 228.396576 25.730417
232.717700 30.623840 228.033218 27.000114
232.381300 32.026050 227.793381 28.377903
232.146500 33.563930 227.680801 29.905563
231.970000 35.230950 227.601547 31.561415
231.824100 37.057360 227.582001 33.381863
231.711700 38.971820 227.587204 35.311848
231.613800 41.054710 227.616074 37.379311
231.500400 43.265380 227.637054 39.585297
231.399200 45.576380 227.689682 41.879459
231.319600 47.958050 227.750656 44.268696
231.245500 50.455120 227.845367 46.753857
231.179600 53.045730 227.947220 49.329517
231.112600 55.734600 228.057678 52.008049
231.018200 58.532000 228.170990 54.777378
230.923100 61.468330 228.300049 57.659088
230.781800 64.386420 228.400604 60.549648
230.554400 67.301250 228.411026 63.468624
230.382900 70.279420 228.460144 66.445503
230.251900 73.265810 228.549194 69.424278
230.117200 76.279160 228.628754 72.427818
229.963600 79.299000 228.684509 75.465111
229.812600 82.350860 228.740143 78.529488
229.639600 85.361680 228.826828 81.574402
229.508400 88.372400 228.906967 84.628578
229.396200 91.404150 229.006134 87.641663
229.226100 94.390420 229.048706 90.600166
229.043400 97.383610 229.075562 93.572578
228.915600 100.420900 229.164688 96.605118
228.777400 103.429600 229.229004 99.615158
228.620500 106.515300 229.301178 102.677643
228.492800 109.617700 229.388580 105.774872
228.345100 112.766000 229.458466 108.921608
228.262200 115.953800 229.547775 112.097282
228.174500 119.123600 229.622025 115.237152
228.062700 122.300500 229.671829 118.400131
227.923700 125.438600 229.718872 121.535355
227.800300 128.526100 229.773544 124.617020
227.652200 131.598300 229.813049 127.663521
227.534700 134.639400 229.870911 130.697739
227.419600 137.638100 229.934753 133.690521
227.314300 140.648200 229.990524 136.697449
227.209000 143.551900 230.049469 139.621155
227.066800 146.491000 230.069855 142.558472
226.958600 149.420900 230.129517 145.440125
226.876000 152.285800 230.200714 148.283035
226.800700 155.135000 230.277222 151.105927
226.731900 157.928600 230.358444 153.896011
226.671000 160.677000 230.429382 156.642181
226.582000 163.433500 230.476700 159.355621
226.485000 166.141300 230.515808 162.055252
226.397200 168.834800 230.556488 164.758408
226.291800 171.503000 230.574432 167.432144
226.193800 174.156400 230.602478 170.072708
226.097700 176.845900 230.630737 172.754532
226.004100 179.602700 230.679199 175.495926
225.899400 182.370000 230.732758 178.272858
225.790500 185.147000 230.785233 181.001450
225.666400 187.881700 230.820496 183.708313
225.559700 190.596700 230.872345 186.397675
225.450800 193.273500 230.915222 189.055099
225.344100 195.959200 230.966553 191.712845
225.255300 198.650900 231.037842 194.348175
225.193200 201.334900 231.121353 197.006302
225.127200 204.006800 231.197845 199.663513
225.065500 206.635300 231.268967 202.282837
225.010800 209.237100 231.350494 204.870499
224.942500 211.826000 231.420120 207.430420
224.891100 214.400400 231.503677 209.978897
224.851300 216.935700 231.600906 212.484589
224.574700 219.362300 231.693512 214.926620
224.296500 221.836900 231.782059 217.417618
224.077500 224.335800 231.885162 219.931366
223.912600 226.902200 232.009506 222.457581
223.741800 229.521600 232.097748 225.078506
223.606900 232.177000 232.183182 227.715591
223.385500 235.003000 232.209595 230.503799
223.159800 237.809300 232.228073 233.278168
222.960600 240.674800 232.251587 236.102203
222.792300 243.535000 232.292877 238.911133
222.588700 246.352100 232.337112 241.696838
222.380700 249.170100 232.362686 244.480240
222.221500 251.920200 232.419113 247.207932
222.080000 254.672900 232.497269 249.927429
221.956900 257.368500 232.557404 252.639160
221.829100 260.046700 232.629456 255.303482
221.692500 262.646800 232.651764 257.957245
221.568600 265.262200 232.706955 260.619141
221.459700 267.839700 232.784882 263.197998
221.336200 270.381800 232.847198 265.757477
221.189700 272.766200 232.859146 268.168243
221.088000 275.002000 232.920425 270.386353
221.026400 277.045600 233.004013 272.420135
221.049000 278.872300 233.156113 274.243286
221.129600 280.543300 233.344742 275.905243
221.219900 282.100200 233.543747 277.463165
221.344400 283.572300 233.780396 278.919373
221.383300 284.982800 233.921799 280.330353
221.427300 286.297500 234.084564 281.621216
221.355400 287.505400 234.114410 282.813202
221.243100 288.625800 234.106232 283.917511
221.036600 289.678700 234.002594 284.958466
220.706100 290.652000 233.757309 285.895020
220.342100 291.553100 233.461685 286.820038
219.853800 292.364600 233.055695 287.718842
219.269900 293.212700 232.538589 288.578735
218.538100 294.065300 231.881714 289.449280
217.686800 294.889800 231.125412 290.307617
216.657700 295.681400 230.148819 291.147797
215.444500 296.400100 229.003922 291.892822
214.042800 296.980800 227.632996 292.548401
212.392600 297.367200 226.049774 292.994537
210.496800 297.522800 224.245132 293.284241
208.422600 297.550500 222.208420 293.417206
206.131200 297.483400 219.958496 293.464478
203.651200 297.386400 217.484528 293.514008
200.976300 297.310600 214.795044 293.594299
198.089000 297.234800 211.900406 293.694122
194.997600 297.169600 208.809540 293.808197
191.702200 297.088100 205.498718 293.918121
188.259400 296.972900 202.052795 294.005432
184.687600 296.836900 198.479401 294.082092
180.991300 296.697500 194.761627 294.180908
177.262000 296.545800 191.039932 294.247498
173.558400 296.374900 187.335617 294.292206
169.919200 296.277600 183.636719 294.337677
166.317100 296.215600 179.947845 294.385986
162.711100 296.177000 176.294724 294.430695
159.134700 296.119900 172.641312 294.464142
155.571100 296.037800 168.976852 294.512726
152.007700 295.960500 165.359146 294.558746
148.468000 295.873200 161.790756 294.607605
144.946600 295.784900 158.236389 294.664581
141.444100 295.697900 154.706818 294.721466
137.975600 295.609100 151.190842 294.773743
134.474600 295.536100 147.720703 294.815521
131.021500 295.387200 144.255661 294.827454
127.584800 295.185200 140.846298 294.792847
124.194200 294.919100 137.481079 294.671082
120.833000 294.568800 134.131989 294.486053
117.524100 294.148300 130.802307 294.217346
114.277200 293.717200 127.546059 293.921967
111.044200 293.263000 124.294312 293.619720
107.875300 292.820400 121.100830 293.322571
104.688800 292.432800 117.892960 293.069580
101.526200 292.112800 114.689842 292.885925
98.320670 291.867700 111.455452 292.771545
95.075730 291.698100 108.196495 292.737305
91.781610 291.600800 104.878380 292.793823
88.461730 291.510300 101.498375 292.875275
85.094010 291.416400 98.085953 292.951508
81.672540 291.325000 94.608185 293.022949
78.223590 291.216800 91.130867 293.091095
74.766450 291.106600 87.678658 293.146088
71.344240 290.985400 84.258987 293.186249
67.941880 290.873200 80.852951 293.228668
64.574620 290.765700 77.463844 293.276672
61.246410 290.655900 74.110611 293.324280
57.944380 290.555500 70.817406 293.376465
54.688490 290.463900 67.569450 293.417206
51.465180 290.374800 64.352310 293.468201
48.250390 290.298700 61.143696 293.532135
45.050130 290.226400 57.948582 293.584869
41.875270 290.157700 54.786507 293.645752
38.711490 290.079000 51.640678 293.699738
35.578690 289.999000 48.527412 293.752533
32.468040 289.919000 45.430965 293.817108
29.399030 289.855900 42.369831 293.887695
26.374440 289.806000 39.357590 293.968750
23.466190 289.753800 36.449100 294.042572
20.703250 289.695700 33.721725 294.103577
18.065590 289.632000 31.095877 294.154083
15.545090 289.573700 28.591049 294.204315
13.147890 289.520300 26.228022 294.253876
10.888030 289.488100 23.997768 294.324341
8.793075 289.520100 21.924942 294.459747
6.883822 289.607400 20.012152 294.636810
5.082836 289.770600 18.213451 294.892792
3.360773 289.989300 16.500778 295.196472
1.693438 290.246300 14.835530 295.536224
0.081762 290.523900 13.232341 295.889587
-1.454040 290.824700 11.714045 296.251892
-2.912142 291.153900 10.283761 296.634399
-4.263831 291.496500 8.937487 297.022522
-5.469629 291.865200 7.769889 297.412659
-6.561797 292.250200 6.690096 297.863373
-7.567325 292.720400 5.729893 298.350861
-8.250854 293.150700 5.072214 298.792542
-8.615564 293.414600 4.724703 299.055511
-8.701378 293.497800 4.641007 299.137299
-8.677816 293.476200 4.654225 299.115723
-8.670689 293.481400 4.656943 299.118591
-8.660467 293.476600 4.652862 299.115326
-8.651698 293.468700 4.654370 299.117310
-8.643833 293.460000 4.660738 299.098450
-8.651930 293.468400 4.634482 299.134827
-8.687854 293.502400 4.584748 299.169739
-8.762112 293.570000 4.503326 299.258911
-8.920494 293.730700 4.345490 299.417480
-9.169684 294.008200 4.099660 299.707611
-9.506103 294.394700 3.779098 300.149475
-9.958653 294.935000 3.346132 300.716675
-10.520470 295.675700 2.810834 301.500458
-11.117550 296.668100 2.259392 302.532227
-11.708500 297.866400 1.715863 303.807648
-12.237630 299.339200 1.244207 305.337830
-12.683330 301.018400 0.880012 307.039459
-13.070580 302.864600 0.574709 308.929016
-13.368680 304.910200 0.362399 311.020172
-13.565630 307.103100 0.257575 313.239563
-13.722500 309.483700 0.208991 315.658997
