0.000000 0.000000 0.000000 0.000000
0.059875 0.430540 0.056306 0.436193
0.240194 0.981257 0.235360 0.986021
0.531827 1.620036 0.527762 1.617040
0.999102 2.286905 0.994032 2.281863
1.634196 2.948016 1.598080 2.915847
2.465897 3.579897 2.409250 3.551597
3.507611 4.202254 3.453647 4.187386
4.794196 4.791823 4.760552 4.796060
6.329744 5.330723 6.324361 5.322102
8.109243 5.878028 8.112578 5.879733
10.112010 6.449695 10.138797 6.452082
12.311460 7.000760 12.390924 7.004265
14.649940 7.512325 14.749540 7.505513
17.045990 7.933466 17.150229 7.927772
19.495760 8.228210 19.623714 8.224957
21.992720 8.306307 22.134621 8.282240
24.504830 8.124873 24.662701 8.095615
26.991550 7.679836 27.164194 7.618397
29.438030 6.997717 29.603178 6.927289
31.783040 6.157692 31.940523 6.085504
34.061480 5.135804 34.206341 5.057709
36.249090 3.963231 36.384865 3.876678
38.339410 2.756405 38.463909 2.669913
40.387000 1.476584 40.524754 1.380785
42.507450 0.121543 42.639065 0.027804
44.798470 -1.255569 44.903183 -1.348644
47.253440 -2.652713 47.333542 -2.751272
49.829130 -4.119797 49.881245 -4.221671
52.496600 -5.654198 52.515205 -5.754616
55.197500 -7.201418 55.186001 -7.300826
57.889050 -8.733355 57.831150 -8.831906
60.568300 -10.237180 60.486156 -10.346155
63.209030 -11.720560 63.112549 -11.840128
65.794730 -13.245590 65.699112 -13.374327
68.306160 -14.789450 68.215141 -14.921216
70.774870 -16.359280 70.660004 -16.498919
73.207180 -17.930420 73.079720 -18.069716
75.585180 -19.500110 75.456459 -19.655191
77.976200 -21.045650 77.841858 -21.183210
80.359750 -22.550030 80.245758 -22.730612
82.721600 -24.045560 82.626846 -24.247005
85.130890 -25.457240 85.047653 -25.655470
87.583520 -26.763470 87.482315 -26.962927
90.052030 -27.962520 89.984459 -28.178368
92.567280 -29.055560 92.507584 -29.288431
95.091560 -30.042180 95.021400 -30.274216
97.627970 -30.999950 97.538353 -31.231941
100.184800 -31.914080 100.078522 -32.153496
102.738700 -32.746220 102.633774 -33.011517
105.306500 -33.553570 105.192215 -33.831951
107.889600 -34.298460 107.767311 -34.588001
110.487000 -34.993230 110.346176 -35.297005
113.094500 -35.631080 112.932732 -35.935104
115.714700 -36.218190 115.545792 -36.525982
118.336800 -36.794500 118.144882 -37.112038
120.956100 -37.311260 120.769791 -37.638577
123.575400 -37.808670 123.389275 -38.136196
126.178100 -38.305940 125.975975 -38.632492
128.749000 -38.789160 128.537079 -39.108082
131.294400 -39.254810 131.064896 -39.581841
133.800300 -39.697620 133.543365 -40.036034
136.267300 -40.152820 136.010757 -40.508640
138.705700 -40.571180 138.441055 -40.940212
141.108200 -40.918610 140.830734 -41.295887
143.486200 -41.184130 143.201508 -41.577320
145.827400 -41.344840 145.542053 -41.742805
148.116900 -41.390150 147.837372 -41.789951
150.394500 -41.337850 150.129288 -41.759525
152.640300 -41.243160 152.382858 -41.701675
154.896300 -41.171990 154.633743 -41.668537
157.139500 -41.129290 156.858871 -41.663353
159.364300 -41.123040 159.085861 -41.699482
161.541500 -41.143410 161.252792 -41.748680
163.691100 -41.184580 163.413254 -41.822460
165.794600 -41.169840 165.503082 -41.828571
167.853000 -41.036680 167.550659 -41.725243
169.861400 -40.814300 169.561707 -41.521568
171.785700 -40.498720 171.489273 -41.213711
173.656900 -40.100850 173.363510 -40.826099
175.466100 -39.643440 175.171448 -40.379883
177.238400 -39.176700 176.944321 -39.928997
179.051200 -38.637820 178.769226 -39.403008
180.842400 -38.130090 180.572601 -38.917557
182.654500 -37.585090 182.387497 -38.378162
184.499200 -36.994200 184.237778 -37.812637
186.326400 -36.336250 186.095337 -37.185089
188.179600 -35.586660 187.948425 -36.474636
190.033300 -34.744990 189.818573 -35.660172
191.950900 -33.866980 191.729614 -34.799820
193.922400 -32.984310 193.704758 -33.921001
195.981900 -32.091960 195.744110 -33.040356
198.044700 -31.179470 197.800797 -32.142868
200.096400 -30.282730 199.844925 -31.266998
202.149000 -29.377620 201.923172 -30.379242
204.205200 -28.490440 203.992416 -29.500378
206.280400 -27.683360 206.078278 -28.723808
208.395100 -26.949400 208.176865 -28.013918
210.511400 -26.248260 210.305038 -27.329788
212.653100 -25.542730 212.425491 -26.656176
214.826000 -24.841570 214.579773 -25.962381
217.025900 -24.115450 216.762543 -25.250954
219.237300 -23.317850 218.965546 -24.484985
221.445500 -22.466040 221.159088 -23.674585
223.667300 -21.584010 223.355179 -22.837341
225.887600 -20.687600 225.585602 -21.963030
228.072000 -19.761640 227.782440 -21.059237
230.220200 -18.813360 229.954697 -20.134935
232.380100 -17.819580 232.133621 -19.161041
234.567900 -16.817990 234.333527 -18.173767
236.713000 -15.809910 236.487442 -17.197329
238.851800 -14.765210 238.647461 -16.178232
241.017000 -13.683470 240.806580 -15.128463
243.189400 -12.578710 242.985229 -14.060809
245.303900 -11.468690 245.101578 -12.977166
247.468200 -10.349670 247.263397 -11.890506
249.645100 -9.231011 249.437439 -10.808291
251.806300 -8.090111 251.601700 -9.704483
253.960700 -6.938930 253.778671 -8.582688
256.101100 -5.755645 255.939896 -7.422260
258.215000 -4.543629 258.099304 -6.221887
260.307600 -3.272954 260.194519 -4.977167
262.344400 -1.883065 262.263489 -3.589882
264.302700 -0.414263 264.246460 -2.148726
266.252100 1.068534 266.233673 -0.685905
268.265900 2.447327 268.298218 0.686469
270.324900 3.759467 270.397980 1.984863
272.419700 5.022290 272.527771 3.228992
274.560900 6.266911 274.721802 4.439922
276.693900 7.483336 276.893494 5.647787
278.872400 8.703796 279.116150 6.844981
281.097600 9.935075 281.363861 8.053443
283.337500 11.219770 283.634521 9.317018
285.578400 12.544850 285.890900 10.618318
287.831600 13.911530 288.140900 11.954637
290.088700 15.396350 290.405701 13.412261
292.311900 16.932960 292.650055 14.912756
294.493900 18.481610 294.875916 16.480272
296.720900 20.090920 297.092590 18.107534
298.978300 21.804860 299.285126 19.827185
301.361000 23.633810 301.463470 21.626968
303.645300 25.487530 303.631561 23.480766
305.870300 27.427630 305.745087 25.353056
308.019400 29.387000 307.870728 27.291536
310.140700 31.374480 309.957214 29.229790
312.194800 33.399420 312.019897 31.217062
314.189200 35.447230 314.018677 33.211555
316.138800 37.517350 315.972198 35.233913
318.049100 39.628100 317.898987 37.316189
319.943200 41.728570 319.783417 39.377193
321.828600 43.822610 321.691315 41.445465
323.748400 45.934260 323.628693 43.528080
325.706500 48.018020 325.595825 45.577614
327.739600 50.080930 327.681976 47.655338
329.840400 52.117880 329.792511 49.661064
331.997600 54.088750 331.971100 51.596466
334.230000 56.046050 334.229156 53.521038
336.499800 57.995180 336.514343 55.435162
338.816900 59.925620 338.849060 57.336815
341.178100 61.833440 341.220642 59.194466
343.554900 63.722300 343.615021 61.057331
345.957800 65.576790 346.050110 62.885834
348.386500 67.418200 348.486755 64.691292
350.801500 69.229240 350.912964 66.459358
353.254100 71.038830 353.354218 68.245110
355.698600 72.844900 355.798065 70.032166
358.141800 74.650950 358.247253 71.820602
360.583100 76.452920 360.685089 73.618835
363.026300 78.255900 363.144989 75.409027
365.452200 80.044720 365.595459 77.165337
367.845000 81.823410 368.006744 78.914963
370.166400 83.579750 370.353027 80.662216
372.393300 85.288160 372.591583 82.335960
374.497600 86.944540 374.711975 83.969818
376.478000 88.495560 376.714508 85.498863
378.371000 89.933730 378.606415 86.918282
380.183400 91.300940 380.434052 88.275139
381.933000 92.573690 382.208099 89.547768
383.660900 93.763590 383.926331 90.712608
385.476400 94.921870 385.773712 91.877457
387.358800 96.029350 387.682404 92.958435
389.297900 97.086300 389.652313 94.014786
391.333900 98.175050 391.720154 95.088081
393.414000 99.266980 393.815460 96.138512
395.549800 100.322500 395.976929 97.161102
397.704500 101.322500 398.155975 98.150330
399.824200 102.279600 400.288696 99.054977
401.916600 103.140900 402.406097 99.881989
403.950600 103.902700 404.455719 100.608788
405.959700 104.590800 406.464417 101.249840
408.011000 105.108200 408.510132 101.730270
410.135100 105.485400 410.663483 102.099655
412.361000 105.790800 412.902313 102.395599
414.624700 106.058600 415.165680 102.640625
416.897400 106.297800 417.445831 102.846573
419.163900 106.506600 419.718567 103.016068
421.493300 106.727000 422.050476 103.205078
423.737200 106.947800 424.288269 103.397003
425.977100 107.191600 426.517365 103.622932
428.102800 107.420100 428.611511 103.836914
430.149200 107.670800 430.655701 104.028717
432.117500 107.907600 432.627106 104.212486
434.025800 108.008100 434.532135 104.264229
435.758200 108.009100 436.289429 104.226212
437.299000 107.930500 437.824219 104.106262
438.581000 107.769400 439.109894 103.890846
439.666200 107.607000 440.204712 103.707382
440.608900 107.409000 441.144684 103.495964
441.398700 107.289400 441.898773 103.372772
441.992900 107.179100 442.486023 103.241325
442.448600 107.110700 442.938324 103.142799
442.905900 107.038600 443.393372 103.034340
443.346800 107.014100 443.830414 102.963821
443.836000 106.989300 444.312317 102.898560
444.473000 106.989500 444.938599 102.867844
445.205500 106.946300 445.688812 102.774780
446.012900 106.953300 446.495697 102.744270
446.902800 107.033600 447.399750 102.764786
447.889800 107.210000 448.335510 102.913673
448.987400 107.446500 449.400391 103.096687
450.189500 107.822200 450.604401 103.418282
451.491100 108.402100 451.885864 103.843109
452.928900 109.084800 453.335693 104.405281
454.502200 109.798100 454.892883 105.080109
456.158200 110.666600 456.560425 105.937569
457.971900 111.646100 458.297302 106.897392
459.877400 112.735800 460.174103 107.966515
461.883200 113.914900 462.177643 109.134224
463.988700 115.182000 464.272491 110.379913
466.175500 116.517700 466.468018 111.688377
468.435400 117.924700 468.736633 113.075409
470.781100 119.404400 471.080353 114.516151
473.219400 120.926800 473.518494 116.003632
475.743400 122.510800 476.019775 117.556419
478.344300 124.160400 478.618866 119.160095
480.992000 125.864000 481.289215 120.841667
483.679900 127.592900 484.030487 122.533470
486.447600 129.273600 486.859070 124.190453
489.320000 130.826500 489.798431 125.711823
492.282900 132.213200 492.800201 127.054352
495.358000 133.438200 495.954865 128.213043
498.513800 134.409800 499.202362 129.136581
501.751100 135.064200 502.432983 129.758514
505.042300 135.427700 505.747192 130.083755
508.395000 135.556900 509.089752 130.191849
511.770400 135.475700 512.501587 130.078552
515.185000 135.299200 515.937561 129.864166
518.623000 135.097900 519.378601 129.606979
522.144800 134.847000 522.913574 129.320389
525.734400 134.578800 526.524719 129.001068
529.399100 134.293800 530.205322 128.672897
533.133700 134.010400 533.953186 128.355255
536.936600 133.686300 537.810425 127.971611
540.806000 133.326000 541.686035 127.577805
544.802000 132.892300 545.649353 127.118324
548.848400 132.415900 549.647278 126.627838
552.948000 131.900800 553.713501 126.093018
557.104100 131.327900 557.867432 125.496033
561.317500 130.706600 562.058350 124.848396
565.599800 130.051200 566.376526 124.154114
569.941500 129.367300 570.729553 123.443069
574.351700 128.666500 575.093079 122.714027
578.779700 127.953800 579.512268 121.962135
583.237100 127.258900 583.917419 121.219688
587.713000 126.567300 588.372803 120.449402
592.202000 125.884700 592.825623 119.712883
596.683800 125.215200 597.268188 118.989532
601.149700 124.558400 601.715637 118.285782
605.601500 123.870200 606.144226 117.577934
610.038700 123.194200 610.571533 116.888809
614.483600 122.547100 614.990540 116.244064
618.926400 121.903400 619.421936 115.585274
623.350300 121.254400 623.814392 114.922356
627.741900 120.615400 628.160095 114.290733
632.071600 120.016600 632.415161 113.697304
636.318800 119.412600 636.593262 113.114510
640.484000 118.825100 640.734558 112.515701
644.497600 118.256100 644.763306 111.930023
648.278400 117.698400 648.573608 111.383293
651.817400 117.176000 652.125610 110.850853
655.064500 116.712400 655.402893 110.400116
657.980700 116.314200 658.322510 109.998398
660.526400 115.964600 660.854187 109.658272
662.701100 115.630800 663.044678 109.343910
664.544000 115.185100 664.905457 108.904945
666.220700 114.557800 666.590637 108.245567
667.731400 113.722400 668.004089 107.406418
668.815500 112.652100 669.207214 106.329506
669.721700 111.420600 670.106934 105.147339
670.375000 110.040000 670.705139 103.711174
670.743500 108.532100 671.061951 102.196045
670.853700 106.905800 671.164917 100.528145
670.479600 105.203700 670.860474 98.837158
669.886200 103.505000 670.218201 97.194321
668.934000 101.811700 669.245667 95.508957
667.713400 100.128500 668.036743 93.873779
666.284600 98.431790 666.592590 92.187042
664.691900 96.730170 665.007874 90.399063
662.951100 95.069520 663.243103 88.718170
661.045400 93.515090 661.317383 87.199165
658.978100 92.108080 659.247070 85.844894
656.784000 90.796840 657.063293 84.587547
654.501500 89.445100 654.777161 83.302185
652.178300 88.060580 652.412842 81.961342
649.787300 86.622730 650.023560 80.569016
647.361600 85.108610 647.566589 79.083946
644.842400 83.549870 645.016174 77.541954
642.252000 81.948280 642.418457 75.977890
639.681300 80.324390 639.839539 74.384247
637.149300 78.658370 637.314087 72.774033
634.666500 76.993840 634.826782 71.147690
632.251900 75.355150 632.406982 69.567055
629.879500 73.738570 630.030640 68.019012
627.590500 72.163550 627.737915 66.492577
625.387200 70.610050 625.527893 64.992844
623.318500 69.115660 623.457336 63.581287
621.410500 67.709240 621.541870 62.249542
619.670100 66.436970 619.808655 61.037235
618.153900 65.289110 618.289612 59.950752
616.867100 64.327580 617.000122 59.025505
615.819600 63.530860 615.978333 58.271355
614.973800 62.932120 615.135437 57.676395
614.330800 62.461620 614.463928 57.198994
613.811100 62.069300 613.932861 56.812618
613.313200 61.694250 613.416138 56.451595
612.830400 61.322490 612.916016 56.072979
612.348000 60.956790 612.418518 55.720776
611.900500 60.618970 611.943787 55.368607
611.476100 60.298910 611.500916 55.043972
611.109300 60.011850 611.130188 54.769974
610.766100 59.758400 610.776917 54.528252
610.434000 59.483890 610.436584 54.269279
610.127300 59.236310 610.110657 54.018913
609.810600 58.983200 609.783264 53.780399
609.426900 58.683240 609.403076 53.492741
608.885000 58.245010 608.837402 53.072197
608.141400 57.643250 608.083130 52.488834
607.226200 56.864850 607.165405 51.746540
606.175100 55.922830 606.134888 50.826374
604.988800 54.815760 604.968079 49.754341
603.721000 53.539790 603.708984 48.508987
602.357600 52.129810 602.357971 47.143913
600.872200 50.598950 600.866455 45.662010
599.313100 48.940800 599.290955 44.040714
597.636500 47.153860 597.591553 42.321766
595.881100 45.248230 595.790283 40.460846
594.057800 43.236600 593.917969 38.490349
592.228600 41.166150 592.041016 36.465614
590.416500 39.097260 590.202087 34.428997
588.589700 37.035950 588.362244 32.394402
586.727400 34.953000 586.476807 30.374546
584.835300 32.869090 584.554993 28.342911
582.909900 30.778460 582.595459 26.290638
580.956400 28.682870 580.621521 24.256020
578.981900 26.559660 578.618774 22.183992
576.989600 24.412110 576.609192 20.098743
575.013400 22.261790 574.604370 17.998524
573.061000 20.092300 572.596130 15.856359
571.135300 17.941960 570.633179 13.751753
569.253000 15.812370 568.700500 11.654090
567.402800 13.684550 566.823792 9.569899
565.597000 11.594760 564.964050 7.499579
563.776800 9.568871 563.091980 5.514193
562.016200 7.610878 561.287720 3.562383
560.357800 5.761759 559.597412 1.764030
558.790600 4.059161 558.008545 0.103189
557.388800 2.556647 556.590393 -1.362100
556.166300 1.224300 555.342896 -2.682119
555.086800 0.038120 554.225647 -3.840742
554.091900 -1.065239 553.199829 -4.924000
553.156200 -2.093206 552.226929 -5.935764
552.265400 -3.039119 551.318115 -6.859766
551.446200 -3.918816 550.484619 -7.719249
550.714900 -4.709150 549.742432 -8.490152
550.055400 -5.411455 549.043884 -9.188413
549.472200 -6.063502 548.455322 -9.841691
548.991400 -6.627882 547.950989 -10.396596
548.582100 -7.090666 547.541382 -10.842115
548.257600 -7.479973 547.204895 -11.217915
547.987500 -7.803179 546.919373 -11.525409
547.768900 -8.070234 546.688599 -11.777966
547.592600 -8.293718 546.496765 -12.001117
547.438700 -8.468806 546.340149 -12.172129
547.312300 -8.609266 546.207825 -12.315941
547.212800 -8.727030 546.103699 -12.433707
547.137900 -8.816118 546.019775 -12.526274
547.093000 -8.878200 545.969238 -12.587463
547.069500 -8.915003 545.934875 -12.623527
547.040300 -8.948208 545.910034 -12.656338
546.977500 -9.002351 545.862244 -12.706264
546.906300 -9.075048 545.802124 -12.771365
546.823300 -9.175395 545.719849 -12.860924
546.717900 -9.307750 545.617798 -12.982059
546.577700 -9.471357 545.481812 -13.136953
546.411500 -9.667371 545.306885 -13.324115
546.222400 -9.896104 545.110413 -13.542270
546.013600 -10.141830 544.897644 -13.778689
545.783400 -10.398320 544.661743 -14.031716
545.569500 -10.646660 544.430298 -14.271378
545.387700 -10.868510 544.241272 -14.486461
545.242600 -11.049650 544.093140 -14.657480
