0 0.000040 0.004674 100.000000 13.513514
0 0.000018 0.003714 200.000000 13.605442
0 0.000007 0.003811 300.000000 14.084507
10 0.000038 0.004043 100.000000 13.513514
10 0.000024 0.003640 200.000000 13.698630
10 0.000011 0.003834 300.000000 14.150944
20 0.000037 0.004323 100.000000 13.513514
20 0.000018 0.003573 200.000000 13.698630
20 0.000012 0.003953 300.000000 14.285714
30 0.000031 0.005042 100.000000 13.513514
30 0.000020 0.003399 200.000000 13.793103
30 0.000013 0.004252 300.000000 14.354067
40 0.000040 0.005958 100.000000 13.333333
40 0.000023 0.003290 200.000000 13.888889
40 0.000010 0.004408 300.000000 14.492754
50 0.000021 0.005605 100.000000 13.333333
50 0.000020 0.003032 200.000000 13.986014
50 0.000009 0.004268 300.000000 14.563107
60 0.000019 0.004134 100.000000 13.333333
60 0.000021 0.003853 200.000000 13.986014
60 0.000007 0.004420 300.000000 14.634147
70 0.000021 0.003735 100.000000 13.333333
70 0.000016 0.003955 200.000000 14.184397
80 0.000033 0.003870 100.000000 13.513514
80 0.000016 0.004154 200.000000 14.285714
90 0.000030 0.004192 100.000000 13.513514
90 0.000005 0.004478 200.000000 14.492754
100 0.000027 0.004450 100.000000 13.698630
100 0.000000 0.005234 200.000000 14.705882
110 0.000038 0.005053 100.000000 14.084507
110 0.000003 0.005948 200.000000 14.814815
120 0.000037 0.005269 100.000000 14.285714
120 0.000008 0.005518 200.000000 15.037594
130 0.000028 0.005702 100.000000 14.492754
130 0.000015 0.005877 200.000000 15.151515
140 0.000023 0.005732 100.000000 14.705882
140 0.000017 0.005544 200.000000 15.384615
150 0.000020 0.004882 100.000000 14.925373
160 0.000035 0.006140 100.000000 15.151515
170 0.000037 0.006690 100.000000 15.384615
180 0.000038 0.006883 100.000000 15.384615
190 0.000049 0.008081 100.000000 15.625000
200 0.000046 0.006989 100.000000 15.625000
