-0.000000 0.000000 0.000000 0.000000
-0.031067 2.888054 -0.010335 2.852476
-0.064585 5.738958 -0.007037 5.669281
-0.101303 8.535486 -0.027826 8.431225
-0.142195 11.339520 -0.051267 11.208884
-0.184906 14.041360 -0.083423 13.928576
-0.236713 16.743090 -0.123963 16.637829
-0.293743 19.414190 -0.176012 19.308388
-0.351775 22.037930 -0.236064 21.944494
-0.412104 24.615430 -0.301045 24.506386
-0.469077 27.080370 -0.383636 26.990961
-0.537729 29.454710 -0.463330 29.364992
-0.609883 31.753310 -0.548556 31.682497
-0.707028 33.962280 -0.644099 33.905514
-0.822501 36.085730 -0.743981 36.049187
-0.935694 38.111240 -0.863849 38.088078
-1.022967 40.037480 -0.956979 40.019985
-1.107347 41.890890 -1.033321 41.902145
-1.156523 43.592390 -1.080328 43.610424
-1.165281 45.110470 -1.082824 45.150829
-1.139704 46.435620 -1.058789 46.505451
-1.077742 47.567320 -1.001511 47.652813
-1.006263 48.450880 -0.928335 48.561348
-0.897746 49.232390 -0.806861 49.369869
-0.757712 49.986150 -0.661588 50.135670
-0.562625 50.707270 -0.462452 50.873100
-0.317219 51.420200 -0.203809 51.596832
0.000274 52.129820 0.118963 52.303825
0.427978 52.800310 0.566518 52.998245
0.965237 53.472800 1.113068 53.668442
1.658262 54.153430 1.807163 54.366096
2.612681 54.789880 2.711114 55.016964
3.766145 55.335410 3.869105 55.607239
5.103719 55.721430 5.228356 56.063545
6.612372 55.902800 6.726516 56.282532
8.209580 55.971350 8.344659 56.382477
9.933246 55.981820 10.066803 56.388168
11.755010 55.963040 11.890677 56.357445
13.673080 55.883300 13.812064 56.297150
15.697980 55.779010 15.872509 56.221436
17.784720 55.672100 18.007011 56.143707
19.978240 55.590270 20.234205 56.084183
22.167140 55.510110 22.438154 56.038853
24.373310 55.484540 24.700016 56.027603
26.568060 55.472620 26.922167 56.037586
28.777650 55.510270 29.173544 56.061138
30.985590 55.548590 31.444407 56.107540
33.207400 55.613480 33.716835 56.191547
35.442520 55.709300 35.988831 56.287762
37.704740 55.826600 38.289879 56.420155
40.002200 55.976310 40.603325 56.579624
42.339510 56.141300 42.957241 56.757877
44.713720 56.343910 45.345608 56.967941
47.122240 56.605330 47.732143 57.229965
49.540680 56.921620 50.168221 57.545547
51.989070 57.297260 52.589489 57.915298
54.343180 57.698510 54.949600 58.314838
56.645460 58.120330 57.274693 58.762009
58.876010 58.567270 59.523502 59.218254
61.013190 59.021080 61.673946 59.677563
63.055930 59.468430 63.719807 60.133026
65.032810 59.902180 65.726997 60.567795
66.922080 60.298360 67.629425 60.976959
68.724720 60.677920 69.454041 61.370781
70.449950 61.033000 71.203171 61.725246
72.086540 61.346730 72.859596 62.033295
73.701140 61.657010 74.501831 62.334610
75.335240 61.944750 76.150093 62.624474
76.992600 62.291350 77.831993 62.972149
78.692590 62.691950 79.548782 63.398060
80.453400 63.179850 81.285149 63.890858
82.265790 63.740490 83.115227 64.443886
84.194030 64.399810 85.037300 65.111923
86.224450 65.153770 87.034111 65.844398
88.357870 65.993410 89.129105 66.667961
90.502450 66.907090 91.256363 67.567810
92.609040 67.903710 93.355865 68.532425
94.633120 68.920130 95.417671 69.527054
96.583420 69.912990 97.384674 70.498878
98.435050 70.883890 99.262459 71.452271
100.212200 71.816210 101.066994 72.379753
101.905500 72.735820 102.791321 73.273026
103.511500 73.620900 104.444786 74.168404
105.060100 74.482340 105.986809 74.978363
106.565000 75.343110 107.500847 75.846336
108.028900 76.228830 108.939987 76.711662
109.484600 77.160920 110.380035 77.631332
111.012500 78.171090 111.868675 78.637405
112.582900 79.246780 113.407707 79.727455
114.228600 80.425890 115.006828 80.905235
115.947600 81.729260 116.683212 82.202065
117.700100 83.151090 118.405487 83.613869
119.523000 84.685210 120.211006 85.151932
121.433400 86.292660 122.076462 86.769707
123.377700 87.978210 124.035713 88.455437
125.311100 89.753620 125.946342 90.218964
127.275600 91.596860 127.902328 92.070999
129.224500 93.463900 129.859222 93.944359
131.149100 95.403230 131.803650 95.877502
133.059000 97.419260 133.723679 97.893768
134.953900 99.488560 135.618988 99.932541
136.852800 101.578900 137.524994 101.998802
138.768400 103.700800 139.431458 104.098076
140.668600 105.771500 141.328751 106.204597
142.593300 107.805600 143.256897 108.253006
144.499400 109.783900 145.145813 110.236938
146.448400 111.754000 147.065170 112.191223
148.396300 113.639400 149.011383 114.073135
150.376300 115.438400 150.968567 115.933914
152.404100 117.222400 152.979401 117.759529
154.478600 118.989300 155.017838 119.566124
156.645400 120.724500 157.151962 121.354988
158.905800 122.432200 159.347076 123.072922
161.194700 124.063600 161.632294 124.747223
163.498700 125.601900 163.921280 126.333458
165.800800 127.092000 166.206833 127.846062
168.046900 128.527100 168.422424 129.270920
170.193100 129.881700 170.608307 130.650513
172.320500 131.175000 172.751389 131.916977
174.354500 132.418200 174.810974 133.173080
176.353200 133.630800 176.826538 134.362503
178.293700 134.777800 178.771469 135.497116
180.174800 135.863800 180.689575 136.590698
181.990300 136.890800 182.534729 137.611908
183.746700 137.844100 184.355804 138.574615
185.502900 138.752600 186.152573 139.487747
187.316700 139.650000 187.991974 140.401077
189.197800 140.526600 189.902573 141.266891
191.166700 141.381000 191.896942 142.121048
193.245000 142.204500 193.988388 142.963074
195.460000 143.026300 196.204285 143.777939
197.772100 143.833600 198.531433 144.581177
200.145100 144.607400 200.918182 145.347931
202.692400 145.397600 203.455338 146.120193
205.249500 146.171900 206.011719 146.912628
207.860900 146.926000 208.646866 147.678558
210.549200 147.643600 211.355759 148.405624
213.300400 148.348200 214.126053 149.111801
216.084100 149.048900 216.927017 149.811768
218.860300 149.726200 219.726349 150.493637
221.644800 150.382100 222.550217 151.148849
224.412100 151.021800 225.321899 151.790161
227.167600 151.643200 228.135941 152.425110
229.918900 152.230300 230.940750 153.016281
232.689500 152.785800 233.734955 153.576294
235.449300 153.313200 236.501770 154.088821
238.199800 153.803200 239.273285 154.595810
240.934200 154.256400 241.988922 155.053909
243.668800 154.668400 244.733749 155.471313
246.368400 155.041200 247.442490 155.860168
249.069800 155.358200 250.155289 156.188705
251.725900 155.632800 252.807861 156.471375
254.402400 155.881300 255.492493 156.741150
257.042800 156.089700 258.149139 156.954437
259.660100 156.224000 260.799988 157.107773
262.271700 156.315800 263.411713 157.193298
264.865700 156.356900 266.008057 157.235840
267.459400 156.359600 268.613037 157.238007
270.039500 156.343700 271.219452 157.229935
272.588200 156.330000 273.754791 157.217926
275.056200 156.330100 276.248962 157.221558
277.448400 156.359600 278.658447 157.247345
279.738200 156.429500 280.961121 157.317032
281.938200 156.520200 283.188934 157.402802
284.012100 156.634000 285.307648 157.501694
285.967000 156.761600 287.254395 157.633316
287.810800 156.898300 289.113342 157.767395
289.549300 157.041600 290.850708 157.909103
291.199000 157.180400 292.504700 158.059006
292.759600 157.324200 294.071808 158.221237
294.237400 157.467800 295.552826 158.385864
295.702000 157.617000 297.022552 158.543213
297.209000 157.765400 298.536499 158.691010
298.767900 157.889400 300.097992 158.822815
300.432800 158.016900 301.769012 158.960602
302.189300 158.141600 303.533966 159.089966
304.038500 158.267800 305.398438 159.216965
305.995200 158.405700 307.345215 159.354538
308.048700 158.531900 309.409821 159.485519
310.174500 158.661100 311.550171 159.610672
312.381400 158.771100 313.763763 159.723999
314.676200 158.867600 316.061401 159.822647
317.037300 158.975500 318.425415 159.925293
319.477900 159.096700 320.863403 160.032730
321.983300 159.231700 323.378204 160.165512
324.556700 159.385400 325.953247 160.317459
327.199000 159.561700 328.609161 160.504517
329.888000 159.763100 331.313629 160.703217
332.606500 159.992500 334.064026 160.952606
335.346200 160.242300 336.840424 161.203308
338.087800 160.502200 339.627655 161.456223
340.808300 160.751300 342.384949 161.716034
343.520500 160.989100 345.107605 161.982346
346.223500 161.227200 347.837372 162.231903
348.906500 161.474100 350.528351 162.492523
351.590100 161.717700 353.240417 162.752243
354.273100 161.969400 355.929718 163.040451
356.966000 162.239900 358.624939 163.358292
359.666600 162.550200 361.315826 163.723343
362.375700 162.896300 363.997711 164.130737
365.062800 163.323000 366.643982 164.607666
367.727000 163.850800 369.303162 165.163773
370.348600 164.475400 371.953430 165.786194
372.964400 165.138700 374.603546 166.452606
375.599800 165.826700 377.225464 167.164047
378.229900 166.566100 379.870270 167.913574
380.801800 167.357500 382.469635 168.699066
383.318400 168.171800 385.025055 169.508606
385.808200 169.013900 387.546021 170.340439
388.246500 169.856400 390.014313 171.175034
390.650800 170.695000 392.462006 172.003647
393.014800 171.503500 394.869751 172.801224
395.404400 172.284100 397.261658 173.581360
397.780400 173.063700 399.653687 174.361557
400.205400 173.874000 402.093414 175.165192
402.725900 174.699400 404.585388 175.981720
405.238700 175.529800 407.174500 176.824615
407.810400 176.369600 409.762360 177.673416
410.380800 177.246300 412.385254 178.538498
412.944100 178.091800 414.963562 179.406937
415.502100 178.907300 417.516388 180.256500
417.987000 179.722000 420.007446 181.091812
420.400700 180.499000 422.404510 181.901733
422.723500 181.229600 424.705353 182.651901
424.970600 181.953100 426.948364 183.396820
427.191300 182.654700 429.147827 184.114532
429.364900 183.330700 431.336700 184.820114
431.542400 184.015100 433.535767 185.503525
433.709700 184.706100 435.708282 186.208984
435.894400 185.396800 437.911133 186.916794
437.987000 186.094800 440.024567 187.608749
439.976500 186.775400 442.047882 188.304626
441.889500 187.423200 443.965576 188.967056
443.709700 188.041300 445.791962 189.602585
445.449300 188.641500 447.548004 190.207047
447.056300 189.201200 449.191467 190.791092
448.590500 189.739900 450.753021 191.345261
450.015000 190.249300 452.197021 191.858795
451.352700 190.721500 453.564392 192.345703
452.596100 191.161200 454.798523 192.803833
453.710200 191.550200 455.931519 193.206558
454.731200 191.911400 456.990784 193.565201
455.653200 192.246800 457.932922 193.905075
456.505300 192.533700 458.805542 194.180649
457.319300 192.826200 459.630127 194.473495
458.109900 193.111500 460.432343 194.756378
458.896600 193.410900 461.222168 195.045670
459.697700 193.760100 462.039917 195.384232
460.531700 194.165900 462.865295 195.777679
461.370300 194.631800 463.694305 196.216415
462.158600 195.139900 464.481903 196.726562
462.899600 195.612800 465.228729 197.197083
463.586200 195.962000 465.931549 197.553406
464.354300 196.273600 466.648926 197.859650
465.139400 196.550800 467.426483 198.145630
465.948600 196.799800 468.229645 198.372330
466.714000 197.006300 469.009247 198.616714
467.409700 197.209000 469.680847 198.807648
468.004600 197.427000 470.274841 199.031128
468.491000 197.643300 470.760468 199.264740
468.884200 197.788300 471.149902 199.444122
469.204000 197.984300 471.462311 199.675186
469.473000 198.134800 471.707733 199.847961
469.708700 198.262200 471.941589 200.017838
469.857800 198.400100 472.089844 200.181824
469.984600 198.505100 472.215393 200.289246
470.093200 198.600100 472.332214 200.395874
