0.000000 0.000000 0.000009 0.000000
-0.041803 3.575628 -0.022435 3.600431
-0.083626 7.152769 -0.007199 7.197347
-0.125431 10.728320 -0.001550 10.770853
-0.167141 14.303480 -0.007419 14.366161
-0.208176 17.881040 -0.016816 17.951366
-0.253156 21.464680 -0.038023 21.557623
-0.307115 25.046840 -0.073770 25.139780
-0.367798 28.637120 -0.106453 28.731611
-0.435716 32.231930 -0.146489 32.321571
-0.509819 35.812560 -0.190716 35.916748
-0.590462 39.405490 -0.250317 39.538570
-0.675668 42.995920 -0.302641 43.144817
-0.761728 46.596120 -0.354969 46.769939
-0.822002 50.203480 -0.380149 50.406887
-0.875378 53.811250 -0.397659 54.007442
-0.933231 57.427770 -0.423655 57.633186
-1.006715 61.042090 -0.459268 61.242970
-1.078473 64.647550 -0.491061 64.857079
-1.157680 68.241070 -0.545330 68.450378
-1.243226 71.816000 -0.590870 72.042427
-1.310252 75.365540 -0.615484 75.611359
-1.337950 78.894600 -0.611122 79.150917
-1.335651 82.399130 -0.577116 82.661339
-1.292993 85.876960 -0.498800 86.138359
-1.216671 89.333360 -0.392763 89.599144
-1.101750 92.791290 -0.245419 93.081253
-0.953966 96.255380 -0.070453 96.566017
-0.782045 99.739680 0.129590 100.065491
-0.607718 103.278800 0.324500 103.618668
-0.448327 106.867200 0.501029 107.228027
-0.329075 110.491600 0.646568 110.856636
-0.253779 114.142500 0.748504 114.516434
-0.232571 117.811600 0.789745 118.207497
-0.256232 121.501300 0.788077 121.932571
-0.297015 125.224100 0.775640 125.677765
-0.353204 128.969900 0.764020 129.441589
-0.397623 132.733500 0.737010 133.229935
-0.443887 136.522600 0.730277 137.036133
-0.490815 140.330600 0.713018 140.856293
-0.550146 144.153000 0.696332 144.675095
-0.601569 147.961100 0.678215 148.502686
-0.649286 151.756200 0.666134 152.311722
-0.703475 155.553300 0.661516 156.088120
-0.758140 159.342200 0.655825 159.890686
-0.821014 163.126200 0.623443 163.689270
-0.891591 166.914300 0.594415 167.488678
-0.968255 170.704700 0.560462 171.291656
-1.053647 174.498300 0.510465 175.093842
-1.140940 178.289100 0.447220 178.875366
-1.220912 182.072200 0.399452 182.683777
-1.311919 185.843100 0.341354 186.448990
-1.400872 189.585600 0.291638 190.204163
-1.482347 193.303500 0.244542 193.941650
-1.543340 196.981600 0.213927 197.627014
-1.593225 200.619200 0.195747 201.287766
-1.629855 204.203300 0.189323 204.885544
-1.655974 207.709400 0.179838 208.421661
-1.680916 211.093700 0.186458 211.829788
-1.717659 214.345300 0.184221 215.087173
-1.758097 217.485400 0.192898 218.242981
-1.820190 220.495000 0.151973 221.284958
-1.900504 223.322800 0.100401 224.142395
-1.999321 225.946200 0.023484 226.788589
-2.113952 228.382000 -0.061863 229.239151
-2.215172 230.657700 -0.147844 231.533630
-2.309140 232.838300 -0.212276 233.727371
-2.389577 234.991500 -0.272550 235.889557
-2.458270 237.111600 -0.315571 238.017944
-2.501543 239.199900 -0.336786 240.112259
-2.528203 241.263900 -0.340525 242.193848
-2.543393 243.355900 -0.325449 244.292450
-2.546619 245.471500 -0.304152 246.407364
-2.542056 247.635900 -0.261443 248.574844
-2.540944 249.857300 -0.228159 250.796509
-2.529475 252.145000 -0.185777 253.083847
-2.522827 254.510700 -0.145528 255.446289
-2.495854 256.929600 -0.088108 257.851685
-2.426274 259.429500 0.027795 260.359283
-2.347909 261.939800 0.136868 262.881317
-2.249292 264.463100 0.266830 265.402985
-2.120601 266.988600 0.432245 267.944489
-1.972336 269.529300 0.614323 270.503571
-1.829452 272.089100 0.789242 273.087830
-1.700845 274.651100 0.964079 275.667969
-1.585579 277.203700 1.107193 278.224457
-1.489305 279.735400 1.238574 280.754730
-1.431895 282.203100 1.324677 283.215485
-1.411252 284.555300 1.376262 285.574066
-1.423417 286.744000 1.397182 287.756927
-1.477649 288.751100 1.366501 289.762909
-1.597157 290.628100 1.277680 291.643555
-1.834488 292.379000 1.070221 293.391144
-2.209538 293.998100 0.726791 294.995300
-2.739392 295.466700 0.228561 296.440613
-3.425572 296.782800 -0.414818 297.726654
-4.268559 297.943900 -1.234604 298.891541
-5.270323 298.869400 -2.206177 299.822510
-6.404391 299.609200 -3.312149 300.531860
-7.620091 300.061900 -4.493408 300.990448
-8.849753 300.287300 -5.673584 301.239258
-10.136050 300.271200 -6.927962 301.244293
-11.487940 299.994100 -8.256126 300.983734
-12.859800 299.433800 -9.648232 300.458313
-14.212510 298.521900 -11.016739 299.605347
-15.569170 297.360100 -12.370148 298.467377
-16.903920 295.876600 -13.714859 297.004517
-18.123430 294.046700 -14.975601 295.183044
-19.213810 291.862500 -16.094528 293.007477
-20.129220 289.390500 -17.044243 290.509979
-20.811550 286.620800 -17.711971 287.779694
-21.226910 283.593100 -18.126129 284.770325
-21.383580 280.311200 -18.282459 281.525513
-21.289760 276.829500 -18.182161 278.025360
-21.001900 273.207500 -17.904886 274.350677
-20.665910 269.427900 -17.558401 270.528076
-20.345860 265.509700 -17.244806 266.572205
-20.070850 261.517300 -16.965616 262.559601
-19.855300 257.511300 -16.749622 258.523529
-19.703440 253.474600 -16.603352 254.469803
-19.613680 249.416200 -16.513088 250.383209
-19.551340 245.338200 -16.457104 246.296432
-19.513830 241.222400 -16.420935 242.148865
-19.480990 237.073200 -16.379366 238.004593
-19.430400 232.892800 -16.327175 233.797348
-19.355550 228.687700 -16.248602 229.576462
-19.288210 224.454100 -16.183075 225.351044
-19.214900 220.186300 -16.095316 221.056534
-19.140510 215.891500 -16.023829 216.738571
-19.053200 211.570300 -15.960554 212.402237
-18.960210 207.218600 -15.884471 208.030701
-18.864760 202.831800 -15.802604 203.613693
-18.780810 198.440400 -15.737112 199.207382
-18.697180 194.055600 -15.684734 194.807510
-18.628490 189.691500 -15.645569 190.423492
-18.576860 185.352500 -15.616817 186.064941
-18.533400 181.031600 -15.587859 181.730560
-18.510720 176.750700 -15.594066 177.412842
-18.518290 172.537500 -15.623754 173.167313
-18.551690 168.447100 -15.663501 169.025482
-18.605030 164.539000 -15.739188 165.100693
-18.662110 160.837100 -15.807665 161.378922
-18.717150 157.359800 -15.872653 157.873901
-18.762310 154.117300 -15.927694 154.622345
-18.804370 151.111100 -15.990617 151.617111
-18.837660 148.339300 -16.028299 148.832245
-18.862790 145.753800 -16.052914 146.222534
-18.886270 143.302400 -16.086079 143.798920
-18.908720 140.992900 -16.122339 141.467346
-18.926770 138.765400 -16.146461 139.233765
-18.954640 136.621400 -16.177387 137.057098
-18.979110 134.516900 -16.210480 134.937775
-19.003890 132.428600 -16.246716 132.828415
-19.011690 130.377400 -16.261276 130.743912
-19.029680 128.286700 -16.284426 128.619034
-19.040930 126.090400 -16.316940 126.394165
-19.033980 123.792800 -16.320314 124.089111
-19.007880 121.337200 -16.309116 121.585091
-18.962360 118.740400 -16.273720 118.964539
-18.881640 115.984300 -16.208355 116.179970
-18.762610 113.072100 -16.093927 113.241249
-18.592730 110.010400 -15.945263 110.164658
-18.389740 106.796500 -15.751495 106.946136
-18.187250 103.411100 -15.564780 103.551216
-17.972000 99.881710 -15.372292 99.998543
-17.753740 96.208550 -15.182161 96.304329
-17.543660 92.393230 -15.011963 92.481003
-17.350650 88.454130 -14.825809 88.505150
-17.188340 84.351710 -14.688797 84.384415
-17.048280 80.126460 -14.584108 80.163353
-16.938900 75.757520 -14.515782 75.793839
-16.844870 71.334520 -14.459482 71.350143
-16.779170 66.924620 -14.430860 66.939102
-16.723740 62.522540 -14.407147 62.498714
-16.677280 58.118530 -14.393001 58.092979
-16.622860 53.735190 -14.379646 53.713482
-16.554460 49.366830 -14.348720 49.349197
-16.478250 45.013820 -14.310155 44.980553
-16.401830 40.697890 -14.276740 40.666821
-16.332450 36.396840 -14.247906 36.363163
-16.264000 32.124710 -14.226078 32.081486
-16.212760 27.867600 -14.212861 27.825991
-16.153630 23.646100 -14.188972 23.598671
-16.100440 19.472550 -14.174451 19.401827
-16.057300 15.332990 -14.164157 15.245543
-15.999870 11.221520 -14.149572 11.137196
-15.957640 7.122797 -14.146358 7.018389
-15.925900 3.038918 -14.154667 2.912307
-15.871210 -1.063172 -14.136655 -1.196678
-15.823200 -5.192326 -14.136312 -5.331651
-15.773900 -9.357139 -14.129695 -9.509443
-15.722330 -13.547460 -14.124247 -13.710135
-15.675190 -17.764350 -14.129416 -17.918936
-15.629860 -22.003930 -14.134705 -22.147684
-15.590270 -26.267830 -14.134074 -26.425272
-15.536760 -30.547830 -14.130811 -30.724360
-15.493260 -34.819990 -14.133624 -35.002251
-15.444100 -39.082170 -14.122395 -39.286369
-15.392450 -43.322590 -14.119075 -43.530510
-15.337830 -47.537950 -14.101995 -47.737846
-15.276960 -51.748500 -14.072273 -51.957916
-15.217710 -55.949500 -14.048826 -56.162586
-15.170080 -60.150690 -14.051278 -60.368000
-15.128010 -64.350760 -14.060574 -64.591476
-15.091410 -68.538780 -14.080874 -68.793839
-15.064380 -72.708390 -14.091314 -72.964012
-15.030840 -76.856420 -14.110811 -77.131363
-14.979300 -80.953600 -14.109515 -81.213448
-14.924670 -85.034950 -14.095437 -85.288391
-14.873980 -89.070400 -14.093465 -89.306465
-14.824260 -93.076720 -14.096601 -93.309822
-14.787030 -97.045510 -14.106978 -97.307373
-14.758540 -100.983800 -14.133581 -101.260422
-14.739600 -104.892000 -14.174657 -105.166107
-14.728240 -108.762900 -14.211488 -109.064903
-14.724790 -112.605400 -14.259384 -112.933716
-14.717800 -116.411100 -14.310836 -116.748917
-14.709830 -120.173400 -14.354801 -120.520622
-14.700540 -123.867100 -14.394449 -124.238014
-14.698520 -127.485200 -14.440098 -127.856422
-14.712330 -131.008900 -14.491275 -131.405045
-14.733340 -134.417400 -14.566971 -134.832001
-14.752330 -137.654200 -14.625458 -138.076248
-14.773570 -140.676300 -14.686607 -141.089996
-14.808450 -143.452200 -14.756817 -143.900223
-14.818770 -145.963300 -14.804930 -146.406921
-14.688160 -148.224500 -14.703883 -148.642883
-14.364200 -150.225000 -14.419006 -150.620377
-13.833420 -151.950400 -13.928467 -152.297668
-13.082430 -153.424000 -13.215092 -153.704407
-12.093300 -154.666400 -12.294174 -154.878784
-10.901070 -155.630100 -11.183395 -155.800781
-9.567123 -156.277800 -9.968277 -156.437622
-8.174402 -156.635100 -8.607613 -156.762070
-6.734167 -156.651000 -7.250546 -156.813171
-5.261917 -156.393600 -5.851715 -156.619110
-3.838336 -155.807800 -4.449387 -156.069275
-2.480572 -154.890600 -3.091675 -155.194000
-1.268487 -153.640100 -1.922958 -153.999298
-0.226137 -152.060600 -0.852036 -152.499054
0.552355 -150.216600 -0.061531 -150.704041
1.048250 -148.112500 0.443001 -148.642014
1.348496 -145.760400 0.750925 -146.336792
1.463451 -143.197700 0.855788 -143.783203
1.471319 -140.450900 0.871096 -141.040497
1.499366 -137.518100 0.904230 -138.122681
1.504501 -134.421900 0.915844 -135.009399
1.498560 -131.160300 0.908935 -131.732071
1.470024 -127.744100 0.894469 -128.292679
1.436723 -124.185000 0.867869 -124.691475
1.413177 -120.491700 0.846211 -120.962288
1.405768 -116.657200 0.850192 -117.110855
1.385028 -112.695000 0.838827 -113.111298
1.330549 -108.592800 0.801971 -108.988060
1.259616 -104.367900 0.753212 -104.754646
1.170075 -100.007600 0.688784 -100.361809
1.089274 -95.515710 0.638455 -95.841972
1.009148 -90.982260 0.584402 -91.266647
0.939998 -86.466900 0.537133 -86.724632
0.883448 -81.949500 0.501229 -82.179253
0.838174 -77.439600 0.479074 -77.666412
0.800315 -72.936360 0.464242 -73.149551
0.745043 -68.462600 0.425997 -68.657532
0.694630 -64.005150 0.400644 -64.201096
0.637038 -59.575570 0.364241 -59.742905
0.557118 -55.160600 0.306459 -55.311115
0.456132 -50.778540 0.232605 -50.914021
0.362164 -46.417970 0.160265 -46.544731
0.280628 -42.079120 0.102724 -42.175495
0.202969 -37.762520 0.059486 -37.862049
0.132669 -33.463810 0.018451 -33.533245
0.084829 -29.193990 -0.007200 -29.228653
0.052569 -24.947680 -0.026401 -24.945282
0.032329 -20.738440 -0.022145 -20.730301
0.025161 -16.550260 -0.012154 -16.517019
0.021588 -12.403820 0.004560 -12.343075
-0.000537 -8.285137 -0.002753 -8.214146
-0.031141 -4.183286 -0.020498 -4.106970
-0.072897 -0.090700 -0.024652 -0.028935
-0.117565 3.988036 -0.045473 4.067066
-0.160177 8.059835 -0.057929 8.116570
-0.208154 12.123170 -0.081206 12.212659
-0.248220 16.180930 -0.096584 16.294827
-0.283357 20.233300 -0.101014 20.354607
-0.323376 24.273080 -0.116143 24.406643
-0.367457 28.293060 -0.132161 28.415516
-0.413998 32.282480 -0.147437 32.401150
-0.451537 36.243360 -0.154604 36.372559
-0.483912 40.173770 -0.162568 40.334896
-0.534623 44.076020 -0.172296 44.260353
-0.599992 47.961110 -0.194211 48.150574
-0.674006 51.810410 -0.225708 52.035839
-0.762477 55.629480 -0.284088 55.846836
-0.859787 59.434080 -0.340070 59.634071
-0.962179 63.207400 -0.400502 63.417355
-1.068654 66.953700 -0.469820 67.169449
-1.188155 70.668750 -0.550498 70.884155
-1.293464 74.341090 -0.621648 74.586365
-1.359396 77.886940 -0.653817 78.146080
-1.402951 81.267680 -0.664196 81.525330
-1.402636 84.557510 -0.634594 84.813576
-1.391329 87.836530 -0.591328 88.100571
-1.372397 91.075680 -0.541168 91.350594
-1.348852 94.282140 -0.484391 94.575142
-1.346362 97.452060 -0.454404 97.756058
-1.397412 100.636400 -0.477341 100.958725
-1.507808 103.868200 -0.543717 104.223213
-1.686244 107.147500 -0.707183 107.516800
-1.855701 110.482100 -0.845254 110.880333
-1.949092 113.881100 -0.911540 114.276428
-1.940135 117.341400 -0.865800 117.778793
-1.833080 120.865900 -0.731817 121.330994
-1.665951 124.465900 -0.533796 124.954201
-1.454190 128.142800 -0.288599 128.646729
-1.212752 131.910500 -0.021050 132.422516
-0.998254 135.780800 0.234179 136.313644
-0.860070 139.749100 0.409025 140.287094
-0.808213 143.817500 0.494947 144.349899
-0.818199 147.962100 0.525232 148.521286
-0.863698 152.201700 0.520162 152.732376
-0.925229 156.508200 0.501968 157.088043
-1.007339 160.831700 0.449696 161.428665
-1.112662 165.144700 0.379994 165.734924
-1.225583 169.454500 0.298633 170.061401
-1.333194 173.746700 0.234944 174.368576
-1.427528 178.011200 0.166327 178.641083
-1.498241 182.250200 0.135990 182.891327
-1.559212 186.455600 0.117268 187.087952
-1.603074 190.634400 0.115964 191.271469
-1.633867 194.776400 0.130953 195.431137
-1.669867 198.889600 0.134526 199.562317
-1.705984 202.969800 0.135657 203.677292
-1.737778 207.012200 0.123710 207.751694
-1.768399 211.025100 0.125062 211.789719
-1.802728 214.966700 0.129189 215.747025
-1.842513 218.742600 0.114758 219.548370
-1.895168 222.285200 0.086374 223.128326
-1.971966 225.567200 0.032281 226.439499
-2.073778 228.574200 -0.054224 229.457962
-2.174190 231.286800 -0.126212 232.189392
-2.280068 233.718900 -0.213086 234.628693
-2.372559 236.037200 -0.291337 236.949448
-2.421540 238.338400 -0.317537 239.266800
-2.457471 240.613800 -0.319443 241.545822
-2.477940 242.858500 -0.297155 243.802567
-2.487604 245.075200 -0.267472 246.029327
-2.497272 247.315700 -0.233034 248.275757
-2.506486 249.599100 -0.204974 250.563293
-2.503453 251.921600 -0.161922 252.886932
-2.498934 254.303700 -0.122215 255.258072
-2.475778 256.706800 -0.076859 257.659790
-2.418788 259.175900 0.013029 260.133789
-2.357178 261.687800 0.102938 262.657257
-2.278446 264.282700 0.207991 265.259064
-2.181048 266.960400 0.334522 267.958649
-2.072995 269.711700 0.468822 270.720825
-1.977183 272.515600 0.600618 273.544739
-1.903306 275.322000 0.712835 276.360809
-1.860171 278.121700 0.796762 279.164215
-1.834878 280.906700 0.867589 281.958496
-1.820378 283.662600 0.922263 284.715363
-1.821293 286.355900 0.960803 287.409271
-1.835812 288.890500 0.984413 289.945129
-1.843827 291.365700 1.009247 292.427307
-1.840209 293.812200 1.043531 294.840118
-1.823832 296.231700 1.101882 297.266754
-1.812035 298.624300 1.134646 299.612335
