0.000000 0.000000 0.000000 0.000000
0.059875 0.430540 0.056247 0.436161
0.240194 0.981257 0.240424 0.990215
0.531827 1.620036 0.530395 1.622197
0.999102 2.286905 0.993168 2.283341
1.634196 2.948016 1.595664 2.905555
2.465897 3.579897 2.403611 3.558637
3.507611 4.202254 3.447808 4.195572
4.794196 4.791823 4.751202 4.792922
6.329744 5.330723 6.320441 5.321921
8.109243 5.878028 8.115989 5.881867
10.112010 6.449695 10.153295 6.459385
12.311460 7.000760 12.389608 7.000401
14.649940 7.512325 14.747589 7.496866
17.045990 7.933466 17.155235 7.929400
19.495760 8.228210 19.624241 8.222832
21.992720 8.306307 22.136946 8.283567
24.504830 8.124873 24.674057 8.096826
26.991550 7.679836 27.176857 7.619660
29.438030 6.997717 29.611471 6.932995
31.783040 6.157692 31.944132 6.087722
34.061480 5.135804 34.220821 5.052519
36.249090 3.963231 36.394100 3.878402
38.339410 2.756405 38.474163 2.671353
40.387000 1.476584 40.528469 1.385813
42.507450 0.121543 42.665485 0.013783
44.798470 -1.255569 44.925808 -1.347375
47.253440 -2.652713 47.359684 -2.754655
49.829130 -4.119797 49.910545 -4.225435
52.496600 -5.654198 52.547371 -5.759900
55.197500 -7.201418 55.223930 -7.309794
57.889050 -8.733355 57.866375 -8.834044
60.568300 -10.237180 60.515202 -10.335410
63.209030 -11.720560 63.147518 -11.832228
65.794730 -13.245590 65.736732 -13.362782
68.306160 -14.789450 68.251991 -14.908993
70.774870 -16.359280 70.703751 -16.488440
73.207180 -17.930420 73.127953 -18.064550
75.585180 -19.500110 75.499123 -19.643156
77.976200 -21.045650 77.889435 -21.178539
80.359750 -22.550030 80.281166 -22.697563
82.721600 -24.045560 82.646126 -24.197990
85.130890 -25.457240 85.055389 -25.613012
87.583520 -26.763470 87.516197 -26.920069
90.052030 -27.962520 89.979233 -28.122513
92.567280 -29.055560 92.525818 -29.235722
95.091560 -30.042180 95.076012 -30.252956
97.627970 -30.999950 97.593513 -31.203709
100.184800 -31.914080 100.138893 -32.126659
102.738700 -32.746220 102.689110 -32.985542
105.306500 -33.553570 105.244865 -33.800079
107.889600 -34.298460 107.817863 -34.559128
110.487000 -34.993230 110.397179 -35.267422
113.094500 -35.631080 112.982445 -35.907734
115.714700 -36.218190 115.591164 -36.500622
118.336800 -36.794500 118.201035 -37.089268
120.956100 -37.311260 120.819710 -37.614838
123.575400 -37.808670 123.432930 -38.114639
126.178100 -38.305940 126.031570 -38.610737
128.749000 -38.789160 128.588699 -39.089050
131.294400 -39.254810 131.117569 -39.563034
133.800300 -39.697620 133.590912 -40.016251
136.267300 -40.152820 136.052780 -40.488354
138.705700 -40.571180 138.481781 -40.923843
141.108200 -40.918610 140.873596 -41.283466
143.486200 -41.184130 143.243286 -41.567543
145.827400 -41.344840 145.585480 -41.734184
148.116900 -41.390150 147.880905 -41.783615
150.394500 -41.337850 150.174469 -41.755867
152.640300 -41.243160 152.427109 -41.700951
154.896300 -41.171990 154.678360 -41.668762
157.139500 -41.129290 156.903427 -41.662647
159.364300 -41.123040 159.128525 -41.701832
161.541500 -41.143410 161.292282 -41.750175
163.691100 -41.184580 163.465820 -41.833546
165.794600 -41.169840 165.555588 -41.839077
167.853000 -41.036680 167.606613 -41.738003
169.861400 -40.814300 169.620193 -41.533054
171.785700 -40.498720 171.552856 -41.227699
173.656900 -40.100850 173.426361 -40.838055
175.466100 -39.643440 175.230316 -40.402290
177.238400 -39.176700 177.006302 -39.940838
179.051200 -38.637820 178.822327 -39.424664
180.842400 -38.130090 180.626068 -38.932224
182.654500 -37.585090 182.464447 -38.391708
184.499200 -36.994200 184.316208 -37.834339
186.326400 -36.336250 186.163452 -37.199966
188.179600 -35.586660 188.012863 -36.507076
190.033300 -34.744990 189.886108 -35.690102
191.950900 -33.866980 191.803253 -34.821850
193.922400 -32.984310 193.785004 -33.947357
195.981900 -32.091960 195.823425 -33.063396
198.044700 -31.179470 197.856781 -32.174778
200.096400 -30.282730 199.903656 -31.300810
202.149000 -29.377620 201.976639 -30.410976
204.205200 -28.490440 204.055252 -29.532881
206.280400 -27.683360 206.145096 -28.752161
208.395100 -26.949400 208.243484 -28.049866
210.511400 -26.248260 210.371643 -27.366997
212.653100 -25.542730 212.489716 -26.701921
214.826000 -24.841570 214.646103 -26.007517
217.025900 -24.115450 216.825150 -25.298580
219.237300 -23.317850 219.023300 -24.532261
221.445500 -22.466040 221.215271 -23.726748
223.667300 -21.584010 223.410965 -22.894444
225.887600 -20.687600 225.638657 -22.019398
228.072000 -19.761640 227.837875 -21.119143
230.220200 -18.813360 230.018082 -20.202353
232.380100 -17.819580 232.200104 -19.227964
234.567900 -16.817990 234.400772 -18.244959
236.713000 -15.809910 236.556503 -17.268244
238.851800 -14.765210 238.721497 -16.248989
241.017000 -13.683470 240.879684 -15.197186
243.189400 -12.578710 243.060242 -14.132214
245.303900 -11.468690 245.172028 -13.047825
247.468200 -10.349670 247.341461 -11.958887
249.645100 -9.231011 249.504730 -10.881961
251.806300 -8.090111 251.668045 -9.783158
253.960700 -6.938930 253.847610 -8.661549
256.101100 -5.755645 256.008026 -7.500968
258.215000 -4.543629 258.147797 -6.304848
260.307600 -3.272954 260.261566 -5.056203
262.344400 -1.883065 262.333923 -3.670498
264.302700 -0.414263 264.317535 -2.229466
266.252100 1.068534 266.304016 -0.770242
268.265900 2.447327 268.358490 0.587694
270.324900 3.759467 270.455933 1.883912
272.419700 5.022290 272.587738 3.128361
274.560900 6.266911 274.767670 4.337237
276.693900 7.483336 276.937500 5.539948
278.872400 8.703796 279.159851 6.732658
281.097600 9.935075 281.408936 7.946918
283.337500 11.219770 283.686859 9.208932
285.578400 12.544850 285.945251 10.508727
287.831600 13.911530 288.204285 11.851492
290.088700 15.396350 290.471344 13.298570
292.311900 16.932960 292.728210 14.802084
294.493900 18.481610 294.958893 16.369751
296.720900 20.090920 297.154785 17.981148
298.978300 21.804860 299.329651 19.694176
301.361000 23.633810 301.478394 21.488583
303.645300 25.487530 303.635406 23.310188
305.870300 27.427630 305.766876 25.208199
308.019400 29.387000 307.883331 27.142229
310.140700 31.374480 309.952087 29.037169
312.194800 33.399420 311.991669 31.029039
314.189200 35.447230 313.983978 33.030506
316.138800 37.517350 315.943817 35.066620
318.049100 39.628100 317.857483 37.142738
319.943200 41.728570 319.762207 39.209763
321.828600 43.822610 321.675262 41.293575
323.748400 45.934260 323.617920 43.377831
325.706500 48.018020 325.580658 45.439396
327.739600 50.080930 327.654846 47.524780
329.840400 52.117880 329.759735 49.519653
331.997600 54.088750 331.954498 51.459614
334.230000 56.046050 334.207794 53.369305
336.499800 57.995180 336.491821 55.287624
338.816900 59.925620 338.830750 57.187946
341.178100 61.833440 341.215179 59.052486
343.554900 63.722300 343.605957 60.909676
345.957800 65.576790 346.034821 62.718914
348.386500 67.418200 348.485596 64.545563
350.801500 69.229240 350.922546 66.333679
353.254100 71.038830 353.380188 68.121910
355.698600 72.844900 355.823456 69.907440
358.141800 74.650950 358.267700 71.686813
360.583100 76.452920 360.703674 73.484962
363.026300 78.255900 363.153961 75.265137
365.452200 80.044720 365.596710 77.022247
367.845000 81.823410 367.993103 78.749474
370.166400 83.579750 370.331146 80.484467
372.393300 85.288160 372.573883 82.162399
374.497600 86.944540 374.692993 83.782814
376.478000 88.495560 376.688416 85.320633
378.371000 89.933730 378.590179 86.741745
380.183400 91.300940 380.423889 88.098289
381.933000 92.573690 382.177124 89.349815
383.660900 93.763590 383.914825 90.541588
385.476400 94.921870 385.773376 91.703400
387.358800 96.029350 387.684784 92.789803
389.297900 97.086300 389.645813 93.840034
391.333900 98.175050 391.711426 94.915771
393.414000 99.266980 393.800842 95.967735
395.549800 100.322500 395.942383 96.990326
397.704500 101.322500 398.132111 97.973351
399.824200 102.279600 400.269135 98.890533
401.916600 103.140900 402.377197 99.721077
403.950600 103.902700 404.422485 100.437111
405.959700 104.590800 406.436157 101.074936
408.011000 105.108200 408.487213 101.555023
410.135100 105.485400 410.628510 101.908249
412.361000 105.790800 412.870209 102.184113
414.624700 106.058600 415.116028 102.432434
416.897400 106.297800 417.422638 102.652725
419.163900 106.506600 419.681305 102.816620
421.493300 106.727000 422.002075 102.993790
423.737200 106.947800 424.244904 103.188942
425.977100 107.191600 426.456421 103.410416
428.102800 107.420100 428.568054 103.600357
430.149200 107.670800 430.587677 103.802521
432.117500 107.907600 432.560486 103.994690
434.025800 108.008100 434.469391 104.051170
435.758200 108.009100 436.228729 104.001205
437.299000 107.930500 437.784882 103.876572
438.581000 107.769400 439.054413 103.659378
439.666200 107.607000 440.149445 103.479950
440.608900 107.409000 441.071014 103.262085
441.398700 107.289400 441.839905 103.148712
441.992900 107.179100 442.436188 103.022507
442.448600 107.110700 442.878174 102.918045
442.905900 107.038600 443.341705 102.807816
443.346800 107.014100 443.785980 102.742462
443.836000 106.989300 444.263855 102.679214
444.473000 106.989500 444.893951 102.643616
445.205500 106.946300 445.633514 102.556297
446.012900 106.953300 446.445648 102.523415
446.902800 107.033600 447.303467 102.551628
447.889800 107.210000 448.271179 102.682610
448.987400 107.446500 449.345306 102.855675
450.189500 107.822200 450.542877 103.178230
451.491100 108.402100 451.843048 103.606689
452.928900 109.084800 453.296509 104.170235
454.502200 109.798100 454.842010 104.844353
456.158200 110.666600 456.485138 105.682404
457.971900 111.646100 458.261932 106.657654
459.877400 112.735800 460.131317 107.736328
461.883200 113.914900 462.133087 108.895676
463.988700 115.182000 464.221436 110.137314
466.175500 116.517700 466.422546 111.441040
468.435400 117.924700 468.698822 112.827232
470.781100 119.404400 471.049438 114.258255
473.219400 120.926800 473.473755 115.742981
475.743400 122.510800 475.982330 117.278694
478.344300 124.160400 478.561340 118.890190
480.992000 125.864000 481.226135 120.565300
483.679900 127.592900 483.972076 122.251785
486.447600 129.273600 486.789398 123.893158
489.320000 130.826500 489.721466 125.403496
492.282900 132.213200 492.740143 126.745316
495.358000 133.438200 495.865753 127.881012
498.513800 134.409800 499.100708 128.808640
501.751100 135.064200 502.339386 129.428513
505.042300 135.427700 505.664093 129.769608
508.395000 135.556900 509.058716 129.875427
511.770400 135.475700 512.477783 129.763260
515.185000 135.299200 515.906006 129.540085
518.623000 135.097900 519.347900 129.288406
522.144800 134.847000 522.868286 129.006973
525.734400 134.578800 526.446350 128.720352
529.399100 134.293800 530.108398 128.408325
533.133700 134.010400 533.845825 128.092636
536.936600 133.686300 537.666016 127.738052
540.806000 133.326000 541.542542 127.334938
544.802000 132.892300 545.530334 126.891609
548.848400 132.415900 549.524048 126.401062
552.948000 131.900800 553.569214 125.868523
557.104100 131.327900 557.736084 125.284714
561.317500 130.706600 561.933533 124.620453
565.599800 130.051200 566.189209 123.965614
569.941500 129.367300 570.535706 123.250580
574.351700 128.666500 574.900146 122.542976
578.779700 127.953800 579.306396 121.804550
583.237100 127.258900 583.723877 121.082893
587.713000 126.567300 588.174561 120.332756
592.202000 125.884700 592.625305 119.607391
596.683800 125.215200 597.076111 118.894730
601.149700 124.558400 601.502014 118.220573
605.601500 123.870200 605.928284 117.525276
610.038700 123.194200 610.366455 116.839325
614.483600 122.547100 614.786377 116.197594
618.926400 121.903400 619.217896 115.550468
623.350300 121.254400 623.605042 114.895042
627.741900 120.615400 627.940674 114.269157
632.071600 120.016600 632.181152 113.692802
636.318800 119.412600 636.373962 113.109222
640.484000 118.825100 640.518311 112.527084
644.497600 118.256100 644.553589 111.959564
648.278400 117.698400 648.365112 111.413254
651.817400 117.176000 651.922241 110.888153
655.064500 116.712400 655.195679 110.444901
657.980700 116.314200 658.110779 110.052467
660.526400 115.964600 660.642151 109.714531
662.701100 115.630800 662.832214 109.408623
664.544000 115.185100 664.693604 108.972115
666.220700 114.557800 666.376221 108.317780
667.731400 113.722400 667.799927 107.486313
668.815500 112.652100 668.991516 106.410767
669.721700 111.420600 669.895996 105.224937
670.375000 110.040000 670.499817 103.792076
670.743500 108.532100 670.864502 102.271820
670.853700 106.905800 670.958862 100.610207
670.479600 105.203700 670.656250 98.923416
669.886200 103.505000 670.025879 97.278366
668.934000 101.811700 669.042664 95.612846
667.713400 100.128500 667.851013 93.969215
666.284600 98.431790 666.415649 92.277702
664.691900 96.730170 664.839722 90.486877
662.951100 95.069520 663.078918 88.804207
661.045400 93.515090 661.156433 87.271843
658.978100 92.108080 659.090820 85.910500
656.784000 90.796840 656.910645 84.646103
654.501500 89.445100 654.630676 83.351913
652.178300 88.060580 652.275513 82.002953
649.787300 86.622730 649.883240 80.600754
647.361600 85.108610 647.432129 79.106857
644.842400 83.549870 644.885925 77.557571
642.252000 81.948280 642.291504 75.984772
639.681300 80.324390 639.718079 74.382126
637.149300 78.658370 637.194153 72.760902
634.666500 76.993840 634.712952 71.127159
632.251900 75.355150 632.304565 69.537636
629.879500 73.738570 629.932373 67.982849
627.590500 72.163550 627.646118 66.445747
625.387200 70.610050 625.445740 64.941338
623.318500 69.115660 623.371887 63.524029
621.410500 67.709240 621.456116 62.179211
619.670100 66.436970 619.734192 60.965771
618.153900 65.289110 618.216309 59.872604
616.867100 64.327580 616.925964 58.940495
615.819600 63.530860 615.914185 58.184116
614.973800 62.932120 615.074951 57.586102
614.330800 62.461620 614.408447 57.106716
613.811100 62.069300 613.880798 56.716686
613.313200 61.694250 613.363098 56.353600
612.830400 61.322490 612.857300 55.982201
612.348000 60.956790 612.361023 55.610157
611.900500 60.618970 611.885376 55.260132
611.476100 60.298910 611.437500 54.931423
611.109300 60.011850 611.068726 54.652958
610.766100 59.758400 610.714722 54.415077
610.434000 59.483890 610.378723 54.149200
610.127300 59.236310 610.055481 53.909210
609.810600 58.983200 609.723572 53.669331
609.426900 58.683240 609.336426 53.380352
608.885000 58.245010 608.780029 52.952320
608.141400 57.643250 608.033630 52.371918
607.226200 56.864850 607.125610 51.626286
606.175100 55.922830 606.100098 50.706345
604.988800 54.815760 604.945435 49.638699
603.721000 53.539790 603.686829 48.389652
602.357600 52.129810 602.333740 47.014709
600.872200 50.598950 600.846008 45.527924
599.313100 48.940800 599.274048 43.912663
597.636500 47.153860 597.576965 42.160912
595.881100 45.248230 595.768250 40.300117
594.057800 43.236600 593.892517 38.323345
592.228600 41.166150 592.026489 36.288841
590.416500 39.097260 590.211365 34.270512
588.589700 37.035950 588.377686 32.233181
586.727400 34.953000 586.500427 30.204945
584.835300 32.869090 584.595154 28.174276
582.909900 30.778460 582.644165 26.112314
580.956400 28.682870 580.660278 24.049826
578.981900 26.559660 578.658875 21.962475
576.989600 24.412110 576.639648 19.860155
575.013400 22.261790 574.615784 17.729666
573.061000 20.092300 572.615845 15.578767
571.135300 17.941960 570.671265 13.483475
569.253000 15.812370 568.754333 11.390804
567.402800 13.684550 566.870605 9.287458
565.597000 11.594760 565.039978 7.234203
563.776800 9.568871 563.193726 5.249030
562.016200 7.610878 561.400818 3.313650
560.357800 5.761759 559.712891 1.496771
558.790600 4.059161 558.128357 -0.168534
557.388800 2.556647 556.697021 -1.639093
556.166300 1.224300 555.460205 -2.940608
555.086800 0.038120 554.359924 -4.120911
554.091900 -1.065239 553.332458 -5.199741
553.156200 -2.093206 552.373596 -6.209543
552.265400 -3.039119 551.481201 -7.135017
551.446200 -3.918816 550.640869 -7.983673
550.714900 -4.709150 549.877258 -8.768000
550.055400 -5.411455 549.191528 -9.472726
549.472200 -6.063502 548.597351 -10.125227
548.991400 -6.627882 548.101624 -10.668868
548.582100 -7.090666 547.691895 -11.117736
548.257600 -7.479973 547.350525 -11.495366
547.987500 -7.803179 547.067200 -11.802038
547.768900 -8.070234 546.830017 -12.060076
547.592600 -8.293718 546.645630 -12.281185
547.438700 -8.468806 546.486755 -12.456566
547.312300 -8.609266 546.360535 -12.600485
547.212800 -8.727030 546.249146 -12.721094
547.137900 -8.816118 546.163635 -12.813153
547.093000 -8.878200 546.115173 -12.872905
547.069500 -8.915003 546.086609 -12.910083
547.040300 -8.948208 546.054382 -12.942241
546.977500 -9.002351 546.010071 -12.990204
546.906300 -9.075048 545.951416 -13.056337
546.823300 -9.175395 545.863831 -13.150733
546.717900 -9.307750 545.761841 -13.271890
546.577700 -9.471357 545.621887 -13.425104
546.411500 -9.667371 545.445312 -13.615286
546.222400 -9.896104 545.253052 -13.835074
546.013600 -10.141830 545.038330 -14.071317
545.783400 -10.398320 544.805115 -14.321522
545.569500 -10.646660 544.578491 -14.565560
545.387700 -10.868510 544.392700 -14.779938
545.242600 -11.049650 544.238953 -14.953004
