0.000000 -0.000000 0.000000 0.000000
0.287920 2.986691 0.267455 3.053257
0.971569 5.887651 0.958775 6.085614
2.050498 8.646240 2.070822 8.944613
3.483068 11.215600 3.549558 11.603769
5.252124 13.530580 5.393529 14.035087
7.315983 15.554830 7.551143 16.173428
9.617499 17.248350 9.983562 17.988882
12.138440 18.605410 12.603352 19.442577
14.845670 19.655580 15.416522 20.553823
17.710960 20.442900 18.401619 21.396868
20.708720 20.958900 21.538683 21.976059
23.853650 21.214680 24.819756 22.264238
27.127230 21.215640 28.274075 22.290375
30.502910 21.029600 31.873499 22.131521
33.942320 20.718590 35.519859 21.855513
37.526800 20.278900 39.298569 21.459024
41.305500 19.746480 43.287754 20.982121
45.281370 19.137530 47.455894 20.457747
49.442010 18.473180 51.755337 19.879475
53.784140 17.768220 56.218796 19.227922
58.319700 17.046980 60.873569 18.555784
63.045640 16.314830 65.742004 17.885122
67.933580 15.564290 70.817741 17.179926
72.949570 14.807080 75.935188 16.489033
78.112070 14.037650 81.171188 15.798320
83.403150 13.249300 86.524399 15.073266
88.827470 12.428430 91.976501 14.369615
94.384170 11.569350 97.543907 13.608871
100.052700 10.639880 103.191605 12.774553
105.791000 9.611618 108.940903 11.825449
111.620600 8.486629 114.799789 10.775212
117.518200 7.246929 120.693268 9.658312
123.481700 5.883248 126.629128 8.436999
129.500400 4.402279 132.601364 7.088328
135.583700 2.806947 138.598816 5.609261
141.730400 1.132152 144.654678 4.061419
147.930500 -0.644931 150.769562 2.424847
154.181200 -2.533182 156.935684 0.718911
160.473700 -4.525316 163.157288 -1.104156
166.825700 -6.614701 169.420944 -3.030062
173.224500 -8.806086 175.712570 -5.067616
179.671400 -11.085600 181.991211 -7.172520
186.169900 -13.447970 188.338150 -9.354639
192.708700 -15.908790 194.806229 -11.657697
199.295800 -18.474840 201.285660 -14.055542
205.877000 -21.127230 207.753860 -16.524504
212.474400 -23.878960 214.264633 -19.103933
219.085400 -26.695130 220.805023 -21.745474
225.674300 -29.566300 227.338013 -24.448978
232.258400 -32.511370 233.778229 -27.200607
238.826600 -35.515520 240.248489 -30.031895
245.357100 -38.591140 246.718109 -32.936234
251.842400 -41.746310 253.070190 -35.893574
258.295100 -44.977770 259.450134 -38.957935
264.734000 -48.300070 265.817780 -42.140270
271.174400 -51.720410 272.191986 -45.400043
277.658000 -55.253110 278.652618 -48.750450
284.188500 -58.892510 285.114471 -52.224892
290.770400 -62.649290 291.623108 -55.803482
297.421200 -66.505210 298.220276 -59.486679
304.114100 -70.451700 304.856567 -63.253410
310.871400 -74.512450 311.525665 -67.102859
317.638300 -78.729880 318.340759 -71.187645
324.412000 -83.100090 325.069427 -75.416702
331.147700 -87.570510 331.720276 -79.720474
337.838900 -92.151540 338.369080 -84.147118
344.489200 -96.836160 345.011230 -88.710213
351.109400 -101.590900 351.483032 -93.209618
357.680900 -106.441100 358.015686 -97.880234
364.205100 -111.363100 364.594910 -102.646416
370.654300 -116.349400 371.118988 -107.508194
377.044400 -121.373300 377.560364 -112.391998
383.353100 -126.497900 383.946625 -117.419014
389.648900 -131.627300 390.321289 -122.402412
395.838500 -136.824400 396.530670 -127.461510
401.977500 -142.068800 402.739471 -132.664459
408.063900 -147.386100 408.925415 -137.891861
414.119900 -152.725600 415.043640 -143.143723
420.140100 -158.070100 421.091278 -148.376907
426.135700 -163.442300 427.056580 -153.581741
432.096100 -168.831000 433.017456 -158.834274
438.042000 -174.202900 439.011261 -164.084045
444.039200 -179.520000 445.028778 -169.286438
450.064000 -184.791600 451.035706 -174.419968
456.158000 -189.992400 457.136841 -179.496033
462.246200 -195.183000 463.241333 -184.587189
468.350900 -200.337600 469.327972 -189.609390
474.468300 -205.478700 475.430786 -194.623932
480.606000 -210.588600 481.530640 -199.591888
486.757700 -215.677000 487.666779 -204.506348
492.916600 -220.757600 493.868103 -209.503418
499.072200 -225.827000 500.023438 -214.414886
505.239000 -230.914300 506.173035 -219.350876
511.393900 -235.996900 512.283813 -224.272583
517.549300 -241.076200 518.405518 -229.208389
523.710600 -246.155700 524.486511 -234.108871
529.865100 -251.222800 530.555298 -238.941330
536.037700 -256.292500 536.700745 -243.855820
542.213600 -261.366100 542.777222 -248.766785
548.376000 -266.436600 548.869568 -253.692719
554.549300 -271.525400 555.020020 -258.594788
560.720400 -276.614600 561.168701 -263.603729
566.895900 -281.702100 567.355530 -268.623901
573.077300 -286.787100 573.530457 -273.615967
579.254000 -291.852900 579.642761 -278.551636
585.438300 -296.913900 585.824768 -283.532501
591.610800 -301.938300 591.944214 -288.418213
597.802700 -306.948800 598.087524 -293.316772
604.002400 -311.952300 604.255005 -298.234039
610.204100 -316.963500 610.398804 -303.145935
616.401400 -321.978100 616.557861 -308.093964
622.606700 -326.989100 622.763550 -313.063110
628.813800 -331.994200 628.951050 -317.948090
635.032400 -336.999800 635.138611 -322.849792
641.237400 -341.988600 641.346069 -327.756744
647.445400 -346.968600 647.567261 -332.653229
653.662300 -351.935500 653.795410 -337.535767
659.877900 -356.880600 660.039612 -342.423553
666.112000 -361.828900 666.256714 -347.291138
672.350500 -366.769500 672.461182 -352.164124
678.587600 -371.720300 678.660156 -357.011841
684.819800 -376.684200 684.819397 -361.863007
691.040800 -381.648800 690.991882 -366.703857
697.271000 -386.614300 697.159119 -371.554169
703.506500 -391.568600 703.287476 -376.381012
709.744100 -396.517700 709.473999 -381.246033
715.983900 -401.433800 715.668579 -386.115082
722.229600 -406.329600 721.879822 -391.015472
728.498300 -411.207700 728.085144 -395.853424
734.766400 -416.073400 734.329224 -400.755371
741.047900 -420.934000 740.560974 -405.594971
747.328900 -425.791700 746.781311 -410.462067
753.611600 -430.654100 752.986023 -415.320129
759.909100 -435.497600 759.190247 -420.114594
766.234600 -440.329500 765.468689 -424.938446
772.573000 -445.140400 771.758728 -429.753937
778.917600 -449.932200 778.059448 -434.521423
785.270600 -454.711000 784.370667 -439.296631
791.604400 -459.487600 790.646667 -444.049072
797.914000 -464.271400 796.878174 -448.784332
804.202800 -469.044800 803.112122 -453.540253
810.490200 -473.819600 809.354370 -458.317688
816.791500 -478.590500 815.573059 -463.068451
823.116400 -483.340400 821.837769 -467.828766
829.464500 -488.061400 828.142334 -472.551270
835.854100 -492.776100 834.460571 -477.247559
842.262300 -497.485400 840.781433 -481.936798
848.682700 -502.196400 847.137024 -486.615082
855.114700 -506.913500 853.496948 -491.316772
861.557000 -511.637000 859.838196 -495.995300
868.011600 -516.355400 866.321228 -500.782013
874.441900 -521.049300 872.709778 -505.494049
880.882200 -525.706500 879.127747 -510.212982
887.323800 -530.307900 885.563232 -514.883301
893.755000 -534.861900 892.038574 -519.541870
900.174200 -539.374300 898.400818 -524.093018
906.591000 -543.848100 904.801758 -528.646423
912.989900 -548.291900 911.151855 -533.122192
919.400600 -552.731200 917.498779 -537.568787
925.806600 -557.125700 923.800110 -541.993103
932.226300 -561.535200 930.118408 -546.421204
938.632500 -565.932700 936.452759 -550.834900
945.057500 -570.322000 942.805725 -555.265930
951.507700 -574.710200 949.117981 -559.656555
957.980400 -579.074900 955.515991 -564.072144
964.464000 -583.424600 961.909241 -568.458069
970.963300 -587.758200 968.206543 -572.795593
977.455300 -592.093300 974.566467 -577.143982
983.961700 -596.421100 981.012939 -581.521851
990.461700 -600.766400 987.437317 -585.932739
996.966300 -605.096100 993.874329 -590.317139
1003.471000 -609.407800 1000.197632 -594.609558
1009.973000 -613.695400 1006.431946 -598.861328
1016.458000 -617.959200 1012.707642 -603.118469
1022.925000 -622.217200 1019.060181 -607.407166
1029.367000 -626.452700 1025.376221 -611.650024
1035.804000 -630.641600 1031.705444 -615.871094
1042.231000 -634.798800 1037.977051 -620.066895
1048.656000 -638.946200 1044.204956 -624.215637
1055.084000 -643.051500 1050.457275 -628.329468
1061.525000 -647.144100 1056.666748 -632.384155
1067.966000 -651.185500 1062.937012 -636.451233
1074.401000 -655.235300 1069.216797 -640.539001
1080.840000 -659.293400 1075.491699 -644.620117
1087.270000 -663.328400 1081.829834 -648.709106
1093.718000 -667.347400 1088.111572 -652.754944
1100.195000 -671.340900 1094.399658 -656.770203
1106.668000 -675.317100 1100.658569 -660.742249
1113.157000 -679.272000 1106.967773 -664.734497
1119.659000 -683.201000 1113.289062 -668.708130
1126.198000 -687.131900 1119.658813 -672.704102
1132.753000 -691.046400 1126.045288 -676.675720
1139.341000 -694.955400 1132.435669 -680.628601
1145.954000 -698.852200 1138.836304 -684.548584
1152.585000 -702.740800 1145.319702 -688.531006
1159.229000 -706.637800 1151.852173 -692.524353
1165.886000 -710.538400 1158.384521 -696.509888
1172.562000 -714.459000 1164.878540 -700.472473
1179.271000 -718.394000 1171.448608 -704.501953
1186.021000 -722.344800 1178.006592 -708.484131
1192.784000 -726.294800 1184.636475 -712.534302
1199.585000 -730.258400 1191.287354 -716.567322
1206.417000 -734.212600 1198.001831 -720.597412
1213.283000 -738.159200 1204.721191 -724.619019
1220.173000 -742.105200 1211.430176 -728.614746
1227.101000 -746.027900 1218.148193 -732.602234
1234.074000 -749.929400 1224.899536 -736.561890
1241.082000 -753.823500 1231.724487 -740.565979
1248.123000 -757.717500 1238.527344 -744.490234
1255.209000 -761.611600 1245.347412 -748.434448
1262.318000 -765.501500 1252.258423 -752.367310
1269.473000 -769.393200 1259.299316 -756.374084
1276.670000 -773.287000 1266.234497 -760.322510
1283.885000 -777.170800 1273.169922 -764.236145
1291.103000 -781.040700 1280.210693 -768.203186
1298.329000 -784.899000 1287.315063 -772.181763
1305.561000 -788.742100 1294.420044 -776.096558
1312.794000 -792.571300 1301.579346 -780.047852
1320.032000 -796.384600 1308.701660 -783.954041
1327.287000 -800.172300 1315.867676 -787.848694
1334.542000 -803.950000 1322.983032 -791.730774
1341.797000 -807.723100 1330.085938 -795.591187
1349.058000 -811.481900 1337.125000 -799.407349
1356.319000 -815.232700 1344.182617 -803.255859
1363.568000 -818.960500 1351.329468 -807.087830
1370.797000 -822.663500 1358.409424 -810.844849
1378.014000 -826.342400 1365.516846 -814.648804
1385.241000 -830.002800 1372.607910 -818.414856
1392.473000 -833.639800 1379.747803 -822.155640
1399.712000 -837.258600 1386.806885 -825.845215
1406.940000 -840.856000 1393.870361 -829.527954
1414.145000 -844.419900 1400.886597 -833.170715
1421.338000 -847.958700 1407.889526 -836.773743
1428.540000 -851.473700 1414.868286 -840.346863
1435.735000 -854.974700 1421.909302 -843.928284
1442.936000 -858.462100 1428.878540 -847.445679
1450.116000 -861.922600 1435.820801 -850.971069
1457.288000 -865.353900 1442.810791 -854.478210
1464.432000 -868.758100 1449.807495 -857.960083
1471.550000 -872.135000 1456.750244 -861.404175
1478.642000 -875.485100 1463.664551 -864.872620
1485.696000 -878.796500 1470.561646 -868.308960
1492.712000 -882.085000 1477.430664 -871.731384
1499.686000 -885.346400 1484.271973 -875.109314
1506.608000 -888.579300 1490.953613 -878.472778
1513.510000 -891.787400 1497.764526 -881.796753
1520.388000 -894.966500 1504.454834 -885.131958
1527.242000 -898.117000 1511.099731 -888.414062
1534.067000 -901.240100 1517.746582 -891.683838
1540.873000 -904.334900 1524.368164 -894.902710
1547.641000 -907.393900 1530.939819 -898.129883
1554.374000 -910.425200 1537.448730 -901.319031
1561.071000 -913.426300 1543.954590 -904.503967
1567.716000 -916.424100 1550.439697 -907.704468
1574.331000 -919.426300 1556.890381 -910.878906
1580.910000 -922.431500 1563.292603 -914.102966
1587.477000 -925.449400 1569.698608 -917.305420
1593.998000 -928.484000 1576.002563 -920.539490
1600.456000 -931.552300 1582.218628 -923.758362
1606.851000 -934.653500 1588.292847 -927.011597
1613.177000 -937.795300 1594.408081 -930.386841
1619.446000 -940.960600 1600.515381 -933.808350
1625.639000 -944.138700 1606.489258 -937.200806
1631.780000 -947.302000 1612.436157 -940.624207
1637.876000 -950.461600 1618.338257 -944.004150
1643.920000 -953.598100 1624.228271 -947.390015
1649.931000 -956.702500 1630.058716 -950.717102
1655.907000 -959.742900 1635.856445 -953.976929
1661.857000 -962.732200 1641.595703 -957.171143
1667.828000 -965.652000 1647.391479 -960.320740
1673.786000 -968.517000 1653.141235 -963.394592
1679.740000 -971.331200 1658.940552 -966.456238
1685.682000 -974.128800 1664.731934 -969.503418
1691.585000 -976.910500 1670.480347 -972.555054
1697.460000 -979.678900 1676.168335 -975.564026
1703.321000 -982.431100 1681.832153 -978.541626
1709.144000 -985.145100 1687.492432 -981.508728
1714.950000 -987.831400 1693.156738 -984.428467
1720.748000 -990.466700 1698.724121 -987.227356
1726.528000 -993.063100 1704.345093 -990.055664
1732.261000 -995.615600 1709.921753 -992.846619
1737.915000 -998.126400 1715.432861 -995.613525
1743.475000 -1000.590000 1720.799194 -998.305237
1748.971000 -1002.990000 1726.088501 -1000.925476
1754.388000 -1005.375000 1731.340332 -1003.542114
1759.751000 -1007.751000 1736.563110 -1006.155884
1764.998000 -1010.123000 1741.682617 -1008.769409
1770.113000 -1012.467000 1746.698486 -1011.365417
1775.097000 -1014.785000 1751.530029 -1013.901855
1779.954000 -1017.080000 1756.298950 -1016.409119
1784.649000 -1019.347000 1760.853271 -1018.869202
1789.178000 -1021.604000 1765.273560 -1021.319397
1793.508000 -1023.881000 1769.496094 -1023.775085
1797.645000 -1026.269000 1773.528687 -1026.333252
1801.573000 -1028.814000 1777.361572 -1029.042480
1805.302000 -1031.525000 1780.977905 -1031.899902
1808.823000 -1034.439000 1784.371704 -1034.941650
1812.120000 -1037.563000 1787.563232 -1038.191528
1815.169000 -1040.921000 1790.496582 -1041.666748
1817.931000 -1044.484000 1793.139893 -1045.348755
1820.326000 -1048.207000 1795.457764 -1049.207153
1822.465000 -1052.152000 1797.412964 -1053.211426
1824.255000 -1056.260000 1799.005371 -1057.360229
1825.688000 -1060.491000 1800.246094 -1061.633789
1826.758000 -1064.825000 1801.130005 -1066.015259
1827.464000 -1069.230000 1801.649536 -1070.459717
1827.812000 -1073.687000 1801.815674 -1074.956055
1827.812000 -1078.165000 1801.633179 -1079.455444
1827.468000 -1082.643000 1801.107910 -1083.959106
1826.704000 -1087.072000 1800.219849 -1088.428101
1825.633000 -1091.489000 1798.952026 -1092.822021
1824.183000 -1095.811000 1797.310791 -1097.079590
1822.357000 -1099.995000 1795.296875 -1101.214966
1820.139000 -1103.994000 1792.926758 -1105.154541
1817.589000 -1107.799000 1790.199341 -1108.886475
1814.723000 -1111.351000 1787.161499 -1112.364502
1811.551000 -1114.626000 1783.805664 -1115.574951
1808.088000 -1117.606000 1780.165161 -1118.480957
1804.284000 -1120.246000 1776.269287 -1121.067993
1800.315000 -1122.623000 1772.141968 -1123.302734
1796.124000 -1124.692000 1767.745361 -1125.276367
1791.742000 -1126.471000 1763.190186 -1126.941284
1787.194000 -1127.955000 1758.483398 -1128.276123
1782.506000 -1129.180000 1753.600342 -1129.348389
1777.702000 -1130.193000 1748.669067 -1130.195068
1772.797000 -1131.038000 1743.626099 -1130.847290
1767.796000 -1131.740000 1738.481934 -1131.381348
1762.736000 -1132.348000 1733.310181 -1131.817383
1757.655000 -1132.885000 1728.129028 -1132.163452
1752.565000 -1133.366000 1722.951660 -1132.455688
1747.458000 -1133.818000 1717.763062 -1132.708984
1742.342000 -1134.251000 1712.569580 -1132.978516
1737.220000 -1134.667000 1707.389771 -1133.206421
1732.115000 -1135.064000 1702.220947 -1133.422729
1727.075000 -1135.441000 1697.152710 -1133.600220
1722.082000 -1135.788000 1692.129150 -1133.750977
1717.161000 -1136.086000 1687.179932 -1133.847046
1712.341000 -1136.271000 1682.326538 -1133.847778
1707.613000 -1136.285000 1677.586548 -1133.700195
1703.031000 -1136.085000 1672.947266 -1133.314819
1698.586000 -1135.613000 1668.452393 -1132.653076
1694.241000 -1134.791000 1664.099854 -1131.690796
1689.991000 -1133.671000 1659.882202 -1130.361816
1685.870000 -1132.171000 1655.839722 -1128.654907
1681.961000 -1130.284000 1652.008789 -1126.578369
1678.306000 -1127.996000 1648.406372 -1124.120728
1674.826000 -1125.267000 1645.117065 -1121.296753
1671.787000 -1122.274000 1642.111694 -1118.104980
1669.099000 -1118.972000 1639.507202 -1114.638794
1666.783000 -1115.408000 1637.256104 -1110.898315
1664.817000 -1111.609000 1635.390747 -1106.951050
1663.209000 -1107.637000 1633.917480 -1102.841064
1661.958000 -1103.507000 1632.759033 -1098.523315
1661.115000 -1099.284000 1632.056274 -1094.157593
1660.724000 -1094.939000 1631.795410 -1089.670654
1660.665000 -1090.516000 1632.024170 -1085.215088
1661.140000 -1086.159000 1632.664307 -1080.727417
1662.049000 -1081.841000 1633.764771 -1076.241333
1663.374000 -1077.556000 1635.300537 -1071.854858
1665.055000 -1073.325000 1637.202515 -1067.534424
1667.040000 -1069.131000 1639.424683 -1063.275391
1669.233000 -1064.989000 1641.852417 -1059.093628
1671.640000 -1060.840000 1644.483643 -1054.906860
1674.135000 -1056.683000 1647.224243 -1050.711304
1676.716000 -1052.451000 1650.041626 -1046.489868
1679.381000 -1048.145000 1652.913208 -1042.193726
