-0.000000 0.000000 0.000000 0.000000
-0.031067 2.888054 -0.009231 2.852070
-0.064585 5.738958 -0.006158 5.669016
-0.101303 8.535486 -0.026950 8.432558
-0.142195 11.339520 -0.049961 11.204980
-0.184906 14.041360 -0.085419 13.930049
-0.236713 16.743090 -0.126176 16.633482
-0.293743 19.414190 -0.176787 19.306843
-0.351775 22.037930 -0.235905 21.944868
-0.412104 24.615430 -0.301827 24.504028
-0.469077 27.080370 -0.380846 26.988899
-0.537729 29.454710 -0.465731 29.359238
-0.609883 31.753310 -0.554581 31.683033
-0.707028 33.962280 -0.646619 33.900768
-0.822501 36.085730 -0.745423 36.047237
-0.935694 38.111240 -0.866380 38.085690
-1.022967 40.037480 -0.964192 40.014065
-1.107347 41.890890 -1.035393 41.890198
-1.156523 43.592390 -1.079396 43.597576
-1.165281 45.110470 -1.084056 45.134693
-1.139704 46.435620 -1.057946 46.491825
-1.077742 47.567320 -0.999967 47.634689
-1.006263 48.450880 -0.923226 48.547268
-0.897746 49.232390 -0.807331 49.345272
-0.757712 49.986150 -0.663677 50.115746
-0.562625 50.707270 -0.460793 50.846943
-0.317219 51.420200 -0.205789 51.574734
0.000274 52.129820 0.123499 52.290009
0.427978 52.800310 0.563677 52.976250
0.965237 53.472800 1.109911 53.644161
1.658262 54.153430 1.806669 54.340832
2.612681 54.789880 2.711226 54.992992
3.766145 55.335410 3.876354 55.585384
5.103719 55.721430 5.241430 56.043400
6.612372 55.902800 6.749025 56.266308
8.209580 55.971350 8.364717 56.361767
9.933246 55.981820 10.090849 56.371788
11.755010 55.963040 11.918398 56.340172
13.673080 55.883300 13.838022 56.278675
15.697980 55.779010 15.903527 56.204163
17.784720 55.672100 18.030684 56.127861
19.978240 55.590270 20.262430 56.067944
22.167140 55.510110 22.454687 56.018963
24.373310 55.484540 24.700686 56.013618
26.568060 55.472620 26.930943 56.021992
28.777650 55.510270 29.179598 56.040100
30.985590 55.548590 31.429617 56.095901
33.207400 55.613480 33.688915 56.173866
35.442520 55.709300 35.962704 56.259388
37.704740 55.826600 38.252678 56.391418
40.002200 55.976310 40.574600 56.551723
42.339510 56.141300 42.908737 56.720295
44.713720 56.343910 45.293415 56.927555
47.122240 56.605330 47.680786 57.183205
49.540680 56.921620 50.137192 57.496277
51.989070 57.297260 52.565716 57.872040
54.343180 57.698510 54.922009 58.266808
56.645460 58.120330 57.229527 58.694534
58.876010 58.567270 59.482384 59.149036
61.013190 59.021080 61.631527 59.615906
63.055930 59.468430 63.683895 60.059769
65.032810 59.902180 65.664803 60.499454
66.922080 60.298360 67.597168 60.926140
68.724720 60.677920 69.408699 61.308697
70.449950 61.033000 71.153000 61.661987
72.086540 61.346730 72.807190 61.963345
73.701140 61.657010 74.444160 62.270603
75.335240 61.944750 76.081772 62.564087
76.992600 62.291350 77.761787 62.928658
78.692590 62.691950 79.461800 63.324959
80.453400 63.179850 81.231255 63.834572
82.265790 63.740490 83.054642 64.392365
84.194030 64.399810 84.966736 65.041229
86.224450 65.153770 86.980125 65.781540
88.357870 65.993410 89.091362 66.604767
90.502450 66.907090 91.221733 67.506210
92.609040 67.903710 93.342598 68.471214
94.633120 68.920130 95.384956 69.450706
96.583420 69.912990 97.368164 70.420547
98.435050 70.883890 99.262131 71.379280
100.212200 71.816210 101.050728 72.289490
101.905500 72.735820 102.792465 73.195618
103.511500 73.620900 104.439667 74.090408
105.060100 74.482340 105.982269 74.900024
106.565000 75.343110 107.499054 75.761597
108.028900 76.228830 108.953262 76.641388
109.484600 77.160920 110.399498 77.562775
111.012500 78.171090 111.889626 78.572159
112.582900 79.246780 113.432693 79.661682
114.228600 80.425890 115.040405 80.839569
115.947600 81.729260 116.726151 82.133759
117.700100 83.151090 118.451767 83.551453
119.523000 84.685210 120.270653 85.091446
121.433400 86.292660 122.160370 86.703308
123.377700 87.978210 124.099388 88.385277
125.311100 89.753620 126.020485 90.165306
127.275600 91.596860 127.979843 91.995789
129.224500 93.463900 129.937057 93.853096
131.149100 95.403230 131.868149 95.763245
133.059000 97.419260 133.796951 97.810173
134.953900 99.488560 135.705399 99.839607
136.852800 101.578900 137.620026 101.891541
138.768400 103.700800 139.520569 104.031219
140.668600 105.771500 141.436172 106.141083
142.593300 107.805600 143.373810 108.203278
144.499400 109.783900 145.278610 110.187927
146.448400 111.754000 147.222794 112.141739
148.396300 113.639400 149.170822 114.022301
150.376300 115.438400 151.139725 115.869087
152.404100 117.222400 153.142700 117.705078
154.478600 118.989300 155.180984 119.503441
156.645400 120.724500 157.314178 121.279732
158.905800 122.432200 159.512726 122.999420
161.194700 124.063600 161.789047 124.665588
163.498700 125.601900 164.078293 126.269272
165.800800 127.092000 166.353729 127.758934
168.046900 128.527100 168.573654 129.185150
170.193100 129.881700 170.755676 130.554871
172.320500 131.175000 172.903061 131.823532
174.354500 132.418200 174.960526 133.069519
176.353200 133.630800 176.988449 134.266098
178.293700 134.777800 178.930786 135.406433
180.174800 135.863800 180.852020 136.487274
181.990300 136.890800 182.711807 137.511414
183.746700 137.844100 184.517792 138.475769
185.502900 138.752600 186.304565 139.380936
187.316700 139.650000 188.146515 140.274063
189.197800 140.526600 190.057312 141.152527
191.166700 141.381000 192.029053 141.997711
193.245000 142.204500 194.132736 142.830795
195.460000 143.026300 196.361786 143.644760
197.772100 143.833600 198.663376 144.443695
200.145100 144.607400 201.052094 145.213074
202.692400 145.397600 203.565231 145.986893
205.249500 146.171900 206.122070 146.779678
207.860900 146.926000 208.753220 147.536774
210.549200 147.643600 211.476654 148.271042
213.300400 148.348200 214.229004 148.972244
216.084100 149.048900 217.062393 149.675323
218.860300 149.726200 219.887619 150.353577
221.644800 150.382100 222.702362 151.004730
224.412100 151.021800 225.465912 151.631332
227.167600 151.643200 228.263885 152.271973
229.918900 152.230300 231.064468 152.852814
232.689500 152.785800 233.858658 153.394745
235.449300 153.313200 236.627716 153.909515
238.199800 153.803200 239.396561 154.419693
240.934200 154.256400 242.136795 154.874695
243.668800 154.668400 244.883102 155.305557
246.368400 155.041200 247.596344 155.686462
249.069800 155.358200 250.321106 156.007248
251.725900 155.632800 252.973663 156.293762
254.402400 155.881300 255.666977 156.561081
257.042800 156.089700 258.323456 156.770966
259.660100 156.224000 260.952240 156.916031
262.271700 156.315800 263.582397 157.010742
264.865700 156.356900 266.189972 157.040375
267.459400 156.359600 268.817444 157.054047
270.039500 156.343700 271.414795 157.031677
272.588200 156.330000 273.975952 157.019196
275.056200 156.330100 276.465424 157.010056
277.448400 156.359600 278.886383 157.039749
279.738200 156.429500 281.179993 157.106323
281.938200 156.520200 283.411743 157.184448
284.012100 156.634000 285.511841 157.286316
285.967000 156.761600 287.491638 157.411926
287.810800 156.898300 289.333832 157.542450
289.549300 157.041600 291.069000 157.684784
291.199000 157.180400 292.724731 157.834717
292.759600 157.324200 294.277130 157.995667
294.237400 157.467800 295.753357 158.148819
295.702000 157.617000 297.229095 158.306808
297.209000 157.765400 298.748749 158.457611
298.767900 157.889400 300.322205 158.586853
300.432800 158.016900 301.981262 158.718948
302.189300 158.141600 303.748688 158.840485
304.038500 158.267800 305.607971 158.965225
305.995200 158.405700 307.547546 159.093246
308.048700 158.531900 309.605194 159.223480
310.174500 158.661100 311.763763 159.354050
312.381400 158.771100 313.957336 159.458527
314.676200 158.867600 316.249634 159.553024
317.037300 158.975500 318.612305 159.647079
319.477900 159.096700 321.041565 159.763290
321.983300 159.231700 323.535034 159.886536
324.556700 159.385400 326.117706 160.036774
327.199000 159.561700 328.758911 160.210129
329.888000 159.763100 331.462372 160.418839
332.606500 159.992500 334.194031 160.648499
335.346200 160.242300 336.958191 160.884277
338.087800 160.502200 339.736023 161.131470
340.808300 160.751300 342.489197 161.383820
343.520500 160.989100 345.205566 161.642929
346.223500 161.227200 347.909698 161.900299
348.906500 161.474100 350.591278 162.155701
351.590100 161.717700 353.275635 162.413803
354.273100 161.969400 355.944611 162.695541
356.966000 162.239900 358.631531 163.012100
359.666600 162.550200 361.302338 163.378952
362.375700 162.896300 363.969391 163.800171
365.062800 163.323000 366.584320 164.282196
367.727000 163.850800 369.224243 164.845215
370.348600 164.475400 371.840454 165.471710
372.964400 165.138700 374.479950 166.145981
375.599800 165.826700 377.104858 166.865112
378.229900 166.566100 379.741852 167.622009
380.801800 167.357500 382.352478 168.411987
383.318400 168.171800 384.902618 169.228668
385.808200 169.013900 387.422485 170.058990
388.246500 169.856400 389.903839 170.900864
390.650800 170.695000 392.346924 171.731064
393.014800 171.503500 394.764801 172.533447
395.404400 172.284100 397.168976 173.317520
397.780400 173.063700 399.581604 174.109741
400.205400 173.874000 402.033997 174.921707
402.725900 174.699400 404.547668 175.739868
405.238700 175.529800 407.154022 176.587112
407.810400 176.369600 409.785492 177.429169
410.380800 177.246300 412.376678 178.298874
412.944100 178.091800 414.939819 179.170044
415.502100 178.907300 417.499695 180.018158
417.987000 179.722000 419.998474 180.866302
420.400700 180.499000 422.392517 181.680038
422.723500 181.229600 424.706116 182.440491
424.970600 181.953100 426.955627 183.186859
427.191300 182.654700 429.183136 183.908585
429.364900 183.330700 431.377899 184.619995
431.542400 184.015100 433.577454 185.306793
433.709700 184.706100 435.749695 186.015503
435.894400 185.396800 437.956543 186.718292
437.987000 186.094800 440.074951 187.425018
439.976500 186.775400 442.097870 188.116013
441.889500 187.423200 444.021515 188.784546
443.709700 188.041300 445.863129 189.415909
445.449300 188.641500 447.584137 190.029861
447.056300 189.201200 449.251251 190.608246
448.590500 189.739900 450.798706 191.170883
450.015000 190.249300 452.260010 191.686554
451.352700 190.721500 453.640503 192.172379
452.596100 191.161200 454.838409 192.633392
453.710200 191.550200 455.990417 193.034546
454.731200 191.911400 457.050903 193.386993
455.653200 192.246800 457.993225 193.728943
456.505300 192.533700 458.870361 194.022873
457.319300 192.826200 459.693665 194.309448
458.109900 193.111500 460.493713 194.594208
458.896600 193.410900 461.287415 194.878876
459.697700 193.760100 462.116394 195.210648
460.531700 194.165900 462.954254 195.615005
461.370300 194.631800 463.783386 196.062469
462.158600 195.139900 464.572418 196.571564
462.899600 195.612800 465.305786 197.046417
463.586200 195.962000 466.023895 197.428726
464.354300 196.273600 466.732483 197.730377
465.139400 196.550800 467.512238 198.024353
465.948600 196.799800 468.288116 198.229675
466.714000 197.006300 469.065186 198.446564
467.409700 197.209000 469.740997 198.645081
468.004600 197.427000 470.350861 198.888977
468.491000 197.643300 470.831665 199.109131
468.884200 197.788300 471.245880 199.317215
469.204000 197.984300 471.548309 199.544098
469.473000 198.134800 471.822845 199.738297
469.708700 198.262200 472.044922 199.904327
469.857800 198.400100 472.192871 200.067474
469.984600 198.505100 472.314667 200.171616
470.093200 198.600100 472.427795 200.276398
