0.000000 -0.000000 0.000000 0.000000
0.020455 2.389887 -0.021759 2.273496
0.038167 4.630767 -0.031517 4.410460
0.062475 6.584575 -0.035684 6.380540
0.078062 8.294502 -0.022034 8.115385
0.036300 9.647129 -0.007173 9.611837
0.037691 10.755690 0.013621 10.859484
0.070396 11.572020 0.054211 11.811894
0.096690 12.008000 0.081926 12.504446
0.124405 12.280970 0.104762 13.031848
0.106056 12.366960 0.125994 13.475937
0.125276 12.480720 0.146763 13.870132
0.156946 12.590120 0.166093 14.247172
0.151509 12.702880 0.177258 14.625657
0.146149 12.836600 0.175919 14.990315
0.118103 12.986600 0.148158 15.405438
0.046011 13.251830 0.060599 15.915743
-0.102743 13.662450 -0.089241 16.551523
-0.377391 14.237180 -0.351085 17.301836
-0.803739 14.918100 -0.771259 18.129492
-1.393517 15.599510 -1.324646 18.948391
-2.183640 16.257910 -2.071554 19.758749
-3.168635 16.891620 -3.071113 20.563570
-4.410526 17.491970 -4.282702 21.262926
-5.887262 17.957870 -5.730944 21.826067
-7.603442 18.241840 -7.399200 22.152945
-9.593783 18.333530 -9.246318 22.273720
-11.737930 18.262400 -11.260715 22.216320
-14.123570 18.137210 -13.483968 22.119602
-16.660080 18.043560 -15.895117 22.056473
-19.380350 17.941480 -18.512444 22.000013
-22.232040 17.791200 -21.292675 21.892647
-25.294530 17.612590 -24.280441 21.764666
-28.420350 17.436630 -27.323540 21.633827
-31.735350 17.259230 -30.399292 21.469101
-35.061830 17.012340 -33.544098 21.233559
-38.405680 16.701380 -36.757057 20.937756
-41.726310 16.376210 -39.991283 20.606997
-45.021050 16.012440 -43.245983 20.275984
-48.346970 15.612790 -46.557343 19.946056
-51.676860 15.192430 -49.890339 19.638868
-55.031060 14.742560 -53.275570 19.334345
-58.401830 14.329930 -56.709972 19.123402
-61.829840 14.034770 -60.169056 18.975485
-65.245090 13.824430 -63.644798 18.880402
-68.803470 13.628730 -67.166183 18.809542
-72.396330 13.444870 -70.701332 18.751343
-76.040760 13.365020 -74.254593 18.709822
-79.629870 13.286290 -77.806320 18.676908
-83.178040 13.172320 -81.356102 18.629961
-86.806450 13.116270 -84.899681 18.595678
-90.407370 13.030230 -88.407501 18.553211
-93.932750 12.938240 -91.914299 18.523113
-97.425940 12.830290 -95.401459 18.491520
-100.921800 12.721040 -98.887917 18.452612
-104.418700 12.646790 -102.387253 18.435789
-107.950700 12.574710 -105.884773 18.404953
-111.506500 12.491980 -109.418213 18.361973
-115.125400 12.427530 -113.013649 18.336990
-118.791400 12.356860 -116.678970 18.304806
-122.506900 12.277580 -120.409492 18.250872
-126.283000 12.162340 -124.197281 18.152386
-130.058300 12.056810 -127.986710 18.084227
-133.838200 11.940140 -131.788803 18.021725
-137.647000 11.763370 -135.590073 17.949017
-141.424200 11.624670 -139.345673 17.892664
-145.185900 11.523690 -143.102371 17.837399
-148.919300 11.449460 -146.810654 17.812014
-152.638200 11.381770 -150.532837 17.771967
-156.350400 11.310530 -154.217987 17.734201
-160.047400 11.214060 -157.909485 17.696331
-163.709400 11.107560 -161.596268 17.634527
-167.360400 10.983380 -165.233246 17.622490
-170.967600 10.933720 -168.920898 17.611237
-174.571400 10.876820 -172.579330 17.598740
-178.137200 10.833080 -176.191147 17.587198
-181.490500 10.796130 -179.555893 17.600031
-184.602400 10.773720 -182.721481 17.605967
-187.458300 10.758840 -185.599594 17.629311
-190.232700 10.733900 -188.382996 17.627724
-192.986900 10.663320 -191.167145 17.576399
-195.706100 10.585910 -193.906403 17.542347
-198.416300 10.495740 -196.642166 17.488621
-201.152700 10.412030 -199.391068 17.431795
-203.946700 10.341460 -202.191040 17.403698
-206.802300 10.298350 -205.015030 17.360712
-209.757100 10.317680 -207.922623 17.339529
-212.804800 10.361070 -210.923660 17.343311
-215.930200 10.396430 -214.008926 17.344650
-219.012900 10.360590 -217.112839 17.408764
-222.155100 10.298380 -220.291626 17.454777
-225.365500 10.246810 -223.542877 17.527308
-228.707300 10.215510 -226.867188 17.580351
-232.112300 10.220950 -230.277695 17.642139
-235.564300 10.214940 -233.724686 17.680799
-239.104300 10.217730 -237.287567 17.734365
-242.702700 10.183390 -240.892914 17.745466
-246.347300 10.130220 -244.550766 17.735647
-250.052800 10.036800 -248.282104 17.691097
-253.773800 9.880518 -252.071671 17.620476
-257.535100 9.718989 -255.822830 17.539612
-261.300500 9.591512 -259.591370 17.465559
-265.059000 9.459547 -263.337585 17.393482
-268.826900 9.337703 -267.082825 17.331055
-272.549600 9.176257 -270.822021 17.253918
-276.263700 8.976101 -274.511505 17.168598
-279.947200 8.832825 -278.198456 17.116079
-283.650400 8.715404 -281.885956 17.057604
-287.322900 8.610515 -285.569977 17.005148
-290.988400 8.505150 -289.246338 16.949497
-294.654700 8.394904 -292.905579 16.898136
-298.320400 8.294475 -296.577484 16.837471
-302.013000 8.169718 -300.258972 16.770672
-305.746200 8.074212 -303.961365 16.729103
-309.494500 7.982975 -307.674225 16.686821
-313.220200 7.863686 -311.426208 16.623297
-316.989500 7.782544 -315.166138 16.554398
-320.754000 7.679468 -318.914276 16.520704
-324.529500 7.563218 -322.676514 16.474426
-328.344000 7.456111 -326.439453 16.443254
-332.109700 7.347334 -330.200714 16.413202
-335.860100 7.242255 -333.921082 16.391466
-339.608800 7.147781 -337.679749 16.355955
-343.309300 7.053936 -341.383392 16.356003
-346.907500 6.957315 -344.966370 16.332081
-350.384600 6.860419 -348.455719 16.315601
-353.708400 6.768393 -351.793793 16.299038
-356.877800 6.663296 -354.968018 16.278732
-360.001200 6.552425 -358.088654 16.239571
-363.041000 6.435692 -361.164459 16.188953
-365.855800 6.345080 -364.043365 16.162811
-368.437600 6.307072 -366.690338 16.187933
-370.781400 6.383962 -369.103821 16.302608
-372.865900 6.648568 -371.255127 16.616093
-374.725000 7.109350 -373.143616 17.117004
-376.363200 7.741893 -374.821991 17.825424
-377.862400 8.633829 -376.344269 18.740677
-379.196300 9.712570 -377.711121 19.897888
-380.348700 10.965970 -378.876587 21.233307
-381.385700 12.448140 -379.914459 22.782303
-382.260100 14.122720 -380.801819 24.540298
-383.010800 15.994530 -381.531281 26.491905
-383.610300 18.057930 -382.098602 28.614136
-384.100300 20.314520 -382.549072 30.936180
-384.497100 22.748260 -382.899139 33.424595
-384.776600 25.364410 -383.126495 36.060410
-384.988900 28.128190 -383.288147 38.869228
-385.212700 31.086220 -383.400970 41.788689
-385.449300 34.192050 -383.503204 44.823845
-385.780600 37.315730 -383.582703 47.865925
-386.061000 40.426600 -383.645233 50.940174
-386.229000 43.492690 -383.688843 53.977402
-386.309000 46.518630 -383.709076 56.992149
-386.383200 49.505740 -383.722076 59.965633
-386.435500 52.415800 -383.725555 62.893253
-386.493200 55.225360 -383.716125 65.688042
-386.554400 57.943820 -383.689758 68.394585
-386.610300 60.578530 -383.623535 71.011436
-386.585600 63.079020 -383.506348 73.498070
-386.370900 65.433820 -383.269165 75.879974
-385.914800 67.648300 -382.868469 78.118912
-385.249200 69.694860 -382.295135 80.180893
-384.335100 71.573620 -381.553680 82.087677
-383.335600 73.255020 -380.677612 83.817245
-382.295300 74.818880 -379.600037 85.349548
-381.091700 76.191700 -378.305603 86.670685
-379.774700 77.364460 -376.831177 87.790421
-378.271000 78.251970 -375.219604 88.682343
-376.573900 78.987050 -373.467529 89.398621
-374.728100 79.537850 -371.572296 89.898491
-372.739900 79.941840 -369.524658 90.308540
-370.607000 80.199980 -367.379181 90.524353
-368.370300 80.415580 -365.137848 90.682091
-366.032000 80.571350 -362.771790 90.780594
-363.598400 80.673300 -360.315002 90.801582
-361.071700 80.716320 -357.776794 90.775467
-358.469900 80.705850 -355.169464 90.670662
-355.832800 80.638300 -352.474701 90.537643
-353.161000 80.553900 -349.799011 90.392105
-350.450100 80.465550 -347.089386 90.239288
-347.763100 80.398460 -344.372009 90.112289
-345.086900 80.370740 -341.693512 90.008408
-342.417400 80.402970 -339.018158 89.986717
-339.774100 80.483360 -336.356506 90.004639
-337.139800 80.575110 -333.736267 90.028076
-334.528900 80.693480 -331.113220 90.059624
-331.932700 80.824510 -328.487244 90.087471
-329.325200 80.918500 -325.850403 90.085625
-326.739100 80.990700 -323.207703 90.062164
-324.144100 81.038770 -320.600830 90.025467
-321.562300 81.091140 -317.989655 89.984558
-319.011600 81.190070 -315.385925 89.973251
-316.450900 81.308090 -312.819946 89.998138
-313.909200 81.444650 -310.233795 90.026428
-311.391900 81.580060 -307.685089 90.062782
-308.876400 81.706970 -305.153717 90.089828
-306.378900 81.849250 -302.616333 90.136284
-303.888700 81.994400 -300.094879 90.176163
-301.376300 82.158190 -297.555359 90.266319
-298.832900 82.325730 -294.985046 90.349091
-296.237900 82.504140 -292.389404 90.458817
-293.590400 82.683410 -289.726868 90.579300
-290.876600 82.853340 -287.009521 90.674873
-288.120000 82.987710 -284.241302 90.728439
-285.314700 83.062010 -281.414612 90.717133
-282.460400 83.089330 -278.537048 90.672501
-279.611400 83.105040 -275.698364 90.613914
-276.801100 83.107970 -272.888031 90.527557
-274.051500 83.099890 -270.141937 90.433266
-271.353100 83.054870 -267.441315 90.302376
-268.676800 82.970950 -264.780182 90.149666
-266.029200 82.903900 -262.119629 89.999992
-263.418800 82.873250 -259.514313 89.891411
-260.804200 82.903330 -256.896973 89.839241
-258.168800 82.990410 -254.271286 89.844543
-255.510500 83.145560 -251.654617 89.931305
-252.844700 83.373830 -248.992111 90.077698
-250.152200 83.637690 -246.303894 90.254013
-247.440300 83.910960 -243.579376 90.454880
-244.714300 84.178610 -240.859482 90.625702
-242.002000 84.383000 -238.185394 90.734436
-239.314700 84.514710 -235.485001 90.785950
-236.657500 84.567850 -232.823242 90.761940
-234.029000 84.526210 -230.190506 90.646011
-231.443300 84.405890 -227.595718 90.442444
-228.920700 84.255810 -225.069519 90.218079
-226.536800 84.105460 -222.669388 89.997704
-224.322600 83.973260 -220.477020 89.811111
-222.317800 83.852920 -218.493118 89.643372
-220.525500 83.748690 -216.736710 89.502655
-218.913500 83.654780 -215.155182 89.374763
-217.491400 83.614870 -213.763962 89.324142
-216.200400 83.663530 -212.503281 89.371284
-214.975300 83.890580 -211.297272 89.568214
-213.812900 84.303130 -210.154099 89.916031
-212.768400 84.851980 -209.212173 90.336952
-211.819400 85.505150 -208.233490 90.915451
-210.944500 86.249430 -207.341965 91.632469
-210.114900 87.190980 -206.441025 92.531433
-209.375900 88.379450 -205.589050 93.670120
-208.685500 89.786110 -204.894333 95.058502
-208.120100 91.447000 -204.328201 96.660286
-207.636800 93.318040 -203.850830 98.514725
-207.343700 95.377570 -203.518219 100.554871
-207.198500 97.677330 -203.330063 102.795235
-207.176800 100.117600 -203.258865 105.236832
-207.235900 102.732400 -203.296127 107.878426
-207.357900 105.495500 -203.363220 110.665977
-207.446900 108.321400 -203.392075 113.521202
-207.501200 111.206800 -203.375137 116.446808
-207.496800 114.153500 -203.301453 119.423302
-207.467000 117.040300 -203.212051 122.302467
-207.357100 119.818100 -203.120102 125.224625
-207.231600 122.580500 -202.995621 128.119217
-207.169600 125.360700 -202.912216 130.953949
-207.151600 128.086900 -202.877563 133.728317
-207.158900 130.676600 -202.845276 136.348831
-207.192200 133.099300 -202.834045 138.810974
-207.257200 135.311800 -202.866577 141.028870
-207.357800 137.293400 -202.945099 143.040680
-207.516000 139.039300 -203.070343 144.797470
-207.792700 140.624300 -203.324310 146.378906
-208.199400 142.155800 -203.706314 147.890747
-208.796100 143.591400 -204.259583 149.274567
-209.578000 144.906500 -204.943039 150.548370
-210.509400 146.123000 -205.799683 151.778961
-211.640600 147.221600 -206.845337 152.942657
-212.986500 148.243400 -208.158539 154.052628
-214.560800 149.101800 -209.699234 154.901657
-216.375500 149.752000 -211.516876 155.587936
-218.364200 150.183000 -213.463989 156.010437
-220.495700 150.431900 -215.543533 156.287460
-222.758400 150.560900 -217.801544 156.453690
-225.125500 150.643600 -220.180374 156.578583
-227.596900 150.727300 -222.671021 156.714584
-230.175200 150.835400 -225.265869 156.869064
-232.870900 150.954400 -227.975861 157.047318
-235.686400 151.084500 -230.798752 157.221924
-238.634600 151.219200 -233.733963 157.397079
-241.714000 151.324200 -236.797882 157.559998
-244.893500 151.370200 -239.961639 157.646133
-248.152800 151.340800 -243.203217 157.659332
-251.386800 151.245500 -246.439774 157.597885
-254.628800 151.083900 -249.674469 157.498779
-257.855100 150.860900 -252.886673 157.315048
-260.989500 150.595900 -256.021515 157.090256
-263.979600 150.335600 -259.025604 156.888107
-266.766600 150.087700 -261.820862 156.693405
-269.368500 149.866200 -264.416412 156.516571
-271.910000 149.696000 -266.952209 156.382401
-274.432000 149.547300 -269.474548 156.272675
-276.917800 149.419800 -271.958191 156.185638
-279.393400 149.337600 -274.461945 156.138885
-281.842600 149.284100 -276.904510 156.123138
-284.327000 149.245300 -279.395844 156.124069
-286.851400 149.215900 -281.919983 156.135208
-289.374600 149.175400 -284.449615 156.148026
-291.872700 149.113700 -286.960693 156.125717
-294.367000 149.035300 -289.461517 156.094666
-296.900400 148.946800 -291.981903 156.048370
-299.496800 148.857900 -294.590515 155.999390
-302.152700 148.763000 -297.268005 155.946442
-304.894400 148.662700 -300.033600 155.893250
-307.698800 148.565200 -302.867828 155.835602
-310.542800 148.472300 -305.709381 155.797684
-313.401900 148.388500 -308.593719 155.750336
-316.253600 148.309200 -311.444489 155.727875
-319.087100 148.246300 -314.283813 155.691101
-321.874200 148.159600 -317.096619 155.679260
-324.643500 148.080700 -319.860046 155.657150
-327.380000 148.017900 -322.608276 155.651978
-330.084600 147.943700 -325.312683 155.638672
-332.768800 147.879400 -327.952179 155.632645
-335.339000 147.849200 -330.528534 155.625748
-337.917500 147.821400 -333.091583 155.638779
-340.461700 147.771400 -335.631287 155.632492
-342.975500 147.703700 -338.130707 155.605621
-345.507800 147.596800 -340.647705 155.548431
-348.088400 147.502000 -343.193390 155.480103
-350.695500 147.387300 -345.788666 155.408630
-353.357500 147.254200 -348.416595 155.323837
-356.035100 147.123000 -351.074280 155.232773
-358.706400 146.987600 -353.757507 155.124680
-361.365400 146.869000 -356.398956 155.036041
-363.998800 146.747300 -359.042847 154.932266
-366.592400 146.651500 -361.629242 154.853699
-369.103200 146.586000 -364.139008 154.826309
-371.498800 146.552500 -366.533295 154.832565
-373.734100 146.569400 -368.770264 154.878952
-375.766000 146.687900 -370.804535 155.037170
-377.587800 146.923500 -372.628174 155.304688
-379.228200 147.254000 -374.254364 155.665924
-380.680100 147.681500 -375.702789 156.097977
-381.983900 148.240600 -377.033051 156.700500
-383.189300 148.967100 -378.214233 157.434555
-384.260600 149.832600 -379.284576 158.331299
-385.261700 150.822900 -380.275452 159.324554
-386.189600 152.026900 -381.219849 160.596542
-387.088300 153.508400 -382.103882 162.113556
-387.803500 155.255200 -382.769836 163.883026
-388.328200 157.227600 -383.297058 165.898972
-388.690100 159.390500 -383.621765 168.101791
-388.914300 161.727400 -383.784760 170.456909
-389.033800 164.223600 -383.839813 172.978760
-389.107700 166.899500 -383.864594 175.658432
-389.177200 169.703100 -383.870514 178.457672
-389.249200 172.602600 -383.869720 181.366562
-389.294800 175.566200 -383.867371 184.328094
-389.340400 178.518800 -383.863373 187.303848
-389.408400 181.466200 -383.887207 190.252792
-389.477100 184.395100 -383.875397 193.185242
-389.534000 187.303900 -383.867249 196.093140
-389.596100 190.151400 -383.858185 198.930679
-389.650400 192.868100 -383.869263 201.655289
-389.688600 195.381200 -383.847076 204.187622
-389.706500 197.729300 -383.807800 206.559952
-389.637200 199.881000 -383.687958 208.726685
-389.406500 201.894300 -383.423553 210.766815
-388.964400 203.824800 -382.933411 212.721588
-388.237500 205.641900 -382.146576 214.520294
-387.225600 207.247400 -381.124817 216.165009
-385.985200 208.725400 -379.847900 217.637924
-384.487500 210.025200 -378.333801 218.952118
-382.766900 211.133700 -376.597260 220.043076
-380.848000 212.024300 -374.658447 220.916809
-378.741200 212.710800 -372.547302 221.578156
-376.473400 213.257300 -370.286163 222.080688
-374.038800 213.683400 -367.862549 222.458130
-371.458500 214.025200 -365.297913 222.750259
-368.731200 214.304000 -362.582336 222.986694
-365.907000 214.548400 -359.748871 223.190613
-362.986400 214.774600 -356.847412 223.367386
-360.000500 214.982500 -353.860809 223.525330
-356.946700 215.144300 -350.825470 223.640778
-353.844800 215.269100 -347.742889 223.725067
-350.728200 215.343800 -344.655701 223.753860
-347.621800 215.396600 -341.550354 223.771515
-344.503600 215.436100 -338.491669 223.754425
-341.404500 215.431500 -335.423187 223.709366
-338.307200 215.374700 -332.349915 223.600327
-335.222900 215.258300 -329.289673 223.419525
-332.176900 215.090700 -326.259979 223.171143
-329.113900 214.919400 -323.214478 222.945465
-326.083300 214.755000 -320.162964 222.680954
-323.035500 214.645100 -317.117401 222.502777
-319.997700 214.594500 -314.076141 222.380798
-316.949800 214.613400 -311.017883 222.332977
-313.894600 214.701700 -307.975952 222.363007
-310.834000 214.851800 -304.921448 222.438095
-307.768800 215.021500 -301.871155 222.554047
-304.682000 215.209600 -298.770905 222.676453
-301.619300 215.403400 -295.717346 222.824951
-298.564100 215.602100 -292.653595 222.956787
-295.523500 215.774500 -289.625153 223.045624
-292.524500 215.925700 -286.631592 223.146576
-289.569200 216.080100 -283.679443 223.241104
-286.686000 216.208000 -280.809540 223.315231
-283.844300 216.320800 -277.988068 223.365448
-281.075400 216.414900 -275.253357 223.403595
-278.384800 216.482400 -272.574982 223.419708
-275.749900 216.524700 -269.947479 223.401901
-273.211000 216.563500 -267.416992 223.383392
-270.786900 216.596800 -264.979279 223.358047
-268.452200 216.627400 -262.640808 223.344193
-266.210100 216.670200 -260.397034 223.320633
-264.057900 216.715000 -258.263275 223.310852
-261.977600 216.758700 -256.192719 223.292709
-260.009300 216.805500 -254.237396 223.288315
-258.118000 216.846900 -252.356720 223.282608
-256.324100 216.892100 -250.567566 223.289886
-254.591600 216.937100 -248.834213 223.301346
-252.914000 216.968800 -247.178131 223.300995
-251.261500 217.002300 -245.525620 223.316605
-249.623300 217.030600 -243.901016 223.318558
-248.000000 217.075100 -242.285950 223.336334
-246.394700 217.123600 -240.688583 223.344238
-244.798500 217.177700 -239.099014 223.352890
-243.238500 217.242300 -237.542862 223.381821
-241.697700 217.301200 -235.989761 223.414719
-240.159500 217.379600 -234.452927 223.455414
-238.623700 217.447500 -232.934036 223.487106
-237.098100 217.517700 -231.414886 223.521072
-235.568700 217.578300 -229.873489 223.543182
-234.013600 217.632400 -228.317535 223.552383
-232.429300 217.675500 -226.743210 223.558868
-230.825000 217.709000 -225.127029 223.560455
-229.213500 217.727400 -223.519363 223.550629
-227.620200 217.743200 -221.915787 223.538483
-226.038600 217.749200 -220.346893 223.518616
-224.474500 217.720600 -218.769089 223.458618
-222.943700 217.646400 -217.235870 223.345108
-221.517500 217.497700 -215.822586 223.163101
-220.196400 217.264300 -214.513947 222.888275
-219.015400 216.979300 -213.319138 222.562805
-218.000600 216.671300 -212.315399 222.214752
-217.074300 216.316400 -211.406769 221.859344
-216.224900 215.882000 -210.562805 221.423553
-215.453800 215.357600 -209.791992 220.936523
-214.757400 214.782900 -209.062668 220.329315
-214.077200 214.065600 -208.365753 219.563095
-213.459700 213.182900 -207.750137 218.654099
-212.907500 212.086400 -207.243835 217.584015
-212.452200 210.870600 -206.792480 216.308350
-212.114300 209.456600 -206.508102 214.849426
-211.858500 207.837000 -206.284958 213.204025
-211.742000 206.028400 -206.214172 211.376495
-211.736300 204.033600 -206.266617 209.371811
-211.766900 201.873300 -206.349960 207.191803
-211.796200 199.533500 -206.452042 204.876236
-211.786800 197.027400 -206.520432 202.352173
-211.759900 194.373900 -206.555603 199.697510
-211.697900 191.633600 -206.599411 196.920715
-211.626700 188.816000 -206.622833 194.072388
-211.537000 185.992200 -206.630569 191.202423
-211.444400 183.173400 -206.637634 188.373718
-211.362800 180.374100 -206.650726 185.584534
-211.264700 177.600300 -206.645355 182.781952
-211.172000 174.834700 -206.638626 179.999451
-211.067900 172.132300 -206.615402 177.274841
-210.942500 169.548500 -206.568268 174.669708
-210.807500 167.115600 -206.486832 172.223465
-210.677900 164.891300 -206.407959 169.967743
-210.523800 162.831600 -206.303345 167.893250
-210.369300 160.883900 -206.191086 165.924561
-210.243400 159.140700 -206.102997 164.138214
-210.180400 157.654800 -206.058990 162.629135
-210.119700 156.263000 -206.019028 161.223831
-210.059800 154.892900 -205.980255 159.826065
-209.978700 153.571000 -205.904968 158.503357
-209.891700 152.272500 -205.849655 157.190048
-209.766700 150.900300 -205.741470 155.813690
-209.618400 149.453900 -205.633514 154.356201
-209.402000 147.911800 -205.456619 152.799255
-209.174500 146.248000 -205.300430 151.121338
-208.939400 144.453000 -205.125015 149.310806
-208.714900 142.497200 -204.967789 147.318695
-208.503800 140.403200 -204.819412 145.203796
-208.393000 138.150900 -204.770920 142.918243
-208.389600 135.751000 -204.836945 140.512238
-208.458300 133.190500 -204.979477 137.937134
-208.554900 130.503800 -205.167679 135.235367
-208.679600 127.708900 -205.375015 132.415375
-208.807700 124.788300 -205.575653 129.491592
-208.927800 121.786000 -205.756332 126.491150
-208.986400 118.770600 -205.932449 123.466980
-209.010800 115.753900 -206.079391 120.480934
-208.944000 112.761900 -206.139572 117.501602
-208.836500 109.809100 -206.134979 114.549919
-208.710600 106.913800 -206.086426 111.660538
-208.612900 104.164800 -206.035004 108.916824
-208.524100 101.612900 -206.004684 106.343254
-208.411800 99.291950 -205.950455 104.013374
-208.304000 97.231400 -205.899643 101.956505
-208.239900 95.441440 -205.874359 100.137695
-208.186600 93.928990 -205.827408 98.604752
-208.169400 92.620100 -205.842117 97.278954
-208.111400 91.359060 -205.805801 95.999260
-208.103700 90.108060 -205.810608 94.746109
-208.057300 88.899050 -205.781601 93.526779
-207.989700 87.686220 -205.746567 92.294594
-207.887500 86.424840 -205.661575 91.032867
-207.749700 85.106480 -205.562515 89.705971
-207.573400 83.679430 -205.405777 88.286697
-207.363800 82.128210 -205.239700 86.738480
-207.117800 80.466750 -205.041977 85.068375
-206.886600 78.657990 -204.853394 83.242447
-206.653200 76.721140 -204.653610 81.297150
-206.474300 74.687190 -204.518875 79.235962
-206.388100 72.537240 -204.488373 77.079941
-206.432200 70.298230 -204.584229 74.795776
-206.610100 68.000610 -204.816650 72.503021
-206.892700 65.622610 -205.158890 70.112045
-207.176400 63.145090 -205.481628 67.643257
-207.411300 60.582530 -205.770782 65.079727
-207.566400 57.936780 -205.986404 62.433533
-207.647700 55.184560 -206.132217 59.670700
-207.661500 52.385390 -206.221619 56.860718
-207.621300 49.546410 -206.281738 54.034351
-207.570900 46.730400 -206.333664 51.197983
-207.528900 43.951520 -206.374908 48.431015
-207.484900 41.207900 -206.445862 45.688320
-207.419300 38.483860 -206.500336 42.945770
-207.398300 35.859080 -206.580658 40.288261
-207.389600 33.323530 -206.674911 37.727509
-207.383600 30.928860 -206.755890 35.336582
-207.365700 28.737950 -206.806244 33.161888
-207.338200 26.780150 -206.843811 31.195446
-207.272200 25.076160 -206.850754 29.482231
-207.184900 23.637860 -206.831055 28.030022
-207.080700 22.407050 -206.767151 26.789288
-206.954300 21.322570 -206.693863 25.698296
-206.781600 20.334400 -206.567261 24.716280
-206.551700 19.436710 -206.410980 23.824062
-206.294700 18.614920 -206.214844 23.006020
-205.959400 17.852300 -205.933960 22.244598
-205.601700 17.147840 -205.618530 21.554337
-205.183200 16.499570 -205.231781 20.895981
-204.640200 15.834340 -204.722382 20.228333
-203.962000 15.126390 -204.092346 19.509018
-203.105900 14.402300 -203.315292 18.791954
-202.093300 13.723770 -202.327179 18.087891
-200.890700 13.072850 -201.123688 17.397835
-199.454900 12.451120 -199.697250 16.730160
-197.803000 11.847900 -198.055084 16.060009
-195.985800 11.251230 -196.264236 15.422348
-194.078300 10.799800 -194.380081 14.920141
-192.241500 10.550030 -192.573502 14.623567
-190.511600 10.492510 -190.796814 14.484774
-188.774500 10.514750 -189.027847 14.431899
-187.053000 10.530790 -187.263992 14.406254
-185.316100 10.589790 -185.496460 14.440663
-183.477200 10.672540 -183.630112 14.482835
-181.518300 10.768400 -181.623550 14.543993
-179.433500 10.895520 -179.511002 14.637010
-177.234800 11.053010 -177.284470 14.756265
-174.912900 11.228010 -174.912125 14.889848
-172.453800 11.406500 -172.419006 15.033259
-169.877600 11.633180 -169.812469 15.197919
-167.172600 11.903480 -167.077377 15.407168
-164.356100 12.241910 -164.240158 15.667129
-161.414200 12.605270 -161.279190 15.965529
-158.375100 12.957560 -158.207153 16.257484
-155.289000 13.266400 -155.074829 16.506592
-152.153500 13.477190 -151.919662 16.640369
-148.978900 13.534370 -148.708878 16.654018
-145.756200 13.449460 -145.503403 16.534739
-142.513300 13.323960 -142.241531 16.362495
-139.219200 13.264090 -138.968582 16.209524
-135.871600 13.235180 -135.598022 16.074345
-132.469300 13.237950 -132.165390 15.971245
-128.998700 13.250220 -128.687637 15.891106
-125.452300 13.247970 -125.164238 15.828289
-121.821900 13.224230 -121.560509 15.762555
-118.142800 13.197060 -117.924644 15.674913
-114.366200 13.195450 -114.195328 15.591894
-110.549500 13.202980 -110.442314 15.516891
-106.721100 13.234960 -106.670990 15.474545
-102.856200 13.237720 -102.896835 15.416458
-99.051970 13.344340 -99.064255 15.378105
-95.237560 13.444760 -95.280540 15.366145
-91.419640 13.530140 -91.475700 15.329723
-87.619070 13.674300 -87.680122 15.337805
-83.825400 13.812150 -83.930565 15.355259
-80.045030 13.941190 -80.181221 15.381801
-76.262920 14.064210 -76.420532 15.439368
-72.527230 14.169690 -72.701920 15.458095
-68.760100 14.314940 -69.010063 15.497319
-65.041990 14.448290 -65.357353 15.536306
-61.409550 14.597510 -61.747402 15.583618
-57.812780 14.752930 -58.172028 15.644825
-54.272080 14.916680 -54.631184 15.687715
-50.863180 15.111690 -51.113892 15.759850
-47.456920 15.288970 -47.650162 15.829494
-44.095940 15.453870 -44.255081 15.902306
-40.863370 15.611510 -40.945225 15.976737
-37.779270 15.768930 -37.811531 16.066107
-34.878460 16.001620 -34.857651 16.126062
-32.108550 16.224310 -32.052647 16.206110
-29.417700 16.336670 -29.367966 16.261566
-26.864830 16.377370 -26.825373 16.265989
-24.569330 16.453910 -24.454433 16.247820
-22.495940 16.503070 -22.311167 16.201277
-20.581990 16.519710 -20.371851 16.156944
-18.846180 16.508190 -18.612513 16.101656
-17.328990 16.482300 -17.059376 16.056963
-16.037550 16.475470 -15.671644 16.017883
-14.956120 16.515220 -14.480427 16.031130
-14.017770 16.603920 -13.482296 16.095188
-13.125570 16.745940 -12.589555 16.213425
-12.277220 17.018620 -11.767169 16.458363
-11.518690 17.387820 -11.051138 16.762751
-10.793900 17.853110 -10.314105 17.184605
-10.023690 18.451760 -9.538722 17.721939
-9.266871 19.249950 -8.789106 18.460835
-8.499983 20.230260 -7.954159 19.487087
-7.714471 21.448790 -7.198298 20.653681
-6.943853 22.899830 -6.402443 22.157566
-6.209422 24.630930 -5.715092 23.939201
-5.580618 26.636760 -5.102332 25.991913
-5.100718 28.938480 -4.617813 28.337046
-4.832290 31.540330 -4.285461 30.933899
-4.752808 34.327710 -4.169535 33.744072
-4.799016 37.335070 -4.181858 36.793987
-4.911943 40.499490 -4.268987 39.996506
-5.090383 43.700800 -4.395172 43.222195
-5.276585 46.904120 -4.502322 46.460194
-5.464336 50.126700 -4.616252 49.677097
-5.701735 53.348430 -4.700795 52.872528
-5.926283 56.566760 -4.787212 56.052055
-6.149722 59.747560 -4.869578 59.202854
-6.326192 62.853260 -4.924821 62.277035
-6.450595 65.815280 -4.993360 65.251236
-6.558018 68.633220 -5.037723 68.070404
-6.625230 71.279560 -5.075169 70.749832
-6.655510 73.749780 -5.126281 73.203712
-6.684464 75.995110 -5.154986 75.442596
-6.652349 77.987890 -5.150531 77.462570
-6.508811 79.715010 -5.028628 79.208595
-6.213677 81.157890 -4.763714 80.657768
-5.729615 82.390460 -4.335953 81.878075
-5.161236 83.435200 -3.802702 82.891891
-4.542652 84.252870 -3.185463 83.727692
-3.866113 84.884560 -2.590977 84.353821
-3.262439 85.311720 -2.017963 84.788818
-2.779876 85.608160 -1.563839 85.104080
-2.292931 85.855430 -1.098007 85.381233
-1.737887 86.025210 -0.602333 85.581894
-1.127115 86.147390 -0.094894 85.720505
-0.518659 86.251250 0.429096 85.849953
0.098283 86.354450 0.953186 85.976158
0.701588 86.427350 1.501425 86.043396
1.306431 86.494190 2.058310 86.088867
1.881704 86.544440 2.621194 86.147156
2.482048 86.571200 3.188792 86.158012
3.081643 86.601540 3.784641 86.176514
3.761151 86.625380 4.457217 86.195259
4.619787 86.696990 5.275767 86.247734
5.591334 86.770900 6.220267 86.300934
6.608439 86.844400 7.220205 86.348846
7.634023 86.901350 8.297033 86.399597
8.711110 86.958450 9.422859 86.417999
9.832777 87.009730 10.585762 86.438889
11.007620 87.011520 11.758446 86.422691
12.275390 86.965120 12.963072 86.356522
13.626340 86.918150 14.265532 86.288757
15.069990 86.825170 15.661041 86.182404
16.615310 86.785220 17.151386 86.143600
18.281790 86.877740 18.762032 86.223228
20.047850 87.081990 20.485191 86.393883
21.900640 87.285740 22.333282 86.556587
23.863160 87.475150 24.342169 86.659309
25.902040 87.591950 26.395145 86.710289
28.010580 87.643840 28.542780 86.733543
30.161670 87.666240 30.730988 86.737137
32.320100 87.664230 32.917156 86.732956
34.457590 87.659770 35.076908 86.700478
36.605810 87.671870 37.267498 86.701614
38.730770 87.693440 39.398724 86.708473
40.845470 87.730240 41.549015 86.708664
42.917780 87.780190 43.653133 86.730919
44.982820 87.855000 45.749706 86.777969
47.029150 87.934110 47.830936 86.814636
49.088540 87.988070 49.916168 86.827919
51.131190 88.046720 51.966507 86.845749
53.178890 88.088740 54.041367 86.844711
55.228720 88.131890 56.092823 86.865662
57.257270 88.189930 58.129688 86.891121
59.284240 88.231390 60.179337 86.895042
61.307870 88.268110 62.219746 86.918373
63.333450 88.313230 64.268684 86.916069
65.383590 88.353950 66.282333 86.937531
67.446480 88.391970 68.325317 86.951889
69.483090 88.432190 70.331696 86.969795
71.551190 88.436950 72.375252 86.989639
73.590280 88.449790 74.397949 86.981544
75.642440 88.447490 76.436043 86.984062
77.675640 88.454840 78.462608 86.973969
79.705830 88.461020 80.482246 86.966873
81.744040 88.480290 82.527817 86.964813
83.774580 88.511400 84.548409 86.964539
85.799340 88.557110 86.597725 86.975700
87.804420 88.601160 88.633034 86.971939
89.806920 88.643630 90.654076 86.974411
91.803370 88.704770 92.644249 86.999382
93.754020 88.738080 94.617653 86.998680
95.670500 88.790390 96.587036 87.014717
97.538390 88.822000 98.498970 87.011543
99.322990 88.859730 100.318550 87.022781
100.954900 88.856800 101.990738 86.989807
102.409400 88.885030 103.485512 87.002274
103.660500 88.873010 104.803116 86.991386
104.773500 88.863290 105.957436 86.981941
105.718200 88.844540 106.937881 86.953651
106.475800 88.845300 107.719559 86.949867
107.080900 88.835950 108.331017 86.959587
107.600100 88.863550 108.816467 86.997643
108.075700 88.966910 109.286087 87.091537
108.506900 89.161700 109.724419 87.277100
108.887900 89.429650 110.067574 87.507370
109.267500 89.752890 110.469139 87.802162
109.650400 90.181660 110.837906 88.188423
110.007800 90.683680 111.231995 88.682785
110.331900 91.262390 111.596268 89.270493
110.663200 91.958220 111.948090 89.955360
110.947400 92.750780 112.284630 90.730942
111.190500 93.649870 112.565247 91.586609
111.329400 94.676260 112.751877 92.600960
111.382200 95.834440 112.833740 93.699127
111.376200 97.156700 112.882919 95.010323
111.321400 98.712080 112.942711 96.494461
111.179000 100.499200 112.946617 98.184280
111.052600 102.454500 112.969521 100.074593
110.953400 104.573600 112.997452 102.152824
110.848100 106.867600 113.004883 104.421127
110.729000 109.311900 113.001038 106.833550
110.604600 111.877700 112.973824 109.400581
110.451100 114.520800 112.916351 112.023468
110.254000 117.240000 112.810379 114.738678
110.055600 119.971100 112.688492 117.487167
109.855900 122.687400 112.579308 120.178360
109.666000 125.388400 112.455406 122.877579
109.501800 128.077800 112.369179 125.567062
109.371200 130.752800 112.312729 128.229279
109.256400 133.406800 112.282082 130.874359
109.149100 136.006600 112.243996 133.447357
109.039300 138.439400 112.201942 135.868118
108.946900 140.687200 112.169586 138.074448
108.848000 142.713600 112.127930 140.081146
108.759900 144.486400 112.085373 141.858978
108.690000 146.045200 112.057060 143.442963
108.715900 147.402400 112.028961 144.842102
108.827800 148.539800 112.002327 146.039948
108.921200 149.485400 112.014069 146.999374
109.006800 150.284400 112.038689 147.821457
109.049700 151.026600 112.077057 148.576355
109.110000 151.749000 112.114944 149.322937
109.240400 152.403100 112.145042 150.052490
109.344100 153.097600 112.178009 150.782120
109.452600 153.933600 112.225868 151.657471
109.521400 154.936000 112.246872 152.683060
109.584300 156.072700 112.273819 153.837524
109.645200 157.328900 112.307152 155.109390
109.667500 158.738000 112.304245 156.526276
109.715500 160.311600 112.339882 158.090439
109.696400 162.088600 112.337799 159.845901
109.648800 164.031700 112.357193 161.760605
109.639100 166.108700 112.351143 163.856064
109.633200 168.339900 112.342728 166.086594
109.612700 170.710700 112.330284 168.447784
109.583300 173.210300 112.301224 170.961426
109.553500 175.810400 112.281738 173.547424
109.534300 178.500200 112.274460 176.255035
109.535800 181.237100 112.283600 178.973373
109.577200 183.940500 112.294922 181.709839
109.589000 186.635900 112.304955 184.426407
109.627500 189.311100 112.313881 187.115555
109.659000 191.927100 112.285172 189.758072
109.629600 194.430300 112.210487 192.271942
109.574900 196.783200 112.118927 194.643723
109.514500 198.966200 112.034981 196.834946
109.471200 200.971300 111.979660 198.839935
109.448700 202.821200 111.931496 200.702377
109.448800 204.602200 111.919624 202.493607
109.487500 206.354100 111.934921 204.248322
109.546200 208.062400 111.973160 205.967758
109.610500 209.709200 112.010185 207.631332
109.671900 211.262700 112.049744 209.182678
109.705900 212.701800 112.042259 210.628128
109.734000 214.083700 112.039772 212.001511
109.731100 215.443500 112.001678 213.370178
109.707300 216.763900 111.938263 214.703796
109.699800 218.051000 111.900269 215.995056
109.686600 219.346900 111.862022 217.291702
109.662800 220.744800 111.842720 218.643951
109.624300 222.181900 111.808762 220.064606
109.632900 223.689900 111.808510 221.558838
109.598100 225.285500 111.754829 223.138901
109.569800 226.964200 111.716179 224.819992
109.440500 228.723900 111.592644 226.582657
109.201500 230.569600 111.382263 228.428085
108.840200 232.500400 111.066780 230.368790
108.453300 234.508400 110.729843 232.389664
108.103400 236.603300 110.412651 234.487396
107.820000 238.782500 110.157501 236.679901
107.625300 241.068300 109.984383 238.983093
107.500700 243.440400 109.897003 241.364746
107.404300 245.878200 109.830345 243.847046
107.332600 248.416100 109.789108 246.402420
107.256600 251.021300 109.744987 249.028763
107.176600 253.624800 109.700424 251.625641
107.085700 256.216800 109.637123 254.233673
106.990300 258.788300 109.567810 256.811768
106.888800 261.345700 109.493927 259.376129
106.803900 263.853500 109.417114 261.900452
106.756800 266.256500 109.358612 264.312134
106.736800 268.495900 109.311775 266.602112
106.721100 270.543000 109.287071 268.685577
106.664600 272.451300 109.247772 270.619965
106.602400 274.231700 109.219620 272.405060
106.541100 275.936000 109.194534 274.113312
106.490100 277.548900 109.189682 275.733154
106.431000 279.024300 109.202736 277.191528
106.436000 280.325900 109.253647 278.499207
106.525700 281.483400 109.370270 279.651031
106.690800 282.500200 109.560562 280.664490
106.934200 283.393700 109.819580 281.542847
107.264500 284.174800 110.102066 282.324554
107.615000 284.885400 110.434883 283.074310
108.052900 285.553000 110.844604 283.758087
108.564200 286.162300 111.292282 284.390594
109.134400 286.814700 111.835526 285.056946
109.716100 287.520500 112.433075 285.745300
110.122000 288.203000 112.908897 286.403992
110.422100 288.820000 113.232559 286.987701
110.586500 289.418300 113.475700 287.584747
110.618300 290.064100 113.576210 288.179535
110.518800 290.708100 113.540558 288.754456
110.370600 291.314300 113.470367 289.324493
110.141900 291.925400 113.295029 289.841797
109.836600 292.549000 113.017265 290.427124
109.496500 293.150200 112.697266 290.989044
109.127000 293.786300 112.358803 291.593933
108.698100 294.485100 111.956223 292.269958
108.256700 295.314100 111.527702 293.086182
107.818100 296.219200 111.110588 294.005310
107.428300 297.304000 110.732880 295.079926
107.065000 298.537100 110.406586 296.302155
106.761100 299.883000 110.134140 297.671509
106.504600 301.404000 109.886719 299.178619
106.275100 303.166000 109.684097 300.916473
106.085800 305.101300 109.508514 302.854706
105.832300 307.215400 109.292900 304.947205
105.631300 309.512000 109.119919 307.246979
105.511000 311.924600 109.006416 309.681091
105.445300 314.490700 108.973480 312.236145
105.421000 317.132600 108.961723 314.891663
105.442800 319.873700 108.975075 317.639709
105.446400 322.691700 108.984566 320.484009
105.418000 325.550100 108.972717 323.387848
105.395200 328.463500 108.954857 326.341614
105.363900 331.394800 108.963539 329.284241
105.291400 334.291700 108.930069 332.195221
105.220100 337.191700 108.908157 335.109955
105.144300 340.052300 108.864182 337.970032
105.074500 342.867900 108.798080 340.813324
105.008900 345.615600 108.694412 343.600494
104.963300 348.183800 108.598640 346.234985
104.902500 350.569000 108.531258 348.665131
104.816700 352.734300 108.463867 350.869232
104.677500 354.661300 108.405136 352.844299
104.615300 356.352300 108.405159 354.575287
104.604300 357.799100 108.404427 356.076904
104.701100 359.026400 108.538872 357.341858
104.890600 360.123900 108.768280 358.463135
105.192900 361.139800 109.066795 359.514374
105.583500 362.033500 109.491165 360.460083
106.094900 362.891300 110.010437 361.364838
106.699400 363.652300 110.570213 362.075470
107.414200 364.337700 111.292664 362.803497
108.207300 364.984000 112.141602 363.547394
109.274200 365.625100 113.240265 364.201294
110.518200 366.322000 114.468819 364.867218
111.969200 367.023500 115.950294 365.564209
113.629200 367.645200 117.620750 366.184448
115.502500 368.145800 119.502518 366.664948
117.562800 368.470200 121.600815 366.998627
119.826500 368.663600 123.879120 367.170441
122.238200 368.733400 126.326653 367.208649
124.812600 368.744200 128.911591 367.190918
127.509600 368.750200 131.629608 367.180511
130.334100 368.742700 134.470566 367.146820
133.295700 368.738200 137.450424 367.117981
136.383900 368.770400 140.582306 367.098572
139.555000 368.815800 143.783203 367.099792
142.817300 368.903900 147.032364 367.132690
146.129200 369.028000 150.358780 367.196930
149.483900 369.137700 153.732147 367.248322
152.891500 369.309800 157.118546 367.293915
156.306000 369.518300 160.542892 367.357239
159.737200 369.684200 163.977173 367.378326
163.198500 369.811800 167.433624 367.397858
166.695400 369.930000 170.932007 367.423920
170.207000 370.046100 174.456406 367.447510
173.771600 370.157300 178.034027 367.493774
177.360900 370.266500 181.597488 367.547424
180.975000 370.366900 185.219986 367.600647
184.518100 370.493400 188.830994 367.644440
188.057900 370.608200 192.407578 367.702911
191.649500 370.691100 196.002441 367.737366
195.256300 370.767500 199.561844 367.795685
198.849500 370.860000 203.100830 367.855042
202.381300 370.945800 206.635101 367.888611
205.845900 371.042000 210.100922 367.925110
209.282900 371.140100 213.533188 367.950073
212.668000 371.264500 216.923187 367.986298
216.064400 371.405600 220.290604 368.032501
219.481600 371.542500 223.653793 368.070282
222.884100 371.677600 227.030365 368.121826
226.298100 371.814800 230.397705 368.181610
229.735800 371.946300 233.770752 368.257141
233.194100 372.081100 237.196945 368.320801
236.650500 372.201800 240.614594 368.375000
240.111200 372.286400 244.047516 368.402466
243.564300 372.361500 247.483429 368.399658
247.015400 372.438700 250.944031 368.415527
250.457000 372.513500 254.376572 368.433899
253.891600 372.590900 257.795441 368.458893
257.290300 372.695800 261.208954 368.482422
260.690700 372.783400 264.585480 368.519287
264.069500 372.879600 267.935181 368.552063
267.431600 372.988700 271.293304 368.618469
270.776800 373.106400 274.650482 368.678680
274.109000 373.236700 277.995270 368.749359
277.432900 373.381900 281.358521 368.843994
280.759300 373.509600 284.690125 368.913879
284.056000 373.639500 288.017609 368.975494
287.359000 373.744400 291.347107 369.023926
290.659600 373.828200 294.643066 369.046692
293.947900 373.890800 297.928894 369.069153
297.237800 373.937600 301.194214 369.088470
300.521400 373.988900 304.456848 369.107147
303.768300 374.045300 307.702026 369.123291
306.957900 374.123300 310.937805 369.125854
310.146500 374.187500 314.170135 369.129974
313.322400 374.161000 317.355804 369.120361
316.483700 374.147700 320.514282 369.130829
319.614100 374.138000 323.632599 369.109894
322.710900 374.134900 326.718903 369.113525
325.754600 374.160500 329.749237 369.139954
328.760000 374.252700 332.730225 369.203766
331.723400 374.480400 335.682190 369.408936
334.629700 374.897700 338.573151 369.804169
337.443500 375.575200 341.349548 370.400818
340.190600 376.425800 344.067627 371.206543
342.858100 377.501000 346.731628 372.210205
345.468300 378.757900 349.293549 373.394989
348.031800 380.138800 351.799866 374.711365
350.528000 381.659100 354.303802 376.122559
353.018700 383.175200 356.828064 377.576416
355.491300 384.652000 359.327759 378.976257
357.947400 386.052400 361.859161 380.310638
360.450400 387.298300 364.414459 381.489258
362.989400 388.343200 367.013580 382.481323
365.629600 389.180000 369.693970 383.267029
368.276800 389.785200 372.414948 383.865112
371.000200 390.203900 375.172272 384.245239
373.810900 390.409900 377.979279 384.425049
376.669700 390.515800 380.841858 384.438721
379.565900 390.475800 383.727600 384.328278
382.519300 390.334600 386.682281 384.105713
385.568500 390.096400 389.707275 383.819489
388.667700 389.806400 392.813385 383.465302
391.801000 389.495500 395.926788 383.105377
394.948500 389.200900 399.048187 382.756531
398.070600 388.865200 402.175415 382.371216
401.148300 388.481900 405.246338 381.934082
404.065800 388.058900 408.197449 381.464508
406.691700 387.530400 410.836670 380.897583
409.000000 386.806300 413.127533 380.139771
410.962900 385.896000 415.042969 379.205902
412.562500 384.785500 416.633972 378.165649
413.996700 383.545300 418.035858 376.870453
415.180900 382.105900 419.158966 375.408447
416.123400 380.517100 420.083923 373.741150
416.780300 378.715300 420.745667 371.994202
417.257500 376.862000 421.198578 370.087036
417.474300 374.922400 421.405090 368.073303
417.570600 372.940800 421.466370 366.030212
417.595000 370.957200 421.453857 363.995239
417.608000 368.989000 421.428101 362.007172
417.583600 367.038100 421.365845 360.025787
417.563900 365.089500 421.322113 358.069489
417.541600 363.162600 421.249237 356.123383
417.537500 361.254500 421.203217 354.205200
417.528500 359.368700 421.153473 352.314056
417.528100 357.497400 421.111267 350.404358
417.533000 355.636800 421.063782 348.537506
417.535200 353.779400 421.022675 346.666718
417.571900 351.871300 421.005463 344.759827
417.625100 349.951000 420.998993 342.830170
417.694000 348.023900 421.034149 340.882294
417.785900 346.081700 421.089569 338.924957
417.908800 344.103500 421.182312 336.927795
418.015700 342.077300 421.243103 334.871521
418.081000 339.964700 421.265625 332.743896
418.090200 337.760700 421.238159 330.507324
418.050600 335.423900 421.134766 328.164093
417.958300 332.974100 420.996979 325.656525
417.860400 330.443200 420.806732 323.102783
417.712700 327.891600 420.542145 320.529175
417.482600 325.340400 420.199829 317.931885
417.033400 322.795700 419.763733 315.381805
416.342400 320.296000 419.105560 312.901123
415.500300 317.846800 418.246704 310.445892
414.502200 315.485600 417.240845 308.070618
413.318100 313.201700 416.039948 305.768585
412.032900 310.983400 414.747437 303.543823
410.705100 308.826400 413.397217 301.395325
409.332700 306.723300 412.002991 299.270874
407.938700 304.690300 410.567505 297.214111
406.473300 302.693100 409.073547 295.209808
404.955000 300.719700 407.541565 293.221222
403.421700 298.744000 405.995483 291.227875
401.884500 296.708900 404.452118 289.201080
400.391900 294.639900 402.936279 287.133545
398.848100 292.568900 401.515869 285.069275
397.412100 290.463600 400.137390 282.971191
396.057400 288.363000 398.824097 280.872375
394.718200 286.280300 397.510498 278.786346
393.408400 284.209500 396.205200 276.713135
392.117400 282.093800 394.915375 274.625885
390.835100 279.982500 393.627991 272.526672
389.579700 277.837900 392.371033 270.404480
388.345300 275.665600 391.131165 268.239807
387.120100 273.483200 389.887909 266.060608
385.875700 271.265000 388.636993 263.867737
384.628200 269.049200 387.362854 261.649139
383.381900 266.843000 386.106812 259.469788
382.125900 264.656300 384.823608 257.291626
380.854500 262.504300 383.538879 255.139069
379.661500 260.394600 382.234924 253.038208
378.446600 258.284100 380.909790 250.988632
377.135400 256.231900 379.576416 248.972443
375.830100 254.203900 378.286011 247.022034
374.666100 252.142300 376.976837 245.025818
373.467400 250.089900 375.653809 243.009048
372.260300 248.016900 374.300720 240.993637
371.007200 245.900200 372.914429 238.929886
369.693400 243.722700 371.476562 236.799927
368.315100 241.489500 369.984558 234.623596
366.888500 239.203500 368.453613 232.388763
365.460800 236.868900 366.904297 230.108200
364.012600 234.509600 365.368561 227.785614
362.529900 232.103900 363.842407 225.434204
361.127000 229.646700 362.307434 223.028702
359.661000 227.165200 360.774658 220.623535
358.172600 224.664800 359.212585 218.165970
356.667000 222.124500 357.574158 215.691605
355.093500 219.562900 355.872223 213.175995
353.424100 216.994400 354.119080 210.652863
351.712100 214.400800 352.308960 208.093750
349.975600 211.757600 350.497009 205.509857
348.217300 209.053900 348.658966 202.851135
346.440100 206.295800 346.789246 200.159302
344.718700 203.491400 344.945892 197.445862
343.048900 200.668300 343.111115 194.714874
341.324500 197.881200 341.270020 191.982758
339.568500 195.094400 339.456299 189.266571
337.852500 192.286600 337.643066 186.495911
336.194600 189.467000 335.836609 183.738129
334.505100 186.643600 334.046509 180.957855
332.810200 183.813400 332.246521 178.148788
331.136400 180.975200 330.485168 175.368683
329.490700 178.148700 328.724731 172.584778
327.932900 175.420200 327.035553 169.914536
326.471500 172.833200 325.449677 167.386749
325.095300 170.445000 323.978638 165.026062
323.762200 168.206100 322.576233 162.812546
322.412400 165.996900 321.149719 160.629837
321.011100 163.835400 319.703491 158.482880
319.641800 161.678600 318.295258 156.335999
318.295500 159.472400 316.902893 154.155640
316.951800 157.229300 315.505554 151.953888
315.588800 154.961100 314.082092 149.728134
314.135600 152.692800 312.605957 147.491608
312.631900 150.387300 311.094910 145.196716
311.148500 148.012100 309.551208 142.840866
309.612900 145.580200 307.987305 140.449738
308.016700 143.109100 306.371704 137.984497
306.331100 140.598200 304.691772 135.496063
304.564400 138.076000 302.973206 132.983093
302.797400 135.508900 301.204529 130.421448
300.997000 132.893600 299.414429 127.819809
299.222800 130.218600 297.602356 125.169014
297.437100 127.496300 295.764984 122.467339
295.655500 124.725500 293.921539 119.747810
293.887000 121.904900 292.054138 116.919754
292.106700 119.014900 290.178436 114.077202
290.285600 116.096800 288.286255 111.203568
288.486200 113.134700 286.386658 108.302078
286.686000 110.204800 284.469177 105.403999
284.893700 107.269000 282.562134 102.523712
283.126100 104.350100 280.653931 99.657860
281.355100 101.454500 278.771179 96.833588
279.594100 98.593690 276.904480 94.025490
277.853700 95.782330 275.075287 91.258171
276.123300 93.015090 273.276062 88.531647
274.407100 90.294590 271.488342 85.838905
272.692900 87.620630 269.733612 83.208458
270.986100 84.990760 267.934326 80.598343
269.325100 82.370640 266.165771 78.011757
267.721500 79.761360 264.443054 75.476486
266.125000 77.187760 262.755463 72.980042
264.542700 74.650060 261.069611 70.487091
262.985600 72.146080 259.417084 68.028061
261.442300 69.672120 257.799530 65.591011
259.914000 67.228910 256.189484 63.177177
258.304500 64.884450 254.622101 60.813423
256.745600 62.566170 253.074860 58.459137
255.295000 60.234750 251.618713 56.135223
253.997800 57.859320 250.312317 53.771873
252.910900 55.413560 249.176071 51.308128
252.070800 52.918370 248.307602 48.832993
251.456200 50.379500 247.666580 46.317074
251.101500 47.849010 247.266144 43.779091
250.932300 45.362320 247.050842 41.275463
250.858900 42.970440 246.931686 38.874424
250.880600 40.703100 246.836777 36.548679
250.860200 38.529600 246.724655 34.295910
250.643100 36.422190 246.437088 32.175930
250.219900 34.431510 245.977051 30.167816
249.550300 32.522370 245.310791 28.306236
248.682400 30.805930 244.396271 26.542160
247.595100 29.296170 243.175293 25.080742
246.325600 27.986790 241.852386 23.711906
244.806500 26.870520 240.337143 22.645050
243.208500 26.046220 238.705399 21.842514
241.618500 25.511990 237.142853 21.345860
240.183400 25.244680 235.699951 21.106146
238.935000 25.182690 234.457581 21.072021
237.834400 25.306400 233.376770 21.219065
236.751000 25.547440 232.367493 21.486115
235.819600 26.015040 231.464706 21.941925
235.018800 26.634010 230.675232 22.529091
234.322500 27.380390 229.973083 23.247238
233.665300 28.270030 229.425568 24.176186
233.152200 29.370220 228.912689 25.266556
232.717700 30.623840 228.546051 26.505146
232.381300 32.026050 228.242096 27.940384
232.146500 33.563930 228.101212 29.465406
231.970000 35.230950 227.995544 31.122404
231.824100 37.057360 227.942535 32.941109
231.711700 38.971820 227.911392 34.868153
231.613800 41.054710 227.899918 36.937603
231.500400 43.265380 227.882477 39.146099
231.399200 45.576380 227.889908 41.444542
231.319600 47.958050 227.907166 43.834450
231.245500 50.455120 227.955826 46.319344
231.179600 53.045730 228.007339 48.896702
231.112600 55.734600 228.070023 51.583241
231.018200 58.532000 228.130814 54.352726
230.923100 61.468330 228.210800 57.231869
230.781800 64.386420 228.252151 60.124229
230.554400 67.301250 228.211243 63.042942
230.382900 70.279420 228.203262 66.021858
230.251900 73.265810 228.238281 68.999954
230.117200 76.279160 228.263046 72.003815
229.963600 79.299000 228.261780 75.044968
229.812600 82.350860 228.261566 78.111916
229.639600 85.361680 228.291672 81.159096
229.508400 88.372400 228.318024 84.213676
229.396200 91.404150 228.362244 87.230843
229.226100 94.390420 228.353058 90.194466
229.043400 97.383610 228.325058 93.163017
228.915600 100.420900 228.356613 96.189949
228.777400 103.429600 228.366257 99.198517
228.620500 106.515300 228.376633 102.269997
228.492800 109.617700 228.407516 105.365906
228.345100 112.766000 228.415161 108.515610
228.262200 115.953800 228.442856 111.686691
228.174500 119.123600 228.457764 114.825775
228.062700 122.300500 228.450150 117.988358
227.923700 125.438600 228.432083 121.126816
227.800300 128.526100 228.430801 124.206818
227.652200 131.598300 228.410126 127.256905
227.534700 134.639400 228.408386 130.293488
227.419600 137.638100 228.414719 133.291962
227.314300 140.648200 228.411743 136.308243
227.209000 143.551900 228.414093 139.229996
227.066800 146.491000 228.379547 142.177887
226.958600 149.420900 228.382401 145.059769
226.876000 152.285800 228.402222 147.906387
226.800700 155.135000 228.428207 150.725647
226.731900 157.928600 228.455612 153.514816
226.671000 160.677000 228.474396 156.260025
226.582000 163.433500 228.466675 158.992340
226.485000 166.141300 228.452332 161.689911
226.397200 168.834800 228.444107 164.400589
226.291800 171.503000 228.410965 167.077911
226.193800 174.156400 228.384064 169.719376
226.097700 176.845900 228.361160 172.404510
226.004100 179.602700 228.353546 175.152512
225.899400 182.370000 228.359299 177.922943
225.790500 185.147000 228.351471 180.685074
225.666400 187.881700 228.338058 183.382294
225.559700 190.596700 228.337097 186.059784
225.450800 193.273500 228.322571 188.742325
225.344100 195.959200 228.325211 191.395889
225.255300 198.650900 228.345871 194.042831
225.193200 201.334900 228.380341 196.704788
225.127200 204.006800 228.411942 199.359436
225.065500 206.635300 228.432327 201.976669
225.010800 209.237100 228.454666 204.569183
224.942500 211.826000 228.472473 207.129532
224.891100 214.400400 228.507538 209.679382
224.851300 216.935700 228.555115 212.193695
224.574700 219.362300 228.600159 214.645889
224.296500 221.836900 228.639053 217.148453
224.077500 224.335800 228.693390 219.666550
223.912600 226.902200 228.757706 222.207489
223.741800 229.521600 228.794479 224.826401
223.606900 232.177000 228.832352 227.489471
223.385500 235.003000 228.820541 230.260025
223.159800 237.809300 228.789612 233.020416
222.960600 240.674800 228.756195 235.846710
222.792300 243.535000 228.739166 238.653442
222.588700 246.352100 228.727066 241.437195
222.380700 249.170100 228.697845 244.212189
222.221500 251.920200 228.704773 246.937057
222.080000 254.672900 228.728790 249.662064
221.956900 257.368500 228.741638 252.365921
221.829100 260.046700 228.768021 255.038956
221.692500 262.646800 228.744263 257.685760
221.568600 265.262200 228.752090 260.343811
221.459700 267.839700 228.780426 262.927063
221.336200 270.381800 228.786621 265.491272
221.189700 272.766200 228.759277 267.892120
221.088000 275.002000 228.774033 270.115112
221.026400 277.045600 228.822235 272.153687
221.049000 278.872300 228.938507 273.980652
221.129600 280.543300 229.095154 275.646484
221.219900 282.100200 229.261688 277.205231
221.344400 283.572300 229.471741 278.669647
221.383300 284.982800 229.585724 280.077301
221.427300 286.297500 229.723740 281.373901
221.355400 287.505400 229.725372 282.561371
221.243100 288.625800 229.696182 283.663361
221.036600 289.678700 229.572998 284.703064
220.706100 290.652000 229.304718 285.650909
220.342100 291.553100 228.999435 286.543152
219.853800 292.364600 228.573730 287.424316
219.269900 293.212700 228.058655 288.253052
218.538100 294.065300 227.381073 289.125580
217.686800 294.889800 226.585754 289.955322
216.657700 295.681400 225.596191 290.786133
215.444500 296.400100 224.450424 291.485687
214.042800 296.980800 223.070557 292.107880
212.392600 297.367200 221.437912 292.543732
210.496800 297.522800 219.618942 292.816681
208.422600 297.550500 217.585663 292.912079
206.131200 297.483400 215.338898 292.917969
203.651200 297.386400 212.862442 292.924042
200.976300 297.310600 210.170044 292.962250
198.089000 297.234800 207.284866 293.011536
194.997600 297.169600 204.191727 293.071838
191.702200 297.088100 200.882568 293.127197
188.259400 296.972900 197.434830 293.161194
184.687600 296.836900 193.860947 293.178497
180.991300 296.697500 190.165909 293.194427
177.262000 296.545800 186.420685 293.186523
173.558400 296.374900 182.726440 293.169250
169.919200 296.277600 179.036346 293.157257
166.317100 296.215600 175.340134 293.141510
162.711100 296.177000 171.692963 293.113647
159.134700 296.119900 168.075012 293.089600
155.571100 296.037800 164.426254 293.072296
152.007700 295.960500 160.827454 293.052551
148.468000 295.873200 157.264038 293.042542
144.946600 295.784900 153.684036 293.031433
141.444100 295.697900 150.153336 293.028137
137.975600 295.609100 146.652893 293.009033
134.474600 295.536100 143.170013 292.987701
131.021500 295.387200 139.699387 292.942169
127.584800 295.185200 136.293182 292.840088
124.194200 294.919100 132.917328 292.653381
120.833000 294.568800 129.579926 292.403839
117.524100 294.148300 126.263153 292.063263
114.277200 293.717200 123.005554 291.718384
111.044200 293.263000 119.784172 291.353760
107.875300 292.820400 116.565842 290.987549
104.688800 292.432800 113.365479 290.680267
101.526200 292.112800 110.179626 290.431763
98.320670 291.867700 106.948944 290.260437
95.075730 291.698100 103.674515 290.166534
91.781610 291.600800 100.361252 290.153320
88.461730 291.510300 96.998314 290.175598
85.094010 291.416400 93.577240 290.186005
81.672540 291.325000 90.120270 290.204865
78.223590 291.216800 86.648499 290.200195
74.766450 291.106600 83.190147 290.193451
71.344240 290.985400 79.776161 290.165070
67.941880 290.873200 76.359398 290.151825
64.574620 290.765700 72.989273 290.141937
61.246410 290.655900 69.648895 290.128998
57.944380 290.555500 66.367920 290.108002
54.688490 290.463900 63.110134 290.084564
51.465180 290.374800 59.891094 290.078827
48.250390 290.298700 56.686340 290.080963
45.050130 290.226400 53.489117 290.074982
41.875270 290.157700 50.318893 290.077454
38.711490 290.079000 47.170578 290.074982
35.578690 289.999000 44.057964 290.070190
32.468040 289.919000 40.959892 290.077393
29.399030 289.855900 37.903851 290.090515
26.374440 289.806000 34.893703 290.112152
23.466190 289.753800 31.982273 290.131195
20.703250 289.695700 29.253456 290.144653
18.065590 289.632000 26.641195 290.151093
15.545090 289.573700 24.132689 290.151886
13.147890 289.520300 21.761623 290.157867
10.888030 289.488100 19.514879 290.187225
8.793075 289.520100 17.431799 290.287048
6.883822 289.607400 15.518133 290.429535
5.082836 289.770600 13.715679 290.645752
3.360773 289.989300 12.000599 290.916138
1.693438 290.246300 10.333801 291.224091
0.081762 290.523900 8.722927 291.547882
-1.454040 290.824700 7.202633 291.874481
-2.912142 291.153900 5.750546 292.234467
-4.263831 291.496500 4.419266 292.610657
-5.469629 291.865200 3.238625 293.001343
-6.561797 292.250200 2.161819 293.410767
-7.567325 292.720400 1.185539 293.884247
-8.250854 293.150700 0.530052 294.296722
-8.615564 293.414600 0.177246 294.551208
-8.701378 293.497800 0.094131 294.630188
-8.677816 293.476200 0.103027 294.597351
-8.670689 293.481400 0.108902 294.616852
-8.660467 293.476600 0.101166 294.610687
-8.651698 293.468700 0.103683 294.610657
-8.643833 293.460000 0.110107 294.601990
-8.651930 293.468400 0.093018 294.638062
-8.687854 293.502400 0.013123 294.664917
-8.762112 293.570000 -0.054688 294.746033
-8.920494 293.730700 -0.213150 294.913300
-9.169684 294.008200 -0.454285 295.198059
-9.506103 294.394700 -0.785477 295.622925
-9.958653 294.935000 -1.234055 296.191528
-10.520470 295.675700 -1.775620 296.969818
-11.117550 296.668100 -2.363724 297.982666
-11.708500 297.866400 -2.917587 299.256500
-12.237630 299.339200 -3.416687 300.771179
-12.683330 301.018400 -3.818069 302.479462
-13.070580 302.864600 -4.171162 304.360474
-13.368680 304.910200 -4.417934 306.441101
-13.565630 307.103100 -4.564317 308.683075
-13.722500 309.483700 -4.648915 311.093597
