0.000000 0.000000 0.000000 0.000000
0.054181 0.879235 0.038141 0.886562
0.069768 1.824326 0.059892 1.858545
0.003415 2.875512 -0.031630 2.891156
-0.123130 4.021896 -0.180171 4.011420
-0.355562 5.248722 -0.410777 5.235126
-0.622388 6.586939 -0.683685 6.574716
-0.941959 8.041587 -1.016327 8.024369
-1.317954 9.607606 -1.392683 9.573684
-1.746028 11.261490 -1.856741 11.251957
-2.247333 13.001260 -2.421876 13.015219
-2.819369 14.841550 -3.024404 14.854239
-3.471584 16.794890 -3.712993 16.799381
-4.206227 18.801040 -4.465837 18.826956
-5.002325 20.924250 -5.277761 20.937746
-5.895726 23.141170 -6.172519 23.122404
-6.893668 25.384920 -7.195111 25.389870
-7.982190 27.688730 -8.297119 27.698366
-9.164411 30.059710 -9.463605 30.007950
-10.444260 32.492060 -10.756003 32.430599
-11.824940 34.996970 -12.170060 34.926517
-13.288260 37.616200 -13.628132 37.488262
-14.807970 40.343090 -15.183524 40.145573
-16.405480 43.114560 -16.802456 42.891865
-18.046730 45.856950 -18.487474 45.623367
-19.822820 48.550680 -20.256330 48.293476
-21.675070 51.158150 -22.105778 50.916119
-23.560100 53.734170 -24.015461 53.527538
-25.494780 56.313420 -25.958473 56.086094
-27.482530 58.864650 -27.951694 58.618435
-29.541190 61.360910 -30.021437 61.150093
-31.678300 63.840490 -32.159237 63.639488
-33.902360 66.293940 -34.416458 66.114700
-36.250580 68.681990 -36.728325 68.531410
-38.692550 71.052560 -39.169476 70.918175
-41.192840 73.405700 -41.673138 73.261826
-43.783840 75.735640 -44.300320 75.642830
-46.432290 78.051270 -46.973206 77.954803
-49.152200 80.361270 -49.698650 80.257050
-51.940820 82.646680 -52.499763 82.535515
-54.848670 84.861880 -55.416767 84.736076
-57.859180 86.983730 -58.455448 86.853798
-60.964150 89.027210 -61.588940 88.898132
-64.171330 90.959490 -64.828712 90.856949
-67.486660 92.809380 -68.159119 92.708992
-70.858280 94.583360 -71.509743 94.469872
-74.262510 96.288110 -74.923424 96.182182
-77.676110 97.939670 -78.358688 97.845360
-81.063060 99.532950 -81.769798 99.426498
-84.370760 101.062700 -85.114784 100.987206
-87.620370 102.509100 -88.386795 102.465118
-90.786320 103.874400 -91.559669 103.882904
-93.870530 105.255700 -94.647369 105.305580
-96.881570 106.709600 -97.642700 106.766266
-99.805830 108.239800 -100.573959 108.317604
-102.636000 109.900200 -103.426064 109.949455
-105.378400 111.659200 -106.155907 111.699799
-107.976000 113.472300 -108.755623 113.499588
-110.447900 115.333000 -111.199211 115.355713
-112.784900 117.225600 -113.528473 117.252129
-115.015000 119.132700 -115.707321 119.186745
-117.123400 121.056800 -117.792183 121.137161
-119.078900 122.948300 -119.748711 123.096832
-120.895600 124.857100 -121.571060 125.041313
-122.564000 126.793900 -123.238708 126.999611
-124.115200 128.784700 -124.799042 129.032898
-125.556900 130.848800 -126.244164 131.117203
-126.900700 132.986400 -127.599464 133.278214
-128.166200 135.162700 -128.908569 135.494629
-129.390300 137.438800 -130.133011 137.807022
-130.624700 139.816800 -131.370270 140.200333
-131.850200 142.307900 -132.601257 142.710434
-133.053900 144.928800 -133.820740 145.383408
-134.221100 147.696700 -134.942703 148.162170
-135.286000 150.585100 -136.033585 151.104797
-136.188200 153.654800 -136.988205 154.202286
-136.902400 156.885700 -137.735519 157.453781
-137.414500 160.267800 -138.286194 160.877167
-137.716200 163.797200 -138.627151 164.418442
-137.811800 167.451700 -138.745300 168.092026
-137.693100 171.190300 -138.661163 171.913284
-137.342300 175.019300 -138.338913 175.823868
-136.764600 178.911300 -137.782837 179.796219
-135.961700 182.879700 -137.009018 183.840668
-134.921000 186.887900 -135.994125 187.896439
-133.676900 190.927900 -134.749207 192.024185
-132.176400 194.967500 -133.245483 196.149429
-130.412100 198.974000 -131.488831 200.241165
-128.325000 202.907800 -129.395340 204.214050
-125.879600 206.683600 -126.939590 208.041565
-123.115600 210.265500 -124.168633 211.686783
-120.072500 213.663000 -121.066040 215.172592
-116.797700 216.867700 -117.716354 218.467010
-113.326600 219.882100 -114.185997 221.559601
-109.741800 222.621900 -110.540680 224.369888
-106.071200 225.055100 -106.744766 226.910965
-102.330300 227.163100 -102.913025 229.105148
-98.549080 228.934800 -99.062492 230.915527
-94.765260 230.393600 -95.195343 232.410461
-91.040120 231.572900 -91.365921 233.648209
-87.356360 232.508500 -87.576286 234.619370
-83.712820 233.198800 -83.835854 235.360947
-80.131800 233.665300 -80.163872 235.867004
-76.597140 233.928600 -76.525002 236.155670
-73.221710 234.047000 -73.040977 236.306244
-69.951170 234.094200 -69.654724 236.367218
-66.744420 234.089700 -66.377563 236.405106
-63.631270 234.073000 -63.185810 236.407623
-60.588190 234.080900 -60.067745 236.438019
-57.589970 234.129900 -57.011829 236.520630
-54.631270 234.221300 -53.999905 236.629501
-51.691800 234.380800 -51.091984 236.838608
-48.789980 234.600500 -48.160385 237.093918
-45.914730 234.880700 -45.280102 237.385910
-43.056600 235.221400 -42.427402 237.745422
-40.226560 235.615000 -39.580311 238.156815
-37.436510 236.072300 -36.783428 238.623474
-34.671830 236.602900 -34.008842 239.165512
-31.872100 237.159200 -31.159796 239.739868
-29.030010 237.739000 -28.310162 240.344131
-26.164210 238.361200 -25.439848 240.984146
-23.288400 239.014600 -22.593250 241.674225
-20.420150 239.737800 -19.756519 242.429947
-17.585900 240.557900 -16.941093 243.286545
-14.787740 241.484300 -14.130280 244.231445
-12.027780 242.497800 -11.374093 245.257843
-9.297034 243.589800 -8.633664 246.387024
-6.615868 244.741000 -5.996089 247.508774
-4.000885 245.950200 -3.390769 248.742966
-1.445171 247.223500 -0.834975 250.042786
1.045353 248.560800 1.666140 251.395508
3.471952 249.950800 4.104805 252.800339
5.864994 251.410300 6.494201 254.264771
8.235125 252.947800 8.865520 255.782593
10.583690 254.573100 11.302814 257.337891
12.953340 256.177400 13.680095 258.893250
15.346400 257.781100 16.078848 260.475403
17.751050 259.400400 18.492550 262.079285
20.188860 261.030300 20.938814 263.712738
22.647720 262.666800 23.369162 265.350891
25.099450 264.305600 25.803995 266.995850
27.525840 265.954500 28.220264 268.668243
29.936290 267.631700 30.623034 270.373077
32.286150 269.360900 32.944695 272.125122
34.606160 271.143700 35.224735 273.923706
36.885170 273.027100 37.429146 275.783936
39.097050 274.998500 39.616833 277.778534
41.290800 277.096800 41.787022 279.863159
43.439250 279.297300 43.899406 282.072113
45.513250 281.622300 45.931248 284.380463
47.514220 284.070700 47.907619 286.812805
49.431830 286.626800 49.814041 289.379761
51.294100 289.273800 51.650616 292.028046
53.101300 292.012400 53.448071 294.765839
54.875230 294.809700 55.218113 297.594299
56.646400 297.643200 56.991066 300.438019
58.445530 300.513000 58.783428 303.313660
60.252450 303.405100 60.584320 306.205750
62.043860 306.330600 62.351227 309.129822
63.761150 309.296200 64.052780 312.125336
65.349920 312.311900 65.621056 315.172638
66.806830 315.364200 67.080620 318.235168
68.116080 318.458200 68.371758 321.362701
69.296620 321.579600 69.544815 324.497406
70.444270 324.701500 70.671219 327.669708
71.544490 327.823300 71.758659 330.786072
72.579080 330.962600 72.775825 333.959625
73.537630 334.109900 73.735695 337.124023
74.456800 337.228300 74.640411 340.259583
75.339380 340.280400 75.523834 343.313873
76.286690 343.179300 76.470840 346.236176
77.264140 345.918700 77.459641 349.012115
78.217100 348.599200 78.416687 351.708832
79.076510 351.282300 79.278000 354.368042
79.788430 353.970700 79.989708 357.063263
80.289200 356.680100 80.491341 359.758026
80.544210 359.422600 80.760925 362.492554
80.553950 362.181700 80.773872 365.205231
80.325300 364.950100 80.560287 367.960480
79.948290 367.764600 80.188118 370.755157
79.552930 370.623900 79.800568 373.641937
79.189870 373.576200 79.439285 376.602264
78.847720 376.617400 79.079376 379.686432
78.487220 379.779100 78.730560 382.861725
78.109220 383.024900 78.345963 386.127167
77.724340 386.331700 77.956055 389.451233
77.303670 389.673500 77.534302 392.803040
76.785710 392.998500 77.017815 396.146118
76.164260 396.307900 76.390251 399.467834
75.453110 399.563900 75.700615 402.714508
74.687820 402.778100 74.930504 405.933075
73.880590 405.959600 74.107979 409.147156
73.001560 409.140100 73.222801 412.380066
72.077030 412.325000 72.276703 415.603424
71.142260 415.518400 71.351166 418.812073
70.199490 418.732600 70.420036 422.019073
69.226500 421.954700 69.456406 425.224304
68.236100 425.167200 68.455261 428.461639
67.260820 428.363600 67.467583 431.683899
66.313240 431.552600 66.509972 434.891205
65.391740 434.718000 65.565544 438.079681
64.501670 437.856900 64.660530 441.240875
63.634920 440.951000 63.775417 444.347412
62.789470 444.005700 62.908001 447.443573
61.956690 447.015700 62.058376 450.455139
61.133480 449.961200 61.204224 453.447693
60.318620 452.867200 60.344807 456.377594
59.499520 455.718100 59.528141 459.216980
58.682170 458.529200 58.717140 462.031555
57.867160 461.298900 57.908974 464.803894
57.054660 464.035200 57.099838 467.550415
56.243590 466.731100 56.283722 470.233643
55.443060 469.359000 55.485844 472.868225
54.686220 471.907600 54.735386 475.423340
53.957650 474.335100 54.014725 477.850464
53.256730 476.667000 53.326649 480.190552
52.582380 478.963700 52.659130 482.507812
51.956500 481.261900 52.040703 484.815399
51.412610 483.574200 51.498413 487.164764
51.013880 485.899300 51.103180 489.521423
50.812910 488.248800 50.886375 491.895264
50.798080 490.609700 50.871193 494.291351
50.978710 492.984500 51.067760 496.680206
51.345270 495.367500 51.435020 499.106293
51.889050 497.738400 51.969810 501.538940
52.577300 500.130400 52.668617 503.962799
53.407230 502.515400 53.522419 506.343323
54.397040 504.884900 54.505848 508.779785
55.518570 507.215000 55.634647 511.102600
56.765020 509.509300 56.887321 513.426331
58.192020 511.730400 58.331779 515.704712
59.789040 513.824000 59.941643 517.830627
61.540430 515.752700 61.700443 519.760986
63.410000 517.523000 63.569771 521.563477
65.397890 519.217300 65.546913 523.262451
67.496690 520.814600 67.644997 524.858032
69.720640 522.307200 69.923004 526.393616
72.067650 523.642400 72.274666 527.727417
74.549290 524.809100 74.763535 528.889832
77.153850 525.815200 77.408043 529.897705
79.881990 526.633100 80.179611 530.755066
82.715440 527.211700 83.042740 531.353027
85.640790 527.586200 85.987953 531.726990
88.644290 527.748500 89.070518 531.923828
91.710620 527.693700 92.186981 531.882874
94.811790 527.411800 95.323418 531.579895
97.935300 526.886500 98.488197 531.038147
101.063100 526.157900 101.667671 530.308716
104.194600 525.225000 104.835251 529.367920
107.305700 524.079000 107.970444 528.214294
110.385400 522.743600 111.096428 526.863525
113.459600 521.282300 114.227623 525.404175
116.567100 519.769500 117.374977 523.896606
119.739300 518.237200 120.526215 522.365662
122.982300 516.640600 123.719215 520.808167
126.165500 515.061000 126.942558 519.214661
129.459200 513.419400 130.243698 517.578064
132.785400 511.739500 133.577942 515.901611
136.164500 510.030300 136.968353 514.195618
139.600200 508.311400 140.350357 512.498291
143.109700 506.548700 143.852203 510.741089
146.672500 504.761300 147.406021 508.955231
150.295000 502.937800 151.022873 507.132477
153.967100 501.081900 154.710205 505.279449
157.696200 499.214100 158.410370 503.423676
161.457700 497.333800 162.163773 501.549347
165.216700 495.416600 165.914017 499.647552
168.984800 493.501000 169.682083 497.747803
172.746400 491.586700 173.460190 495.834381
176.518000 489.688800 177.234924 493.941040
180.295200 487.819900 181.033813 492.080017
184.036700 485.970500 184.785446 490.245483
187.779200 484.135700 188.563156 488.423737
191.500200 482.306500 192.298752 486.601349
195.180200 480.469600 195.987015 484.777069
198.815300 478.621300 199.625656 482.927734
202.393600 476.753100 203.228378 481.070129
205.912000 474.880400 206.797455 479.183533
209.296500 473.041000 210.193695 477.375549
212.515400 471.274700 213.443970 475.601990
215.580600 469.586600 216.552139 473.906189
218.489200 468.019000 219.488144 472.339508
221.328300 466.599200 222.355789 470.925354
224.156800 465.368500 225.185028 469.710907
226.991800 464.316200 228.055161 468.658264
229.883500 463.424700 231.003555 467.784943
232.820800 462.731300 233.969131 467.116302
235.780100 462.243300 236.944092 466.642029
238.782200 461.945800 239.979523 466.335663
241.848400 461.905600 243.071320 466.286255
244.967900 462.147500 246.156235 466.538574
248.086200 462.682300 249.255829 467.087128
251.186900 463.495800 252.345108 467.896393
254.278000 464.580100 255.420502 468.993195
257.287900 465.915200 258.445587 470.325226
260.242000 467.523100 261.350952 471.926239
263.106900 469.351100 264.185211 473.749268
265.866100 471.381400 266.981781 475.794495
268.559300 473.556000 269.686646 477.977051
271.204400 475.840000 272.338806 480.268860
273.819900 478.206700 274.938324 482.622345
276.385100 480.590800 277.480255 484.984680
278.915500 482.977100 280.038940 487.389221
281.390900 485.346800 282.544312 489.746674
283.809500 487.633100 284.988434 492.035248
286.165500 489.759700 287.365570 494.184204
288.479300 491.699500 289.716705 496.142731
290.753400 493.425200 292.012543 497.879425
292.943900 494.909400 294.226135 499.385071
295.050000 496.208200 296.359406 500.708313
297.157600 497.295500 298.493378 501.824524
299.275300 498.080400 300.638977 502.623199
301.409300 498.552800 302.812347 503.149200
303.638500 498.806300 305.063477 503.423492
305.825500 498.755800 307.298248 503.368744
307.969500 498.413400 309.501740 503.062103
310.082700 497.866400 311.665100 502.539612
312.168500 497.169500 313.808441 501.849030
314.242500 496.345000 315.939575 501.076202
316.287200 495.404000 318.040680 500.170685
318.242200 494.293900 320.036316 499.076141
320.067800 492.959300 321.883881 497.764954
321.691800 491.422900 323.558044 496.228943
323.027900 489.679600 324.971100 494.527527
324.128000 487.907400 326.150635 492.737823
325.083100 486.074100 327.127228 490.846710
325.901600 484.156200 327.949280 488.868835
326.541500 482.161200 328.621002 486.805603
326.975000 480.110600 329.071564 484.708679
327.199900 477.981300 329.297302 482.564697
327.207600 475.816100 329.311127 480.368744
326.987100 473.574900 329.111450 478.093781
326.612600 471.312500 328.716797 475.768951
326.101700 468.984300 328.202423 473.386261
325.485000 466.584700 327.589813 470.955994
324.770900 464.117300 326.891296 468.452576
324.015300 461.568800 326.161835 465.903198
323.241500 458.937100 325.386841 463.244202
322.428100 456.221600 324.569397 460.486359
321.582200 453.438700 323.735260 457.710846
320.700500 450.590200 322.860382 454.854004
319.803300 447.709400 321.974335 451.979767
318.882300 444.812700 321.037445 449.077393
317.933600 441.902000 320.112549 446.162323
317.026500 438.982700 319.200470 443.233429
316.159500 436.052700 318.343384 440.305420
315.357400 433.104800 317.549805 437.352905
314.633500 430.138600 316.812927 434.392700
314.023700 427.174800 316.192444 431.413147
313.546100 424.188800 315.713196 428.416443
313.186000 421.191700 315.357849 425.434113
312.967300 418.184200 315.140747 422.396423
312.864500 415.179900 315.038025 419.383850
312.872600 412.155500 315.037231 416.379242
312.990400 409.162100 315.149200 413.402130
313.203500 406.159400 315.366943 410.424591
313.520300 403.163500 315.686737 407.431122
313.923800 400.189100 316.089355 404.459412
314.410500 397.252500 316.577850 401.509186
314.957200 394.350700 317.136719 398.586609
315.563700 391.486400 317.733398 395.708649
316.210700 388.682600 318.398346 392.889374
316.875600 385.969600 319.085602 390.167480
317.575400 383.411700 319.791168 387.629730
318.278300 381.082600 320.497009 385.272949
318.940600 378.964700 321.169586 383.159027
319.536100 376.960800 321.793701 381.159058
320.051600 374.976800 322.377808 379.184296
320.455200 373.030400 322.855652 377.220154
320.667900 371.083600 323.095581 375.283539
320.639300 369.178900 323.094147 373.369324
320.367200 367.308200 322.872925 371.517944
319.812200 365.451900 322.355225 369.628876
318.977600 363.612500 321.602264 367.811798
317.917200 361.899400 320.582001 366.085358
316.653200 360.259800 319.324341 364.436798
315.183100 358.649300 317.890167 362.805969
313.573000 357.006500 316.270264 361.146423
311.803000 355.325900 314.511841 359.458588
309.911600 353.572300 312.620605 357.680634
307.954100 351.681100 310.682678 355.778473
305.918800 349.709900 308.664886 353.803711
303.815100 347.660800 306.593353 351.755707
301.671400 345.530600 304.455109 349.616943
299.493500 343.321800 302.301117 347.438721
297.311600 341.063800 300.121155 345.196289
295.144200 338.750800 297.940430 342.891449
293.010900 336.383800 295.811096 340.544922
290.937000 333.945100 293.729645 338.122742
288.991700 331.405200 291.797913 335.609711
287.170900 328.759000 289.979095 332.990936
285.462000 326.045600 288.221344 330.278961
283.830800 323.246400 286.570007 327.477203
282.268800 320.363300 284.990295 324.600830
280.755300 317.391500 283.453491 321.634613
279.273700 314.371200 281.944214 318.624298
277.774600 311.308900 280.426483 315.566589
276.264200 308.193000 278.892212 312.449615
274.757100 305.022400 277.376801 309.283142
273.207400 301.793600 275.832489 306.051117
271.619600 298.531900 274.251129 302.780121
270.024400 295.205700 272.669983 299.452271
268.363800 291.836000 271.021423 296.088898
266.611600 288.477200 269.258850 292.737823
264.727500 285.132100 267.364288 289.416473
262.759200 281.800100 265.377472 286.116333
260.701700 278.471600 263.334167 282.804810
258.620500 275.176300 261.215881 279.486938
256.506400 271.837700 259.078247 276.164246
254.344100 268.488000 256.908112 272.810730
252.173900 265.097000 254.745575 269.466003
249.944700 261.678700 252.541916 266.115997
247.696800 258.253900 250.332153 262.726501
245.448300 254.808000 248.059402 259.304047
243.193400 251.334600 245.794510 255.854218
240.896500 247.824500 243.522461 252.380798
238.556700 244.277400 241.214813 248.882538
236.174700 240.690700 238.853363 245.314072
233.763000 237.091500 236.498215 241.759033
231.332800 233.457600 234.128494 238.160767
228.838300 229.808000 231.713364 234.560776
226.342900 226.169100 229.250275 230.967407
223.818800 222.533800 226.751740 227.372833
221.285700 218.901400 224.256470 223.774658
218.752300 215.265000 221.755157 220.175522
216.249600 211.634900 219.273499 216.562958
213.762100 207.997700 216.827164 212.967606
211.316800 204.351400 214.394379 209.333282
208.893800 200.676600 212.011429 205.695465
206.508300 196.989800 209.615234 202.050507
204.177700 193.291200 207.269699 198.366257
201.927600 189.547700 205.004913 194.614731
199.739900 185.759300 202.813873 190.811707
197.634000 181.950500 200.722778 186.994003
195.568100 178.118500 198.673126 183.144211
193.561400 174.281900 196.663651 179.295517
191.624100 170.408300 194.694519 175.426804
189.716900 166.527700 192.757065 171.541275
187.815500 162.621800 190.819016 167.653046
185.959300 158.681600 188.922821 163.688354
184.094000 154.737900 187.015472 159.752304
182.239600 150.794500 185.149261 155.836105
180.398400 146.846200 183.286743 151.887283
178.592100 142.900000 181.416229 147.930389
176.795000 138.933400 179.598831 144.000473
174.974500 134.967700 177.772842 140.065323
173.137100 131.051800 175.911133 136.167740
171.221700 127.194200 173.966949 132.306046
169.204100 123.403700 171.899887 128.513046
167.059300 119.698200 169.711243 124.807686
164.778800 116.075700 167.428284 121.220261
162.368900 112.524900 164.994339 117.706490
159.842700 109.067300 162.449905 114.305183
157.243500 105.701500 159.796982 110.959129
154.586000 102.373400 157.087585 107.659355
151.852400 99.075390 154.342224 104.407341
149.065100 95.812170 151.552399 101.177361
146.211000 92.589950 148.688431 97.969398
143.290400 89.438890 145.735886 94.819687
140.313900 86.318510 142.728088 91.719574
137.315300 83.188540 139.693497 88.615387
134.309400 80.022690 136.676834 85.492073
131.293700 76.854850 133.682266 82.382500
128.257000 73.680270 130.659882 79.242302
125.224000 70.510050 127.622795 76.082489
122.171600 67.325860 124.582451 72.929871
119.104200 64.151150 121.483284 69.762642
116.003700 60.986180 118.349022 66.616714
112.861400 57.817240 115.200981 63.480095
109.667300 54.647940 112.019173 60.353722
106.494700 51.468900 108.838509 57.224453
103.294400 48.292970 105.627563 54.093945
100.126400 45.132480 102.432014 50.970631
96.950460 41.977160 99.211166 47.820724
93.739320 38.803750 96.009735 44.714088
90.567830 35.632100 92.812828 41.568897
87.415790 32.458970 89.654114 38.423103
84.260040 29.295850 86.514069 35.312054
81.123540 26.129440 83.373833 32.165508
77.992680 22.957970 80.251923 29.018740
74.890600 19.774830 77.116455 25.852209
71.780370 16.590360 73.986397 22.683582
68.630430 13.396510 70.851067 19.500879
65.471800 10.205970 67.735947 16.353804
62.314330 7.007367 64.658524 13.237253
59.206170 3.808043 61.582947 10.079642
56.091860 0.584754 58.468483 6.891727
53.008120 -2.625659 55.389702 3.730860
49.955730 -5.822352 52.358494 0.594207
46.935070 -9.021045 49.343426 -2.523522
43.893000 -12.216550 46.339989 -5.601532
40.929340 -15.293680 43.402325 -8.629350
38.089530 -18.317430 40.566856 -11.617275
35.418750 -21.291630 37.860863 -14.578919
32.866820 -24.157290 35.275799 -17.419739
30.511610 -26.943030 32.856236 -20.182158
28.282770 -29.552800 30.606833 -22.768526
26.270910 -31.981160 28.532635 -25.201881
24.406470 -34.119140 26.602957 -27.337244
22.621160 -35.934900 24.790056 -29.155424
20.883450 -37.415600 23.034878 -30.628563
19.174900 -38.513760 21.311256 -31.740772
17.516050 -39.260550 19.633553 -32.482574
15.838890 -39.714580 17.921465 -32.969082
14.191360 -39.829780 16.257120 -33.139698
12.634270 -39.672360 14.647051 -33.001499
11.172310 -39.260550 13.126890 -32.583645
9.789695 -38.629800 11.687363 -31.959641
8.497673 -37.738490 10.355393 -31.025043
7.308945 -36.616890 9.143901 -29.874701
6.256320 -35.282630 8.115545 -28.480225
5.377697 -33.729560 7.283246 -26.862831
4.666734 -31.994970 6.639124 -25.108530
4.118069 -30.087400 6.110356 -23.154411
3.675026 -28.058910 5.685914 -21.066998
3.306982 -25.913550 5.349839 -18.869324
2.950683 -23.671670 5.014824 -16.557096
2.589654 -21.354230 4.665973 -14.163410
2.235350 -18.941910 4.336397 -11.676533
1.883217 -16.438970 4.006158 -9.089856
1.539703 -13.883430 3.695699 -6.462479
1.229057 -11.374200 3.393832 -3.885206
0.914029 -8.934948 3.118164 -1.392910
0.572467 -6.591425 2.813062 1.000000
0.172462 -4.328516 2.481979 3.330155
-0.233814 -2.148095 2.166586 5.540991
-0.652500 -0.027237 1.814476 7.721777
-1.128803 2.027763 1.410974 9.798999
-1.682534 4.091749 0.956184 11.881277
-2.326851 6.156888 0.405552 13.980389
-3.006582 8.222648 -0.205696 16.077686
