0.000000 0.000000 0.000000 0.000000
0.059875 0.430540 0.056389 0.436293
0.240194 0.981257 0.236501 0.986136
0.531827 1.620036 0.528217 1.615344
0.999102 2.286905 0.991601 2.281561
1.634196 2.948016 1.599553 2.915913
2.465897 3.579897 2.412466 3.551285
3.507611 4.202254 3.444415 4.180581
4.794196 4.791823 4.746824 4.783653
6.329744 5.330723 6.307023 5.314118
8.109243 5.878028 8.104578 5.870441
10.112010 6.449695 10.142224 6.445909
12.311460 7.000760 12.371313 6.993897
14.649940 7.512325 14.748602 7.510675
17.045990 7.933466 17.185312 7.940365
19.495760 8.228210 19.649044 8.227512
21.992720 8.306307 22.169569 8.280212
24.504830 8.124873 24.728271 8.098925
26.991550 7.679836 27.217348 7.630650
29.438030 6.997717 29.640697 6.929556
31.783040 6.157692 31.978308 6.082182
34.061480 5.135804 34.234924 5.060471
36.249090 3.963231 36.391750 3.888713
38.339410 2.756405 38.477432 2.678757
40.387000 1.476584 40.526947 1.393341
42.507450 0.121543 42.629066 0.053373
44.798470 -1.255569 44.918724 -1.340445
47.253440 -2.652713 47.334885 -2.736649
49.829130 -4.119797 49.868240 -4.198435
52.496600 -5.654198 52.501625 -5.736340
55.197500 -7.201418 55.171410 -7.286844
57.889050 -8.733355 57.818157 -8.819120
60.568300 -10.237180 60.469788 -10.325325
63.209030 -11.720560 63.088585 -11.818211
65.794730 -13.245590 65.672371 -13.348574
68.306160 -14.789450 68.188324 -14.900600
70.774870 -16.359280 70.633110 -16.478334
73.207180 -17.930420 73.056915 -18.054161
75.585180 -19.500110 75.425598 -19.632189
77.976200 -21.045650 77.813988 -21.168756
80.359750 -22.550030 80.203842 -22.674181
82.721600 -24.045560 82.570953 -24.195614
85.130890 -25.457240 84.987648 -25.622295
87.583520 -26.763470 87.455917 -26.941113
90.052030 -27.962520 89.916092 -28.142235
92.567280 -29.055560 92.462578 -29.263376
95.091560 -30.042180 94.990311 -30.255550
97.627970 -30.999950 97.509590 -31.214758
100.184800 -31.914080 100.046913 -32.134953
102.738700 -32.746220 102.600418 -32.990089
105.306500 -33.553570 105.167786 -33.813236
107.889600 -34.298460 107.743401 -34.574131
110.487000 -34.993230 110.319389 -35.284584
113.094500 -35.631080 112.901192 -35.923092
115.714700 -36.218190 115.511688 -36.514359
118.336800 -36.794500 118.114731 -37.102402
120.956100 -37.311260 120.743912 -37.629234
123.575400 -37.808670 123.362953 -38.128094
126.178100 -38.305940 125.959305 -38.630157
128.749000 -38.789160 128.526428 -39.105423
131.294400 -39.254810 131.060623 -39.583996
133.800300 -39.697620 133.548889 -40.040756
136.267300 -40.152820 135.993942 -40.504925
138.705700 -40.571180 138.409561 -40.929451
141.108200 -40.918610 140.810013 -41.292225
143.486200 -41.184130 143.188080 -41.577507
145.827400 -41.344840 145.532974 -41.745224
148.116900 -41.390150 147.828751 -41.792824
150.394500 -41.337850 150.126587 -41.763500
152.640300 -41.243160 152.377777 -41.706429
154.896300 -41.171990 154.636902 -41.676395
157.139500 -41.129290 156.861282 -41.668457
159.364300 -41.123040 159.086548 -41.706142
161.541500 -41.143410 161.250610 -41.752365
163.691100 -41.184580 163.419785 -41.832058
165.794600 -41.169840 165.509201 -41.837032
167.853000 -41.036680 167.554443 -41.734238
169.861400 -40.814300 169.568939 -41.524498
171.785700 -40.498720 171.500702 -41.220154
173.656900 -40.100850 173.377151 -40.831844
175.466100 -39.643440 175.186691 -40.389389
177.238400 -39.176700 176.958969 -39.939213
179.051200 -38.637820 178.784439 -39.418179
180.842400 -38.130090 180.591629 -38.928967
182.654500 -37.585090 182.407852 -38.389206
184.499200 -36.994200 184.263107 -37.822712
186.326400 -36.336250 186.111359 -37.191849
188.179600 -35.586660 187.972107 -36.479446
190.033300 -34.744990 189.844421 -35.667290
191.950900 -33.866980 191.750031 -34.807846
193.922400 -32.984310 193.735809 -33.923943
195.981900 -32.091960 195.774963 -33.042526
198.044700 -31.179470 197.836517 -32.138702
200.096400 -30.282730 199.876572 -31.263634
202.149000 -29.377620 201.950958 -30.373611
204.205200 -28.490440 204.032654 -29.494148
206.280400 -27.683360 206.118774 -28.715004
208.395100 -26.949400 208.218063 -28.004662
210.511400 -26.248260 210.346985 -27.321163
212.653100 -25.542730 212.467117 -26.649620
214.826000 -24.841570 214.625580 -25.956974
217.025900 -24.115450 216.802094 -25.247131
219.237300 -23.317850 219.017120 -24.481987
221.445500 -22.466040 221.185974 -23.668068
223.667300 -21.584010 223.400482 -22.831711
225.887600 -20.687600 225.603516 -21.971443
228.072000 -19.761640 227.816895 -21.064888
230.220200 -18.813360 229.990402 -20.138908
232.380100 -17.819580 232.177597 -19.168022
234.567900 -16.817990 234.382202 -18.188583
236.713000 -15.809910 236.529938 -17.214577
238.851800 -14.765210 238.686310 -16.195168
241.017000 -13.683470 240.846848 -15.151360
243.189400 -12.578710 243.031433 -14.085098
245.303900 -11.468690 245.148819 -13.002014
247.468200 -10.349670 247.325058 -11.903877
249.645100 -9.231011 249.516495 -10.809296
251.806300 -8.090111 251.678162 -9.707146
253.960700 -6.938930 253.868683 -8.588905
256.101100 -5.755645 256.033081 -7.423637
258.215000 -4.543629 258.189362 -6.222717
260.307600 -3.272954 260.295135 -4.973427
262.344400 -1.883065 262.353638 -3.606369
264.302700 -0.414263 264.323944 -2.171547
266.252100 1.068534 266.293945 -0.725868
268.265900 2.447327 268.338013 0.637245
270.324900 3.759467 270.445526 1.929741
272.419700 5.022290 272.563721 3.163071
274.560900 6.266911 274.751465 4.373009
276.693900 7.483336 276.922272 5.576347
278.872400 8.703796 279.148468 6.770241
281.097600 9.935075 281.411743 7.983803
283.337500 11.219770 283.692902 9.243797
285.578400 12.544850 285.934113 10.543297
287.831600 13.911530 288.197449 11.892380
290.088700 15.396350 290.452545 13.331078
292.311900 16.932960 292.698181 14.827728
294.493900 18.481610 294.927063 16.386627
296.720900 20.090920 297.115662 17.998322
298.978300 21.804860 299.294769 19.702408
301.361000 23.633810 301.445221 21.493210
303.645300 25.487530 303.601959 23.310257
305.870300 27.427630 305.739929 25.205872
308.019400 29.387000 307.858154 27.139206
310.140700 31.374480 309.931519 29.032440
312.194800 33.399420 311.974182 31.023621
314.189200 35.447230 313.977051 33.031921
316.138800 37.517350 315.934692 35.059326
318.049100 39.628100 317.846436 37.130112
319.943200 41.728570 319.748901 39.190811
321.828600 43.822610 321.662048 41.258667
323.748400 45.934260 323.593170 43.333313
325.706500 48.018020 325.563354 45.383224
327.739600 50.080930 327.649475 47.462921
329.840400 52.117880 329.760956 49.462967
331.997600 54.088750 331.950500 51.397095
334.230000 56.046050 334.210999 53.326187
336.499800 57.995180 336.500488 55.242126
338.816900 59.925620 338.838257 57.144379
341.178100 61.833440 341.210846 59.004417
343.554900 63.722300 343.599121 60.855049
345.957800 65.576790 346.035034 62.681503
348.386500 67.418200 348.473572 64.483070
350.801500 69.229240 350.902496 66.250717
353.254100 71.038830 353.345154 68.036957
355.698600 72.844900 355.790039 69.821693
358.141800 74.650950 358.236969 71.602646
360.583100 76.452920 360.672180 73.396584
363.026300 78.255900 363.117157 75.172325
365.452200 80.044720 365.559875 76.927216
367.845000 81.823410 367.957886 78.650871
370.166400 83.579750 370.297699 80.384369
372.393300 85.288160 372.540161 82.070129
374.497600 86.944540 374.669250 83.693558
376.478000 88.495560 376.668854 85.228859
378.371000 89.933730 378.569733 86.652260
380.183400 91.300940 380.406128 88.006592
381.933000 92.573690 382.161682 89.253403
383.660900 93.763590 383.911682 90.441505
385.476400 94.921870 385.769592 91.602791
387.358800 96.029350 387.683990 92.688530
389.297900 97.086300 389.648956 93.731781
391.333900 98.175050 391.714111 94.806808
393.414000 99.266980 393.816498 95.854759
395.549800 100.322500 395.977112 96.876144
397.704500 101.322500 398.166565 97.857460
399.824200 102.279600 400.291504 98.765152
401.916600 103.140900 402.408600 99.587479
403.950600 103.902700 404.460083 100.312096
405.959700 104.590800 406.468536 100.948975
408.011000 105.108200 408.515503 101.427910
410.135100 105.485400 410.671814 101.796982
412.361000 105.790800 412.917419 102.085190
414.624700 106.058600 415.182281 102.327194
416.897400 106.297800 417.458771 102.541374
419.163900 106.506600 419.734009 102.714539
421.493300 106.727000 422.054047 102.893654
423.737200 106.947800 424.284943 103.074585
425.977100 107.191600 426.513519 103.293243
428.102800 107.420100 428.610046 103.500946
430.149200 107.670800 430.655762 103.694916
432.117500 107.907600 432.633667 103.873802
434.025800 108.008100 434.530640 103.930939
435.758200 108.009100 436.295166 103.874756
437.299000 107.930500 437.818237 103.743141
438.581000 107.769400 439.123108 103.531357
439.666200 107.607000 440.211121 103.346458
440.608900 107.409000 441.127747 103.149544
441.398700 107.289400 441.912354 103.009773
441.992900 107.179100 442.490234 102.884209
442.448600 107.110700 442.947388 102.785934
442.905900 107.038600 443.402100 102.662628
443.346800 107.014100 443.844696 102.611435
443.836000 106.989300 444.340302 102.538445
444.473000 106.989500 444.977692 102.504059
445.205500 106.946300 445.712341 102.413902
446.012900 106.953300 446.529663 102.363686
446.902800 107.033600 447.393005 102.408585
447.889800 107.210000 448.366364 102.540550
448.987400 107.446500 449.449524 102.717552
450.189500 107.822200 450.646179 103.041870
451.491100 108.402100 451.932220 103.462578
452.928900 109.084800 453.393677 104.024330
454.502200 109.798100 454.942932 104.698769
456.158200 110.666600 456.600708 105.552200
457.971900 111.646100 458.364197 106.522995
459.877400 112.735800 460.256836 107.590736
461.883200 113.914900 462.253723 108.756989
463.988700 115.182000 464.349152 109.999802
466.175500 116.517700 466.537415 111.300682
468.435400 117.924700 468.796082 112.676476
470.781100 119.404400 471.144165 114.112297
473.219400 120.926800 473.564606 115.602036
475.743400 122.510800 476.091431 117.149826
478.344300 124.160400 478.685974 118.760880
480.992000 125.864000 481.341156 120.432846
483.679900 127.592900 484.068726 122.118103
486.447600 129.273600 486.890839 123.778358
489.320000 130.826500 489.821198 125.295494
492.282900 132.213200 492.819550 126.623398
495.358000 133.438200 495.954468 127.770615
498.513800 134.409800 499.133698 128.685181
501.751100 135.064200 502.381317 129.310944
505.042300 135.427700 505.704346 129.633835
508.395000 135.556900 509.039703 129.739700
511.770400 135.475700 512.428955 129.633789
515.185000 135.299200 515.869812 129.413025
518.623000 135.097900 519.342224 129.168198
522.144800 134.847000 522.886047 128.872849
525.734400 134.578800 526.429199 128.571060
529.399100 134.293800 530.112732 128.259399
533.133700 134.010400 533.870789 127.926559
536.936600 133.686300 537.680725 127.562576
540.806000 133.326000 541.564941 127.155487
544.802000 132.892300 545.496033 126.707291
548.848400 132.415900 549.500183 126.213463
552.948000 131.900800 553.555481 125.673584
557.104100 131.327900 557.716675 125.084274
561.317500 130.706600 561.928040 124.415527
565.599800 130.051200 566.191833 123.747879
569.941500 129.367300 570.536804 123.019753
574.351700 128.666500 574.903015 122.308151
578.779700 127.953800 579.307983 121.559509
583.237100 127.258900 583.723145 120.826805
587.713000 126.567300 588.166077 120.065094
592.202000 125.884700 592.611328 119.330215
596.683800 125.215200 597.058960 118.622368
601.149700 124.558400 601.477356 117.926270
605.601500 123.870200 605.871643 117.240593
610.038700 123.194200 610.271484 116.571342
614.483600 122.547100 614.688721 115.920898
618.926400 121.903400 619.101807 115.274208
623.350300 121.254400 623.508301 114.604721
627.741900 120.615400 627.870300 113.963890
632.071600 120.016600 632.194641 113.360649
636.318800 119.412600 636.434998 112.757339
640.484000 118.825100 640.585815 112.168503
644.497600 118.256100 644.605957 111.598679
648.278400 117.698400 648.421265 111.033287
651.817400 117.176000 651.996399 110.508781
655.064500 116.712400 655.258240 110.056038
657.980700 116.314200 658.177185 109.666672
660.526400 115.964600 660.717163 109.337555
662.701100 115.630800 662.892212 109.021904
664.544000 115.185100 664.766357 108.593414
666.220700 114.557800 666.454773 107.945084
667.731400 113.722400 667.875488 107.109009
668.815500 112.652100 669.065186 106.031433
669.721700 111.420600 669.927856 104.818680
670.375000 110.040000 670.556885 103.392105
670.743500 108.532100 670.920410 101.870178
670.853700 106.905800 670.991699 100.235657
670.479600 105.203700 670.690674 98.538315
669.886200 103.505000 670.065796 96.908173
668.934000 101.811700 669.094238 95.229889
667.713400 100.128500 667.877808 93.598724
666.284600 98.431790 666.443909 91.904388
664.691900 96.730170 664.868652 90.117004
662.951100 95.069520 663.115723 88.419586
661.045400 93.515090 661.184326 86.886200
658.978100 92.108080 659.120117 85.518723
656.784000 90.796840 656.942444 84.253265
654.501500 89.445100 654.662659 82.952454
652.178300 88.060580 652.307495 81.598801
649.787300 86.622730 649.921265 80.192642
647.361600 85.108610 647.467712 78.695145
644.842400 83.549870 644.923950 77.140915
642.252000 81.948280 642.334595 75.566147
639.681300 80.324390 639.760132 73.957870
637.149300 78.658370 637.236389 72.332275
634.666500 76.993840 634.757690 70.694473
632.251900 75.355150 632.348389 69.103745
629.879500 73.738570 629.984680 67.543839
627.590500 72.163550 627.690979 66.005371
625.387200 70.610050 625.492310 64.496460
623.318500 69.115660 623.430237 63.077271
621.410500 67.709240 621.520203 61.740021
619.670100 66.436970 619.799805 60.520477
618.153900 65.289110 618.285522 59.425552
616.867100 64.327580 616.996216 58.492813
615.819600 63.530860 615.985901 57.739624
614.973800 62.932120 615.140686 57.141449
614.330800 62.461620 614.481934 56.653488
613.811100 62.069300 613.953613 56.267853
613.313200 61.694250 613.434814 55.902084
612.830400 61.322490 612.931519 55.532410
612.348000 60.956790 612.435791 55.172501
611.900500 60.618970 611.955994 54.818970
611.476100 60.298910 611.519104 54.490677
611.109300 60.011850 611.151245 54.224457
610.766100 59.758400 610.811340 53.943542
610.434000 59.483890 610.459900 53.715820
610.127300 59.236310 610.133667 53.475433
609.810600 58.983200 609.797424 53.230759
609.426900 58.683240 609.409790 52.934021
608.885000 58.245010 608.852783 52.509918
608.141400 57.643250 608.112061 51.924561
607.226200 56.864850 607.197266 51.173126
606.175100 55.922830 606.156799 50.245667
604.988800 54.815760 605.004639 49.171875
603.721000 53.539790 603.755249 47.921631
602.357600 52.129810 602.401611 46.542511
600.872200 50.598950 600.916260 45.045441
599.313100 48.940800 599.351013 43.429260
597.636500 47.153860 597.655945 41.674591
595.881100 45.248230 595.856079 39.812775
594.057800 43.236600 593.986755 37.833099
592.228600 41.166150 592.136963 35.808167
590.416500 39.097260 590.320557 33.779419
588.589700 37.035950 588.492310 31.737091
586.727400 34.953000 586.625549 29.712616
584.835300 32.869090 584.725586 27.682343
582.909900 30.778460 582.777222 25.613495
580.956400 28.682870 580.794922 23.549896
578.981900 26.559660 578.798035 21.460602
576.989600 24.412110 576.787720 19.355988
575.013400 22.261790 574.778503 17.229126
573.061000 20.092300 572.784180 15.081268
571.135300 17.941960 570.835144 12.963287
569.253000 15.812370 568.928955 10.860931
567.402800 13.684550 567.050537 8.754181
565.597000 11.594760 565.211548 6.682190
563.776800 9.568871 563.354919 4.692993
562.016200 7.610878 561.573853 2.756409
560.357800 5.761759 559.893311 0.931366
558.790600 4.059161 558.310547 -0.741547
557.388800 2.556647 556.882202 -2.218567
556.166300 1.224300 555.644409 -3.527435
555.086800 0.038120 554.546997 -4.710815
554.091900 -1.065239 553.521240 -5.800781
553.156200 -2.093206 552.564026 -6.813721
552.265400 -3.039119 551.674683 -7.744171
551.446200 -3.918816 550.844788 -8.597168
550.714900 -4.709150 550.079285 -9.387085
550.055400 -5.411455 549.388428 -10.090149
549.472200 -6.063502 548.793701 -10.749786
548.991400 -6.627882 548.302551 -11.304138
548.582100 -7.090666 547.894775 -11.753754
548.257600 -7.479973 547.553589 -12.134064
547.987500 -7.803179 547.276428 -12.440338
547.768900 -8.070234 547.041199 -12.698151
547.592600 -8.293718 546.855957 -12.916748
547.438700 -8.468806 546.696350 -13.092529
547.312300 -8.609266 546.570801 -13.236633
547.212800 -8.727030 546.460571 -13.358154
547.137900 -8.816118 546.376770 -13.449707
547.093000 -8.878200 546.327393 -13.509949
547.069500 -8.915003 546.300171 -13.547150
547.040300 -8.948208 546.271362 -13.579468
546.977500 -9.002351 546.227905 -13.628754
546.906300 -9.075048 546.165649 -13.694672
546.823300 -9.175395 546.081299 -13.785980
546.717900 -9.307750 545.974731 -13.906128
546.577700 -9.471357 545.827820 -14.061218
546.411500 -9.667371 545.663208 -14.250000
546.222400 -9.896104 545.470093 -14.467651
546.013600 -10.141830 545.256104 -14.708588
545.783400 -10.398320 545.022949 -14.957794
545.569500 -10.646660 544.795593 -15.203491
545.387700 -10.868510 544.615112 -15.412842
545.242600 -11.049650 544.460144 -15.589813
