0.000000 -0.000000 10.164010 -4.052483
0.003267 4.566315 10.067791 0.504606
-0.031716 9.099118 9.946323 5.014352
-0.081952 13.587370 9.811836 9.486514
-0.172757 18.042800 9.662199 13.930927
-0.267875 22.451640 9.510463 18.328228
-0.358400 26.802010 9.364695 22.683802
-0.442803 31.082040 9.199929 26.952848
-0.523018 35.271990 9.046316 31.150309
-0.611006 39.330190 8.901952 35.216099
-0.673187 43.239550 8.786121 39.124256
-0.695957 46.977480 8.701147 42.870255
-0.690361 50.605530 8.671553 46.498188
-0.609462 54.132960 8.718697 50.069149
-0.411112 57.531050 8.879427 53.460720
-0.030280 60.807340 9.224394 56.770103
0.568852 63.940690 9.772027 59.896801
1.400581 66.903860 10.554203 62.887207
2.445156 69.702430 11.537397 65.714897
3.697183 72.300100 12.746874 68.337875
5.171922 74.740420 14.194920 70.820190
6.852965 76.941870 15.861433 73.085144
8.750799 78.905900 17.746784 75.120293
10.823450 80.634320 19.807926 76.901672
13.066210 82.178440 22.047863 78.474701
15.504950 83.526400 24.527548 79.826859
18.101340 84.588810 27.164328 80.944984
20.853170 85.339470 29.961073 81.728233
23.704110 85.757740 32.876167 82.183426
26.596700 85.903500 35.865150 82.360550
29.539120 85.860020 38.882618 82.353157
32.495530 85.669740 41.905708 82.195770
35.473920 85.419290 44.927193 81.984039
38.479390 85.150930 47.959518 81.748596
41.523140 84.840110 51.026657 81.503494
44.591610 84.512730 54.114761 81.228065
47.698590 84.159740 57.235966 80.939003
50.851300 83.780360 60.396152 80.623184
54.021280 83.370120 63.569942 80.287666
57.236480 82.963200 66.749535 79.955391
60.484150 82.564450 69.994263 79.618660
63.801630 82.126570 73.287582 79.261993
67.115350 81.671290 76.582253 78.884804
70.485000 81.248710 79.894531 78.555489
73.889090 80.831410 83.297844 78.204765
77.339480 80.402860 86.747131 77.827995
80.814430 79.981940 90.242744 77.482635
84.311560 79.560560 93.796707 77.121094
87.843140 79.132970 97.384689 76.749985
91.452740 78.712050 101.010551 76.401230
95.109110 78.302620 104.684830 76.068878
98.802080 77.939830 108.396278 75.753166
102.537600 77.577720 112.129997 75.425552
106.283100 77.182590 115.907021 75.087357
110.001900 76.763780 119.672455 74.718346
113.690700 76.253080 123.380501 74.257256
117.341000 75.581300 127.046196 73.667931
120.903700 74.751300 130.602753 72.927437
124.437500 73.785660 134.135315 72.044014
127.882800 72.651860 137.585022 70.987091
131.253600 71.361680 140.988678 69.765442
134.528800 69.931300 144.285004 68.404160
137.742000 68.328450 147.535599 66.873520
140.926800 66.546730 150.783447 65.154961
144.031200 64.574810 153.942200 63.229275
147.051200 62.406270 157.045898 61.091637
149.969500 60.049300 160.018448 58.785492
152.781800 57.504160 162.882736 56.311245
155.436800 54.746640 165.615601 53.590065
157.947400 51.752940 168.130722 50.647663
160.279800 48.634580 170.440369 47.544491
162.349000 45.353340 172.503616 44.253170
164.179800 41.946720 174.354462 40.879654
165.830900 38.447790 176.040817 37.392391
167.335400 34.861970 177.593124 33.803764
168.691200 31.242820 179.002655 30.218784
169.969500 27.582240 180.403717 26.572487
171.127300 23.900190 181.738922 22.942307
172.263200 20.221330 183.030090 19.311554
173.377000 16.599090 184.337051 15.717453
174.627000 13.004350 185.679474 12.171272
175.942500 9.442182 187.071869 8.668625
177.356800 5.917093 188.557388 5.236717
178.928800 2.434985 190.190414 1.813789
180.675800 -0.971876 191.984039 -1.534828
182.554400 -4.252484 193.878113 -4.720795
184.560700 -7.384682 195.929581 -7.747208
186.750900 -10.368790 198.140320 -10.617081
189.116500 -13.135630 200.532150 -13.305550
191.665700 -15.656880 203.098709 -15.782600
194.385900 -17.931220 205.833420 -17.975052
197.226100 -19.980800 208.736237 -19.940895
200.271800 -21.743030 211.825775 -21.657127
203.448300 -23.203180 215.077362 -23.096027
206.758900 -24.325190 218.435318 -24.151447
210.184300 -25.068170 221.889587 -24.838852
213.630700 -25.424490 225.366592 -25.153664
217.117000 -25.407460 228.822159 -25.069977
220.571900 -25.039820 232.300766 -24.676376
224.021200 -24.363710 235.720306 -23.945457
227.429900 -23.372920 239.093918 -22.895515
230.747500 -22.058700 242.355621 -21.529892
233.928400 -20.443850 245.482544 -19.860428
237.019600 -18.526770 248.476807 -17.890221
239.961000 -16.355940 251.316193 -15.672371
242.779800 -13.984550 254.037964 -13.245827
245.458500 -11.414060 256.625366 -10.629440
247.997000 -8.674394 259.064148 -7.841934
250.390600 -5.759310 261.345673 -4.872978
252.655600 -2.686673 263.524384 -1.745995
254.806500 0.534019 265.566833 1.501663
256.864000 3.862410 267.547211 4.883087
258.884400 7.263272 269.481262 8.333435
260.877600 10.718320 271.392212 11.838112
262.828700 14.222610 273.252075 15.394684
264.741600 17.745920 275.082031 18.959625
266.637600 21.266150 276.887238 22.513535
268.527700 24.786100 278.677917 26.060150
270.375000 28.334210 280.490570 29.620583
272.219500 31.917810 282.316833 33.216789
274.124700 35.502240 284.160278 36.843735
276.050500 39.060050 286.019806 40.514977
277.989700 42.665330 287.872864 44.199760
279.912600 46.301830 289.720886 47.862617
281.775800 49.949900 291.552917 51.539131
283.563100 53.532720 293.333923 55.183540
285.356500 57.056770 295.071472 58.784752
287.075600 60.536460 296.730743 62.313553
288.712000 63.954910 298.330353 65.784782
290.293900 67.289100 299.885529 69.178726
291.871100 70.559820 301.437988 72.520203
293.538100 73.753600 303.089508 75.772369
295.351100 76.864560 304.850464 78.940819
297.261700 79.892800 306.751434 82.031319
299.367900 82.771990 308.851562 84.970741
301.654700 85.444430 311.123962 87.694168
304.129900 87.873730 313.587219 90.209427
306.795800 90.009740 316.242676 92.415634
309.610300 91.815310 319.062073 94.307678
312.540600 93.287990 322.033722 95.871040
315.589700 94.424870 325.091888 97.108566
318.731100 95.231100 328.281952 97.980209
321.947000 95.719040 331.513672 98.533745
325.202000 95.875140 334.769226 98.729652
328.404100 95.672520 338.010254 98.576065
331.635400 95.086030 341.182739 98.079643
334.756200 94.171900 344.275360 97.213356
337.636900 92.963350 347.255920 96.017967
340.363200 91.461070 350.118774 94.482803
342.964100 89.692180 352.818359 92.614410
345.403300 87.579170 355.361389 90.411194
347.592200 85.092570 357.654114 87.897110
349.463400 82.321490 359.616974 85.122711
351.002500 79.397790 361.243805 82.179306
352.204000 76.402830 362.538666 79.095879
353.107800 73.306490 363.540527 75.940598
353.811200 70.096650 364.329254 72.742065
354.464700 66.889050 365.029327 69.529701
355.047400 63.664610 365.657135 66.336235
355.500500 60.449100 366.194550 63.116379
355.866900 57.296080 366.666626 59.930382
356.198500 54.208160 367.091797 56.840183
356.525800 51.221050 367.529419 53.841698
356.961300 48.369400 368.041931 50.998199
357.538900 45.752540 368.666107 48.399570
358.275300 43.388830 369.442871 46.068138
359.266800 41.238890 370.460022 43.993668
360.571800 39.373830 371.758270 42.194565
362.156300 37.835540 373.308899 40.726685
363.974400 36.638300 375.118652 39.578293
366.080400 35.761110 377.181030 38.775085
368.547300 35.234490 379.544250 38.302200
371.148400 35.045060 382.089325 38.178284
373.899500 35.175270 384.782562 38.357956
376.698100 35.611110 387.549835 38.845020
379.470900 36.322790 390.340698 39.615303
382.212100 37.294470 393.068848 40.634201
384.867700 38.517990 395.689484 41.914749
387.364100 39.991850 398.138672 43.441238
389.701500 41.780710 400.436401 45.284134
391.802700 43.839190 402.509003 47.379684
393.689400 46.099010 404.370239 49.669708
395.383900 48.474340 406.034851 52.084473
396.942200 50.928340 407.555664 54.576614
398.325500 53.450140 408.900970 57.125626
399.544900 56.052550 410.082306 59.748428
400.579700 58.728940 411.083618 62.438179
401.390700 61.486590 411.883514 65.228638
401.978000 64.333130 412.432281 68.081589
402.335300 67.250270 412.758362 71.021057
402.474600 70.259740 412.833740 74.058571
402.447300 73.356030 412.731873 77.177734
402.341800 76.540880 412.531555 80.357597
402.228800 79.805450 412.302185 83.597466
402.075400 83.156280 412.016449 86.947800
401.927800 86.597120 411.696167 90.395393
401.721900 90.113350 411.340485 93.888641
401.455800 93.737450 410.952179 97.473999
401.169200 97.438860 410.545959 101.161118
400.835400 101.196700 410.094696 104.903702
400.479100 104.981000 409.630127 108.656876
400.086700 108.745200 409.128052 112.416862
399.638200 112.493800 408.574890 116.128967
399.138700 116.226700 407.992676 119.846069
398.603300 119.924700 407.347961 123.528030
398.025400 123.612000 406.680725 127.176712
397.409200 127.314800 405.991150 130.871857
396.829000 131.013100 405.351227 134.510529
396.222300 134.687900 404.668976 138.144318
395.601900 138.281700 403.995972 141.783264
395.033400 141.881600 403.378632 145.438568
394.483600 145.487500 402.755829 149.050293
393.961300 149.091800 402.163452 152.680878
393.456700 152.724500 401.578552 156.309326
392.964400 156.362200 401.001862 159.975296
392.473900 160.012200 400.408112 163.646561
391.988000 163.681600 399.827942 167.336609
391.511200 167.360500 399.239197 171.038483
391.037700 171.040400 398.652863 174.739716
390.574400 174.743200 398.097382 178.459991
390.110100 178.440800 397.516327 182.189774
389.662900 182.147700 396.971100 185.897369
389.244100 185.891700 396.479492 189.647659
388.894800 189.677500 396.059662 193.402344
388.606000 193.461200 395.691162 197.182068
388.392800 197.250000 395.392883 200.943787
388.242200 201.058600 395.140686 204.736786
388.167200 204.843700 394.965363 208.524429
388.164900 208.656700 394.858490 212.321823
388.225800 212.467100 394.820099 216.158447
388.337900 216.277100 394.813446 219.981598
388.518500 220.100100 394.881592 223.832535
388.781300 223.924000 395.020081 227.690338
389.110400 227.762200 395.241882 231.559814
389.519500 231.600300 395.527679 235.442444
390.000700 235.455300 395.893188 239.322327
390.533100 239.323100 396.318665 243.201645
391.126500 243.191800 396.813049 247.104126
391.817200 247.082900 397.403137 251.021851
392.446500 250.991000 398.036194 254.957886
393.192700 254.933200 398.788757 258.893677
394.129800 258.841200 399.689087 262.811768
395.212400 262.725700 400.677490 266.766663
396.381300 266.559900 401.722107 270.642944
397.591700 270.309200 402.825134 274.453552
398.915600 273.988100 403.992615 278.205261
400.261600 277.620100 405.208008 281.895660
401.674900 281.230100 406.469513 285.562836
403.099300 284.836200 407.764038 289.225952
404.552600 288.368900 409.061157 292.816223
405.981400 291.858600 410.352600 296.363312
407.396700 295.286300 411.648468 299.887115
408.787500 298.654400 412.921753 303.325012
410.160300 301.970700 414.169525 306.707611
411.532700 305.248600 415.434143 310.058838
412.910200 308.514300 416.692566 313.348450
414.286500 311.815200 417.956299 316.682404
415.632400 315.158100 419.226196 320.085327
416.955300 318.554600 420.545349 323.503693
418.356500 321.950200 421.975403 326.907166
419.919100 325.360500 423.529907 330.358276
421.619500 328.772700 425.168274 333.809662
423.465300 332.205100 426.939850 337.262634
425.389400 335.648500 428.788940 340.770264
427.393700 339.062100 430.718170 344.246490
429.441400 342.427400 432.691650 347.685394
431.502800 345.736000 434.679688 351.071930
433.555500 349.037600 436.662781 354.430359
435.647400 352.345100 438.667542 357.806427
437.737700 355.673900 440.670349 361.181000
439.858900 359.019800 442.708557 364.588715
441.938400 362.354800 444.719116 367.994080
444.011500 365.707600 446.718994 371.382812
446.074200 369.043000 448.718201 374.790741
448.108100 372.393000 450.678528 378.164062
450.106200 375.748500 452.634094 381.547821
452.077600 379.076100 454.627869 384.933624
454.072700 382.382200 456.629456 388.307831
456.149900 385.671800 458.656708 391.665833
458.224600 388.968400 460.694305 395.013580
460.351800 392.205600 462.771332 398.297302
462.503100 395.388100 464.844971 401.539917
464.568500 398.419600 466.880005 404.628906
466.632000 401.347200 468.896149 407.623199
468.654400 404.221700 470.861786 410.577423
470.657600 407.038900 472.805786 413.455475
472.677800 409.783700 474.725952 416.273926
474.657200 412.487100 476.632202 419.035828
476.592600 415.139500 478.496552 421.744232
478.496300 417.710700 480.302155 424.347900
480.372100 420.213300 482.092102 426.892456
482.195400 422.602900 483.852173 429.328339
483.955500 424.843700 485.538544 431.621124
485.628500 426.923600 487.155457 433.732605
487.190800 428.865800 488.664520 435.714142
488.699400 430.731200 490.139526 437.622772
490.108000 432.491800 491.492493 439.416412
491.375400 434.138900 492.702087 441.070435
492.521700 435.661300 493.807190 442.611694
493.585300 437.088500 494.845612 444.054443
494.601900 438.498800 495.823242 445.468750
495.493900 439.942600 496.678650 446.904053
496.198400 441.455900 497.349487 448.372864
496.643000 443.038900 497.763580 449.910278
496.894900 444.688300 497.993408 451.503815
496.838300 446.434300 497.970612 453.254089
496.587000 448.236400 497.663361 455.049927
496.020500 450.035800 497.099091 456.874084
495.316800 451.880800 496.321869 458.647217
494.382600 453.714700 495.326904 460.439423
493.357500 455.591800 494.251343 462.283997
492.259600 457.525200 493.121826 464.175232
491.138900 459.531700 491.933380 466.158569
489.968800 461.583000 490.700928 468.197174
488.778600 463.722100 489.428680 470.321472
487.527700 465.987400 488.096161 472.558594
486.241900 468.332900 486.725708 474.862732
484.929200 470.750300 485.308228 477.201294
483.595100 473.196800 483.855591 479.624237
482.240900 475.680400 482.401367 482.067078
480.881200 478.179700 480.936829 484.524292
479.506700 480.715200 479.453125 487.020264
478.139700 483.249600 477.962891 489.482758
476.741800 485.776600 476.451202 491.981323
475.327000 488.358200 474.941986 494.514771
473.905700 490.923000 473.422485 497.026123
472.463600 493.499100 471.884705 499.542053
471.030900 496.048700 470.369080 502.034424
469.654400 498.493900 468.915100 504.408630
468.311000 500.883700 467.483459 506.759521
467.003300 503.201000 466.094055 508.995209
465.767600 505.385700 464.787415 511.136871
464.618000 507.421200 463.569000 513.139099
463.563200 509.303500 462.449219 514.955200
462.581700 511.077100 461.401886 516.697571
461.620900 512.827500 460.376984 518.407166
460.698800 514.516100 459.390198 520.063171
459.825600 516.111800 458.455475 521.615845
459.035800 517.582500 457.606995 523.055786
458.312900 518.912300 456.834656 524.350403
457.589200 520.176600 456.058655 525.588013
456.756600 521.359000 455.196350 526.724915
455.798000 522.446500 454.201843 527.766846
454.695200 523.354600 453.141083 528.594604
453.456700 523.963300 451.946808 529.230652
452.010000 524.448000 450.506287 529.706604
450.370300 524.664900 448.913879 529.919800
448.645800 524.629300 447.175079 529.873840
446.853700 524.242200 445.413849 529.399780
445.001300 523.578900 443.590149 528.691162
443.053700 522.715000 441.717896 527.747314
441.070200 521.621600 439.821808 526.570435
439.068600 520.385000 437.855103 525.269226
437.067600 519.079900 435.904175 523.888428
435.131900 517.711100 433.992981 522.439880
433.248700 516.276400 432.210083 520.925171
431.409100 514.772600 430.424652 519.365540
429.653800 513.188400 428.709595 517.721741
427.979000 511.552500 427.066711 516.018677
426.376200 509.872800 425.517487 514.273499
424.896200 508.159600 424.049438 512.506836
423.477300 506.386900 422.649597 510.679626
422.151700 504.603800 421.343750 508.838226
420.895300 502.757100 420.130768 506.948242
419.698800 500.847600 418.944275 504.978973
418.553100 498.879100 417.821930 502.964264
417.436100 496.852200 416.725159 500.894165
416.341100 494.769800 415.659912 498.742035
415.299400 492.613200 414.660156 496.548004
414.283100 490.400400 413.651489 494.283661
413.291100 488.174100 412.689270 491.999695
412.307400 485.928500 411.747284 489.721191
411.321100 483.659600 410.822266 487.427948
410.385800 481.369500 409.915466 485.090546
409.484300 479.070200 409.059387 482.753784
408.605900 476.771200 408.243195 480.408783
407.747600 474.482200 407.460632 478.076324
406.916200 472.194500 406.692932 475.747345
406.106200 469.923800 405.948792 473.451660
405.321800 467.714100 405.227386 471.214722
404.581200 465.613200 404.568909 469.097260
403.881000 463.647100 403.925781 467.105560
403.196100 461.842900 403.321655 465.261475
402.563700 460.074300 402.706665 463.468079
401.946900 458.305600 402.115295 461.685852
401.296600 456.548600 401.485596 459.898865
400.651300 454.770400 400.861023 458.099854
399.996700 452.984700 400.226990 456.285431
399.329600 451.125900 399.584412 454.403259
398.618400 449.218000 398.912201 452.472839
397.822000 447.249700 398.172699 450.473877
396.969800 445.208000 397.378967 448.409515
396.116100 443.116600 396.571136 446.307556
395.211200 440.967800 395.703735 444.152832
394.287700 438.749400 394.822571 441.947510
393.341900 436.497700 393.928650 439.713226
392.358600 434.221800 393.021820 437.440857
391.343800 431.907700 392.081238 435.124390
390.285600 429.531900 391.096466 432.744843
389.177900 427.104300 390.054565 430.316254
388.002000 424.633000 388.955444 427.856354
386.786000 422.153600 387.810638 425.367004
385.529200 419.645500 386.621582 422.854919
384.252800 417.122900 385.431763 420.319641
382.927300 414.575600 384.187134 417.751892
381.591500 412.030100 382.899048 415.174988
380.224100 409.463100 381.603027 412.594360
378.830100 406.889400 380.269531 409.981812
377.404400 404.303400 378.910461 407.371857
375.940700 401.722300 377.518250 404.755096
374.431300 399.137000 376.071320 402.132355
372.878200 396.550200 374.598633 399.512787
371.286300 393.960100 373.069336 396.872101
369.662600 391.367800 371.514404 394.241425
368.012000 388.798400 369.939545 391.622253
366.357200 386.258300 368.309509 389.000916
364.686300 383.683500 366.682251 386.366913
362.990500 381.103100 365.016357 383.710114
361.274100 378.545400 363.345245 381.088867
359.479500 376.079600 361.697113 378.565643
357.743100 373.713700 360.062286 376.147247
356.046500 371.424400 358.447540 373.810638
354.349500 369.168400 356.809082 371.484100
352.662900 366.944000 355.213440 369.214813
351.018900 364.780500 353.615875 366.979553
349.445300 362.679200 352.099426 364.813141
347.970100 360.669800 350.666901 362.756897
346.587900 358.760700 349.309570 360.801849
345.269200 357.004900 348.020142 359.000671
343.987600 355.420000 346.774506 357.359894
342.722300 353.942300 345.538391 355.860474
341.428400 352.599100 344.278687 354.492584
340.132200 351.423100 342.997711 353.309387
338.769300 350.441200 341.650024 352.298859
337.341700 349.681300 340.231323 351.495850
335.777200 349.128400 338.690735 350.958008
334.132400 348.908200 337.055908 350.662842
332.452400 349.031300 335.363434 350.718536
330.797800 349.428100 333.698425 351.047607
329.211100 350.167300 332.101746 351.727875
327.641800 351.098300 330.531708 352.614929
326.094800 352.236000 328.963226 353.727417
324.512700 353.489700 327.359406 354.935730
322.875800 354.863500 325.672455 356.272491
321.135500 356.302000 323.880524 357.648285
319.250000 357.710100 321.948242 358.972534
317.242300 359.002400 319.911438 360.183807
315.093800 360.160000 317.722076 361.271973
312.852600 361.167400 315.463928 362.185425
310.509200 362.008200 313.109131 362.907349
308.069100 362.662200 310.710663 363.458710
305.560600 363.146700 308.197571 363.857361
302.953900 363.438100 305.624207 364.061462
300.313300 363.558500 302.970490 364.090881
297.631800 363.522600 300.305908 363.984070
294.885100 363.381000 297.583191 363.760864
292.104200 363.172300 294.786926 363.485291
289.300900 362.939000 291.994354 363.159668
286.491000 362.678500 289.186951 362.797211
283.693500 362.370200 286.390961 362.389252
280.920600 362.098000 283.641418 362.017181
278.169000 361.857400 280.879730 361.666626
275.446800 361.657400 278.182190 361.363129
272.737000 361.519800 275.471863 361.139404
270.035600 361.455000 272.767883 360.984375
267.327700 361.497700 270.045471 360.933319
264.630400 361.676000 267.321228 361.016418
261.940300 361.979900 264.634064 361.218658
259.250900 362.413000 261.939667 361.543945
256.573600 362.959900 259.242371 362.001404
253.917300 363.655300 256.563690 362.583862
251.288400 364.497000 253.908691 363.320618
248.680300 365.504900 251.249161 364.225342
246.094700 366.666900 248.630310 365.304291
243.562600 367.994000 246.045166 366.562469
241.083300 369.508300 243.532303 367.991821
238.697300 371.174900 241.106491 369.568176
236.432200 372.983900 238.814209 371.302368
234.282400 374.915600 236.622528 373.158173
232.221400 376.965100 234.520996 375.132019
230.283900 379.136000 232.546112 377.225800
228.445400 381.408600 230.679535 379.431366
226.762700 383.789500 228.954575 381.740173
225.240300 386.284200 227.374115 384.179810
223.870500 388.875300 225.921967 386.735107
222.651800 391.576800 224.629456 389.399231
221.610300 394.407600 223.508942 392.166321
220.731600 397.346700 222.536224 395.074493
220.036100 400.374900 221.745117 398.071960
219.492700 403.546000 221.125946 401.221008
219.131100 406.829700 220.669174 404.503906
218.954900 410.176200 220.404831 407.858490
218.961000 413.566100 220.329086 411.251648
219.145900 416.967900 220.430328 414.679382
219.451900 420.389700 220.639511 418.107239
219.829800 423.806600 220.929550 421.529053
220.310500 427.237200 221.312134 424.974884
220.868900 430.684800 221.759079 428.425140
221.441400 434.161900 222.203445 431.919586
222.038500 437.663400 222.697144 435.404266
222.674200 441.192400 223.194153 438.946350
223.324700 444.766400 223.695358 442.528534
223.976800 448.390400 224.206390 446.137543
224.645100 452.052600 224.730682 449.787994
225.326300 455.738000 225.263123 453.459381
226.013500 459.438200 225.809601 457.156799
226.742700 463.131400 226.404266 460.838409
227.489100 466.830800 227.011475 464.537964
228.247700 470.527000 227.642776 468.235107
229.012100 474.215100 228.270660 471.943329
229.762000 477.897100 228.900665 475.617737
230.499300 481.567900 229.498672 479.285370
231.252900 485.238400 230.117462 482.957947
232.010300 488.886300 230.726501 486.623962
232.763300 492.531800 231.356033 490.262451
233.545900 496.169700 231.988342 493.918243
234.328200 499.811600 232.618164 497.569366
235.108100 503.420000 233.260956 501.207306
235.907500 507.019800 233.926575 504.834564
236.703700 510.603300 234.587463 508.454620
237.481000 514.162500 235.222748 512.028809
238.249000 517.704200 235.861816 515.609558
239.014400 521.230500 236.487366 519.123108
239.746800 524.741600 237.071182 522.633301
240.436600 528.231300 237.653259 526.126953
241.102000 531.689500 238.198135 529.598267
241.740900 535.133300 238.734344 533.015747
242.359400 538.550300 239.254272 536.445190
242.993900 541.935900 239.790527 539.828003
243.655500 545.295800 240.356766 543.209900
244.307800 548.630700 240.923645 546.551758
244.986700 551.924500 241.521652 549.858948
245.686600 555.189800 242.148087 553.135376
246.402300 558.403000 242.783203 556.353027
247.160300 561.604000 243.463409 559.557678
247.954300 564.747800 244.181580 562.700867
248.799800 567.843200 244.954926 565.796997
249.719700 570.881500 245.790131 568.846313
250.691800 573.875500 246.682083 571.856506
251.722500 576.816900 247.622955 574.826782
252.792400 579.719200 248.608124 577.769958
253.899200 582.619100 249.616699 580.682800
254.999400 585.538800 250.611526 583.606934
256.084000 588.464600 251.583176 586.566589
257.132200 591.413100 252.515930 589.527649
258.142200 594.337700 253.422165 592.445312
259.143500 597.295100 254.312958 595.430969
260.132300 600.227900 255.199905 598.405396
261.124300 603.146400 256.086700 601.334778
262.175000 606.016800 257.054382 604.213867
263.321800 608.844200 258.096527 607.073608
264.592700 611.600700 259.292999 609.869080
266.012800 614.279900 260.626068 612.574829
267.588100 616.881700 262.122681 615.244690
269.323800 619.428300 263.788574 617.837158
271.210100 621.881800 265.599426 620.362488
273.238300 624.254900 267.543945 622.781006
275.373300 626.509900 269.615936 625.113770
277.623300 628.637000 271.790344 627.312500
279.976600 630.608900 274.089661 629.377869
282.453700 632.438800 276.500488 631.294006
285.065600 634.108700 279.080200 633.051392
287.781800 635.684200 281.739777 634.708557
290.614800 637.170400 284.520386 636.277832
293.572000 638.551300 287.423584 637.745483
296.640000 639.897800 290.439026 639.199951
299.815900 641.203200 293.561401 640.618896
303.076400 642.494500 296.744324 642.024536
306.357100 643.765800 299.929688 643.393555
309.674900 645.021300 303.178406 644.759094
312.999700 646.243800 306.423340 646.082642
316.341000 647.457400 309.675171 647.414490
319.656500 648.689200 312.899902 648.742065
322.948500 649.961000 316.099609 650.119324
326.166800 651.311700 319.255676 651.572998
329.336100 652.739100 322.361206 653.116821
332.444200 654.205600 325.403564 654.672607
335.400500 655.659200 328.325500 656.226868
338.177900 657.091100 331.094788 657.737549
340.853600 658.520100 333.774353 659.232056
343.392000 659.901300 336.325775 660.683838
345.797500 661.222900 338.715576 662.076782
348.061700 662.470200 340.982300 663.373901
350.227800 663.663600 343.164429 664.622803
352.269800 664.764500 345.224396 665.776428
354.171500 665.743600 347.105591 666.818604
355.867200 666.596600 348.791870 667.724854
357.385800 667.323400 350.290771 668.507935
358.688300 667.945100 351.562958 669.188843
359.785500 668.454700 352.660797 669.709045
360.684700 668.879300 353.555511 670.163208
361.448900 669.240500 354.319031 670.550049
362.202200 669.609800 355.033508 670.939087
362.884200 670.041700 355.680481 671.393066
363.544500 670.582800 356.329651 671.935059
364.209800 671.330500 357.007629 672.663940
364.845000 672.309500 357.521820 673.725464
365.349200 673.552400 357.985748 674.985352
365.693100 675.079000 358.166321 676.409363
365.765200 676.782400 358.114380 678.074524
365.523700 678.539500 357.776550 679.862976
365.089100 680.489300 357.212158 681.770508
364.466100 682.514600 356.445801 683.717041
363.616300 684.610800 355.486572 685.755005
362.501500 686.760700 354.317261 687.820435
361.240200 688.988000 352.994659 689.995483
359.916600 691.336700 351.576355 692.281494
358.517400 693.800300 350.053284 694.682495
357.035700 696.407500 348.445984 697.225525
355.508800 699.115600 346.791626 699.870850
353.904300 701.929300 345.020477 702.656006
352.257400 704.823800 343.206146 705.464111
350.567500 707.796400 341.351440 708.365967
348.841400 710.853200 339.466644 711.354248
347.061700 713.947900 337.511597 714.364929
345.240600 717.126500 335.514099 717.441895
343.396200 720.384700 333.495972 720.566040
341.517100 723.688800 331.447632 723.740356
339.619000 727.060600 329.362305 726.957397
337.697800 730.488300 327.259277 730.198303
335.746300 733.965100 325.076904 733.620361
333.767200 737.500800 322.875092 737.076782
331.787300 741.093200 320.687927 740.543579
329.802100 744.697600 318.473694 744.040894
327.822700 748.252900 316.295715 747.447693
325.882900 751.750500 314.136841 750.852417
323.953700 755.221900 312.009949 754.180664
322.019400 758.698600 309.891296 757.522278
320.037700 762.177600 307.727203 760.846130
318.097700 765.622300 305.598511 764.172791
316.183200 769.057500 303.479645 767.468628
314.250000 772.494900 301.352173 770.741211
312.275800 775.931500 299.204559 773.964355
310.254000 779.359500 296.996765 777.118896
308.122800 782.782800 294.703430 780.398193
305.862800 786.166800 292.289093 783.646606
303.500700 789.503100 289.765594 786.839355
300.970800 792.776600 287.098053 789.953064
298.346100 795.948700 284.332947 792.963501
295.632400 799.046800 281.452423 795.943970
292.854400 802.131000 278.510620 798.898560
290.021900 805.167500 275.518707 801.887695
287.126600 808.146600 272.438538 804.811829
284.119000 811.063300 269.249847 807.646240
281.041800 813.860300 266.044617 810.272644
277.869300 816.545900 262.782135 812.793396
274.646800 819.105600 259.472412 815.195312
271.386100 821.531200 256.088501 817.491455
268.116800 823.813700 252.734528 819.604858
264.867100 825.970500 249.375427 821.619568
261.611600 828.060300 246.039032 823.533813
258.412200 830.064600 242.748795 825.364441
255.270800 831.964500 239.494629 827.112915
252.165400 833.785500 236.312637 828.767334
249.035500 835.465400 233.202209 830.325134
245.676600 836.941500 230.176712 831.788879
242.526400 838.395100 227.257599 833.182251
239.649200 839.782300 224.471512 834.508911
236.954200 841.095200 221.849472 835.730713
234.477400 842.339200 219.390686 836.892944
232.193600 843.528700 217.084839 838.017883
230.093400 844.639300 214.976242 839.048218
228.164600 845.633300 213.036331 839.967041
226.339700 846.487500 211.203247 840.734375
224.559800 847.148600 209.426178 841.295044
222.862900 847.611100 207.748535 841.674316
221.160000 847.853200 206.068222 841.791870
219.343600 847.650900 204.362976 841.665161
217.613700 847.228800 202.693390 841.207031
215.983200 846.459000 201.088745 840.421753
214.496600 845.376700 199.629028 839.338867
213.166300 844.015600 198.315277 837.933960
211.989600 842.443000 197.225220 836.322998
210.942500 840.673500 196.263977 834.542908
210.015200 838.668700 195.461426 832.520508
209.177100 836.492300 194.750351 830.339355
208.420100 834.203400 194.119431 827.997009
207.685300 831.756600 193.519730 825.508728
206.966400 829.169500 192.961349 822.895630
206.234900 826.499600 192.406647 820.210449
205.491300 823.727800 191.809814 817.380066
204.726900 820.872900 191.188522 814.475098
203.960100 817.947300 190.554016 811.488403
203.188700 814.944500 189.932678 808.428101
202.387700 811.853000 189.290527 805.308411
201.557100 808.685000 188.610458 802.068359
200.707000 805.446700 187.935379 798.793335
199.837600 802.169300 187.232712 795.446655
198.959100 798.853000 186.525360 792.087891
198.078300 795.512000 185.819977 788.685730
197.208100 792.134200 185.109558 785.248108
196.331500 788.727300 184.396851 781.789001
195.393800 785.296400 183.637756 778.300781
194.407000 781.832200 182.827866 774.785461
193.372100 778.361600 181.980713 771.243958
192.268500 774.862700 181.067810 767.678528
191.104500 771.351900 180.099167 764.110840
189.900200 767.803200 179.083282 760.475647
188.697400 764.215300 178.062958 756.815247
187.525500 760.573100 177.088150 753.093323
186.417200 756.874800 176.180389 749.333435
185.391100 753.140200 175.342484 745.528137
184.425300 749.376100 174.568756 741.701172
183.505800 745.586000 173.856171 737.838074
182.630800 741.760500 173.191284 733.951233
181.799600 737.920600 172.564575 730.059326
180.995700 734.046000 171.970673 726.168030
180.235100 730.165100 171.386780 722.258972
179.509000 726.267300 170.831863 718.312683
178.782600 722.358000 170.275726 714.352478
178.060700 718.433400 169.760086 710.411682
177.362100 714.485400 169.275772 706.439270
176.683600 710.485300 168.792175 702.415161
176.012100 706.523900 168.345367 698.398438
175.366700 702.573200 167.893890 694.375366
174.771600 698.664000 167.496796 690.417480
174.208700 694.786000 167.129974 686.465759
173.664500 690.971400 166.774475 682.608459
173.120400 687.194400 166.415497 678.793823
172.609800 683.452500 166.064194 675.019592
172.111300 679.757200 165.728027 671.277161
171.620100 676.075400 165.407410 667.585938
171.116500 672.425100 165.072403 663.906921
170.597300 668.791300 164.733765 660.249634
170.061700 665.158300 164.381378 656.588074
169.508500 661.515700 164.034409 652.909546
168.924400 657.855800 163.676208 649.215210
168.353600 654.164700 163.306015 645.496582
167.787000 650.469600 162.972336 641.792664
167.241700 646.760000 162.649170 638.086975
166.711700 643.033600 162.325470 634.342590
166.161900 639.298500 161.981720 630.582764
165.603300 635.547200 161.635086 626.809326
165.019900 631.781100 161.286972 623.025391
164.407900 627.989800 160.906021 619.211975
163.795100 624.165700 160.530029 615.375427
163.188600 620.333500 160.134293 611.503662
162.585900 616.485800 159.750000 607.645325
162.003800 612.637200 159.357666 603.761963
161.404000 608.796100 158.980331 599.867493
160.758000 604.972100 158.607315 595.978149
160.133600 601.135300 158.233459 592.053223
159.495800 597.273400 157.851349 588.154419
158.840300 593.366000 157.474228 584.183105
158.208600 589.447000 157.098083 580.189514
157.580800 585.515400 156.727570 576.199402
156.942900 581.558400 156.350006 572.216187
156.315100 577.584700 155.980530 568.236328
155.693100 573.602200 155.612091 564.237549
155.097900 569.612100 155.253815 560.240112
154.494600 565.631700 154.883179 556.218811
153.882900 561.635800 154.512726 552.217346
153.275400 557.661700 154.128296 548.200134
152.657100 553.699500 153.752106 544.190002
152.007000 549.736100 153.373535 540.191345
151.335500 545.780700 152.971237 536.191772
150.702300 541.830000 152.587006 532.166260
150.111100 537.863200 152.221893 528.187073
149.565800 533.878000 151.844284 524.162292
149.070700 529.886400 151.486435 520.140991
148.583300 525.892200 151.156952 516.148132
148.098100 521.899600 150.818008 512.135681
147.615200 517.906000 150.495529 508.119476
147.078600 513.924800 150.139206 504.111603
146.557400 509.928000 149.775604 500.085693
145.990800 505.947400 149.405579 496.098328
145.414200 501.983900 149.048492 492.104858
144.839400 498.023200 148.662994 488.101593
144.237000 494.066600 148.249542 484.109467
143.642200 490.086700 147.840424 480.124268
143.093600 486.100600 147.433701 476.131134
142.520000 482.109500 147.036011 472.129181
141.953600 478.120000 146.650879 468.113037
141.409200 474.120700 146.289795 464.109192
140.866200 470.116800 145.929749 460.089661
140.329900 466.129000 145.580658 456.103119
139.802900 462.170200 145.241180 452.163696
139.285200 458.259400 144.911545 448.263611
138.767400 454.380800 144.586914 444.401123
138.265200 450.537100 144.265701 440.574249
137.781900 446.703500 143.964691 436.743011
137.326700 442.890000 143.691467 432.932495
136.905100 439.064700 143.454803 429.091339
136.518100 435.237300 143.232727 425.252350
136.143200 431.414200 143.042587 421.435852
135.825400 427.592200 142.884430 417.641144
135.543200 423.737300 142.788315 413.771637
135.270100 419.908100 142.713837 409.947510
135.035900 416.031200 142.705032 406.074158
134.860400 412.167200 142.732162 402.205536
134.729600 408.319200 142.806519 398.360260
134.657500 404.515600 142.936905 394.589508
134.622800 400.768700 143.094513 390.852570
134.596400 397.079600 143.241745 387.154327
134.623000 393.460300 143.443848 383.513336
134.664700 389.903700 143.669464 379.955963
134.742900 386.395400 143.924545 376.464996
134.849100 382.945500 144.190704 373.038055
134.972000 379.565400 144.465317 369.670380
135.131800 376.244700 144.774048 366.361755
135.333900 373.018200 145.119858 363.162079
135.556500 369.861200 145.490921 360.033234
135.838900 366.777100 145.910278 356.986633
136.225700 363.791900 146.437225 354.042938
136.738700 360.891300 147.065857 351.183838
137.359000 358.081000 147.834595 348.382568
138.112400 355.303200 148.720093 345.646210
138.966200 352.534800 149.701218 342.920288
139.893600 349.805900 150.738937 340.230713
140.896000 347.157200 151.847870 337.647980
141.971400 344.579000 152.998337 335.168457
143.130500 342.084500 154.251831 332.742310
144.392300 339.674500 155.609650 330.416290
145.777400 337.332100 157.088104 328.150818
147.331500 335.073900 158.705200 325.994507
149.057400 332.893100 160.497467 323.917847
150.967000 330.772000 162.464874 321.962982
153.050000 328.762800 164.605316 320.085052
155.286900 326.913400 166.903656 318.367279
157.696000 325.210700 169.347214 316.808197
160.258100 323.696400 171.917999 315.445007
162.973100 322.395300 174.639587 314.309570
165.832800 321.314600 177.481567 313.412079
168.823000 320.455500 180.466980 312.714844
171.915000 319.751800 183.547714 312.182281
175.093600 319.154400 186.722305 311.755219
178.356600 318.621500 189.992371 311.382050
181.670600 318.107800 193.352142 311.054962
184.954100 317.552100 196.783966 310.757599
188.360600 317.014600 200.313904 310.449341
191.810500 316.498600 203.858231 310.128571
195.303300 315.956300 207.445633 309.763275
198.810200 315.370500 211.023712 309.348419
202.319700 314.727700 214.609955 308.862885
205.854900 314.018600 218.186401 308.321045
209.382100 313.210000 221.776123 307.673340
212.873900 312.313500 225.327209 306.943176
216.282400 311.315800 228.793991 306.108673
219.602300 310.211800 232.154114 305.159637
222.828600 308.969500 235.404465 304.085419
225.892800 307.618500 238.539307 302.888611
228.857400 306.132600 241.557678 301.547363
231.705300 304.510000 244.506622 300.045410
234.404500 302.795000 247.288284 298.471558
236.964200 301.022400 249.920380 296.845612
239.357400 299.191600 252.402496 295.117981
241.573300 297.348000 254.689758 293.396393
243.583200 295.531300 256.803864 291.659943
245.364000 293.745300 258.673248 289.951416
246.928300 292.003400 260.315765 288.271881
248.255900 290.313300 261.716675 286.643982
249.318200 288.712300 262.860718 285.080231
250.170400 287.137600 263.806793 283.523071
250.789300 285.600000 264.471100 282.019165
251.165900 284.019700 264.952454 280.400574
251.314100 282.347000 265.182037 278.815094
251.208600 280.685900 265.169586 277.147064
250.772400 279.031200 264.836121 275.401672
249.999900 277.363100 264.139740 273.662415
248.862600 275.742500 263.076324 271.996521
247.391400 274.199800 261.672089 270.391388
245.604100 272.717600 259.961243 268.825897
243.606700 271.249000 258.039520 267.240814
241.483200 269.657000 256.005005 265.557617
239.255900 267.931300 253.872421 263.744385
236.942400 266.062700 251.651932 261.771210
234.573400 264.060900 249.393875 259.658600
232.194200 261.911300 247.124741 257.406219
229.828600 259.643500 244.890320 255.047638
227.459400 257.285700 242.640121 252.590790
225.117700 254.818300 240.438843 250.038635
222.794900 252.268100 238.232620 247.399078
220.539900 249.684100 236.111923 244.725891
218.379000 247.150200 234.082809 242.092331
216.331900 244.688600 232.130630 239.535095
214.447100 242.296600 230.354630 237.041489
212.738900 239.986300 228.748688 234.668365
211.155100 237.800000 227.236374 232.393188
209.645500 235.806000 225.784454 230.313629
208.153800 234.063200 224.349960 228.495514
206.642600 232.599300 222.896988 226.946503
205.050700 231.388700 221.376404 225.676437
203.386000 230.453900 219.713715 224.644073
201.568800 229.804200 217.898788 223.887085
199.652600 229.469400 215.932556 223.457245
197.649300 229.448700 213.882034 223.386429
195.695200 229.808500 211.838760 223.666580
193.757500 230.545900 209.853943 224.323547
191.873400 231.575500 207.866028 225.278381
190.008500 232.786900 205.876846 226.403030
188.027800 234.075600 203.762985 227.627335
185.893500 235.390300 201.512268 228.846497
183.609800 236.705800 199.098511 230.086731
181.165200 238.005100 196.543137 231.271973
178.517300 239.254000 193.821564 232.383743
175.726900 240.407000 190.977692 233.379562
172.707400 241.421200 187.952881 234.266922
169.603600 242.357600 184.866394 235.087845
166.445500 243.209000 181.723236 235.811081
163.269700 243.975200 178.504639 236.409317
160.018600 244.710100 175.239517 237.018707
156.736700 245.397400 171.988007 237.574295
153.408400 246.036100 168.679993 238.084351
150.090200 246.634600 165.364685 238.538696
146.806300 247.228400 162.052429 238.980331
143.505000 247.801600 158.743607 239.399078
140.209300 248.367500 155.470383 239.819046
136.935100 248.926700 152.197861 240.223297
133.701200 249.482000 148.960510 240.642242
130.512300 250.041400 145.773026 241.077209
127.368600 250.623000 142.596619 241.561386
124.279500 251.271600 139.490784 242.118256
121.226800 251.988400 136.421509 242.734055
118.235900 252.796200 133.390121 243.443161
115.296000 253.710500 130.392426 244.251526
112.410900 254.793600 127.435280 245.190445
109.550100 256.073600 124.502998 246.334686
106.765300 257.559400 121.655273 247.670029
104.058300 259.195200 118.873047 249.166519
101.451300 260.983800 116.176041 250.808105
98.958900 262.930000 113.581161 252.623169
96.560750 265.038400 111.071259 254.597565
94.233290 267.302400 108.652695 256.720276
91.992660 269.682500 106.316002 258.995056
89.872160 272.215300 104.079193 261.439758
87.867480 274.902800 101.962044 264.029694
85.990600 277.735000 99.955597 266.765564
84.244040 280.710100 98.070953 269.660034
82.619100 283.777000 96.305122 272.647034
81.079690 286.968600 94.610069 275.780548
79.784310 290.233300 93.160316 278.972076
78.568560 293.653400 91.778885 282.311646
77.471470 297.091000 90.509689 285.667969
76.507590 300.590600 89.375244 289.087921
75.684350 304.118500 88.383102 292.549438
74.993740 307.691900 87.513657 296.089783
74.448540 311.297700 86.804428 299.665070
74.042020 314.935900 86.228165 303.272827
73.771590 318.594800 85.785278 306.898590
73.715910 322.261900 85.428040 310.520782
73.769420 325.907700 85.153351 314.161285
73.817040 329.552100 84.928871 317.791321
74.000290 333.173500 84.753761 321.415527
74.172500 336.809200 84.612007 325.024353
74.344680 340.442200 84.508095 328.641418
74.514430 344.091300 84.450745 332.247620
74.662940 347.746700 84.375237 335.856995
74.736070 351.400000 84.224632 339.449097
74.769320 355.000700 84.072128 343.024475
74.814470 358.586500 83.922180 346.575531
74.746920 362.178000 83.743050 350.128876
74.686830 365.745600 83.554932 353.699432
74.555740 369.317000 83.320892 357.252533
74.360040 372.935200 83.026146 360.814117
74.109450 376.533900 82.661736 364.348145
73.828330 380.133100 82.247009 367.889496
73.476450 383.716600 81.757660 371.391113
73.062260 387.295400 81.223083 374.912109
72.635640 390.839200 80.653015 378.407013
72.123690 394.365700 79.979095 381.881195
71.585570 397.910500 79.289268 385.358429
70.976400 401.435000 78.503700 388.817322
70.311850 404.959700 77.666519 392.320923
69.602670 408.449900 76.805580 395.781281
68.879140 411.948200 75.935135 399.262329
68.139490 415.452800 75.041412 402.744049
67.432580 418.981100 74.156303 406.198364
66.735590 422.501800 73.270035 409.643890
66.031790 425.991100 72.422035 413.117279
65.337700 429.457600 71.567062 416.585083
64.678150 432.971500 70.735886 420.094269
64.092350 436.564700 69.993965 423.658478
63.538820 440.165700 69.285042 427.203827
63.089490 443.780200 68.666168 430.778442
62.687700 447.405600 68.112778 434.344269
62.395430 451.016900 67.666428 437.912781
62.179910 454.600300 67.286583 441.473236
62.016060 458.184800 66.955460 445.038483
61.878910 461.762700 66.644669 448.587219
61.782260 465.339800 66.372169 452.140594
61.711200 468.924000 66.116936 455.694366
61.669710 472.506000 65.885971 459.238739
61.695530 476.094800 65.732635 462.817963
61.729390 479.666900 65.581833 466.362366
61.822870 483.270300 65.486069 469.957245
61.924810 486.878100 65.396446 473.550140
62.056550 490.478600 65.331062 477.145905
62.176020 494.117900 65.256439 480.796997
62.266690 497.773900 65.164467 484.403809
62.330910 501.484400 65.063545 488.086090
62.383600 505.245100 64.990479 491.739624
62.456820 509.016300 64.938080 495.479523
62.639660 512.800600 65.007812 499.240265
62.868350 516.638100 65.115501 503.048920
63.106400 520.456700 65.213928 506.834473
63.367240 524.259400 65.336365 510.624237
63.593570 528.081800 65.417213 514.409729
63.801530 531.888200 65.471977 518.198792
64.024540 535.667900 65.531036 521.959229
64.206830 539.467500 65.542389 525.709473
64.344710 543.234900 65.508286 529.397522
64.496310 546.996900 65.484970 533.111633
64.631930 550.743000 65.438950 536.816895
64.749170 554.462700 65.378983 540.507385
64.914610 558.167300 65.368431 544.201233
65.103700 561.867200 65.381477 547.902039
65.335960 565.517200 65.438614 551.524597
65.569200 569.190200 65.488174 555.145081
65.794250 572.863800 65.544342 558.778259
65.979210 576.521900 65.562767 562.394836
66.180050 580.172300 65.617477 565.985962
66.362280 583.853000 65.643745 569.644897
66.538350 587.515200 65.662155 573.270386
66.682270 591.168900 65.641052 576.893372
66.777600 594.811400 65.580414 580.490723
66.890400 598.420300 65.523895 584.073853
67.026690 602.042900 65.490021 587.686096
67.177460 605.622900 65.480743 591.239929
67.323020 609.198300 65.464973 594.799500
67.450500 612.758000 65.438850 598.348206
67.653570 616.289300 65.496964 601.873352
67.878290 619.813700 65.577728 605.426758
68.154010 623.308500 65.708191 608.919373
68.437020 626.799600 65.846092 612.431458
68.771410 630.257700 66.037888 615.920166
69.202550 633.695200 66.323753 619.392090
69.600670 637.103300 66.580307 622.802856
70.036830 640.488700 66.888176 626.198853
70.506270 643.807100 67.223579 629.486755
70.892770 647.161500 67.462265 632.802429
71.232770 650.443300 67.663361 636.114807
71.580170 653.720500 67.852814 639.325500
71.988160 656.939000 68.052353 642.598328
72.305150 660.204100 68.201424 645.820801
72.604120 663.408400 68.299675 649.048218
72.917010 666.635000 68.385582 652.278564
73.242550 669.852400 68.482101 655.534119
73.637330 673.050100 68.605156 658.769775
74.027710 676.284300 68.778015 662.028015
74.459600 679.526800 69.025703 665.280762
74.950660 682.820100 69.338181 668.558472
75.485380 686.101000 69.648392 671.867188
75.997000 689.438300 69.994820 675.187500
76.620780 692.817900 70.384949 678.570923
77.255750 696.266300 70.806984 681.999268
77.860920 699.720200 71.245384 685.449036
78.456960 703.252300 71.658966 689.004150
79.046650 706.838300 72.067497 692.608948
79.748960 710.431700 72.483162 696.224060
80.377820 714.087800 72.887344 699.917542
80.984990 717.795000 73.325935 703.652893
81.568530 721.524100 73.765190 707.354248
82.226950 725.230100 74.239975 711.093567
82.971570 728.932500 74.773804 714.835754
83.716810 732.637800 75.318001 718.538696
84.461420 736.340000 75.911667 722.298218
85.205890 740.041500 76.578949 725.999084
85.988280 743.734800 77.258972 729.700806
86.881120 747.371500 77.974182 733.357422
87.770200 751.019300 78.699249 737.052917
88.659140 754.657900 79.443329 740.705994
89.568830 758.256300 80.207695 744.346863
90.529500 761.919200 81.029152 748.050537
91.504420 765.495400 81.859314 751.684692
92.518360 769.126400 82.704056 755.308594
93.541990 772.703400 83.565437 758.933228
94.615270 776.302000 84.491257 762.566467
95.687250 779.833200 85.419090 766.132935
96.764590 783.369100 86.364487 769.698303
97.857970 786.887700 87.342354 773.241699
98.977700 790.363900 88.318504 776.731628
100.102700 793.842400 89.323959 780.233948
101.281700 797.278800 90.364563 783.700439
102.480100 800.701200 91.431351 787.174988
103.706800 804.080200 92.496216 790.584106
104.948300 807.449200 93.606674 794.035706
106.192400 810.798000 94.686523 797.405029
107.467000 814.117100 95.816879 800.784302
108.775000 817.411500 96.953201 804.140381
110.077600 820.689800 98.100067 807.473816
111.337000 823.916800 99.214020 810.787537
112.595900 827.082700 100.329956 814.021118
113.862500 830.153000 101.469940 817.139893
115.118400 833.166500 102.587051 820.208679
116.423500 836.128900 103.754654 823.236694
117.895400 839.037200 105.058258 826.239929
119.447600 841.885100 106.472748 829.183838
121.088600 844.701900 107.993271 832.108765
122.872100 847.290700 109.554962 834.924744
124.724400 849.810800 111.269745 837.733276
126.575500 852.329600 113.008636 840.414978
128.426600 854.848600 114.809937 843.037720
130.276800 857.367000 116.605164 845.535034
132.127400 859.883600 118.391327 847.930542
133.992200 862.014800 120.179108 850.189453
135.814600 864.035300 121.901581 852.344238
137.604800 865.988300 123.591125 854.404053
139.298200 867.835900 125.215820 856.360596
140.919200 869.609300 126.773285 858.209839
142.486000 871.338400 128.256561 860.033142
143.940800 872.954000 129.631073 861.746460
145.300100 874.412900 130.929108 863.284973
146.559000 875.661600 132.124969 864.605347
147.650800 876.418400 133.217133 865.670044
148.685500 877.020600 134.180878 866.499146
149.713200 877.623900 135.100891 867.234619
150.732500 878.227900 136.121887 867.802246
151.742600 878.831700 137.163574 868.285645
152.808100 879.342000 138.318924 868.626953
154.068700 879.516900 139.566727 868.839661
155.413300 879.479400 140.956772 868.927429
156.888700 879.272300 142.470703 868.805359
158.478100 878.881900 144.068604 868.459106
160.134900 878.287500 145.784409 867.968689
161.860100 877.489100 147.562378 867.241699
163.672500 876.562600 149.421921 866.390564
165.594100 875.530000 151.389099 865.451477
167.624000 874.437100 153.464493 864.456482
169.770000 873.289900 155.646896 863.398193
172.035600 872.094100 157.945877 862.307495
174.385300 870.862300 160.341141 861.179504
176.854600 869.589200 162.861618 860.008606
179.401000 868.288100 165.423553 858.821655
181.975500 866.969700 168.030273 857.601807
184.536700 865.639500 170.633423 856.375183
187.062400 864.284700 173.212036 855.113403
189.538900 862.924800 175.728989 853.857666
191.918900 861.611300 178.183792 852.626526
194.206900 860.315700 180.495972 851.451416
196.343300 858.956400 182.739914 850.323975
198.368400 857.888200 184.870743 849.307861
200.275000 856.919100 186.935104 848.409302
202.193600 856.085800 188.916046 847.674744
204.073500 855.496400 190.778534 847.192383
205.960400 855.183900 192.608276 846.984680
207.864300 855.202100 194.426727 847.055237
209.713700 855.529100 196.202438 847.419495
211.499200 856.220700 197.932953 848.165527
213.188100 857.107700 199.538879 849.267334
214.784400 858.522000 201.006104 850.697510
216.227100 860.190500 202.328247 852.401123
217.589200 862.100400 203.577805 854.370728
218.870200 864.194100 204.719299 856.519653
220.036500 866.491500 205.768677 858.855835
221.092500 868.955100 206.703583 861.386902
222.159200 871.551200 207.646118 864.025085
223.261300 874.233400 208.638611 866.773682
224.402100 877.003500 209.644348 869.612976
225.538100 879.835200 210.618713 872.513245
226.647400 882.714200 211.583130 875.446716
227.713000 885.605500 212.520950 878.400269
228.729800 888.498800 213.408737 881.363220
229.740400 891.364700 214.283661 884.277344
230.756400 894.190300 215.177307 887.165405
231.798000 896.975600 216.080139 890.023560
232.862200 899.689300 217.018677 892.810425
234.006400 902.314400 218.048065 895.504822
235.284000 904.779800 219.246155 898.085449
236.717300 907.106500 220.574829 900.502502
238.297800 909.282700 222.056641 902.762085
240.026200 911.279800 223.682434 904.823975
241.899800 913.107900 225.470764 906.756104
243.969200 914.753500 227.405823 908.504333
246.167200 916.200700 229.465393 910.052612
248.519300 917.425900 231.667450 911.379761
250.970500 918.372900 234.057526 912.497559
253.540200 919.159700 236.583801 913.423096
256.240400 919.688000 239.270523 914.095215
259.064500 919.965800 242.114822 914.532776
262.004800 920.092700 245.075226 914.822876
265.032800 920.081200 248.133316 914.958008
268.210100 920.078400 251.290634 914.947144
271.495300 919.927300 254.534393 914.859375
274.820000 919.698100 257.833649 914.725037
278.229300 919.336300 261.176575 914.501404
281.674700 918.885400 264.567230 914.212402
285.133600 918.345800 268.031006 913.844360
288.622600 917.728600 271.553955 913.403381
292.132800 917.013700 275.100769 912.870483
295.617300 916.238200 278.619934 912.265686
299.090900 915.358200 282.134094 911.594604
302.533100 914.353500 285.585419 910.836304
305.943200 913.309900 289.035950 910.003601
309.311700 912.191400 292.452942 909.105957
312.679900 911.045400 295.832886 908.150696
316.061700 909.902400 299.245911 907.183167
319.450400 908.753400 302.666199 906.201355
322.840000 907.560400 306.093323 905.187805
326.249400 906.356000 309.537476 904.175842
329.691100 905.139800 313.022949 903.137390
333.195400 903.900600 316.581024 902.071716
336.754600 902.625300 320.176697 900.968201
340.384100 901.328400 323.870514 899.836914
344.064600 899.969000 327.585236 898.658630
347.769700 898.590900 331.334961 897.457764
351.401700 897.220500 334.998901 896.261902
354.975200 895.841100 338.639221 895.057312
358.485000 894.463600 342.211487 893.847534
361.949500 893.084300 345.723541 892.649109
365.336200 891.732700 349.159149 891.458862
368.619200 890.389400 352.505432 890.280029
371.749500 889.112100 355.700470 889.161621
374.681800 887.918900 358.705322 888.115356
377.389200 886.824500 361.462921 887.153076
379.874900 885.837000 363.986267 886.275757
382.177900 884.931600 366.309875 885.473938
384.328100 884.100300 368.482697 884.723511
386.400700 883.311200 370.583588 884.010193
388.376900 882.536800 372.595978 883.325195
390.309000 881.774800 374.578339 882.648560
392.306100 880.993700 376.627777 881.968567
394.377700 880.162100 378.758728 881.227722
396.550200 879.262200 380.987671 880.427979
398.842300 878.314900 383.360687 879.625977
401.259600 877.339000 385.832672 878.787842
403.789800 876.325100 388.437683 877.900574
406.435900 875.291100 391.152710 877.006714
409.217000 874.214500 393.974823 876.072266
412.118100 873.111300 396.873535 875.104187
415.118700 871.959800 399.875610 874.095215
418.218100 870.771000 402.987305 873.059692
421.393100 869.520300 406.176300 871.975891
424.627300 868.193200 409.415192 870.802734
427.914800 866.771900 412.780975 869.551453
431.247800 865.254500 416.195587 868.202698
434.552400 863.690400 419.572388 866.815369
437.807500 862.081600 422.926910 865.378418
440.966600 860.444200 426.170746 863.899170
444.049200 858.816700 429.349457 862.402344
447.069000 857.193700 432.433441 860.925293
450.037100 855.607100 435.475677 859.497070
452.944600 854.081100 438.440369 858.120544
455.777600 852.654400 441.311096 856.843567
458.467600 851.383400 444.016113 855.697144
460.990700 850.198200 446.586029 854.640808
463.426800 849.070300 449.071991 853.641357
465.787600 847.990900 451.465973 852.671265
468.094900 846.950600 453.802246 851.755188
470.366800 845.937300 456.136414 850.854614
472.708100 844.897600 458.526306 849.929016
475.121700 843.800400 460.930634 848.970459
477.587500 842.683800 463.441559 847.989990
480.152400 841.532300 466.056824 846.959473
482.766300 840.339500 468.715546 845.888672
485.445100 839.143200 471.434814 844.810425
488.188300 837.891400 474.184540 843.710266
490.987500 836.623000 476.967468 842.606262
493.803100 835.351100 479.802765 841.480713
496.624700 834.094400 482.689270 840.344788
499.474300 832.809600 485.623779 839.198669
502.358500 831.502600 488.561646 838.025940
505.286800 830.236700 491.551208 836.851990
508.248000 828.948300 494.566132 835.677673
511.244100 827.658100 497.583252 834.503235
514.267100 826.347100 500.622375 833.324280
517.327800 825.031500 503.715271 832.146606
520.388500 823.719100 506.793640 830.975464
523.389100 822.420300 509.804260 829.825745
526.283400 821.190400 512.733032 828.727112
529.057000 820.023600 515.523499 827.695190
531.704800 818.934000 518.202148 826.724243
534.226500 817.916400 520.759033 825.823608
536.656700 816.946600 523.223572 824.971313
539.023500 815.952900 525.626892 824.088501
541.317300 814.866300 527.988708 823.121338
543.532000 813.688600 530.270508 822.038391
545.686900 812.396800 532.478333 820.849426
547.734700 810.971800 534.599915 819.486206
549.629400 809.339400 536.571106 817.934753
551.297600 807.502100 538.344666 816.144775
552.779900 805.465100 539.951233 814.120117
554.025400 803.122900 541.346497 811.863525
555.053800 800.603800 542.496094 809.352661
555.833800 797.890700 543.405273 806.640747
556.486200 795.031700 544.181396 803.819580
557.103100 792.043700 544.939514 800.863770
557.706900 788.950900 545.683289 797.810730
558.314100 785.757400 546.441772 794.647949
558.963000 782.480200 547.234131 791.426880
559.664300 779.132300 548.066406 788.142273
560.383500 775.702500 548.918640 784.753723
561.143700 772.190100 549.821472 781.318542
561.955700 768.606200 550.762024 777.813843
562.794300 764.921400 551.706482 774.201172
563.665600 761.194600 552.694946 770.539917
564.512000 757.439400 553.677795 766.830994
565.360500 753.691900 554.660828 763.160400
566.202300 749.955700 555.639954 759.492065
567.038700 746.210000 556.629456 755.815674
567.914000 742.455400 557.636353 752.103577
568.809800 738.700200 558.674194 748.407166
569.651600 734.948800 559.671082 744.686401
570.504400 731.165000 560.672424 740.971313
571.381700 727.390900 561.704102 737.240356
572.231200 723.645800 562.697388 733.526978
573.054100 719.904800 563.675415 729.833435
573.889700 716.163100 564.656311 726.155884
574.718600 712.404800 565.644348 722.436035
575.527100 708.639600 566.600891 718.719299
576.261300 704.869800 567.489685 714.950073
576.930700 701.064300 568.304016 711.199585
577.575900 697.234700 569.080811 707.401733
578.192400 693.375300 569.833374 703.587158
578.778500 689.496000 570.568298 699.720337
579.345900 685.591800 571.271973 695.828552
579.857300 681.665400 571.938416 691.951050
580.310600 677.720500 572.573120 687.995972
580.758800 673.746400 573.191467 684.039307
581.155000 669.796200 573.751831 680.104187
581.510700 665.865700 574.269836 676.195618
581.822900 661.969700 574.738770 672.308960
582.077900 658.112900 575.154663 668.456299
582.273900 654.274900 575.509216 664.632080
582.437900 650.427100 575.831116 660.764038
582.599800 646.577200 576.150452 656.864441
582.753900 642.693800 576.452332 653.000916
582.851400 638.813400 576.676819 649.105957
582.898800 634.890000 576.888367 645.186462
582.982400 630.949500 577.123352 641.240479
583.073100 627.003400 577.377563 637.296814
583.192100 623.061600 577.644409 633.311218
583.328900 619.143000 577.941833 629.395569
583.475300 615.223700 578.247009 625.468323
583.625900 611.282200 578.558777 621.538818
583.720700 607.341100 578.888306 617.615356
583.834500 603.396300 579.193848 613.623535
583.934300 599.462000 579.510071 609.684387
584.036500 595.562800 579.819885 605.768311
584.162200 591.689200 580.144409 601.886597
584.227300 587.867900 580.457703 598.007446
584.317600 584.024500 580.793518 594.177734
584.499000 580.192700 581.189270 590.361633
584.808000 576.397200 581.692871 586.537048
585.238500 572.636300 582.293091 582.804260
585.796800 568.901300 583.027222 579.093201
586.480500 565.193700 583.879272 575.399292
587.248500 561.507600 584.788269 571.715454
588.029900 557.836500 585.711914 568.064453
588.838600 554.171600 586.646912 564.446106
589.673700 550.509400 587.599121 560.839417
590.516100 546.866500 588.567627 557.234924
591.343500 543.261900 589.504700 553.693420
592.132200 539.698600 590.427429 550.150391
592.828000 536.162600 591.251465 546.647827
593.460000 532.659000 592.011963 543.167847
594.031700 529.277200 592.703552 539.812256
594.554500 526.081000 593.357666 536.654846
595.075800 523.072600 593.986938 533.714661
595.617300 520.255100 594.638062 530.925232
596.166400 517.626800 595.275391 528.314026
596.704800 515.143200 595.907898 525.855591
597.194900 512.833500 596.482910 523.570923
597.576200 510.694300 596.943726 521.432007
597.786600 508.667900 597.240845 519.381714
597.747500 506.649500 597.328491 517.368958
597.514600 504.697700 597.194275 515.382324
597.070500 502.800000 596.827087 513.467651
596.402400 500.998300 596.224121 511.620972
595.438900 499.228700 595.318909 509.757202
594.162500 497.526700 594.103455 507.983337
592.513700 495.900800 592.581848 506.358459
590.635600 494.532500 590.771790 504.924469
588.500500 493.343000 588.687134 503.655273
586.178900 492.278900 586.381409 502.498108
583.738500 491.279000 583.948547 501.395233
581.166800 490.215600 581.400757 500.226440
578.490800 489.083700 578.736816 498.985901
575.723500 487.861500 575.975098 497.654236
572.904600 486.554700 573.189026 496.241608
570.042200 485.190900 570.356567 494.763855
567.169200 483.760200 567.513916 493.226440
564.280500 482.280300 564.671021 491.650940
561.350400 480.769600 561.809998 490.037628
558.405800 479.261600 558.878357 488.424591
555.376800 477.743300 555.906372 486.756348
552.348800 476.229900 552.946533 485.108582
549.309400 474.657200 549.969055 483.428406
546.268100 473.067100 547.016846 481.727112
543.205700 471.460400 544.026123 480.001221
540.123400 469.844900 541.005920 478.267334
537.055800 468.227900 538.013733 476.541321
534.039300 466.620500 535.038269 474.827545
531.070100 465.041900 532.112183 473.135803
528.189800 463.496400 529.265564 471.476746
525.392500 461.985300 526.525940 469.855164
522.696400 460.482700 523.863892 468.240814
520.138600 459.018200 521.354553 466.664215
517.756100 457.609300 519.006653 465.175354
515.544600 456.272300 516.801331 463.747345
513.468500 454.993400 514.728455 462.375580
511.515000 453.792000 512.758057 461.084320
509.647000 452.752700 510.908875 459.957611
507.816400 451.952700 509.073364 459.056641
506.024700 451.375100 507.276184 458.402832
504.164400 451.057300 505.385315 457.992371
502.213400 450.955500 503.471191 457.860626
500.360000 451.174600 501.599487 457.996368
498.532400 451.717400 499.739380 458.444794
496.762400 452.594900 497.895386 459.250244
495.085200 453.803100 496.195129 460.401947
493.512800 455.370800 494.601318 461.894562
492.140200 457.192000 493.139160 463.717682
490.899800 459.329000 491.774506 465.878387
489.697100 461.689000 490.406555 468.245239
488.436200 464.216900 489.007446 470.792358
487.065300 466.910000 487.474426 473.479309
485.589500 469.753000 485.843964 476.292725
484.009700 472.740300 484.120361 479.248169
482.314200 475.837000 482.305573 482.313538
480.567300 479.018100 480.440735 485.437378
478.766800 482.282500 478.523132 488.669495
476.977200 485.484200 476.559448 491.849884
475.149800 488.770200 474.567139 495.110352
473.326600 492.020400 472.574951 498.365723
471.475600 495.302800 470.554443 501.616028
469.568200 498.617300 468.518005 504.934235
467.651300 501.958900 466.465393 508.224731
465.708000 505.334400 464.362427 511.585266
463.769100 508.731500 462.298828 514.905884
461.845200 512.161900 460.232239 518.268127
459.919600 515.621400 458.169800 521.673096
457.939000 519.112900 456.097961 525.082581
455.953400 522.620500 454.052460 528.491150
453.935100 526.117100 451.968872 531.880005
451.928900 529.614300 449.897736 535.312378
449.964500 533.134600 447.803741 538.745605
448.010500 536.687300 445.728241 542.190552
446.054100 540.236000 443.660950 545.648193
444.056100 543.807900 441.594910 549.139282
442.049300 547.417800 439.513153 552.655396
440.037800 551.028500 437.414673 556.172546
438.025200 554.634600 435.313324 559.664551
435.977800 558.237500 433.187805 563.176392
433.919500 561.855000 431.031830 566.714111
431.843000 565.470100 428.869995 570.272217
429.767800 569.108300 426.675110 573.817566
427.667800 572.747600 424.477478 577.399170
425.537800 576.435200 422.282043 580.927246
423.436400 580.100900 420.085327 584.447327
421.318500 583.767700 417.886383 587.970947
419.219900 587.449100 415.665710 591.555664
417.120400 591.134600 413.451233 595.121094
415.005200 594.832500 411.271881 598.705200
412.888500 598.541400 409.052917 602.269226
410.755500 602.261600 406.805145 605.834534
408.648800 605.999000 404.602844 609.433655
406.499300 609.720300 402.337860 612.990601
404.349900 613.457900 400.061523 616.635376
402.219500 617.158900 397.824524 620.204346
400.144400 620.804100 395.614197 623.732666
398.088300 624.376000 393.427185 627.203369
396.094000 627.872100 391.329315 630.624146
394.096100 631.363900 389.203430 634.008911
392.096200 634.841100 387.077759 637.402344
390.122200 638.266000 384.974915 640.734741
388.138200 641.719200 382.872803 644.069031
386.190000 645.182000 380.787231 647.379761
384.289400 648.626900 378.712708 650.704407
382.388400 652.005600 376.658020 653.996460
380.473700 655.356700 374.602142 657.228271
378.503900 658.701400 372.526794 660.440613
376.494800 662.062000 370.428223 663.680969
374.499000 665.373200 368.327850 666.952393
372.495100 668.759000 366.188873 670.249268
370.503500 672.182700 364.072815 673.575073
368.470500 675.625200 361.900757 676.914734
366.423200 679.124800 359.697266 680.326782
364.370700 682.649600 357.502258 683.740601
362.295100 686.175900 355.299866 687.150574
360.227100 689.735900 353.084534 690.645020
358.182300 693.297500 350.922363 694.103638
356.109700 696.850900 348.692352 697.557373
354.085800 700.357400 346.511963 701.026367
352.038300 703.859700 344.316223 704.414795
350.008800 707.353700 342.144226 707.820923
347.982700 710.855500 339.977875 711.216187
345.942000 714.320900 337.788574 714.547974
343.906200 717.779200 335.616882 717.894531
341.889600 721.226700 333.467651 721.192139
339.882000 724.654800 331.314087 724.507507
337.868700 728.103400 329.139099 727.874268
335.866200 731.571800 327.018829 731.114258
333.967500 735.105200 324.846802 734.517395
332.130600 738.707000 322.636536 738.003906
330.109000 742.325700 320.390320 741.533325
328.052600 745.993300 318.161987 745.097656
325.960300 749.694700 315.915039 748.685730
323.882400 753.400900 313.654175 752.302734
321.810400 757.046400 311.414673 755.826538
319.688500 760.664000 309.126343 759.299500
317.595700 764.288500 306.831970 762.792358
315.554700 767.892700 304.555603 766.242310
313.514600 771.526200 302.258057 769.593262
311.450700 775.119600 299.977875 772.987183
309.357300 778.629400 297.655273 776.365601
307.194900 782.050500 295.311829 779.412720
304.937400 785.448200 292.882812 782.681396
302.592400 788.799400 290.379089 785.862915
300.153800 792.111000 287.790039 789.058838
297.624000 795.374800 285.121277 792.186157
294.927000 798.539300 282.348938 795.138184
292.185800 801.678500 279.468506 798.184937
289.192200 804.695700 276.419800 801.182434
286.151300 807.624000 273.316559 804.131836
283.065000 810.476300 270.172546 806.944214
280.007100 813.213700 266.921753 809.714661
276.942200 815.904300 263.748383 812.215881
273.811500 818.493600 260.498779 814.602112
270.605600 820.960500 257.169434 816.939209
267.321200 823.303700 253.769470 819.121948
264.005200 825.567800 250.338821 821.225220
260.657900 827.735000 246.898605 823.209167
257.273000 829.813900 243.421295 825.088257
253.861800 831.809200 239.909592 826.907288
250.446800 833.761300 236.418961 828.669617
247.052800 835.652800 232.923965 830.400208
243.677200 837.476800 229.472610 832.073425
240.295500 839.294300 226.015579 833.736267
236.906500 841.089700 222.537308 835.393738
233.510200 842.896300 219.051697 837.040771
230.131200 844.723000 215.576630 838.708984
226.769300 846.514500 212.129211 840.338135
223.408300 848.268000 208.682999 841.936829
220.026300 849.991200 205.269394 843.512085
216.652600 851.728000 201.821548 845.075928
213.269900 853.442300 198.355331 846.638123
209.880600 855.139200 194.884109 848.178528
206.468800 856.885000 191.387939 849.741272
203.010300 858.620500 187.849701 851.313660
199.502700 860.363300 184.263733 852.909668
196.002500 862.107300 180.688187 854.499390
192.526600 863.893400 177.132721 856.142639
189.070200 865.686900 173.585846 857.811646
185.622800 867.526100 170.021790 859.529907
182.188500 869.362900 166.491913 861.214111
178.750800 871.210600 162.958557 862.886292
175.314500 873.051400 159.435944 864.578979
171.878500 874.938000 155.937439 866.300964
168.464000 876.882000 152.445236 868.104065
165.093500 878.898700 148.993744 870.001038
161.793700 881.039600 145.596924 871.992554
158.553600 883.315600 142.259857 874.133057
155.369300 885.727000 139.000885 876.395508
152.279000 888.277000 135.832611 878.802124
149.259200 890.897300 132.757538 881.254333
146.298100 893.633000 129.707031 883.827576
143.341500 896.377900 126.673431 886.433472
140.419600 899.149000 123.660645 889.069092
137.428800 901.883400 120.610077 891.671997
134.430600 904.585400 117.477753 894.307861
131.430500 907.268900 114.388184 896.888062
128.400000 909.942700 111.279114 899.445679
125.387100 912.605700 108.153229 902.022095
122.446000 915.311700 105.097473 904.615967
