0.000000 0.000000 0.000025 0.000008
-0.017534 0.283467 -0.026032 0.285409
-0.060000 0.627936 -0.084348 0.626044
-0.141534 1.081913 -0.176186 1.075311
-0.293459 1.604140 -0.343766 1.577653
-0.522492 2.173020 -0.583489 2.141042
-0.839493 2.758285 -0.881407 2.689622
-1.242764 3.333105 -1.241443 3.219434
-1.761568 3.880703 -1.713969 3.732974
-2.415527 4.382391 -2.346653 4.242746
-3.215512 4.824434 -3.125785 4.680727
-4.177130 5.153468 -4.059751 4.998936
-5.299329 5.360943 -5.134602 5.213356
-6.558994 5.427674 -6.359344 5.268642
-7.950411 5.389282 -7.750035 5.227728
-9.480377 5.263869 -9.268339 5.104553
-11.152740 5.088360 -10.937469 4.927546
-12.964270 4.901812 -12.749863 4.736459
-14.913410 4.697363 -14.732538 4.525224
-17.004780 4.494630 -16.827736 4.318600
-19.224270 4.290984 -19.053541 4.094940
-21.564480 4.100217 -21.406895 3.889679
-23.969500 3.908970 -23.796337 3.684541
-26.461360 3.716343 -26.298771 3.476893
-28.997620 3.492898 -28.806412 3.254401
-31.515860 3.271990 -31.307409 3.028247
-34.026260 3.051261 -33.799847 2.808546
-36.533450 2.843137 -36.291981 2.587320
-39.049180 2.638855 -38.807220 2.369721
-41.538400 2.436154 -41.288006 2.155047
-44.015190 2.223683 -43.752022 1.943116
-46.483350 2.028253 -46.225052 1.734725
-48.933140 1.820295 -48.644272 1.511273
-51.328710 1.575304 -51.024857 1.255599
-53.701960 1.337479 -53.389450 1.014663
-56.038080 1.110756 -55.714294 0.784792
-58.330390 0.883063 -58.010994 0.553133
-60.536580 0.662366 -60.213715 0.318933
-62.620220 0.461718 -62.313747 0.099833
-64.570470 0.320188 -64.248398 -0.037967
-66.375630 0.255567 -66.041367 -0.112918
-67.990520 0.345560 -67.681000 -0.027109
-69.403760 0.611089 -69.111816 0.216501
-70.681710 1.080744 -70.331696 0.642561
-71.814190 1.753829 -71.481392 1.305466
-72.810710 2.601772 -72.505356 2.125854
-73.659320 3.554385 -73.378967 3.081623
-74.401710 4.718510 -74.146797 4.276031
-75.018160 6.110247 -74.783600 5.696224
-75.539300 7.706095 -75.309525 7.308481
-75.980690 9.486418 -75.764969 9.121332
-76.379030 11.414990 -76.166183 11.067087
-76.702710 13.494070 -76.495781 13.153492
-76.964630 15.687850 -76.775841 15.343080
-77.198810 17.993590 -77.030235 17.659363
-77.402440 20.301510 -77.250656 19.971411
-77.573400 22.614340 -77.446136 22.301647
-77.734200 24.898110 -77.609131 24.555922
-77.908780 27.180670 -77.782829 26.830276
-78.064690 29.440670 -77.938950 29.122955
-78.198100 31.701300 -78.060867 31.375296
-78.346240 34.000930 -78.199196 33.683590
-78.507180 36.347540 -78.347977 36.048893
-78.700400 38.735230 -78.534142 38.408222
-78.895930 41.194680 -78.725632 40.864616
-79.100340 43.724740 -78.931999 43.394360
-79.318630 46.299200 -79.136932 45.967052
-79.508610 48.902070 -79.317604 48.575203
-79.697420 51.529450 -79.487679 51.208946
-79.900390 54.113500 -79.664742 53.809952
-80.092730 56.670630 -79.845245 56.354763
-80.280860 59.213100 -80.008514 58.894241
-80.474010 61.695670 -80.196320 61.387367
-80.696040 64.136290 -80.412857 63.818470
-80.945180 66.559290 -80.658890 66.226295
-81.219160 68.948800 -80.924927 68.627563
-81.542260 71.291910 -81.225121 70.967659
-81.910890 73.584740 -81.555283 73.247757
-82.326990 75.851980 -81.932449 75.544472
-82.765640 78.069230 -82.344810 77.771744
-83.284090 80.280970 -82.844963 79.989250
-83.856430 82.430700 -83.403091 82.121635
-84.492780 84.584160 -84.044441 84.273590
-85.212300 86.715560 -84.759918 86.392799
-85.996320 88.820790 -85.543457 88.510185
-86.860390 90.918090 -86.404114 90.629280
-87.802500 93.003510 -87.325317 92.737877
-88.749010 95.068170 -88.237732 94.815170
-89.747960 97.163510 -89.207581 96.890945
-90.774930 99.219550 -90.235802 98.993851
-91.840000 101.277400 -91.283264 101.073997
-92.914780 103.296100 -92.337311 103.109390
-94.015070 105.267400 -93.426865 105.103371
-95.123350 107.187800 -94.498566 107.030502
-96.223200 109.067700 -95.549866 108.913109
-97.263380 110.813500 -96.577316 110.689735
-98.241750 112.423300 -97.532837 112.307518
-99.124850 113.865700 -98.407021 113.763550
-99.918840 115.113700 -99.207100 115.017235
-100.633200 116.204600 -99.896408 116.123711
-101.305600 117.126600 -100.528915 117.047066
-101.873900 117.899200 -101.094559 117.804749
-102.405300 118.508600 -101.598694 118.431442
-102.901800 118.981600 -102.070793 118.910568
-103.418300 119.366800 -102.550056 119.320801
-103.954800 119.734800 -103.052475 119.665192
-104.533600 120.029100 -103.604622 119.980087
-105.136200 120.256600 -104.172699 120.222275
-105.801600 120.452000 -104.762695 120.381302
-106.640800 120.599400 -105.562469 120.564041
-107.630100 120.643400 -106.491714 120.618164
-108.711300 120.530800 -107.529022 120.541023
-109.893600 120.252600 -108.726593 120.246300
-111.159800 119.776100 -110.023376 119.786102
-112.496700 119.062200 -111.340256 119.100761
-113.898700 118.106700 -112.743683 118.174072
-115.384500 116.988900 -114.179443 117.126221
-116.978000 115.737300 -115.763916 115.899574
-118.659900 114.366200 -117.461975 114.547195
-120.438900 112.893300 -119.264839 113.098289
-122.328200 111.322200 -121.157455 111.561768
-124.284900 109.650200 -123.175385 109.904160
-126.332000 107.913600 -125.251450 108.210922
-128.461900 106.101400 -127.385315 106.435593
-130.662300 104.214900 -129.630722 104.562744
-132.923400 102.303500 -131.881744 102.687927
-135.189200 100.390400 -134.160263 100.794006
-137.468500 98.469440 -136.446060 98.883698
-139.748000 96.546090 -138.703888 97.014305
-142.020800 94.620440 -140.961151 95.120071
-144.286200 92.690670 -143.181488 93.234726
-146.547500 90.774040 -145.412491 91.338669
-148.833300 88.871460 -147.691742 89.470467
-151.113400 86.978090 -149.944122 87.614044
-153.379000 85.085390 -152.194901 85.746765
-155.629200 83.206150 -154.432999 83.899055
-157.861400 81.326710 -156.642258 82.050873
-160.058500 79.464550 -158.805908 80.237541
-162.221300 77.608580 -160.970703 78.429062
-164.376700 75.774280 -163.134003 76.622536
-166.524800 73.967130 -165.274460 74.844826
-168.668400 72.191080 -167.380463 73.119370
-170.783100 70.468000 -169.468307 71.406860
-172.829900 68.807490 -171.501801 69.727066
-174.785600 67.216050 -173.449677 68.129562
-176.663800 65.684200 -175.343048 66.581787
-178.444800 64.197390 -177.123383 65.121475
-180.100300 62.765190 -178.814865 63.732151
-181.648600 61.419590 -180.392059 62.415970
-183.088500 60.110320 -181.864319 61.132732
-184.404500 58.801210 -183.171143 59.865650
-185.549500 57.458340 -184.310013 58.551449
-186.455000 56.066080 -185.218628 57.229568
-187.120600 54.647590 -185.879044 55.853458
-187.525600 53.213090 -186.278793 54.525410
-187.748500 51.772320 -186.551559 53.089550
-187.716500 50.330420 -186.548721 51.654419
-187.519800 48.954720 -186.344818 50.290970
-187.091900 47.667580 -185.949554 49.011776
-186.478200 46.430560 -185.390900 47.764553
-185.743700 45.217520 -184.655884 46.548203
-184.898100 44.044150 -183.813446 45.384758
-183.968900 42.858990 -182.894455 44.204117
-182.972800 41.628580 -181.898071 42.970543
-181.887200 40.344680 -180.840729 41.667564
-180.726700 38.951790 -179.706512 40.275017
-179.492700 37.459110 -178.493484 38.789688
-178.162100 35.849180 -177.173615 37.143196
-176.710600 34.142700 -175.744232 35.389687
-175.171800 32.296660 -174.238800 33.531784
-173.559000 30.363270 -172.644989 31.566635
-171.867000 28.346750 -170.983231 29.505524
-170.123400 26.259270 -169.294769 27.387589
-168.337100 24.097840 -167.528336 25.209229
-166.581500 21.908660 -165.781616 22.979347
-164.835100 19.714670 -164.028595 20.786629
-163.104500 17.573870 -162.271545 18.592224
-161.377300 15.429150 -160.566971 16.457924
-159.682200 13.303470 -158.873627 14.326515
-158.088000 11.153610 -157.274658 12.179932
-156.652500 8.940913 -155.831573 9.946289
-155.433700 6.640524 -154.603333 7.623089
-154.451100 4.275819 -153.610443 5.219547
-153.690900 1.836084 -152.845490 2.758984
-153.116700 -0.684920 -152.279114 0.227581
-152.659200 -3.301845 -151.828598 -2.406605
-152.323800 -6.003442 -151.508957 -5.092392
-152.034900 -8.818435 -151.239502 -7.894648
-151.705400 -11.696490 -150.933014 -10.792555
-151.368100 -14.689410 -150.607849 -13.779710
-151.018300 -17.760610 -150.281647 -16.837162
-150.658400 -20.884570 -149.932434 -19.967712
-150.317300 -24.039630 -149.616196 -23.123993
-149.995500 -27.198720 -149.303055 -26.286213
-149.688200 -30.326210 -149.009537 -29.412663
-149.392500 -33.448800 -148.725052 -32.515205
-149.124700 -36.525700 -148.468079 -35.606342
-148.881400 -39.588890 -148.233780 -38.664295
-148.663600 -42.621440 -148.039383 -41.705498
-148.444100 -45.622170 -147.848846 -44.715607
-148.225800 -48.590750 -147.667847 -47.679253
-148.013500 -51.538440 -147.488861 -50.633999
-147.797700 -54.448530 -147.297424 -53.568626
-147.579700 -57.330200 -147.083237 -56.452545
-147.341500 -60.171640 -146.857498 -59.295387
-147.099100 -62.956470 -146.637070 -62.078407
-146.873600 -65.641890 -146.429611 -64.766945
-146.684200 -68.188960 -146.272141 -67.317078
-146.575000 -70.550950 -146.192673 -69.688087
-146.515200 -72.689370 -146.169739 -71.844551
-146.496000 -74.588600 -146.184189 -73.749634
-146.520100 -76.249210 -146.222336 -75.393333
-146.562400 -77.644470 -146.263718 -76.803154
-146.614700 -78.752900 -146.312088 -77.937637
-146.644400 -79.571930 -146.311615 -78.769279
-146.661300 -80.195760 -146.306000 -79.410370
-146.655800 -80.746170 -146.307236 -79.991394
-146.626400 -81.202170 -146.297684 -80.470016
-146.606400 -81.580050 -146.265930 -80.860107
-146.554400 -81.887990 -146.247070 -81.184784
-146.509800 -82.072680 -146.209198 -81.367897
-146.481300 -82.147900 -146.177780 -81.439171
-146.467500 -82.144490 -146.209106 -81.414932
-146.474300 -82.148460 -146.180984 -81.446777
-146.483700 -82.145920 -146.159775 -81.450623
-146.487400 -82.144780 -146.183731 -81.456154
-146.492900 -82.150980 -146.204239 -81.388039
-146.495200 -82.155360 -146.201385 -81.386909
-146.494300 -82.156570 -146.201782 -81.386147
-146.487800 -82.148430 -146.199219 -81.383514
-146.487300 -82.140910 -146.202728 -81.387672
-146.486500 -82.135050 -146.202011 -81.389938
-146.488100 -82.132520 -146.190811 -81.385147
-146.489000 -82.133460 -146.205414 -81.386513
-146.484700 -82.133480 -146.202499 -81.383743
-146.484900 -82.133510 -146.203506 -81.385414
-146.480100 -82.133670 -146.197647 -81.385574
-146.472100 -82.131890 -146.198273 -81.384888
-146.477500 -82.133220 -146.202362 -81.384094
-146.525000 -82.162010 -146.205063 -81.387207
-146.565900 -82.217300 -146.195358 -81.408676
-146.590600 -82.310130 -146.168823 -81.475601
-146.581800 -82.426170 -146.110001 -81.571487
-146.551800 -82.574220 -146.073303 -81.707527
-146.475900 -82.778480 -145.982819 -81.893188
-146.351300 -83.116710 -145.845200 -82.216858
-146.156300 -83.574440 -145.632401 -82.644638
-145.879500 -84.106160 -145.339584 -83.202568
-145.491300 -84.682600 -145.048248 -83.618011
-144.895700 -85.318510 -144.522491 -84.227211
-144.077500 -86.065360 -143.729660 -84.970596
-142.947400 -86.840620 -142.535553 -85.722992
-141.509200 -87.543350 -141.071960 -86.448654
-139.798500 -88.087580 -139.329742 -86.967125
-137.828100 -88.433330 -137.339905 -87.294739
-135.614800 -88.607530 -135.104691 -87.449684
-133.180100 -88.696560 -132.673126 -87.535385
-130.552000 -88.680490 -130.041199 -87.491150
-127.723900 -88.575690 -127.189125 -87.375999
-124.683500 -88.464330 -124.180305 -87.247620
-121.460200 -88.294280 -120.963913 -87.089317
-118.086600 -88.040550 -117.595924 -86.855453
-114.579400 -87.745070 -114.090897 -86.579941
-110.975100 -87.438680 -110.517944 -86.305862
-107.385700 -87.146760 -106.948891 -86.041290
-103.821100 -86.859660 -103.375984 -85.781960
-100.261700 -86.572000 -99.817322 -85.534576
-96.736140 -86.293870 -96.275429 -85.297081
-93.228880 -86.017520 -92.724190 -85.041344
-89.760830 -85.757500 -89.259171 -84.804474
-86.314280 -85.511300 -85.800209 -84.580177
-82.904810 -85.266650 -82.378448 -84.356903
-79.525840 -84.982830 -78.985085 -84.090454
-76.174850 -84.684980 -75.627441 -83.802666
-72.849640 -84.375480 -72.304657 -83.503960
-69.556400 -84.051650 -69.004776 -83.193558
-66.269780 -83.744240 -65.726112 -82.908295
-62.988460 -83.463860 -62.454552 -82.649788
-59.725320 -83.192290 -59.217842 -82.412224
-56.511930 -82.928720 -55.989594 -82.185120
-53.287950 -82.677770 -52.768047 -81.977188
-50.102380 -82.423820 -49.542500 -81.775406
-46.961330 -82.161740 -46.348576 -81.544350
-43.795000 -81.913070 -43.156258 -81.337387
-40.605850 -81.669580 -39.981644 -81.119141
-37.446990 -81.429200 -36.854359 -80.883179
-34.324130 -81.178460 -33.705383 -80.651665
-31.234230 -80.938930 -30.607662 -80.443214
-28.164850 -80.719500 -27.533707 -80.221786
-25.130870 -80.512870 -24.461718 -80.009537
-22.128140 -80.313820 -21.446373 -79.814316
-19.203440 -80.118030 -18.522322 -79.621536
-16.439970 -79.929640 -15.740271 -79.448578
-13.862420 -79.730950 -13.143078 -79.288078
-11.471000 -79.505250 -10.747948 -79.084572
-9.267307 -79.258710 -8.536151 -78.861588
-7.272311 -78.940490 -6.542362 -78.576675
-5.472914 -78.549550 -4.766163 -78.214386
-3.867830 -78.086270 -3.124060 -77.760963
-2.385605 -77.503960 -1.671864 -77.214256
-1.027851 -76.800120 -0.330296 -76.548820
0.166806 -75.911920 0.835472 -75.723869
1.182030 -74.883010 1.843582 -74.762756
1.977241 -73.709730 2.684238 -73.625534
2.625592 -72.432540 3.320568 -72.347321
3.046312 -71.053430 3.744114 -70.981712
3.332790 -69.610070 4.006393 -69.565010
3.505748 -68.096830 4.170422 -68.091263
3.623078 -66.505600 4.290671 -66.513298
3.673887 -64.790020 4.338948 -64.800842
3.664022 -62.925430 4.336492 -62.954193
3.591227 -60.915700 4.260561 -60.946655
3.485568 -58.760380 4.163963 -58.785614
3.375737 -56.493750 4.050261 -56.509289
3.243097 -54.203520 3.909469 -54.225040
3.069795 -51.907210 3.754802 -51.939072
2.871709 -49.612280 3.567399 -49.645870
2.690256 -47.318710 3.387197 -47.357174
2.514617 -45.039680 3.200563 -45.076225
2.336487 -42.787040 3.027769 -42.815811
2.176053 -40.574230 2.848677 -40.579964
2.023801 -38.441270 2.698125 -38.435127
1.895520 -36.414710 2.554789 -36.402420
1.766675 -34.458180 2.418193 -34.451118
1.645582 -32.544470 2.290506 -32.528091
1.524724 -30.674470 2.146633 -30.653410
1.412389 -28.840280 2.017030 -28.799219
1.305986 -27.028700 1.889370 -26.979818
1.191105 -25.239530 1.752962 -25.183285
1.067365 -23.476920 1.596027 -23.415661
0.934574 -21.765460 1.439038 -21.696396
0.802905 -20.140230 1.286886 -20.065563
0.699503 -18.615910 1.159531 -18.554800
0.601767 -17.196320 1.043039 -17.125582
0.507341 -15.885810 0.948779 -15.827721
0.417035 -14.726660 0.857068 -14.655861
0.351258 -13.760620 0.789325 -13.686354
0.299516 -12.930350 0.726705 -12.853682
0.263868 -12.153000 0.676441 -12.068546
0.238575 -11.391050 0.621715 -11.312498
0.198165 -10.644890 0.571180 -10.568629
0.151201 -9.907869 0.514893 -9.835572
0.091011 -9.183499 0.428582 -9.126179
0.016860 -8.476707 0.321003 -8.415388
-0.070862 -7.778389 0.235190 -7.730160
-0.158415 -7.094030 0.150403 -7.044440
-0.234301 -6.412690 0.078325 -6.368349
-0.307917 -5.742297 0.018647 -5.688376
-0.360353 -5.068979 -0.044022 -5.026851
-0.401589 -4.328040 -0.094294 -4.284595
-0.431289 -3.483170 -0.136615 -3.439520
-0.464543 -2.555900 -0.175643 -2.525388
-0.487938 -1.556277 -0.211152 -1.515779
-0.499710 -0.485171 -0.239598 -0.437993
-0.511556 0.679747 -0.282061 0.722153
-0.388368 1.890361 -0.238377 1.910467
-0.387786 3.050660 -0.306492 3.040625
-0.473375 4.175334 -0.429676 4.150195
-0.669462 5.262875 -0.671203 5.223114
-0.929674 6.291946 -0.956694 6.180492
-1.229340 7.289411 -1.269675 7.169099
-1.438607 8.249384 -1.497523 8.134421
-1.565470 8.946937 -1.635281 8.846558
-1.615795 9.324632 -1.684824 9.227666
-1.635852 9.404838 -1.697793 9.309132
-1.640332 9.376167 -1.694443 9.289178
-1.643540 9.371050 -1.695801 9.292555
