0 0.000269 0.039100 100.000000 12.195122
0 0.000144 0.030090 200.000000 15.384615
0 0.000113 0.031394 300.000000 17.543859
0 0.000082 0.033540 400.000000 19.138756
0 0.000048 0.033232 500.000000 20.325203
0 0.000029 0.032288 600.000000 21.126760
0 0.000023 0.031335 700.000000 21.806854
0 0.000020 0.030469 800.000000 22.284122
10 0.000246 0.038509 100.000000 12.987013
10 0.000141 0.029416 200.000000 16.129032
10 0.000108 0.031036 300.000000 18.181818
10 0.000074 0.032967 400.000000 19.704433
10 0.000038 0.032482 500.000000 20.833334
10 0.000024 0.031389 600.000000 21.582733
10 0.000018 0.030406 700.000000 22.222221
10 0.000014 0.029450 800.000000 22.662889
20 0.000228 0.034638 100.000000 13.888889
20 0.000128 0.026459 200.000000 16.949152
20 0.000103 0.028681 300.000000 18.867924
20 0.000065 0.030620 400.000000 20.304569
20 0.000030 0.029964 500.000000 21.367521
20 0.000020 0.028803 600.000000 22.140221
20 0.000016 0.027905 700.000000 22.653721
20 0.000010 0.026915 800.000000 23.121387
30 0.000214 0.029031 100.000000 14.925373
30 0.000112 0.022686 200.000000 17.857143
30 0.000089 0.025628 300.000000 19.607843
30 0.000058 0.027128 400.000000 21.052631
30 0.000025 0.026487 500.000000 22.026432
30 0.000014 0.025596 600.000000 22.641510
30 0.000012 0.024599 700.000000 23.178808
30 0.000008 0.023754 800.000000 23.529411
40 0.000157 0.021207 100.000000 16.129032
40 0.000085 0.016991 200.000000 18.867924
40 0.000070 0.020666 300.000000 20.408163
40 0.000045 0.021750 400.000000 21.739130
40 0.000020 0.021009 500.000000 22.624434
40 0.000014 0.020287 600.000000 23.166023
40 0.000012 0.019255 700.000000 23.648649
40 0.000014 0.018589 800.000000 23.952095
50 0.000106 0.012244 100.000000 17.241379
50 0.000063 0.013467 200.000000 19.801981
50 0.000058 0.016845 300.000000 21.276596
50 0.000036 0.017389 400.000000 22.471910
50 0.000026 0.016525 500.000000 23.148148
50 0.000019 0.016146 600.000000 23.715416
50 0.000016 0.015187 700.000000 24.054983
50 0.000021 0.014692 800.000000 24.316109
60 0.000063 0.007865 100.000000 18.518518
60 0.000052 0.013985 200.000000 20.618557
60 0.000049 0.016798 300.000000 21.897810
60 0.000031 0.015895 400.000000 22.988506
60 0.000030 0.015083 500.000000 23.696682
60 0.000024 0.014673 600.000000 24.096386
60 0.000019 0.013872 700.000000 24.475525
60 0.000028 0.013408 800.000000 24.691359
70 0.000031 0.011016 100.000000 19.230770
70 0.000055 0.016382 200.000000 21.276596
70 0.000046 0.017827 300.000000 22.556391
70 0.000027 0.016145 400.000000 23.529411
70 0.000034 0.015069 500.000000 24.154589
70 0.000027 0.014759 600.000000 24.489796
70 0.000021 0.013897 700.000000 24.822695
70 0.000032 0.013410 800.000000 25.000000
80 0.000033 0.015386 100.000000 20.408163
80 0.000048 0.017994 200.000000 21.978022
80 0.000039 0.018836 300.000000 23.255814
80 0.000028 0.015996 400.000000 24.096386
80 0.000032 0.015139 500.000000 24.509804
80 0.000026 0.014661 600.000000 24.896265
80 0.000025 0.013848 700.000000 25.089605
80 0.000037 0.013407 800.000000 25.316456
90 0.000037 0.018198 100.000000 21.276596
90 0.000055 0.019478 200.000000 22.471910
90 0.000028 0.019117 300.000000 23.809525
90 0.000031 0.016199 400.000000 24.539877
90 0.000029 0.015483 500.000000 24.875622
90 0.000027 0.014817 600.000000 25.210085
90 0.000028 0.013936 700.000000 25.362318
90 0.000039 0.013508 800.000000 25.477707
100 0.000041 0.020347 100.000000 21.739130
100 0.000046 0.019582 200.000000 23.255814
100 0.000035 0.017711 300.000000 24.390244
100 0.000043 0.015323 400.000000 24.844721
100 0.000036 0.015037 500.000000 25.252525
100 0.000029 0.014505 600.000000 25.423729
100 0.000036 0.014070 700.000000 25.547445
100 0.000042 0.013767 800.000000 25.723473
110 0.000041 0.022141 100.000000 22.222221
110 0.000040 0.019994 200.000000 23.809525
110 0.000031 0.017073 300.000000 24.793388
110 0.000046 0.015255 400.000000 25.157232
110 0.000038 0.015110 500.000000 25.510204
110 0.000029 0.014396 600.000000 25.641026
110 0.000038 0.014108 700.000000 25.830257
110 0.000041 0.013790 800.000000 25.889967
120 0.000079 0.022157 100.000000 22.727272
120 0.000054 0.021016 200.000000 24.096386
120 0.000033 0.017198 300.000000 25.210085
120 0.000044 0.015659 400.000000 25.477707
120 0.000033 0.015117 500.000000 25.773195
120 0.000026 0.014181 600.000000 25.862068
120 0.000039 0.013696 700.000000 25.925926
120 0.000038 0.013022 800.000000 25.974026
130 0.000071 0.020436 100.000000 23.255814
130 0.000040 0.020416 200.000000 24.691359
130 0.000030 0.016246 300.000000 25.423729
130 0.000037 0.015141 400.000000 25.641026
130 0.000032 0.014632 500.000000 25.906736
130 0.000031 0.013648 600.000000 25.974026
130 0.000045 0.013274 700.000000 26.119404
130 0.000040 0.012977 800.000000 26.143791
140 0.000059 0.019002 100.000000 23.809525
140 0.000041 0.017891 200.000000 25.000000
140 0.000046 0.014588 300.000000 25.641026
140 0.000042 0.014094 400.000000 25.974026
140 0.000036 0.013908 500.000000 26.041666
140 0.000039 0.013272 600.000000 26.086956
140 0.000048 0.013189 700.000000 26.217228
140 0.000047 0.013442 800.000000 26.229507
150 0.000059 0.019575 100.000000 23.809525
150 0.000037 0.016184 200.000000 25.641026
150 0.000058 0.013747 300.000000 25.862068
150 0.000047 0.013973 400.000000 26.143791
150 0.000035 0.013380 500.000000 26.178011
150 0.000043 0.013327 600.000000 26.200872
150 0.000048 0.013144 700.000000 26.315790
150 0.000048 0.013604 800.000000 26.315790
160 0.000047 0.018055 100.000000 25.000000
160 0.000048 0.013802 200.000000 25.974026
160 0.000069 0.012926 300.000000 26.086956
160 0.000053 0.013379 400.000000 26.315790
160 0.000039 0.013238 500.000000 26.315790
160 0.000052 0.013475 600.000000 26.315790
160 0.000050 0.013889 700.000000 26.415094
160 0.000052 0.014627 800.000000 26.402639
170 0.000043 0.019632 100.000000 25.641026
170 0.000063 0.013206 200.000000 26.315790
170 0.000068 0.013092 300.000000 26.315790
170 0.000052 0.013675 400.000000 26.315790
170 0.000046 0.013331 500.000000 26.455027
170 0.000059 0.013820 600.000000 26.431719
170 0.000053 0.014698 700.000000 26.415094
170 0.000054 0.015411 800.000000 26.490067
180 0.000055 0.016933 100.000000 25.641026
180 0.000080 0.012606 200.000000 26.315790
180 0.000067 0.013322 300.000000 26.548672
180 0.000053 0.013908 400.000000 26.490067
180 0.000055 0.013718 500.000000 26.455027
180 0.000063 0.014449 600.000000 26.548672
180 0.000058 0.015509 700.000000 26.515152
180 0.000055 0.016495 800.000000 26.490067
190 0.000066 0.013434 100.000000 26.315790
190 0.000096 0.011528 200.000000 26.315790
190 0.000070 0.013189 300.000000 26.548672
190 0.000049 0.013343 400.000000 26.490067
190 0.000056 0.013750 500.000000 26.455027
190 0.000060 0.014310 600.000000 26.548672
190 0.000058 0.015406 700.000000 26.515152
190 0.000055 0.016610 800.000000 26.490067
200 0.000095 0.011056 100.000000 26.315790
200 0.000103 0.011626 200.000000 26.315790
200 0.000072 0.013060 300.000000 26.548672
200 0.000051 0.013386 400.000000 26.490067
200 0.000063 0.013798 500.000000 26.455027
200 0.000060 0.014762 600.000000 26.431719
200 0.000060 0.015709 700.000000 26.515152
200 0.000054 0.017213 800.000000 26.402639
210 0.000109 0.009107 100.000000 25.641026
210 0.000085 0.010578 200.000000 26.315790
210 0.000063 0.012022 300.000000 26.315790
210 0.000054 0.011763 400.000000 26.490067
210 0.000068 0.012543 500.000000 26.455027
210 0.000059 0.013606 600.000000 26.431719
210 0.000059 0.014536 700.000000 26.415094
210 0.000054 0.015991 800.000000 26.402639
220 0.000116 0.010916 100.000000 25.641026
220 0.000068 0.012233 200.000000 26.315790
220 0.000048 0.012409 300.000000 26.315790
220 0.000053 0.012197 400.000000 26.315790
220 0.000062 0.012128 500.000000 26.455027
220 0.000056 0.012643 600.000000 26.431719
220 0.000055 0.013194 700.000000 26.415094
220 0.000049 0.014774 800.000000 26.315790
230 0.000132 0.011105 100.000000 25.641026
230 0.000076 0.012893 200.000000 26.315790
230 0.000047 0.012326 300.000000 26.315790
230 0.000059 0.012410 400.000000 26.315790
230 0.000059 0.012202 500.000000 26.455027
230 0.000058 0.012730 600.000000 26.431719
230 0.000055 0.013481 700.000000 26.415094
230 0.000048 0.015161 800.000000 26.315790
240 0.000103 0.013182 100.000000 25.641026
240 0.000052 0.013623 200.000000 25.974026
240 0.000035 0.012546 300.000000 26.315790
240 0.000059 0.012175 400.000000 26.315790
240 0.000052 0.011524 500.000000 26.315790
240 0.000054 0.010951 600.000000 26.431719
240 0.000048 0.011709 700.000000 26.315790
240 0.000039 0.013170 800.000000 26.229507
250 0.000040 0.015534 100.000000 25.641026
250 0.000034 0.015051 200.000000 25.974026
250 0.000033 0.013610 300.000000 26.315790
250 0.000057 0.012772 400.000000 26.315790
250 0.000049 0.011620 500.000000 26.315790
250 0.000049 0.010384 600.000000 26.315790
250 0.000044 0.010703 700.000000 26.315790
250 0.000035 0.012010 800.000000 26.229507
260 0.000025 0.017969 100.000000 25.641026
260 0.000014 0.016011 200.000000 25.974026
260 0.000034 0.015408 300.000000 26.315790
260 0.000045 0.013306 400.000000 26.315790
260 0.000043 0.011920 500.000000 26.315790
260 0.000044 0.010162 600.000000 26.315790
260 0.000039 0.010592 700.000000 26.315790
260 0.000029 0.011492 800.000000 26.143791
270 0.000027 0.018503 100.000000 25.641026
270 0.000016 0.016846 200.000000 25.974026
270 0.000036 0.016180 300.000000 26.315790
270 0.000039 0.013426 400.000000 26.315790
270 0.000042 0.011564 500.000000 26.315790
270 0.000041 0.010017 600.000000 26.315790
270 0.000034 0.010422 700.000000 26.217228
270 0.000031 0.011086 800.000000 26.143791
280 0.000023 0.018111 100.000000 25.641026
280 0.000016 0.016473 200.000000 25.974026
280 0.000049 0.015553 300.000000 26.315790
280 0.000042 0.013076 400.000000 26.315790
280 0.000045 0.010817 500.000000 26.315790
280 0.000041 0.010077 600.000000 26.315790
280 0.000031 0.010721 700.000000 26.217228
280 0.000027 0.011360 800.000000 26.058632
290 0.000019 0.016442 100.000000 25.641026
290 0.000037 0.015003 200.000000 25.974026
290 0.000060 0.013272 300.000000 26.315790
290 0.000050 0.011434 400.000000 26.315790
290 0.000049 0.009521 500.000000 26.315790
290 0.000043 0.009830 600.000000 26.200872
290 0.000034 0.010874 700.000000 26.119404
290 0.000029 0.011729 800.000000 26.058632
300 0.000008 0.014797 100.000000 25.641026
300 0.000042 0.015207 200.000000 25.974026
300 0.000054 0.012013 300.000000 26.315790
300 0.000052 0.010677 400.000000 26.315790
300 0.000049 0.009066 500.000000 26.315790
300 0.000043 0.009923 600.000000 26.200872
300 0.000032 0.011036 700.000000 26.119404
300 0.000027 0.011565 800.000000 26.058632
310 0.000018 0.015913 100.000000 25.641026
310 0.000053 0.015523 200.000000 25.974026
310 0.000049 0.012296 300.000000 26.086956
310 0.000051 0.010450 400.000000 26.315790
310 0.000045 0.009232 500.000000 26.178011
310 0.000036 0.010063 600.000000 26.200872
310 0.000034 0.011158 700.000000 26.022305
310 0.000026 0.011450 800.000000 26.058632
320 0.000022 0.015181 100.000000 25.641026
320 0.000074 0.013906 200.000000 25.974026
320 0.000055 0.011315 300.000000 26.086956
320 0.000057 0.009037 400.000000 26.315790
320 0.000048 0.008987 500.000000 26.178011
320 0.000037 0.010431 600.000000 26.086956
320 0.000033 0.011283 700.000000 26.022305
320 0.000022 0.011685 800.000000 26.058632
330 0.000063 0.014992 100.000000 25.641026
330 0.000078 0.012257 200.000000 25.974026
330 0.000065 0.010524 300.000000 26.086956
330 0.000058 0.008784 400.000000 26.143791
330 0.000049 0.009647 500.000000 26.178011
330 0.000036 0.010873 600.000000 26.086956
330 0.000031 0.011652 700.000000 26.022305
330 0.000021 0.012146 800.000000 26.058632
340 0.000084 0.015656 100.000000 25.641026
340 0.000084 0.010874 200.000000 25.974026
340 0.000069 0.009735 300.000000 26.086956
340 0.000063 0.009006 400.000000 26.143791
340 0.000052 0.010392 500.000000 26.178011
340 0.000039 0.011932 600.000000 25.974026
340 0.000030 0.012499 700.000000 26.022305
340 0.000022 0.012875 800.000000 26.058632
350 0.000117 0.014436 100.000000 25.641026
350 0.000081 0.010822 200.000000 25.974026
350 0.000076 0.009293 300.000000 26.086956
350 0.000059 0.009570 400.000000 26.143791
350 0.000044 0.011141 500.000000 26.041666
350 0.000041 0.012431 600.000000 25.974026
350 0.000029 0.012797 700.000000 25.925926
350 0.000019 0.012812 800.000000 26.143791
360 0.000131 0.014295 100.000000 25.641026
360 0.000072 0.011076 200.000000 25.974026
360 0.000069 0.008595 300.000000 26.086956
360 0.000055 0.008805 400.000000 26.143791
360 0.000040 0.010669 500.000000 26.041666
360 0.000032 0.011550 600.000000 25.862068
360 0.000021 0.012039 700.000000 26.022305
360 0.000018 0.011802 800.000000 26.143791
370 0.000099 0.012648 100.000000 25.641026
370 0.000065 0.010996 200.000000 25.974026
370 0.000058 0.008662 300.000000 26.086956
370 0.000046 0.009580 400.000000 25.974026
370 0.000031 0.010896 500.000000 25.906736
370 0.000026 0.011444 600.000000 25.862068
370 0.000015 0.011818 700.000000 26.022305
370 0.000013 0.011615 800.000000 26.143791
380 0.000064 0.010926 100.000000 25.641026
380 0.000058 0.010172 200.000000 25.974026
380 0.000051 0.008425 300.000000 26.086956
380 0.000039 0.009544 400.000000 25.974026
380 0.000029 0.010986 500.000000 25.906736
380 0.000021 0.011185 600.000000 25.862068
380 0.000013 0.011764 700.000000 26.022305
380 0.000012 0.011493 800.000000 26.143791
390 0.000032 0.013744 100.000000 25.641026
390 0.000051 0.011618 200.000000 25.974026
390 0.000036 0.010728 300.000000 26.086956
390 0.000023 0.011575 400.000000 25.974026
390 0.000022 0.012674 500.000000 25.773195
390 0.000014 0.012650 600.000000 25.862068
390 0.000009 0.013122 700.000000 26.022305
390 0.000009 0.013217 800.000000 26.143791
400 0.000026 0.015528 100.000000 25.641026
400 0.000041 0.012719 200.000000 25.974026
400 0.000031 0.012086 300.000000 25.862068
400 0.000019 0.013165 400.000000 25.806452
400 0.000015 0.013657 500.000000 25.773195
400 0.000012 0.014201 600.000000 25.862068
400 0.000011 0.014443 700.000000 26.119404
400 0.000010 0.014964 800.000000 26.229507
410 0.000040 0.015148 100.000000 25.641026
410 0.000040 0.011849 200.000000 25.974026
410 0.000032 0.012463 300.000000 25.862068
410 0.000017 0.013541 400.000000 25.806452
410 0.000014 0.013751 500.000000 25.773195
410 0.000010 0.014407 600.000000 25.974026
410 0.000012 0.014591 700.000000 26.119404
410 0.000009 0.015303 800.000000 26.229507
420 0.000057 0.013176 100.000000 25.641026
420 0.000045 0.010982 200.000000 25.641026
420 0.000029 0.011881 300.000000 25.862068
420 0.000026 0.013467 400.000000 25.641026
420 0.000016 0.013583 500.000000 25.773195
420 0.000010 0.014410 600.000000 25.974026
420 0.000012 0.014395 700.000000 26.119404
420 0.000011 0.015414 800.000000 26.143791
430 0.000063 0.011683 100.000000 25.641026
430 0.000040 0.011726 200.000000 25.641026
430 0.000022 0.013231 300.000000 25.641026
430 0.000021 0.014389 400.000000 25.641026
430 0.000014 0.014543 500.000000 25.773195
430 0.000013 0.015053 600.000000 25.974026
430 0.000013 0.015490 700.000000 26.119404
430 0.000011 0.016206 800.000000 26.143791
440 0.000044 0.012085 100.000000 25.641026
440 0.000031 0.012981 200.000000 25.641026
440 0.000015 0.014682 300.000000 25.641026
440 0.000015 0.015511 400.000000 25.641026
440 0.000015 0.016206 500.000000 25.773195
440 0.000014 0.016626 600.000000 26.086956
440 0.000012 0.017393 700.000000 26.119404
440 0.000011 0.017618 800.000000 26.143791
450 0.000040 0.012244 100.000000 25.000000
450 0.000027 0.014164 200.000000 25.641026
450 0.000014 0.015948 300.000000 25.641026
450 0.000013 0.016145 400.000000 25.641026
450 0.000016 0.017129 500.000000 25.773195
450 0.000017 0.017382 600.000000 26.086956
450 0.000010 0.018427 700.000000 26.119404
450 0.000011 0.018233 800.000000 26.058632
460 0.000028 0.013333 100.000000 25.000000
460 0.000016 0.015669 200.000000 25.316456
460 0.000019 0.017538 300.000000 25.423729
460 0.000014 0.017426 400.000000 25.641026
460 0.000018 0.018312 500.000000 25.906736
460 0.000019 0.018491 600.000000 26.086956
460 0.000010 0.019583 700.000000 26.119404
460 0.000010 0.018983 800.000000 25.974026
470 0.000014 0.017339 100.000000 25.000000
470 0.000015 0.019501 200.000000 25.316456
470 0.000014 0.020010 300.000000 25.423729
470 0.000021 0.020060 400.000000 25.641026
470 0.000022 0.020723 500.000000 25.906736
470 0.000020 0.021202 600.000000 26.086956
470 0.000009 0.021775 700.000000 26.119404
470 0.000010 0.021098 800.000000 25.889967
480 0.000028 0.018652 100.000000 25.000000
480 0.000018 0.019698 200.000000 25.316456
480 0.000021 0.019964 300.000000 25.423729
480 0.000024 0.020409 400.000000 25.641026
480 0.000021 0.020694 500.000000 26.041666
480 0.000017 0.021502 600.000000 26.086956
480 0.000009 0.021378 700.000000 26.119404
480 0.000009 0.020550 800.000000 25.806452
490 0.000014 0.020645 100.000000 25.000000
490 0.000022 0.021807 200.000000 25.316456
490 0.000021 0.021212 300.000000 25.423729
490 0.000026 0.021731 400.000000 25.806452
490 0.000024 0.021822 500.000000 26.041666
490 0.000013 0.022832 600.000000 26.200872
490 0.000009 0.022346 700.000000 26.022305
490 0.000011 0.021309 800.000000 25.723473
500 0.000017 0.021095 100.000000 25.000000
500 0.000023 0.022574 200.000000 25.000000
500 0.000017 0.021462 300.000000 25.423729
500 0.000027 0.021945 400.000000 25.806452
500 0.000025 0.021995 500.000000 26.041666
500 0.000010 0.022856 600.000000 26.200872
500 0.000009 0.022008 700.000000 25.925926
500 0.000009 0.021071 800.000000 25.559105
510 0.000039 0.023126 100.000000 25.000000
510 0.000021 0.022689 200.000000 25.000000
510 0.000031 0.022332 300.000000 25.423729
510 0.000029 0.022586 400.000000 25.974026
510 0.000028 0.022947 500.000000 26.178011
510 0.000009 0.023577 600.000000 26.086956
510 0.000010 0.022600 700.000000 25.830257
510 0.000011 0.021325 800.000000 25.396826
520 0.000055 0.022846 100.000000 24.390244
520 0.000031 0.022089 200.000000 25.000000
520 0.000035 0.022383 300.000000 25.641026
520 0.000031 0.022860 400.000000 25.974026
520 0.000022 0.023683 500.000000 26.178011
520 0.000010 0.023437 600.000000 26.086956
520 0.000010 0.022367 700.000000 25.735294
520 0.000012 0.021231 800.000000 25.236593
530 0.000048 0.024642 100.000000 24.390244
530 0.000038 0.022692 200.000000 25.000000
530 0.000038 0.023490 300.000000 25.641026
530 0.000034 0.023531 400.000000 25.974026
530 0.000017 0.024678 500.000000 26.178011
530 0.000009 0.023785 600.000000 26.086956
530 0.000012 0.022631 700.000000 25.641026
530 0.000014 0.021535 800.000000 25.078369
540 0.000032 0.023585 100.000000 24.390244
540 0.000013 0.020970 200.000000 25.316456
540 0.000031 0.021420 300.000000 25.862068
540 0.000027 0.021377 400.000000 26.143791
540 0.000009 0.022434 500.000000 26.178011
540 0.000012 0.021221 600.000000 25.974026
540 0.000012 0.020199 700.000000 25.454546
540 0.000014 0.019084 800.000000 24.844721
550 0.000005 0.021199 100.000000 24.390244
550 0.000033 0.021233 200.000000 25.316456
550 0.000029 0.021431 300.000000 26.086956
550 0.000028 0.021943 400.000000 26.315790
550 0.000014 0.022530 500.000000 26.178011
550 0.000013 0.021308 600.000000 25.862068
550 0.000013 0.019903 700.000000 25.362318
550 0.000016 0.019126 800.000000 24.464832
560 0.000010 0.020603 100.000000 24.390244
560 0.000034 0.020734 200.000000 25.641026
560 0.000029 0.021091 300.000000 26.086956
560 0.000019 0.022059 400.000000 26.315790
560 0.000015 0.021572 500.000000 26.178011
560 0.000014 0.020278 600.000000 25.751074
560 0.000015 0.019047 700.000000 25.179855
560 0.000018 0.018280 800.000000 24.024025
570 0.000033 0.018977 100.000000 25.000000
570 0.000039 0.021062 200.000000 25.974026
570 0.000035 0.021201 300.000000 26.315790
570 0.000015 0.022899 400.000000 26.315790
570 0.000014 0.021622 500.000000 26.178011
570 0.000015 0.020382 600.000000 25.641026
570 0.000015 0.019178 700.000000 25.000000
570 0.000021 0.018384 800.000000 23.598820
580 0.000045 0.020621 100.000000 25.000000
580 0.000055 0.022374 200.000000 25.974026
580 0.000044 0.022789 300.000000 26.315790
580 0.000014 0.023971 400.000000 26.490067
580 0.000018 0.022586 500.000000 26.041666
580 0.000018 0.021322 600.000000 25.531916
580 0.000018 0.020161 700.000000 24.734982
580 0.000026 0.018886 800.000000 23.054754
590 0.000066 0.021192 100.000000 25.641026
590 0.000039 0.021932 200.000000 26.315790
590 0.000038 0.022506 300.000000 26.548672
590 0.000018 0.022973 400.000000 26.315790
590 0.000017 0.021320 500.000000 26.041666
590 0.000016 0.019702 600.000000 25.316456
590 0.000020 0.018819 700.000000 24.305555
590 0.000028 0.016615 800.000000 22.662889
600 0.000061 0.021878 100.000000 25.641026
600 0.000041 0.021903 200.000000 26.315790
600 0.000022 0.023027 300.000000 26.548672
600 0.000018 0.022079 400.000000 26.315790
600 0.000016 0.020399 500.000000 25.773195
600 0.000015 0.018929 600.000000 25.104603
600 0.000021 0.018070 700.000000 23.809525
600 0.000030 0.014648 800.000000 22.222221
610 0.000047 0.022438 100.000000 25.641026
610 0.000040 0.020566 200.000000 26.666666
610 0.000014 0.022421 300.000000 26.548672
610 0.000021 0.020510 400.000000 26.143791
610 0.000016 0.018899 500.000000 25.641026
610 0.000016 0.017600 600.000000 24.793388
610 0.000022 0.016437 700.000000 23.178808
610 0.000030 0.012176 800.000000 21.798365
620 0.000069 0.021871 100.000000 26.315790
620 0.000043 0.021230 200.000000 26.666666
620 0.000015 0.022343 300.000000 26.548672
620 0.000021 0.020338 400.000000 25.974026
620 0.000018 0.018684 500.000000 25.380711
620 0.000016 0.017431 600.000000 24.390244
620 0.000025 0.015714 700.000000 22.653721
620 0.000030 0.010939 800.000000 21.505377
630 0.000031 0.018153 100.000000 26.315790
630 0.000026 0.018852 200.000000 26.666666
630 0.000036 0.019025 300.000000 26.315790
630 0.000026 0.017073 400.000000 25.806452
630 0.000022 0.015303 500.000000 25.000000
630 0.000014 0.014350 600.000000 23.904383
630 0.000027 0.011753 700.000000 22.082020
630 0.000025 0.008132 800.000000 21.164021
640 0.000032 0.016638 100.000000 26.315790
640 0.000018 0.018427 200.000000 26.666666
640 0.000040 0.017257 300.000000 26.086956
640 0.000026 0.015471 400.000000 25.477707
640 0.000020 0.014001 500.000000 24.752476
640 0.000015 0.012869 600.000000 23.166023
640 0.000028 0.009544 700.000000 21.538462
640 0.000023 0.007154 800.000000 20.725389
650 0.000032 0.015142 100.000000 26.315790
650 0.000030 0.018579 200.000000 26.315790
650 0.000031 0.016097 300.000000 25.862068
650 0.000025 0.014730 400.000000 25.157232
650 0.000011 0.013466 500.000000 24.271845
650 0.000019 0.011959 600.000000 22.471910
650 0.000029 0.008359 700.000000 21.084337
650 0.000022 0.006982 800.000000 20.304569
660 0.000016 0.016845 100.000000 26.315790
660 0.000050 0.018273 200.000000 25.974026
660 0.000039 0.015961 300.000000 25.641026
660 0.000028 0.014230 400.000000 24.844721
660 0.000009 0.013101 500.000000 23.809525
660 0.000023 0.010749 600.000000 21.818182
660 0.000027 0.007939 700.000000 20.771513
660 0.000020 0.007853 800.000000 19.851116
670 0.000011 0.019931 100.000000 25.641026
670 0.000054 0.018378 200.000000 25.974026
670 0.000032 0.016171 300.000000 25.210085
670 0.000023 0.014323 400.000000 24.390244
670 0.000013 0.013437 500.000000 23.041475
670 0.000031 0.010180 600.000000 21.201414
670 0.000028 0.007358 700.000000 20.348837
670 0.000024 0.008075 800.000000 19.417477
680 0.000044 0.021062 100.000000 25.641026
680 0.000058 0.017569 200.000000 25.641026
680 0.000033 0.015341 300.000000 24.793388
680 0.000015 0.013754 400.000000 23.952095
680 0.000015 0.012413 500.000000 22.222221
680 0.000033 0.008998 600.000000 20.689655
680 0.000028 0.007321 700.000000 19.886364
680 0.000024 0.008388 800.000000 19.093079
690 0.000089 0.020711 100.000000 25.641026
690 0.000054 0.016229 200.000000 25.316456
690 0.000037 0.014677 300.000000 24.390244
690 0.000007 0.013386 400.000000 23.529411
690 0.000020 0.010982 500.000000 21.459227
690 0.000031 0.008492 600.000000 20.202021
690 0.000028 0.007917 700.000000 19.444445
700 0.000132 0.019126 100.000000 25.000000
700 0.000064 0.016105 200.000000 24.691359
700 0.000034 0.013820 300.000000 24.000000
700 0.000009 0.012910 400.000000 22.857143
700 0.000029 0.009930 500.000000 20.833334
700 0.000033 0.008124 600.000000 19.867550
700 0.000024 0.008141 700.000000 18.970190
710 0.000091 0.016730 100.000000 25.000000
710 0.000040 0.014717 200.000000 24.390244
710 0.000024 0.012983 300.000000 23.622047
710 0.000018 0.012065 400.000000 21.978022
710 0.000037 0.008282 500.000000 20.161291
710 0.000033 0.006087 600.000000 19.417477
710 0.000029 0.007100 700.000000 18.567638
720 0.000057 0.015621 100.000000 24.390244
720 0.000027 0.014314 200.000000 23.809525
720 0.000015 0.013088 300.000000 23.076923
720 0.000029 0.012032 400.000000 21.164021
720 0.000044 0.007120 500.000000 19.607843
720 0.000035 0.004944 600.000000 18.987341
730 0.000044 0.016547 100.000000 23.809525
730 0.000027 0.015718 200.000000 23.529411
730 0.000030 0.014662 300.000000 22.556391
730 0.000046 0.013168 400.000000 20.304569
730 0.000051 0.006517 500.000000 19.230770
730 0.000038 0.004421 600.000000 18.518518
740 0.000019 0.017387 100.000000 23.809525
740 0.000027 0.015495 200.000000 22.988506
740 0.000049 0.015496 300.000000 21.739130
740 0.000058 0.012973 400.000000 19.704433
740 0.000051 0.005342 500.000000 18.867924
740 0.000041 0.004448 600.000000 18.072289
750 0.000023 0.016399 100.000000 23.255814
750 0.000021 0.015233 200.000000 22.471910
750 0.000052 0.015256 300.000000 20.833334
750 0.000064 0.010646 400.000000 19.047619
750 0.000048 0.003876 500.000000 18.518518
750 0.000046 0.004874 600.000000 17.751480
760 0.000032 0.015526 100.000000 22.727272
760 0.000046 0.014524 200.000000 21.978022
760 0.000054 0.014335 300.000000 20.000000
760 0.000064 0.007831 400.000000 18.604650
760 0.000046 0.003640 500.000000 18.050541
770 0.000020 0.015419 100.000000 22.222221
770 0.000051 0.014043 200.000000 21.505377
770 0.000059 0.013029 300.000000 19.230770
770 0.000064 0.005691 400.000000 18.181818
770 0.000049 0.004161 500.000000 17.605635
780 0.000040 0.013542 100.000000 21.739130
780 0.000066 0.014450 200.000000 20.833334
780 0.000076 0.012708 300.000000 18.518518
780 0.000064 0.004763 400.000000 17.857143
780 0.000050 0.003778 500.000000 17.241379
790 0.000030 0.012902 100.000000 21.276596
790 0.000071 0.013629 200.000000 19.801981
790 0.000078 0.009979 300.000000 17.964071
790 0.000058 0.004353 400.000000 17.543859
790 0.000055 0.003807 500.000000 16.891891
800 0.000053 0.011886 100.000000 20.833334
800 0.000066 0.012774 200.000000 18.867924
800 0.000082 0.007360 300.000000 17.441860
800 0.000057 0.005303 400.000000 17.167381
800 0.000055 0.004391 500.000000 16.666666
810 0.000096 0.012531 100.000000 20.408163
810 0.000078 0.012543 200.000000 18.018019
810 0.000082 0.006114 300.000000 17.142857
810 0.000059 0.005993 400.000000 16.806723
820 0.000108 0.012951 100.000000 19.607843
820 0.000092 0.012395 200.000000 17.241379
820 0.000081 0.005960 300.000000 16.853933
820 0.000062 0.005846 400.000000 16.393442
830 0.000108 0.012669 100.000000 18.518518
830 0.000099 0.010700 200.000000 16.666666
830 0.000074 0.006469 300.000000 16.574585
830 0.000061 0.005290 400.000000 16.129032
840 0.000122 0.013482 100.000000 17.241379
840 0.000113 0.009748 200.000000 16.129032
840 0.000072 0.007855 300.000000 16.304348
840 0.000067 0.004414 400.000000 15.873015
850 0.000071 0.010153 100.000000 16.393442
850 0.000097 0.006389 200.000000 15.873015
850 0.000066 0.007882 300.000000 15.957447
860 0.000094 0.009654 100.000000 15.625000
860 0.000094 0.006932 200.000000 15.625000
860 0.000063 0.008152 300.000000 15.625000
870 0.000120 0.008835 100.000000 14.925373
870 0.000091 0.008294 200.000000 15.503876
870 0.000062 0.007977 300.000000 15.384615
880 0.000134 0.008488 100.000000 14.705882
880 0.000086 0.009486 200.000000 15.503876
880 0.000055 0.007417 300.000000 15.306123
890 0.000133 0.008495 100.000000 14.705882
890 0.000086 0.010538 200.000000 15.625000
890 0.000056 0.006783 300.000000 15.306123
900 0.000139 0.009646 100.000000 14.925373
900 0.000088 0.011904 200.000000 15.625000
900 0.000060 0.006765 300.000000 15.306123
910 0.000138 0.013143 100.000000 14.925373
910 0.000088 0.012491 200.000000 15.503876
920 0.000114 0.016176 100.000000 15.384615
920 0.000086 0.012971 200.000000 15.503876
930 0.000090 0.018472 100.000000 15.625000
930 0.000086 0.013497 200.000000 15.503876
940 0.000087 0.019215 100.000000 15.873015
940 0.000088 0.012357 200.000000 15.384615
950 0.000078 0.018420 100.000000 16.129032
950 0.000090 0.011543 200.000000 15.384615
960 0.000096 0.016987 100.000000 16.129032
960 0.000083 0.011266 200.000000 15.384615
970 0.000115 0.014165 100.000000 15.873015
970 0.000076 0.011274 200.000000 15.384615
980 0.000115 0.013463 100.000000 15.625000
990 0.000132 0.012853 100.000000 15.151515
1000 0.000140 0.014001 100.000000 14.705882
1010 0.000152 0.015820 100.000000 14.492754
1020 0.000165 0.018661 100.000000 14.492754
1030 0.000161 0.021400 100.000000 14.705882
