0 0.000017 0.004666 100.000000 13.513514
0 0.000023 0.002656 200.000000 13.605442
0 0.000017 0.002631 300.000000 14.084507
10 0.000020 0.004817 100.000000 13.513514
10 0.000015 0.002418 200.000000 13.698630
10 0.000012 0.002553 300.000000 14.150944
20 0.000017 0.005307 100.000000 13.513514
20 0.000025 0.002521 200.000000 13.698630
20 0.000013 0.002772 300.000000 14.285714
30 0.000021 0.004773 100.000000 13.513514
30 0.000024 0.002244 200.000000 13.793103
30 0.000012 0.002872 300.000000 14.354067
40 0.000020 0.005242 100.000000 13.333333
40 0.000030 0.002338 200.000000 13.888889
40 0.000012 0.003256 300.000000 14.492754
50 0.000024 0.004093 100.000000 13.333333
50 0.000033 0.002132 200.000000 13.986014
50 0.000015 0.003230 300.000000 14.563107
60 0.000050 0.003014 100.000000 13.333333
60 0.000033 0.003110 200.000000 13.986014
60 0.000015 0.003737 300.000000 14.634147
70 0.000057 0.003073 100.000000 13.333333
70 0.000035 0.003947 200.000000 14.184397
80 0.000059 0.004392 100.000000 13.513514
80 0.000029 0.004757 200.000000 14.285714
90 0.000055 0.004523 100.000000 13.513514
90 0.000023 0.005054 200.000000 14.492754
100 0.000053 0.004273 100.000000 13.698630
100 0.000023 0.005072 200.000000 14.705882
110 0.000062 0.004914 100.000000 14.084507
110 0.000019 0.005536 200.000000 14.814815
120 0.000051 0.005361 100.000000 14.285714
120 0.000008 0.005054 200.000000 15.037594
130 0.000037 0.005633 100.000000 14.492754
130 0.000014 0.005548 200.000000 15.151515
140 0.000021 0.005777 100.000000 14.705882
140 0.000021 0.005275 200.000000 15.384615
150 0.000020 0.004824 100.000000 14.925373
160 0.000015 0.005900 100.000000 15.151515
170 0.000021 0.006499 100.000000 15.384615
180 0.000027 0.006877 100.000000 15.384615
190 0.000038 0.007787 100.000000 15.625000
200 0.000044 0.006616 100.000000 15.625000
