0 0.000020 0.009698 100.000000 9.090909
0 0.000071 0.004168 200.000000 7.633588
0 0.000055 0.003482 300.000000 7.159904
0 0.000018 0.002488 400.000000 6.896552
0 0.000015 0.002102 500.000000 7.278020
0 0.000014 0.002519 600.000000 7.272727
0 0.000015 0.002235 700.000000 7.186858
0 0.000016 0.001464 800.000000 7.305936
10 0.000027 0.010240 100.000000 8.849558
10 0.000069 0.004071 200.000000 7.722008
10 0.000040 0.003498 300.000000 7.075472
10 0.000016 0.002503 400.000000 6.932409
10 0.000012 0.002111 500.000000 7.320644
10 0.000013 0.002492 600.000000 7.290401
10 0.000016 0.002084 700.000000 7.201646
10 0.000017 0.001462 800.000000 7.332722
20 0.000113 0.010428 100.000000 8.196721
20 0.000070 0.003977 200.000000 7.782101
20 0.000035 0.003728 300.000000 7.042253
20 0.000016 0.002665 400.000000 6.968641
20 0.000011 0.001951 500.000000 7.352941
20 0.000012 0.002312 600.000000 7.299270
20 0.000013 0.001793 700.000000 7.209063
20 0.000017 0.001408 800.000000 7.352941
30 0.000107 0.009111 100.000000 7.751938
30 0.000069 0.004040 200.000000 7.782101
30 0.000030 0.003690 300.000000 7.009346
30 0.000016 0.002478 400.000000 6.980803
30 0.000011 0.001817 500.000000 7.374631
30 0.000010 0.002241 600.000000 7.299270
30 0.000015 0.001625 700.000000 7.194244
30 0.000017 0.001305 800.000000 7.359705
40 0.000099 0.008617 100.000000 7.575758
40 0.000063 0.004250 200.000000 7.692307
40 0.000028 0.003213 300.000000 6.993007
40 0.000014 0.002258 400.000000 6.956522
40 0.000012 0.001981 500.000000 7.374631
40 0.000007 0.002350 600.000000 7.281553
40 0.000015 0.001720 700.000000 7.150153
40 0.000016 0.001388 800.000000 7.352941
50 0.000101 0.008324 100.000000 7.407407
50 0.000064 0.004805 200.000000 7.575758
50 0.000027 0.003533 300.000000 6.976744
50 0.000016 0.002423 400.000000 6.932409
50 0.000016 0.002118 500.000000 7.363770
50 0.000008 0.002487 600.000000 7.194244
50 0.000015 0.001878 700.000000 7.113821
50 0.000014 0.001596 800.000000 7.332722
60 0.000109 0.007648 100.000000 7.194244
60 0.000065 0.005107 200.000000 7.407407
60 0.000023 0.003714 300.000000 6.944445
60 0.000014 0.002381 400.000000 6.920415
60 0.000015 0.001983 500.000000 7.352941
60 0.000006 0.002220 600.000000 7.050529
60 0.000014 0.001720 700.000000 7.099391
60 0.000013 0.001570 800.000000 7.305936
70 0.000111 0.006572 100.000000 6.944445
70 0.000070 0.004813 200.000000 7.220217
70 0.000029 0.003645 300.000000 6.849315
70 0.000013 0.001871 400.000000 6.908463
70 0.000013 0.001802 500.000000 7.331378
70 0.000011 0.002157 600.000000 6.993007
70 0.000014 0.001429 700.000000 7.092198
70 0.000013 0.001334 800.000000 7.252946
80 0.000102 0.007011 100.000000 6.711410
80 0.000071 0.004962 200.000000 6.968641
80 0.000045 0.003943 300.000000 6.622517
80 0.000014 0.001999 400.000000 6.896552
80 0.000012 0.001842 500.000000 7.278020
80 0.000012 0.002042 600.000000 6.960557
80 0.000015 0.001466 700.000000 7.092198
80 0.000015 0.001587 800.000000 7.111111
90 0.000113 0.007071 100.000000 6.535948
90 0.000073 0.005602 200.000000 6.711410
90 0.000026 0.004547 300.000000 6.396588
90 0.000014 0.001876 400.000000 6.884682
90 0.000012 0.001766 500.000000 7.173601
90 0.000012 0.001800 600.000000 6.936416
90 0.000014 0.001302 700.000000 7.085020
90 0.000016 0.001651 800.000000 7.048458
100 0.000120 0.007839 100.000000 6.451613
100 0.000078 0.006553 200.000000 6.578948
100 0.000030 0.004223 300.000000 6.342494
100 0.000015 0.001876 400.000000 6.884682
100 0.000020 0.001821 500.000000 7.002801
100 0.000014 0.001712 600.000000 6.928406
100 0.000016 0.001326 700.000000 7.085020
100 0.000013 0.001733 800.000000 7.023705
110 0.000118 0.007724 100.000000 6.535948
110 0.000070 0.006245 200.000000 6.451613
110 0.000020 0.003617 300.000000 6.369427
110 0.000016 0.001814 400.000000 6.920415
110 0.000015 0.001842 500.000000 6.983240
110 0.000014 0.001697 600.000000 6.936416
110 0.000016 0.001302 700.000000 7.099391
110 0.000013 0.001576 800.000000 7.029877
120 0.000129 0.006922 100.000000 6.756757
120 0.000059 0.005834 200.000000 6.410256
120 0.000017 0.003007 300.000000 6.437768
120 0.000013 0.001453 400.000000 6.993007
120 0.000011 0.001811 500.000000 7.022472
120 0.000016 0.001570 600.000000 6.968641
120 0.000017 0.001139 700.000000 7.135576
120 0.000014 0.001356 800.000000 7.060900
130 0.000113 0.009259 100.000000 6.993007
130 0.000057 0.006878 200.000000 6.451613
130 0.000011 0.003992 300.000000 6.521739
130 0.000012 0.001908 400.000000 7.067138
130 0.000003 0.001791 500.000000 7.072136
130 0.000014 0.001825 600.000000 7.009346
130 0.000015 0.001904 700.000000 7.179487
130 0.000012 0.001753 800.000000 7.098492
140 0.000107 0.011153 100.000000 7.299270
140 0.000054 0.008137 200.000000 6.535948
140 0.000018 0.004978 300.000000 6.607930
140 0.000016 0.002165 400.000000 7.142857
140 0.000010 0.001955 500.000000 7.122507
140 0.000013 0.002054 600.000000 7.050529
140 0.000015 0.002440 700.000000 7.231405
140 0.000013 0.002243 800.000000 7.130125
150 0.000067 0.011748 100.000000 7.575758
150 0.000037 0.007783 200.000000 6.622517
150 0.000020 0.004374 300.000000 6.681514
150 0.000014 0.001831 400.000000 7.220217
150 0.000014 0.001479 500.000000 7.173601
150 0.000007 0.001499 600.000000 7.083825
150 0.000009 0.002026 700.000000 7.268951
150 0.000009 0.001978 800.000000 7.162041
160 0.000021 0.011877 100.000000 7.751938
160 0.000029 0.007262 200.000000 6.666667
160 0.000028 0.003456 300.000000 6.741573
160 0.000020 0.001253 400.000000 7.272727
160 0.000018 0.000792 500.000000 7.204611
160 0.000001 0.000590 600.000000 7.092198
160 0.000003 0.001251 700.000000 7.299270
160 0.000005 0.001750 800.000000 7.174888
170 0.000031 0.011874 100.000000 7.751938
170 0.000021 0.007250 200.000000 6.711410
170 0.000027 0.003599 300.000000 6.756757
170 0.000020 0.001472 400.000000 7.312614
170 0.000018 0.000868 500.000000 7.215007
170 0.000005 0.000919 600.000000 7.083825
170 0.000007 0.001532 700.000000 7.314525
170 0.000007 0.001922 800.000000 7.162041
180 0.000038 0.011384 100.000000 7.692307
180 0.000027 0.006422 200.000000 6.734007
180 0.000025 0.002977 300.000000 6.772009
180 0.000018 0.001299 400.000000 7.326007
180 0.000020 0.001269 500.000000 7.173601
180 0.000003 0.000874 600.000000 7.058824
180 0.000003 0.001439 700.000000 7.314525
180 0.000009 0.001681 800.000000 7.117438
190 0.000025 0.011405 100.000000 7.575758
190 0.000032 0.006300 200.000000 6.756757
190 0.000027 0.002907 300.000000 6.787330
190 0.000020 0.001381 400.000000 7.352941
190 0.000018 0.001850 500.000000 7.072136
190 0.000003 0.001141 600.000000 7.058824
190 0.000002 0.001652 700.000000 7.306890
190 0.000009 0.001564 800.000000 7.085917
200 0.000026 0.010661 100.000000 7.518797
200 0.000034 0.005459 200.000000 6.779661
200 0.000027 0.002372 300.000000 6.818182
200 0.000022 0.001360 400.000000 7.366483
200 0.000011 0.001909 500.000000 6.993007
200 0.000002 0.001111 600.000000 7.075472
200 0.000006 0.001469 700.000000 7.306890
200 0.000010 0.001292 800.000000 7.079646
210 0.000033 0.011197 100.000000 7.407407
210 0.000033 0.005481 200.000000 6.779661
210 0.000031 0.002262 300.000000 6.864988
210 0.000024 0.001176 400.000000 7.393715
210 0.000015 0.001546 500.000000 6.983240
210 0.000003 0.000925 600.000000 7.100592
210 0.000005 0.001526 700.000000 7.291667
210 0.000011 0.001294 800.000000 7.092198
220 0.000063 0.010470 100.000000 7.352941
220 0.000029 0.005061 200.000000 6.688963
220 0.000028 0.002142 300.000000 6.912442
220 0.000023 0.001479 400.000000 7.421150
220 0.000011 0.001630 500.000000 6.993007
220 0.000002 0.001132 600.000000 7.125891
220 0.000004 0.001611 700.000000 7.231405
220 0.000010 0.001156 800.000000 7.104796
230 0.000063 0.009940 100.000000 7.142857
230 0.000025 0.004772 200.000000 6.514658
230 0.000029 0.001733 300.000000 6.944445
230 0.000025 0.001569 400.000000 7.407407
230 0.000008 0.001488 500.000000 7.002801
230 0.000005 0.000845 600.000000 7.151371
230 0.000009 0.001368 700.000000 7.150153
230 0.000010 0.000958 800.000000 7.123775
240 0.000057 0.007094 100.000000 6.896552
240 0.000048 0.004326 200.000000 6.329114
240 0.000030 0.000480 300.000000 6.976744
240 0.000028 0.002074 400.000000 7.352941
240 0.000007 0.001726 500.000000 7.012623
240 0.000004 0.000592 600.000000 7.168459
240 0.000010 0.001189 700.000000 7.121058
240 0.000011 0.000541 800.000000 7.136485
250 0.000054 0.006553 100.000000 6.711410
250 0.000052 0.003146 200.000000 6.269592
250 0.000031 0.000862 300.000000 7.009346
250 0.000036 0.002560 400.000000 7.194244
250 0.000009 0.001882 500.000000 7.012623
250 0.000006 0.000639 600.000000 7.185629
250 0.000011 0.001031 700.000000 7.106599
250 0.000012 0.000285 800.000000 7.142857
260 0.000028 0.006414 100.000000 6.369427
260 0.000047 0.002039 200.000000 6.269592
260 0.000032 0.001428 300.000000 7.042253
260 0.000032 0.002899 400.000000 7.092198
260 0.000008 0.002081 500.000000 7.012623
260 0.000005 0.000788 600.000000 7.194244
260 0.000010 0.000810 700.000000 7.099391
260 0.000012 0.000129 800.000000 7.149240
270 0.000055 0.005546 100.000000 5.952381
270 0.000051 0.001295 200.000000 6.269592
270 0.000033 0.002109 300.000000 7.058824
270 0.000031 0.003284 400.000000 7.067138
270 0.000007 0.002255 500.000000 6.993007
270 0.000003 0.000959 600.000000 7.202881
270 0.000009 0.000717 700.000000 7.099391
270 0.000013 0.000255 800.000000 7.155635
280 0.000083 0.005406 100.000000 5.813953
280 0.000056 0.001116 200.000000 6.289308
280 0.000035 0.002814 300.000000 7.075472
280 0.000029 0.004050 400.000000 7.067138
280 0.000009 0.002532 500.000000 6.983240
280 0.000005 0.001064 600.000000 7.211538
280 0.000008 0.000603 700.000000 7.099391
280 0.000014 0.000438 800.000000 7.168459
290 0.000064 0.004822 100.000000 5.813953
290 0.000057 0.001116 200.000000 6.309148
290 0.000037 0.003128 300.000000 7.109005
290 0.000028 0.004317 400.000000 7.067138
290 0.000008 0.002355 500.000000 6.963789
290 0.000004 0.001056 600.000000 7.220217
290 0.000010 0.000679 700.000000 7.092198
290 0.000014 0.000536 800.000000 7.181329
300 0.000057 0.003672 100.000000 5.882353
300 0.000052 0.001325 200.000000 6.329114
300 0.000034 0.003290 300.000000 7.159904
300 0.000028 0.004227 400.000000 7.067138
300 0.000007 0.002148 500.000000 6.944445
300 0.000005 0.000955 600.000000 7.237636
300 0.000010 0.000604 700.000000 7.063572
300 0.000014 0.000619 800.000000 7.200720
310 0.000076 0.003590 100.000000 5.952381
310 0.000052 0.002534 200.000000 6.369427
310 0.000035 0.003966 300.000000 7.194244
310 0.000029 0.005024 400.000000 7.017544
310 0.000007 0.002569 500.000000 6.934813
310 0.000003 0.001338 600.000000 7.246377
310 0.000012 0.000459 700.000000 7.028112
310 0.000013 0.000961 800.000000 7.220217
320 0.000079 0.002648 100.000000 6.024096
320 0.000048 0.002789 200.000000 6.410256
320 0.000031 0.004001 300.000000 7.246377
320 0.000027 0.005070 400.000000 6.932409
320 0.000005 0.002578 500.000000 6.944445
320 0.000003 0.001262 600.000000 7.255139
320 0.000013 0.000263 700.000000 7.007007
320 0.000013 0.001015 800.000000 7.246377
330 0.000086 0.002636 100.000000 6.097561
330 0.000054 0.003136 200.000000 6.472492
330 0.000036 0.004542 300.000000 7.299270
330 0.000018 0.005412 400.000000 6.861063
330 0.000006 0.002702 500.000000 6.973501
330 0.000009 0.001273 600.000000 7.263923
330 0.000015 0.000245 700.000000 7.007007
330 0.000014 0.001160 800.000000 7.266122
340 0.000087 0.003207 100.000000 6.172840
340 0.000054 0.003669 200.000000 6.535948
340 0.000036 0.005131 300.000000 7.352941
340 0.000024 0.005405 400.000000 6.849315
340 0.000008 0.002764 500.000000 7.012623
340 0.000006 0.001334 600.000000 7.263923
340 0.000015 0.000297 700.000000 7.028112
340 0.000014 0.001286 800.000000 7.292616
350 0.000099 0.002582 100.000000 6.134969
350 0.000058 0.004154 200.000000 6.622517
350 0.000039 0.005480 300.000000 7.389163
350 0.000024 0.005471 400.000000 6.872852
350 0.000007 0.002821 500.000000 7.052186
350 0.000008 0.001250 600.000000 7.228916
350 0.000015 0.000408 700.000000 7.049345
350 0.000015 0.001416 800.000000 7.326007
360 0.000128 0.004379 100.000000 6.024096
360 0.000059 0.004994 200.000000 6.734007
360 0.000038 0.006496 300.000000 7.444169
360 0.000026 0.005938 400.000000 6.920415
360 0.000009 0.003161 500.000000 7.092198
360 0.000005 0.001843 600.000000 7.168459
360 0.000016 0.000666 700.000000 7.077857
360 0.000015 0.001701 800.000000 7.359705
370 0.000118 0.003396 100.000000 5.917160
370 0.000055 0.005392 200.000000 6.825939
370 0.000041 0.006747 300.000000 7.481297
370 0.000023 0.005841 400.000000 6.956522
370 0.000008 0.003111 500.000000 7.142857
370 0.000005 0.001650 600.000000 7.142857
370 0.000015 0.000773 700.000000 7.113821
370 0.000015 0.001775 800.000000 7.400555
380 0.000108 0.002036 100.000000 5.813953
380 0.000053 0.005597 200.000000 6.944445
380 0.000040 0.006697 300.000000 7.500000
380 0.000019 0.005623 400.000000 7.005254
380 0.000009 0.002994 500.000000 7.194244
380 0.000004 0.001419 600.000000 7.142857
380 0.000015 0.000855 700.000000 7.150153
380 0.000015 0.001798 800.000000 7.434944
390 0.000100 0.002660 100.000000 5.813953
390 0.000057 0.005729 200.000000 7.067138
390 0.000042 0.007096 300.000000 7.444169
390 0.000018 0.005517 400.000000 7.054674
390 0.000007 0.002948 500.000000 7.235890
390 0.000008 0.001155 600.000000 7.159904
390 0.000016 0.000959 700.000000 7.179487
390 0.000015 0.001892 800.000000 7.476635
400 0.000108 0.004295 100.000000 5.847953
400 0.000055 0.006514 200.000000 7.168459
400 0.000045 0.007738 300.000000 7.317073
400 0.000017 0.005682 400.000000 7.092198
400 0.000008 0.003043 500.000000 7.278020
400 0.000011 0.001070 600.000000 7.168459
400 0.000017 0.001150 700.000000 7.209063
400 0.000015 0.002108 800.000000 7.511737
410 0.000106 0.004453 100.000000 5.988024
410 0.000056 0.006458 200.000000 7.299270
410 0.000049 0.007443 300.000000 7.317073
410 0.000015 0.005245 400.000000 7.142857
410 0.000006 0.002718 500.000000 7.331378
410 0.000013 0.000860 600.000000 7.202881
410 0.000016 0.001178 700.000000 7.246377
410 0.000014 0.002084 800.000000 7.547170
420 0.000119 0.003518 100.000000 6.211180
420 0.000060 0.006405 200.000000 7.462687
420 0.000048 0.007229 300.000000 7.371007
420 0.000016 0.004834 400.000000 7.194244
420 0.000009 0.002151 500.000000 7.396450
420 0.000015 0.000446 600.000000 7.246377
420 0.000018 0.001065 700.000000 7.284079
420 0.000016 0.002036 800.000000 7.597341
430 0.000115 0.003125 100.000000 6.410256
430 0.000058 0.005775 200.000000 7.633588
430 0.000042 0.006423 300.000000 7.462687
430 0.000016 0.003891 400.000000 7.259528
430 0.000014 0.001581 500.000000 7.462687
430 0.000016 0.000689 600.000000 7.290401
430 0.000016 0.000850 700.000000 7.329843
430 0.000015 0.001792 800.000000 7.648183
440 0.000113 0.003616 100.000000 6.622517
440 0.000053 0.005191 200.000000 7.782101
440 0.000037 0.005580 300.000000 7.537688
440 0.000012 0.003157 400.000000 7.312614
440 0.000016 0.001473 500.000000 7.518797
440 0.000017 0.000766 600.000000 7.334963
440 0.000014 0.000762 700.000000 7.376185
440 0.000014 0.001587 800.000000 7.684918
450 0.000085 0.004098 100.000000 6.756757
450 0.000043 0.004612 200.000000 7.905138
450 0.000020 0.004624 300.000000 7.575758
450 0.000010 0.002603 400.000000 7.326007
450 0.000016 0.001601 500.000000 7.552870
450 0.000015 0.000636 600.000000 7.352941
450 0.000010 0.000728 700.000000 7.399577
450 0.000011 0.001314 800.000000 7.714561
460 0.000075 0.004027 100.000000 6.802721
460 0.000041 0.004666 200.000000 7.936508
460 0.000016 0.004700 300.000000 7.575758
460 0.000013 0.002559 400.000000 7.299270
460 0.000015 0.001720 500.000000 7.564297
460 0.000016 0.000569 600.000000 7.343941
460 0.000010 0.000801 700.000000 7.415254
460 0.000011 0.001378 800.000000 7.722008
470 0.000077 0.003837 100.000000 6.802721
470 0.000046 0.004950 200.000000 7.968128
470 0.000020 0.004789 300.000000 7.537688
470 0.000017 0.002388 400.000000 7.233273
470 0.000017 0.001479 500.000000 7.564297
470 0.000018 0.000463 600.000000 7.290401
470 0.000011 0.000819 700.000000 7.430998
470 0.000046 0.001830 800.000000 7.707129
480 0.000079 0.004039 100.000000 6.756757
480 0.000050 0.005213 200.000000 8.000000
480 0.000025 0.005085 300.000000 7.371007
480 0.000017 0.002120 400.000000 7.207207
480 0.000011 0.001129 500.000000 7.552870
480 0.000015 0.000383 600.000000 7.211538
480 0.000013 0.000937 700.000000 7.438895
480 0.000012 0.001622 800.000000 7.677543
490 0.000084 0.004309 100.000000 6.802721
490 0.000051 0.005566 200.000000 8.032128
490 0.000019 0.005335 300.000000 7.159904
490 0.000015 0.002060 400.000000 7.207207
490 0.000008 0.001043 500.000000 7.530120
490 0.000013 0.000197 600.000000 7.177033
490 0.000013 0.001000 700.000000 7.454739
490 0.000013 0.001758 800.000000 7.504691
500 0.000075 0.004270 100.000000 6.896552
500 0.000050 0.005334 200.000000 8.064516
500 0.000013 0.004379 300.000000 7.092198
500 0.000015 0.001863 400.000000 7.233273
500 0.000009 0.001124 500.000000 7.518797
500 0.000013 0.000148 600.000000 7.177033
500 0.000012 0.000897 700.000000 7.478632
500 0.000011 0.001656 800.000000 7.469655
510 0.000082 0.004801 100.000000 7.092198
510 0.000051 0.005831 200.000000 8.163265
510 0.000016 0.004325 300.000000 7.125891
510 0.000015 0.001795 400.000000 7.299270
510 0.000009 0.001154 500.000000 7.485030
510 0.000013 0.000120 600.000000 7.211538
510 0.000013 0.000982 700.000000 7.518797
510 0.000012 0.001743 800.000000 7.483630
520 0.000094 0.005292 100.000000 7.407407
520 0.000048 0.006447 200.000000 8.298756
520 0.000011 0.004597 300.000000 7.211538
520 0.000019 0.001797 400.000000 7.366483
520 0.000015 0.001132 500.000000 7.440476
520 0.000013 0.000061 600.000000 7.255139
520 0.000014 0.001052 700.000000 7.567567
520 0.000013 0.001825 800.000000 7.518797
530 0.000120 0.011754 100.000000 7.692307
530 0.000062 0.011418 200.000000 8.438819
530 0.000030 0.008010 300.000000 7.299270
530 0.000034 0.003413 400.000000 7.448790
530 0.000033 0.001480 500.000000 7.418397
530 0.000018 0.000699 600.000000 7.308161
530 0.000016 0.002114 700.000000 7.616975
530 0.000016 0.003159 800.000000 7.561437
540 0.000049 0.007405 100.000000 8.130081
540 0.000029 0.006705 200.000000 8.620689
540 0.000019 0.004814 300.000000 7.389163
540 0.000024 0.002528 400.000000 7.532957
540 0.000023 0.001201 500.000000 7.440476
540 0.000007 0.000491 600.000000 7.361963
540 0.000006 0.001267 700.000000 7.675438
540 0.000007 0.001904 800.000000 7.604563
550 0.000010 0.008541 100.000000 8.547009
550 0.000012 0.007286 200.000000 8.695652
550 0.000020 0.005025 300.000000 7.500000
550 0.000021 0.002764 400.000000 7.619048
550 0.000017 0.001123 500.000000 7.473842
550 0.000000 0.000651 600.000000 7.416564
550 0.000002 0.001505 700.000000 7.726269
550 0.000003 0.002207 800.000000 7.648183
560 0.000033 0.009243 100.000000 8.849558
560 0.000014 0.009011 200.000000 8.620689
560 0.000024 0.005784 300.000000 7.556675
560 0.000021 0.003160 400.000000 7.692307
560 0.000013 0.001024 500.000000 7.485030
560 0.000007 0.000745 600.000000 7.453416
560 0.000006 0.001836 700.000000 7.777778
560 0.000006 0.002746 800.000000 7.684918
570 0.000038 0.009409 100.000000 9.090909
570 0.000025 0.009784 200.000000 8.298756
570 0.000023 0.005575 300.000000 7.594937
570 0.000020 0.002886 400.000000 7.736944
570 0.000012 0.000746 500.000000 7.485030
570 0.000008 0.000734 600.000000 7.481297
570 0.000007 0.001912 700.000000 7.812500
570 0.000007 0.002868 800.000000 7.707129
580 0.000012 0.007081 100.000000 9.259259
580 0.000028 0.007037 200.000000 8.097166
580 0.000018 0.003805 300.000000 7.575758
580 0.000020 0.001994 400.000000 7.751938
580 0.000012 0.000343 500.000000 7.485030
580 0.000003 0.000539 600.000000 7.490637
580 0.000003 0.001431 700.000000 7.838746
580 0.000004 0.002151 800.000000 7.722008
590 0.000015 0.007778 100.000000 9.345795
590 0.000020 0.007249 200.000000 8.032128
590 0.000020 0.003797 300.000000 7.537688
590 0.000023 0.001869 400.000000 7.751938
590 0.000017 0.000403 500.000000 7.473842
590 0.000005 0.000530 600.000000 7.500000
590 0.000004 0.001547 700.000000 7.856341
590 0.000004 0.002317 800.000000 7.736944
600 0.000015 0.007762 100.000000 9.345795
600 0.000023 0.006815 200.000000 8.000000
600 0.000022 0.003321 300.000000 7.481297
600 0.000025 0.001569 400.000000 7.766990
600 0.000018 0.000568 500.000000 7.462687
600 0.000002 0.000532 600.000000 7.509387
600 0.000005 0.001475 700.000000 7.865169
600 0.000005 0.002151 800.000000 7.751938
610 0.000019 0.007352 100.000000 9.523809
610 0.000020 0.006650 200.000000 7.968128
610 0.000026 0.003126 300.000000 7.425743
610 0.000025 0.001424 400.000000 7.766990
610 0.000018 0.000810 500.000000 7.429420
610 0.000003 0.000517 600.000000 7.528231
610 0.000004 0.001462 700.000000 7.865169
610 0.000005 0.002103 800.000000 7.759457
620 0.000027 0.006908 100.000000 9.615385
620 0.000022 0.006454 200.000000 7.874016
620 0.000028 0.002673 300.000000 7.352941
620 0.000023 0.001221 400.000000 7.766990
620 0.000012 0.001037 500.000000 7.342144
620 0.000003 0.000470 600.000000 7.547170
620 0.000028 0.001700 700.000000 7.838746
620 0.000005 0.002025 800.000000 7.774539
630 0.000028 0.005954 100.000000 9.615385
630 0.000013 0.005742 200.000000 7.518797
630 0.000023 0.001962 300.000000 7.334963
630 0.000020 0.000906 400.000000 7.736944
630 0.000003 0.001120 500.000000 7.267442
630 0.000003 0.000401 600.000000 7.556675
630 0.000004 0.001381 700.000000 7.769145
630 0.000005 0.001768 800.000000 7.789679
640 0.000041 0.005919 100.000000 9.615385
640 0.000028 0.005026 200.000000 7.220217
640 0.000023 0.001997 300.000000 7.334963
640 0.000018 0.001081 400.000000 7.707129
640 0.000005 0.001028 500.000000 7.225433
640 0.000004 0.000401 600.000000 7.566204
640 0.000004 0.001439 700.000000 7.567567
640 0.000006 0.001841 800.000000 7.797271
650 0.000031 0.005762 100.000000 9.433962
650 0.000047 0.004469 200.000000 7.117438
650 0.000028 0.001742 300.000000 7.334963
650 0.000022 0.001354 400.000000 7.561437
650 0.000004 0.001017 500.000000 7.215007
650 0.000004 0.000436 600.000000 7.575758
650 0.000003 0.001437 700.000000 7.534984
650 0.000006 0.001862 800.000000 7.804878
660 0.000015 0.006327 100.000000 9.174312
660 0.000036 0.004029 200.000000 7.067138
660 0.000027 0.001574 300.000000 7.334963
660 0.000021 0.001975 400.000000 7.299270
660 0.000003 0.000947 500.000000 7.215007
660 0.000003 0.000476 600.000000 7.585335
660 0.000003 0.001479 700.000000 7.526882
660 0.000004 0.001932 800.000000 7.812500
670 0.000024 0.007253 100.000000 8.403361
670 0.000031 0.003395 200.000000 7.017544
670 0.000029 0.001378 300.000000 7.334963
670 0.000020 0.002000 400.000000 7.194244
670 0.000003 0.000913 500.000000 7.215007
670 0.000002 0.000501 600.000000 7.604563
670 0.000003 0.001498 700.000000 7.526882
670 0.000006 0.001944 800.000000 7.827789
680 0.000069 0.007674 100.000000 7.407407
680 0.000027 0.002779 200.000000 6.968641
680 0.000026 0.001195 300.000000 7.334963
680 0.000016 0.001872 400.000000 7.142857
680 0.000003 0.000776 500.000000 7.204611
680 0.000004 0.000505 600.000000 7.623888
680 0.000004 0.001435 700.000000 7.534984
680 0.000005 0.001808 800.000000 7.835455
690 0.000053 0.006493 100.000000 7.092198
690 0.000029 0.002109 200.000000 6.896552
690 0.000028 0.001374 300.000000 7.317073
690 0.000019 0.002078 400.000000 7.117438
690 0.000004 0.000813 500.000000 7.204611
690 0.000003 0.000502 600.000000 7.633588
690 0.000005 0.001410 700.000000 7.534984
690 0.000005 0.001791 800.000000 7.850834
700 0.000058 0.006092 100.000000 6.944445
700 0.000033 0.001789 200.000000 6.825939
700 0.000033 0.001838 300.000000 7.317073
700 0.000020 0.002599 400.000000 7.092198
700 0.000004 0.000992 500.000000 7.204611
700 0.000002 0.000469 600.000000 7.643312
700 0.000003 0.001409 700.000000 7.543103
700 0.000005 0.001819 800.000000 7.858546
710 0.000060 0.005884 100.000000 6.849315
710 0.000036 0.001479 200.000000 6.711410
710 0.000033 0.002177 300.000000 7.299270
710 0.000021 0.002845 400.000000 7.054674
710 0.000004 0.000914 500.000000 7.215007
710 0.000002 0.000480 600.000000 7.633588
710 0.000003 0.001386 700.000000 7.551240
710 0.000005 0.001722 800.000000 7.866273
720 0.000071 0.005551 100.000000 6.666667
720 0.000035 0.001654 200.000000 6.578948
720 0.000032 0.002629 300.000000 7.281553
720 0.000015 0.003161 400.000000 6.956522
720 0.000006 0.000958 500.000000 7.215007
720 0.000059 0.001070 600.000000 7.604563
720 0.000005 0.001357 700.000000 7.559395
720 0.000005 0.001643 800.000000 7.866273
730 0.000068 0.005887 100.000000 6.250000
730 0.000038 0.002193 200.000000 6.514658
730 0.000030 0.002959 300.000000 7.246377
730 0.000006 0.003229 400.000000 6.837607
730 0.000005 0.000904 500.000000 7.225433
730 0.000005 0.000683 600.000000 7.547170
730 0.000004 0.001403 700.000000 7.567567
730 0.000005 0.001653 800.000000 7.858546
740 0.000063 0.005527 100.000000 5.780347
740 0.000041 0.002440 200.000000 6.514658
740 0.000033 0.003164 300.000000 7.194244
740 0.000006 0.003165 400.000000 6.791172
740 0.000004 0.000850 500.000000 7.235890
740 0.000002 0.000787 600.000000 7.308161
740 0.000003 0.001471 700.000000 7.575758
740 0.000006 0.001752 800.000000 7.858546
750 0.000098 0.004287 100.000000 5.649717
750 0.000042 0.002944 200.000000 6.535948
750 0.000035 0.003774 300.000000 7.109005
750 0.000008 0.003079 400.000000 6.791172
750 0.000005 0.000846 500.000000 7.256894
750 0.000003 0.000781 600.000000 7.272727
750 0.000004 0.001505 700.000000 7.592191
750 0.000003 0.001912 800.000000 7.850834
760 0.000081 0.003953 100.000000 5.649717
760 0.000044 0.002367 200.000000 6.600660
760 0.000032 0.003861 300.000000 6.912442
760 0.000004 0.002802 400.000000 6.814310
760 0.000003 0.000742 500.000000 7.288630
760 0.000001 0.000775 600.000000 7.272727
760 0.000004 0.001393 700.000000 7.616975
760 0.000006 0.001804 800.000000 7.850834
770 0.000084 0.003599 100.000000 5.714286
770 0.000048 0.003268 200.000000 6.666667
770 0.000034 0.005029 300.000000 6.802721
770 0.000007 0.003107 400.000000 6.849315
770 0.000003 0.000898 500.000000 7.331378
770 0.000001 0.000746 600.000000 7.299270
770 0.000003 0.001472 700.000000 7.650273
770 0.000004 0.001976 800.000000 7.850834
780 0.000084 0.004201 100.000000 5.813953
780 0.000046 0.004240 200.000000 6.756757
780 0.000030 0.005791 300.000000 6.802721
780 0.000007 0.003380 400.000000 6.896552
780 0.000005 0.000985 500.000000 7.396450
780 0.000003 0.000738 600.000000 7.343941
780 0.000006 0.001590 700.000000 7.700770
780 0.000006 0.002161 800.000000 7.843137
790 0.000086 0.004681 100.000000 5.988024
790 0.000052 0.005077 200.000000 6.896552
790 0.000032 0.006363 300.000000 6.864988
790 0.000010 0.003696 400.000000 6.968641
790 0.000008 0.001094 500.000000 7.462687
790 0.000007 0.000756 600.000000 7.398274
790 0.000008 0.001745 700.000000 7.751938
790 0.000013 0.002379 800.000000 7.835455
800 0.000100 0.007204 100.000000 6.211180
800 0.000056 0.007174 200.000000 7.042253
800 0.000031 0.007617 300.000000 6.928406
800 0.000015 0.004363 400.000000 7.042253
800 0.000014 0.001315 500.000000 7.541478
800 0.000011 0.000775 600.000000 7.462687
800 0.000011 0.002047 700.000000 7.812500
800 0.000013 0.002757 800.000000 7.835455
810 0.000100 0.007835 100.000000 6.451613
810 0.000056 0.007796 200.000000 7.220217
810 0.000035 0.007896 300.000000 7.009346
810 0.000017 0.004517 400.000000 7.117438
810 0.000017 0.001447 500.000000 7.621951
810 0.000013 0.000697 600.000000 7.518797
810 0.000013 0.002032 700.000000 7.874016
810 0.000016 0.002661 800.000000 7.812500
820 0.000096 0.007173 100.000000 6.622517
820 0.000056 0.006901 200.000000 7.326007
820 0.000040 0.006851 300.000000 7.075472
820 0.000015 0.003813 400.000000 7.181329
820 0.000016 0.001216 500.000000 7.692307
820 0.000013 0.000649 600.000000 7.566204
820 0.000013 0.001753 700.000000 7.918552
820 0.000019 0.002176 800.000000 7.782101
830 0.000089 0.005773 100.000000 6.666667
830 0.000057 0.005732 200.000000 7.407407
830 0.000041 0.005687 300.000000 7.109005
830 0.000012 0.003118 400.000000 7.220217
830 0.000014 0.000934 500.000000 7.739938
830 0.000012 0.000767 600.000000 7.604563
830 0.000012 0.001574 700.000000 7.963595
830 0.000018 0.001875 800.000000 7.766990
840 0.000082 0.003984 100.000000 6.622517
840 0.000063 0.004528 200.000000 7.462687
840 0.000039 0.005030 300.000000 7.109005
840 0.000010 0.002634 400.000000 7.246377
840 0.000011 0.000815 500.000000 7.776050
840 0.000010 0.000816 600.000000 7.633588
840 0.000013 0.001289 700.000000 7.990868
840 0.000016 0.001525 800.000000 7.766990
850 0.000083 0.004034 100.000000 6.535948
850 0.000058 0.004125 200.000000 7.490637
850 0.000038 0.004719 300.000000 7.109005
850 0.000011 0.002225 400.000000 7.272727
850 0.000014 0.000773 500.000000 7.788162
850 0.000010 0.000825 600.000000 7.653061
850 0.000012 0.001055 700.000000 8.009153
850 0.000015 0.001434 800.000000 7.782101
860 0.000097 0.003836 100.000000 6.451613
860 0.000058 0.004370 200.000000 7.518797
860 0.000039 0.005326 300.000000 7.075472
860 0.000008 0.002390 400.000000 7.299270
860 0.000014 0.000787 500.000000 7.800312
860 0.000009 0.000845 600.000000 7.682458
860 0.000011 0.000914 700.000000 8.027523
860 0.000015 0.001188 800.000000 7.804878
870 0.000099 0.004674 100.000000 6.410256
870 0.000060 0.004704 200.000000 7.575758
870 0.000036 0.005656 300.000000 7.009346
870 0.000009 0.002490 400.000000 7.352941
870 0.000068 0.000814 500.000000 7.800312
870 0.000010 0.000828 600.000000 7.712082
870 0.000010 0.000825 700.000000 8.064516
870 0.000016 0.001168 800.000000 7.835455
880 0.000108 0.005276 100.000000 6.578948
880 0.000054 0.004966 200.000000 7.692307
880 0.000023 0.005569 300.000000 7.009346
880 0.000010 0.002332 400.000000 7.421150
880 0.000008 0.000904 500.000000 7.836991
880 0.000010 0.001091 600.000000 7.772021
880 0.000013 0.001105 700.000000 8.101851
880 0.000015 0.001499 800.000000 7.881773
890 0.000090 0.005254 100.000000 6.802721
890 0.000047 0.004975 200.000000 7.843137
890 0.000015 0.005528 300.000000 7.042253
890 0.000011 0.002345 400.000000 7.518797
890 0.000010 0.000906 500.000000 7.861635
890 0.000010 0.001140 600.000000 7.832898
890 0.000011 0.001162 700.000000 8.158508
890 0.000015 0.001552 800.000000 7.936508
900 0.000062 0.006781 100.000000 7.042253
900 0.000029 0.006615 200.000000 8.000000
900 0.000014 0.006048 300.000000 7.109005
900 0.000012 0.002612 400.000000 7.604563
900 0.000010 0.001174 500.000000 7.788162
900 0.000011 0.001668 600.000000 7.905138
900 0.000014 0.002021 700.000000 8.215962
900 0.000010 0.002186 800.000000 7.984032
910 0.000066 0.005523 100.000000 7.352941
910 0.000035 0.005102 200.000000 8.163265
910 0.000014 0.004646 300.000000 7.177033
910 0.000013 0.001880 400.000000 7.692307
910 0.000013 0.000889 500.000000 7.704160
910 0.000011 0.000970 600.000000 7.968128
910 0.000013 0.001128 700.000000 8.264462
910 0.000012 0.001595 800.000000 8.040201
920 0.000064 0.006481 100.000000 7.575758
920 0.000034 0.006349 200.000000 8.196721
920 0.000019 0.004772 300.000000 7.228916
920 0.000018 0.001958 400.000000 7.766990
920 0.000017 0.000989 500.000000 7.704160
920 0.000014 0.001134 600.000000 8.021390
920 0.000014 0.001598 700.000000 8.293839
920 0.000013 0.002105 800.000000 8.080808
930 0.000077 0.008128 100.000000 7.751938
930 0.000040 0.007515 200.000000 8.000000
930 0.000027 0.005250 300.000000 7.263923
930 0.000022 0.002096 400.000000 7.812500
930 0.000020 0.001100 500.000000 7.704160
930 0.000017 0.001369 600.000000 8.053691
930 0.000016 0.002196 700.000000 8.303678
930 0.000013 0.002628 800.000000 8.105370
940 0.000048 0.007093 100.000000 7.874016
940 0.000039 0.006570 200.000000 7.575758
940 0.000024 0.004322 300.000000 7.299270
940 0.000020 0.001829 400.000000 7.858546
940 0.000019 0.001006 500.000000 7.704160
940 0.000015 0.001278 600.000000 8.086253
940 0.000016 0.002024 700.000000 8.293839
940 0.000011 0.002177 800.000000 8.130081
950 0.000038 0.005171 100.000000 7.936508
950 0.000033 0.005903 200.000000 7.380074
950 0.000020 0.003340 300.000000 7.317073
950 0.000016 0.001361 400.000000 7.905138
950 0.000015 0.001031 500.000000 7.727975
950 0.000013 0.001274 600.000000 8.119080
950 0.000013 0.001906 700.000000 8.235294
950 0.000010 0.001795 800.000000 8.154943
960 0.000038 0.004553 100.000000 8.064516
960 0.000030 0.005771 200.000000 7.299270
960 0.000018 0.002853 300.000000 7.334963
960 0.000015 0.001054 400.000000 7.952286
960 0.000013 0.001089 500.000000 7.751938
960 0.000012 0.001431 600.000000 8.141112
960 0.000012 0.001724 700.000000 8.101851
960 0.000010 0.001859 800.000000 8.171603
970 0.000029 0.004725 100.000000 8.130081
970 0.000023 0.005823 200.000000 7.299270
970 0.000021 0.002649 300.000000 7.371007
970 0.000015 0.000993 400.000000 8.000000
970 0.000016 0.001272 500.000000 7.776050
970 0.000014 0.001736 600.000000 8.174387
970 0.000013 0.001967 700.000000 7.972665
970 0.000009 0.001955 800.000000 8.196721
980 0.000025 0.005094 100.000000 8.264462
980 0.000025 0.006017 200.000000 7.299270
980 0.000023 0.002584 300.000000 7.407407
980 0.000018 0.000995 400.000000 8.048289
980 0.000016 0.001443 500.000000 7.812500
980 0.000015 0.001867 600.000000 8.219178
980 0.000011 0.002152 700.000000 7.936508
980 0.000009 0.002049 800.000000 8.213552
990 0.000042 0.004840 100.000000 8.403361
990 0.000027 0.005613 200.000000 7.352941
990 0.000020 0.002183 300.000000 7.444169
990 0.000017 0.000796 400.000000 8.097166
990 0.000016 0.001396 500.000000 7.849294
990 0.000015 0.001710 600.000000 8.253095
990 0.000010 0.002059 700.000000 7.954545
990 0.000010 0.002020 800.000000 8.238929
1000 0.000035 0.005452 100.000000 8.620689
1000 0.000023 0.005842 200.000000 7.380074
1000 0.000021 0.002101 300.000000 7.518797
1000 0.000018 0.000823 400.000000 8.146640
1000 0.000017 0.001660 500.000000 7.898894
1000 0.000015 0.002028 600.000000 8.298756
1000 0.000011 0.002353 700.000000 7.981756
1000 0.000009 0.002190 800.000000 8.273009
1010 0.000043 0.005375 100.000000 8.849558
1010 0.000025 0.005843 200.000000 7.407407
1010 0.000024 0.001764 300.000000 7.594937
1010 0.000020 0.000739 400.000000 8.196721
1010 0.000018 0.001686 500.000000 7.949126
1010 0.000015 0.002047 600.000000 8.344924
1010 0.000010 0.002404 700.000000 8.018328
1010 0.000010 0.002248 800.000000 8.298756
1020 0.000024 0.006051 100.000000 9.090909
1020 0.000020 0.006196 200.000000 7.352941
1020 0.000028 0.001892 300.000000 7.672634
1020 0.000085 0.001746 400.000000 8.213552
1020 0.000019 0.001910 500.000000 8.000000
1020 0.000017 0.002251 600.000000 8.379889
1020 0.000009 0.002424 700.000000 8.064516
1020 0.000009 0.002026 800.000000 8.333333
1030 0.000026 0.006158 100.000000 9.174312
1030 0.000029 0.005953 200.000000 7.220217
1030 0.000027 0.001568 300.000000 7.731959
1030 0.000023 0.001293 400.000000 8.213552
1030 0.000019 0.002108 500.000000 8.038586
1030 0.000017 0.002377 600.000000 8.415147
1030 0.000008 0.002461 700.000000 8.101851
1030 0.000009 0.002001 800.000000 8.350731
1040 0.000029 0.006297 100.000000 9.090909
1040 0.000032 0.005319 200.000000 7.092198
1040 0.000029 0.001296 300.000000 7.772021
1040 0.000021 0.001385 400.000000 7.984032
1040 0.000018 0.002162 500.000000 8.077544
1040 0.000018 0.002539 600.000000 8.426967
1040 0.000009 0.002633 700.000000 8.130081
1040 0.000010 0.002274 800.000000 8.368201
1050 0.000039 0.007291 100.000000 8.849558
1050 0.000039 0.005189 200.000000 7.042253
1050 0.000030 0.001385 300.000000 7.792208
1050 0.000023 0.001802 400.000000 7.707129
1050 0.000019 0.002738 500.000000 8.090615
1050 0.000019 0.003321 600.000000 8.415147
1050 0.000009 0.003226 700.000000 8.139535
1050 0.000009 0.002784 800.000000 8.368201
1060 0.000024 0.007501 100.000000 7.874016
1060 0.000040 0.004565 200.000000 7.017544
1060 0.000029 0.001450 300.000000 7.812500
1060 0.000022 0.002042 400.000000 7.662835
1060 0.000020 0.002888 500.000000 8.103727
1060 0.000018 0.003490 600.000000 8.379889
1060 0.000009 0.003170 700.000000 8.149011
1060 0.000010 0.002761 800.000000 8.368201
1070 0.000032 0.008901 100.000000 6.944445
1070 0.000044 0.003916 200.000000 6.993007
1070 0.000031 0.001614 300.000000 7.832898
1070 0.000025 0.002466 400.000000 7.648183
1070 0.000022 0.003335 500.000000 8.116883
1070 0.000021 0.004075 600.000000 8.310249
1070 0.000011 0.003448 700.000000 8.158508
1070 0.000010 0.002932 800.000000 8.376964
1080 0.000060 0.008705 100.000000 6.666667
1080 0.000040 0.003142 200.000000 6.993007
1080 0.000030 0.001734 300.000000 7.874016
1080 0.000024 0.002840 400.000000 7.648183
1080 0.000021 0.003492 500.000000 8.143323
1080 0.000019 0.004149 600.000000 8.163265
1080 0.000011 0.003648 700.000000 8.168028
1080 0.000011 0.003149 800.000000 8.394544
1090 0.000054 0.008672 100.000000 6.535948
1090 0.000042 0.002800 200.000000 6.993007
1090 0.000029 0.002155 300.000000 7.915567
1090 0.000026 0.003293 400.000000 7.677543
1090 0.000023 0.003926 500.000000 8.169934
1090 0.000019 0.004324 600.000000 7.947020
1090 0.000010 0.003839 700.000000 8.187135
1090 0.000010 0.003230 800.000000 8.403361
1100 0.000051 0.008605 100.000000 6.493506
1100 0.000046 0.002434 200.000000 6.993007
1100 0.000031 0.002040 300.000000 7.957560
1100 0.000026 0.003247 400.000000 7.692307
1100 0.000024 0.003725 500.000000 8.183306
1100 0.000014 0.003990 600.000000 7.874016
1100 0.000010 0.003395 700.000000 8.196721
1100 0.000012 0.002742 800.000000 8.412198
1110 0.000034 0.008210 100.000000 6.451613
1110 0.000051 0.001919 200.000000 7.017544
1110 0.000032 0.001983 300.000000 7.978724
1110 0.000027 0.003113 400.000000 7.707129
1110 0.000024 0.003425 500.000000 8.210180
1110 0.000011 0.003669 600.000000 7.863696
1110 0.000009 0.003010 700.000000 8.206330
1110 0.000013 0.002373 800.000000 8.412198
1120 0.000046 0.008484 100.000000 6.329114
1120 0.000052 0.001756 200.000000 7.042253
1120 0.000035 0.002605 300.000000 7.978724
1120 0.000028 0.003777 400.000000 7.722008
1120 0.000025 0.004113 500.000000 8.223684
1120 0.000012 0.004220 600.000000 7.874016
1120 0.000010 0.003502 700.000000 8.215962
1120 0.000012 0.002776 800.000000 8.350731
1130 0.000051 0.008632 100.000000 6.097561
1130 0.000052 0.002333 200.000000 7.092198
1130 0.000123 0.004349 300.000000 7.936508
1130 0.000032 0.004510 400.000000 7.751938
1130 0.000025 0.004796 500.000000 8.237232
1130 0.000012 0.004648 600.000000 7.905138
1130 0.000011 0.003647 700.000000 8.225616
1130 0.000007 0.002893 800.000000 8.205129
1140 0.000076 0.007097 100.000000 5.847953
1140 0.000047 0.003120 200.000000 7.142857
1140 0.000036 0.004264 300.000000 7.874016
1140 0.000027 0.005210 400.000000 7.797271
1140 0.000025 0.005554 500.000000 8.264462
1140 0.000015 0.005420 600.000000 7.936508
1140 0.000012 0.004621 700.000000 8.235294
1140 0.000009 0.003821 800.000000 8.171603
1150 0.000076 0.006647 100.000000 5.747127
1150 0.000039 0.003811 200.000000 7.220217
1150 0.000032 0.004791 300.000000 7.518797
1150 0.000026 0.005618 400.000000 7.827789
1150 0.000024 0.005890 500.000000 8.278146
1150 0.000014 0.005700 600.000000 7.968128
1150 0.000014 0.005021 700.000000 8.254717
1150 0.000011 0.004210 800.000000 8.171603
1160 0.000090 0.006426 100.000000 5.780347
1160 0.000051 0.004916 200.000000 7.299270
1160 0.000035 0.005915 300.000000 7.371007
1160 0.000030 0.006627 400.000000 7.889546
1160 0.000026 0.007020 500.000000 8.305648
1160 0.000017 0.006746 600.000000 8.010681
1160 0.000014 0.006097 700.000000 8.284023
1160 0.000012 0.004933 800.000000 8.196721
1170 0.000088 0.006392 100.000000 5.917160
1170 0.000049 0.005269 200.000000 7.434944
1170 0.000036 0.006161 300.000000 7.407407
1170 0.000028 0.006762 400.000000 7.968128
1170 0.000025 0.007103 500.000000 8.347245
1170 0.000016 0.006653 600.000000 8.064516
1170 0.000012 0.006013 700.000000 8.333333
1170 0.000012 0.004785 800.000000 8.238929
1180 0.000086 0.006802 100.000000 6.134969
1180 0.000048 0.005475 200.000000 7.633588
1180 0.000035 0.006287 300.000000 7.500000
1180 0.000029 0.006775 400.000000 8.080808
1180 0.000024 0.007173 500.000000 8.417508
1180 0.000015 0.006560 600.000000 8.141112
1180 0.000014 0.005849 700.000000 8.393286
1180 0.000011 0.004557 800.000000 8.290155
1190 0.000082 0.007050 100.000000 6.369427
1190 0.000049 0.005690 200.000000 7.843137
1190 0.000033 0.006347 300.000000 7.614213
1190 0.000027 0.006754 400.000000 8.196721
1190 0.000024 0.007047 500.000000 8.503402
1190 0.000014 0.006257 600.000000 8.219178
1190 0.000012 0.005439 700.000000 8.464329
1190 0.000010 0.004238 800.000000 8.359457
1200 0.000085 0.007350 100.000000 6.666667
1200 0.000044 0.006455 200.000000 8.064516
1200 0.000036 0.006993 300.000000 7.751938
1200 0.000030 0.007389 400.000000 8.316009
1200 0.000025 0.007646 500.000000 8.576329
1200 0.000012 0.006577 600.000000 8.298756
1200 0.000011 0.005585 700.000000 8.536586
1200 0.000008 0.004333 800.000000 8.421053
1210 0.000094 0.007740 100.000000 6.896552
1210 0.000048 0.007486 200.000000 8.264462
1210 0.000033 0.008035 300.000000 7.853403
1210 0.000029 0.008398 400.000000 8.421053
1210 0.000026 0.008650 500.000000 8.620689
1210 0.000014 0.007217 600.000000 8.368201
1210 0.000009 0.006004 700.000000 8.599508
1210 0.000007 0.004667 800.000000 8.474576
1220 0.000084 0.005999 100.000000 7.142857
1220 0.000046 0.006302 200.000000 8.438819
1220 0.000033 0.006916 300.000000 7.936508
1220 0.000027 0.006990 400.000000 8.510638
1220 0.000023 0.007223 500.000000 8.605852
1220 0.000010 0.005705 600.000000 8.426967
1220 0.000007 0.004638 700.000000 8.652658
1220 0.000006 0.003591 800.000000 8.528785
1230 0.000083 0.005237 100.000000 7.299270
1230 0.000044 0.006380 200.000000 8.620689
1230 0.000030 0.007187 300.000000 8.021390
1230 0.000027 0.007200 400.000000 8.602151
1230 0.000021 0.007201 500.000000 8.488964
1230 0.000009 0.005803 600.000000 8.474576
1230 0.000006 0.004664 700.000000 8.706468
1230 0.000006 0.003513 800.000000 8.565310
1240 0.000076 0.003966 100.000000 7.407407
1240 0.000033 0.004938 200.000000 8.771930
1240 0.000028 0.005481 300.000000 8.086253
1240 0.000022 0.005139 400.000000 8.658009
1240 0.000014 0.004608 500.000000 8.291874
1240 0.000005 0.003850 600.000000 8.522727
1240 0.000008 0.003137 700.000000 8.739077
1240 0.000008 0.002421 800.000000 8.602151
1250 0.000087 0.004062 100.000000 7.462687
1250 0.000035 0.004631 200.000000 8.888889
1250 0.000031 0.005004 300.000000 8.152174
1250 0.000022 0.004508 400.000000 8.714597
1250 0.000010 0.004080 500.000000 8.210180
1250 0.000006 0.003381 600.000000 8.547009
1250 0.000009 0.002848 700.000000 8.760951
1250 0.000009 0.002134 800.000000 8.639309
1260 0.000089 0.004452 100.000000 7.575758
1260 0.000040 0.004860 200.000000 8.968610
1260 0.000031 0.004993 300.000000 8.196721
1260 0.000020 0.004414 400.000000 8.771930
1260 0.000006 0.004062 500.000000 8.196721
1260 0.000006 0.003405 600.000000 8.571428
1260 0.000011 0.002903 700.000000 8.782936
1260 0.000010 0.002169 800.000000 8.658009
1270 0.000090 0.005400 100.000000 7.692307
1270 0.000041 0.005440 200.000000 9.049774
1270 0.000032 0.005386 300.000000 8.241758
1270 0.000027 0.004807 400.000000 8.810573
1270 0.000009 0.004410 500.000000 8.223684
1270 0.000006 0.003486 600.000000 8.595988
1270 0.000011 0.002810 700.000000 8.760951
1270 0.000011 0.001991 800.000000 8.695652
1280 0.000098 0.006036 100.000000 7.936508
1280 0.000045 0.005729 200.000000 9.132421
1280 0.000035 0.005550 300.000000 8.333333
1280 0.000024 0.004866 400.000000 8.888889
1280 0.000006 0.004398 500.000000 8.291874
1280 0.000005 0.003446 600.000000 8.633094
1280 0.000007 0.002913 700.000000 8.717310
1280 0.000011 0.001960 800.000000 8.733624
1290 0.000089 0.006835 100.000000 8.264462
1290 0.000148 0.008366 200.000000 9.259259
1290 0.000031 0.006402 300.000000 8.450705
1290 0.000027 0.005696 400.000000 8.988764
1290 0.000006 0.004986 500.000000 8.361204
1290 0.000005 0.003801 600.000000 8.695652
1290 0.000003 0.003247 700.000000 8.631319
1290 0.000010 0.002147 800.000000 8.781559
1300 0.000068 0.007979 100.000000 8.620689
1300 0.000101 0.008528 200.000000 9.389671
1300 0.000023 0.007207 300.000000 8.595988
1300 0.000019 0.006397 400.000000 9.090909
1300 0.000008 0.005573 500.000000 8.445946
1300 0.000008 0.004301 600.000000 8.759124
1300 0.000003 0.003638 700.000000 8.620689
1300 0.000008 0.002473 800.000000 8.839779
1310 0.000028 0.008189 100.000000 9.090909
1310 0.000020 0.007784 200.000000 9.478673
1310 0.000013 0.006802 300.000000 8.720930
1310 0.000015 0.005842 400.000000 9.195402
1310 0.000014 0.004983 500.000000 8.532423
1310 0.000013 0.003732 600.000000 8.823529
1310 0.000006 0.003260 700.000000 8.641975
1310 0.000003 0.001992 800.000000 8.888889
1320 0.000023 0.007510 100.000000 9.433962
1320 0.000010 0.007423 200.000000 9.049774
1320 0.000010 0.006191 300.000000 8.849558
1320 0.000016 0.005162 400.000000 9.259259
1320 0.000015 0.004337 500.000000 8.605852
1320 0.000016 0.003383 600.000000 8.875740
1320 0.000009 0.003039 700.000000 8.674102
1320 0.000005 0.001731 800.000000 8.938547
1330 0.000015 0.007264 100.000000 9.708738
1330 0.000014 0.007205 200.000000 8.510638
1330 0.000010 0.006002 300.000000 8.928572
1330 0.000012 0.005116 400.000000 9.280743
1330 0.000016 0.004131 500.000000 8.650519
1330 0.000017 0.003332 600.000000 8.902077
1330 0.000011 0.002857 700.000000 8.695652
1330 0.000005 0.001615 800.000000 8.968610
1340 0.000007 0.007218 100.000000 9.900990
1340 0.000009 0.007224 200.000000 8.403361
1340 0.000010 0.006124 300.000000 8.982036
1340 0.000013 0.005567 400.000000 9.280743
1340 0.000017 0.004129 500.000000 8.680555
1340 0.000018 0.003285 600.000000 8.928572
1340 0.000008 0.002680 700.000000 8.717310
1340 0.000005 0.001508 800.000000 8.998875
1350 0.000014 0.006737 100.000000 10.101010
1350 0.000011 0.006835 200.000000 8.368201
1350 0.000007 0.005836 300.000000 9.036144
1350 0.000013 0.005508 400.000000 9.195402
1350 0.000016 0.003842 500.000000 8.710801
1350 0.000018 0.003047 600.000000 8.941877
1350 0.000008 0.002395 700.000000 8.739077
1350 0.000004 0.001267 800.000000 9.009009
1360 0.000021 0.006861 100.000000 10.204082
1360 0.000015 0.006975 200.000000 8.403361
1360 0.000014 0.005903 300.000000 9.063444
1360 0.000014 0.005554 400.000000 9.029346
1360 0.000018 0.003827 500.000000 8.726004
1360 0.000018 0.003047 600.000000 8.968610
1360 0.000007 0.002307 700.000000 8.760951
1360 0.000004 0.001297 800.000000 9.029346
1370 0.000022 0.006840 100.000000 10.526316
1370 0.000009 0.006945 200.000000 8.438819
1370 0.000012 0.006047 300.000000 9.118541
1370 0.000022 0.004920 400.000000 8.658009
1370 0.000019 0.003657 500.000000 8.756567
1370 0.000019 0.002889 600.000000 8.982036
1370 0.000007 0.002039 700.000000 8.782936
1370 0.000005 0.001191 800.000000 9.039548
1380 0.000034 0.006593 100.000000 10.638298
1380 0.000010 0.006581 200.000000 8.474576
1380 0.000013 0.005709 300.000000 9.174312
1380 0.000024 0.004610 400.000000 8.403361
1380 0.000020 0.003435 500.000000 8.771930
1380 0.000019 0.002745 600.000000 8.995502
1380 0.000006 0.001840 700.000000 8.805032
1380 0.000005 0.001074 800.000000 9.049774
1390 0.000028 0.006381 100.000000 10.752688
1390 0.000016 0.006219 200.000000 8.510638
1390 0.000018 0.005236 300.000000 9.202454
1390 0.000025 0.004357 400.000000 8.350731
1390 0.000021 0.003291 500.000000 8.787346
1390 0.000022 0.002805 600.000000 8.995502
1390 0.000004 0.001741 700.000000 8.827238
1390 0.000005 0.000940 800.000000 9.049774
1400 0.000030 0.006647 100.000000 10.752688
1400 0.000012 0.006420 200.000000 8.510638
1400 0.000020 0.005421 300.000000 9.230769
1400 0.000022 0.004479 400.000000 8.350731
1400 0.000020 0.003289 500.000000 8.771930
1400 0.000021 0.002733 600.000000 8.928572
1400 0.000005 0.001671 700.000000 8.838384
1400 0.000006 0.001018 800.000000 9.039548
1410 0.000313 0.010544 100.000000 10.309278
1410 0.000012 0.006528 200.000000 8.510638
1410 0.000014 0.005519 300.000000 9.202454
1410 0.000023 0.004440 400.000000 8.368201
1410 0.000020 0.003044 500.000000 8.771930
1410 0.000015 0.002616 600.000000 8.670520
1410 0.000006 0.001405 700.000000 8.849558
1410 0.000007 0.000951 800.000000 8.978676
1420 0.000015 0.007928 100.000000 9.615385
1420 0.000008 0.006300 200.000000 8.510638
1420 0.000015 0.005128 300.000000 9.174312
1420 0.000021 0.004119 400.000000 8.385744
1420 0.000020 0.002830 500.000000 8.741259
1420 0.000010 0.002581 600.000000 8.559201
1420 0.000005 0.001288 700.000000 8.849558
1420 0.000007 0.001010 800.000000 8.064516
1430 0.000018 0.007801 100.000000 7.575758
1430 0.000013 0.006111 200.000000 8.510638
1430 0.000018 0.005030 300.000000 9.118541
1430 0.000021 0.003743 400.000000 8.385744
1430 0.000021 0.002726 500.000000 8.741259
1430 0.000013 0.002503 600.000000 8.522727
1430 0.000006 0.001155 700.000000 8.860760
1430 0.000007 0.001106 800.000000 7.984032
1440 0.000010 0.007600 100.000000 7.194244
1440 0.000013 0.006012 200.000000 8.547009
1440 0.000018 0.005425 300.000000 9.036144
1440 0.000022 0.003624 400.000000 8.403361
1440 0.000024 0.002682 500.000000 8.726004
1440 0.000010 0.002191 600.000000 8.522727
1440 0.000006 0.001059 700.000000 8.860760
1440 0.000004 0.001078 800.000000 7.968128
1450 0.000018 0.007565 100.000000 7.042253
1450 0.000008 0.005983 200.000000 8.547009
1450 0.000012 0.005748 300.000000 8.849558
1450 0.000019 0.003533 400.000000 8.403361
1450 0.000023 0.002569 500.000000 8.726004
1450 0.000010 0.001948 600.000000 8.534851
1450 0.000006 0.001025 700.000000 8.860760
1450 0.000004 0.000921 800.000000 7.968128
1460 0.000010 0.007961 100.000000 6.993007
1460 0.000010 0.006293 200.000000 8.510638
1460 0.000014 0.005264 300.000000 8.403361
1460 0.000021 0.003469 400.000000 8.385744
1460 0.000023 0.002453 500.000000 8.710801
1460 0.000007 0.001687 600.000000 8.534851
1460 0.000006 0.001061 700.000000 8.849558
1460 0.000004 0.000731 800.000000 7.968128
1470 0.000023 0.007356 100.000000 6.944445
1470 0.000012 0.006203 200.000000 8.510638
1470 0.000026 0.004800 300.000000 7.874016
1470 0.000020 0.003393 400.000000 8.368201
1470 0.000020 0.002343 500.000000 8.710801
1470 0.000007 0.001549 600.000000 8.534851
1470 0.000008 0.001123 700.000000 8.838384
1470 0.000006 0.000646 800.000000 7.968128
1480 0.000008 0.007060 100.000000 6.944445
1480 0.000016 0.005818 200.000000 8.510638
1480 0.000024 0.004649 300.000000 7.731959
1480 0.000021 0.003130 400.000000 8.368201
1480 0.000022 0.002264 500.000000 8.695652
1480 0.000007 0.001449 600.000000 8.547009
1480 0.000006 0.001133 700.000000 8.827238
1480 0.000005 0.000500 800.000000 7.960199
1490 0.000018 0.006757 100.000000 6.944445
1490 0.000017 0.005637 200.000000 8.547009
1490 0.000022 0.004484 300.000000 7.731959
1490 0.000021 0.003008 400.000000 8.368201
1490 0.000023 0.002118 500.000000 8.635578
1490 0.000007 0.001343 600.000000 8.559201
1490 0.000008 0.001190 700.000000 8.827238
1490 0.000005 0.000406 800.000000 7.968128
1500 0.000061 0.009957 100.000000 7.042253
1500 0.000042 0.008713 200.000000 8.620689
1500 0.000042 0.006938 300.000000 7.792208
1500 0.000033 0.004892 400.000000 8.385744
1500 0.000026 0.004305 500.000000 8.488964
1500 0.000008 0.002872 600.000000 8.595988
1500 0.000013 0.002575 700.000000 8.805032
1500 0.000008 0.000882 800.000000 7.984032
1510 0.000336 0.035772 100.000000 7.246377
1510 0.000173 0.034536 200.000000 8.733624
1510 0.000117 0.030220 300.000000 7.874016
1510 0.000084 0.025561 400.000000 8.438819
1510 0.000061 0.020896 500.000000 8.333333
1510 0.000051 0.013063 600.000000 8.645534
1510 0.000045 0.009455 700.000000 8.771930
1510 0.000042 0.003577 800.000000 8.008008
1520 0.000000 0.005510 100.000000 7.462687
1520 0.000023 0.004491 200.000000 8.849558
1520 0.000030 0.003393 300.000000 7.978724
1520 0.000026 0.001961 400.000000 8.510638
1520 0.000015 0.002149 500.000000 8.333333
1520 0.000008 0.001089 600.000000 8.695652
1520 0.000008 0.001326 700.000000 7.874016
1520 0.000004 0.000387 800.000000 8.040201
1530 0.000017 0.005348 100.000000 7.874016
1530 0.000028 0.004258 200.000000 9.090909
1530 0.000031 0.003182 300.000000 8.108109
1530 0.000028 0.001928 400.000000 8.620689
1530 0.000016 0.002173 500.000000 8.403361
1530 0.000009 0.001099 600.000000 8.784773
1530 0.000011 0.001403 700.000000 7.874016
1530 0.000004 0.000400 800.000000 8.088979
1540 0.000014 0.005169 100.000000 8.403361
1540 0.000026 0.004070 200.000000 9.433962
1540 0.000028 0.003074 300.000000 8.310249
1540 0.000026 0.001919 400.000000 8.771930
1540 0.000014 0.002084 500.000000 8.517887
1540 0.000010 0.001092 600.000000 8.888889
1540 0.000012 0.001436 700.000000 7.927520
1540 0.000006 0.000397 800.000000 8.154943
1550 0.000021 0.005138 100.000000 9.009009
1550 0.000021 0.004069 200.000000 9.756098
1550 0.000027 0.002979 300.000000 8.498584
1550 0.000025 0.001997 400.000000 8.908686
1550 0.000016 0.002194 500.000000 8.620689
1550 0.000006 0.001233 600.000000 8.995502
1550 0.000012 0.001527 700.000000 7.990868
1550 0.000007 0.000422 800.000000 8.221993
1560 0.000031 0.005716 100.000000 9.615385
1560 0.000027 0.004847 200.000000 10.050251
1560 0.000025 0.003358 300.000000 8.670520
1560 0.000025 0.002362 400.000000 9.049774
1560 0.000014 0.002298 500.000000 8.726004
1560 0.000006 0.001554 600.000000 9.090909
1560 0.000012 0.001755 700.000000 8.036739
1560 0.000006 0.000500 800.000000 8.281573
1570 0.000045 0.005800 100.000000 10.000000
1570 0.000022 0.005184 200.000000 10.256411
1570 0.000027 0.003269 300.000000 8.797654
1570 0.000023 0.002247 400.000000 9.132421
1570 0.000012 0.002227 500.000000 8.787346
1570 0.000006 0.001575 600.000000 9.160305
1570 0.000010 0.001757 700.000000 8.064516
1570 0.000007 0.000464 800.000000 8.316009
1580 0.000018 0.005328 100.000000 10.416667
1580 0.000023 0.005010 200.000000 10.256411
1580 0.000029 0.002653 300.000000 8.875740
1580 0.000029 0.001866 400.000000 9.195402
1580 0.000013 0.001798 500.000000 8.833922
1580 0.000008 0.001245 600.000000 9.202454
1580 0.000004 0.001461 700.000000 8.083141
1580 0.000005 0.000386 800.000000 8.350731
1590 0.000021 0.005729 100.000000 10.638298
1590 0.000017 0.005668 200.000000 10.050251
1590 0.000027 0.002962 300.000000 8.928572
1590 0.000028 0.002132 400.000000 9.237875
1590 0.000010 0.001955 500.000000 8.880995
1590 0.000007 0.001728 600.000000 9.230769
1590 0.000005 0.001580 700.000000 8.101851
1590 0.000006 0.000462 800.000000 8.368201
1600 0.000014 0.005106 100.000000 10.752688
1600 0.000034 0.004889 200.000000 9.433962
1600 0.000030 0.002390 300.000000 8.928572
1600 0.000029 0.001689 400.000000 9.259259
1600 0.000012 0.001350 500.000000 8.896797
1600 0.000008 0.001426 600.000000 9.244992
1600 0.000006 0.001274 700.000000 8.111239
1600 0.000007 0.000458 800.000000 8.376964
1610 0.000017 0.005929 100.000000 10.752688
1610 0.000044 0.004170 200.000000 8.510638
1610 0.000033 0.002267 300.000000 8.955224
1610 0.000030 0.001838 400.000000 9.259259
1610 0.000011 0.001400 500.000000 8.912656
1610 0.000009 0.001630 600.000000 9.244992
1610 0.000005 0.001226 700.000000 8.120649
1610 0.000006 0.000411 800.000000 8.376964
1620 0.000026 0.005047 100.000000 10.869565
1620 0.000036 0.003708 200.000000 8.196721
1620 0.000029 0.002077 300.000000 8.955224
1620 0.000029 0.001479 400.000000 9.259259
1620 0.000011 0.001010 500.000000 8.944544
1620 0.000009 0.001418 600.000000 9.244992
1620 0.000006 0.000953 700.000000 8.120649
1620 0.000010 0.000407 800.000000 8.368201
1630 0.000026 0.004840 100.000000 10.869565
1630 0.000045 0.003410 200.000000 8.130081
1630 0.000032 0.001801 300.000000 8.928572
1630 0.000034 0.001962 400.000000 9.195402
1630 0.000010 0.001333 500.000000 8.960573
1630 0.000010 0.001697 600.000000 9.216590
1630 0.000004 0.000996 700.000000 8.120649
1630 0.000007 0.000523 800.000000 8.368201
1640 0.000026 0.005085 100.000000 10.869565
1640 0.000043 0.003476 200.000000 8.163265
1640 0.000033 0.001483 300.000000 8.928572
1640 0.000026 0.001741 400.000000 8.908686
1640 0.000012 0.001200 500.000000 8.960573
1640 0.000012 0.001896 600.000000 9.174312
1640 0.000005 0.001064 700.000000 8.120649
1640 0.000008 0.000785 800.000000 8.376964
1650 0.000042 0.003567 100.000000 10.752688
1650 0.000045 0.002497 200.000000 8.196721
1650 0.000036 0.001489 300.000000 8.875740
1650 0.000019 0.002322 400.000000 8.583691
1650 0.000009 0.001495 500.000000 8.976661
1650 0.000012 0.002062 600.000000 8.941877
1650 0.000006 0.001092 700.000000 8.111239
1650 0.000007 0.000815 800.000000 8.376964
1660 0.000032 0.003876 100.000000 10.526316
1660 0.000046 0.002322 200.000000 8.196721
1660 0.000037 0.001334 300.000000 8.849558
1660 0.000024 0.002058 400.000000 8.510638
1660 0.000011 0.001399 500.000000 8.976661
1660 0.000012 0.001954 600.000000 7.822686
1660 0.000007 0.001119 700.000000 8.111239
1660 0.000007 0.000926 800.000000 8.368201
1670 0.000028 0.005140 100.000000 10.204082
1670 0.000044 0.002526 200.000000 8.230453
1670 0.000037 0.001621 300.000000 8.823529
1670 0.000023 0.001442 400.000000 8.492569
1670 0.000013 0.001310 500.000000 8.976661
1670 0.000008 0.001944 600.000000 7.792208
1670 0.000009 0.001108 700.000000 8.111239
1670 0.000011 0.001091 800.000000 8.350731
1680 0.000015 0.006355 100.000000 9.708738
1680 0.000046 0.002320 200.000000 8.230453
1680 0.000039 0.001075 300.000000 8.823529
1680 0.000018 0.001329 400.000000 8.492569
1680 0.000014 0.001908 500.000000 8.976661
1680 0.000009 0.002100 600.000000 7.782101
1680 0.000009 0.001266 700.000000 8.111239
1680 0.000010 0.001311 800.000000 8.342023
1690 0.000039 0.005821 100.000000 8.620689
1690 0.000044 0.001784 200.000000 8.196721
1690 0.000044 0.002184 300.000000 8.823529
1690 0.000019 0.002042 400.000000 8.510638
1690 0.000014 0.002218 500.000000 8.976661
1690 0.000006 0.002110 600.000000 7.782101
1690 0.000008 0.001307 700.000000 8.111239
1690 0.000007 0.001226 800.000000 8.333333
1700 0.000068 0.004098 100.000000 7.042253
1700 0.000046 0.001892 200.000000 8.196721
1700 0.000041 0.002105 300.000000 8.797654
1700 0.000019 0.001622 400.000000 8.510638
1700 0.000015 0.002104 500.000000 8.960573
1700 0.000008 0.001864 600.000000 7.782101
1700 0.000011 0.001245 700.000000 8.101851
1700 0.000010 0.001382 800.000000 8.333333
1710 0.000072 0.004927 100.000000 6.493506
1710 0.000049 0.002061 200.000000 8.163265
1710 0.000042 0.001513 300.000000 8.771930
1710 0.000021 0.001326 400.000000 8.528785
1710 0.000017 0.002214 500.000000 8.944544
1710 0.000011 0.001958 600.000000 7.782101
1710 0.000012 0.001630 700.000000 8.092485
1710 0.000013 0.001785 800.000000 8.333333
1720 0.000076 0.003331 100.000000 6.410256
1720 0.000045 0.001705 200.000000 8.130081
1720 0.000044 0.002033 300.000000 8.695652
1720 0.000018 0.001622 400.000000 8.547009
1720 0.000014 0.002301 500.000000 8.928572
1720 0.000008 0.001747 600.000000 7.772021
1720 0.000012 0.001434 700.000000 8.083141
1720 0.000011 0.001519 800.000000 8.333333
1730 0.000085 0.002769 100.000000 6.451613
1730 0.000050 0.001799 200.000000 8.130081
1730 0.000037 0.003007 300.000000 8.379889
1730 0.000017 0.002283 400.000000 8.547009
1730 0.000015 0.002870 500.000000 8.865249
1730 0.000007 0.001914 600.000000 7.772021
1730 0.000010 0.001478 700.000000 8.092485
1730 0.000010 0.001512 800.000000 8.324662
1740 0.000080 0.003102 100.000000 6.535948
1740 0.000050 0.001561 200.000000 8.130081
1740 0.000031 0.002667 300.000000 8.021390
1740 0.000019 0.002069 400.000000 8.583691
1740 0.000017 0.002917 500.000000 8.695652
1740 0.000009 0.001933 600.000000 7.782101
1740 0.000013 0.001644 700.000000 8.101851
1740 0.000011 0.001851 800.000000 8.316009
1750 0.000075 0.003138 100.000000 6.622517
1750 0.000050 0.001713 200.000000 8.130081
1750 0.000030 0.002026 300.000000 7.978724
1750 0.000025 0.001753 400.000000 8.620689
1750 0.000018 0.002626 500.000000 7.440476
1750 0.000013 0.001971 600.000000 7.792208
1750 0.000014 0.001936 700.000000 8.111239
1750 0.000013 0.002362 800.000000 8.324662
1760 0.000076 0.002020 100.000000 6.711410
1760 0.000053 0.001232 200.000000 8.163265
1760 0.000032 0.001770 300.000000 7.978724
1760 0.000021 0.002026 400.000000 8.658009
1760 0.000016 0.002842 500.000000 7.418397
1760 0.000012 0.002004 600.000000 7.802341
1760 0.000014 0.001933 700.000000 8.120649
1760 0.000014 0.002443 800.000000 8.342023
1770 0.000081 0.001199 100.000000 6.849315
1770 0.000062 0.000337 200.000000 8.230453
1770 0.000028 0.001772 300.000000 8.042895
1770 0.000021 0.002857 400.000000 8.695652
1770 0.000015 0.003265 500.000000 7.429420
1770 0.000013 0.002446 600.000000 7.832898
1770 0.000016 0.002396 700.000000 8.130081
1770 0.000015 0.002978 800.000000 8.368201
1780 0.000081 0.001487 100.000000 7.042253
1780 0.000061 0.001213 200.000000 8.368201
1780 0.000027 0.002380 300.000000 8.108109
1780 0.000021 0.003432 400.000000 8.771930
1780 0.000013 0.003540 500.000000 7.462687
1780 0.000013 0.002546 600.000000 7.874016
1780 0.000014 0.002442 700.000000 8.158508
1780 0.000014 0.002923 800.000000 8.403361
1790 0.000099 0.003069 100.000000 7.246377
1790 0.000065 0.003424 200.000000 8.547009
1790 0.000029 0.004073 300.000000 8.219178
1790 0.000020 0.004671 400.000000 8.869180
1790 0.000011 0.004385 500.000000 7.518797
1790 0.000011 0.003094 600.000000 7.926024
1790 0.000013 0.002703 700.000000 8.196721
1790 0.000014 0.002896 800.000000 8.447730
1800 0.000084 0.001157 100.000000 7.575758
1800 0.000064 0.002578 200.000000 8.733624
1800 0.000029 0.002934 300.000000 8.356546
1800 0.000020 0.003602 400.000000 8.968610
1800 0.000012 0.003505 500.000000 7.587254
1800 0.000014 0.002553 600.000000 7.978724
1800 0.000012 0.002306 700.000000 8.244994
1800 0.000014 0.002549 800.000000 8.501594
1810 0.000123 0.003012 100.000000 7.936508
1810 0.000084 0.004536 200.000000 9.009009
1810 0.000042 0.004139 300.000000 8.522727
1810 0.000029 0.004471 400.000000 9.111617
1810 0.000016 0.004451 500.000000 7.656968
1810 0.000017 0.003599 600.000000 8.053691
1810 0.000016 0.003194 700.000000 8.313540
1810 0.000018 0.003315 800.000000 8.565310
1820 0.000078 0.001227 100.000000 8.474576
1820 0.000056 0.000935 200.000000 9.302325
1820 0.000026 0.001830 300.000000 8.720930
1820 0.000021 0.003135 400.000000 9.259259
1820 0.000016 0.003069 500.000000 7.751938
1820 0.000016 0.002481 600.000000 8.130081
1820 0.000013 0.002772 700.000000 8.383233
1820 0.000017 0.003298 800.000000 8.629990
1830 0.000054 0.005871 100.000000 9.009009
1830 0.000048 0.004766 200.000000 9.615385
1830 0.000037 0.003122 300.000000 8.902077
1830 0.000029 0.002884 400.000000 9.411765
1830 0.000023 0.002302 500.000000 7.836991
1830 0.000025 0.001941 600.000000 8.207934
1830 0.000022 0.002860 700.000000 8.464329
1830 0.000020 0.003939 800.000000 8.695652
1840 0.000052 0.004470 100.000000 9.615385
1840 0.000049 0.003342 200.000000 9.950249
1840 0.000033 0.002353 300.000000 9.118541
1840 0.000026 0.002793 400.000000 9.569378
1840 0.000022 0.002301 500.000000 7.923930
1840 0.000023 0.001972 600.000000 8.287292
1840 0.000018 0.002725 700.000000 8.536586
1840 0.000019 0.003588 800.000000 8.771930
1850 0.000057 0.005843 100.000000 10.204082
1850 0.000050 0.004592 200.000000 10.309278
1850 0.000035 0.003224 300.000000 9.287926
1850 0.000029 0.003141 400.000000 9.708738
1850 0.000024 0.002280 500.000000 8.012820
1850 0.000022 0.001842 600.000000 8.356546
1850 0.000019 0.002600 700.000000 8.610086
1850 0.000020 0.003572 800.000000 8.830022
1860 0.000048 0.004831 100.000000 10.752688
1860 0.000045 0.003934 200.000000 10.526316
1860 0.000032 0.003150 300.000000 9.433962
1860 0.000025 0.003302 400.000000 9.828010
1860 0.000022 0.002190 500.000000 8.064516
1860 0.000022 0.001538 600.000000 8.403361
1860 0.000020 0.002259 700.000000 8.663366
1860 0.000019 0.003254 800.000000 8.879024
1870 0.000028 0.004481 100.000000 10.869565
1870 0.000037 0.003831 200.000000 10.582010
1870 0.000030 0.003422 300.000000 9.523809
1870 0.000022 0.003704 400.000000 9.852217
1870 0.000022 0.002271 500.000000 8.090615
1870 0.000022 0.001605 600.000000 8.426967
1870 0.000020 0.002380 700.000000 8.684863
1880 0.000020 0.004354 100.000000 10.869565
1880 0.000025 0.003957 200.000000 10.152285
1880 0.000029 0.003839 300.000000 9.554140
1880 0.000017 0.004405 400.000000 9.803922
1880 0.000023 0.002485 500.000000 8.090615
1880 0.000020 0.001655 600.000000 8.426967
1880 0.000018 0.002328 700.000000 8.674102
1890 0.000030 0.004957 100.000000 10.638298
1890 0.000029 0.003663 200.000000 9.049774
1890 0.000036 0.003489 300.000000 9.523809
1890 0.000019 0.004285 400.000000 9.546539
1890 0.000022 0.002284 500.000000 8.077544
1890 0.000021 0.002210 600.000000 8.426967
1890 0.000019 0.003123 700.000000 8.641975
1900 0.000026 0.004856 100.000000 10.416667
1900 0.000033 0.003930 200.000000 8.810573
1900 0.000028 0.004202 300.000000 9.523809
1900 0.000033 0.004615 400.000000 7.648183
1900 0.000026 0.002387 500.000000 8.051530
1900 0.000022 0.002004 600.000000 8.415147
1900 0.000018 0.002903 700.000000 8.631319
1910 0.000035 0.003880 100.000000 10.204082
1910 0.000044 0.004123 200.000000 8.733624
1910 0.000027 0.004732 300.000000 9.523809
1910 0.000031 0.004721 400.000000 7.575758
1910 0.000025 0.002236 500.000000 8.038586
1910 0.000021 0.001736 600.000000 8.391608
1910 0.000018 0.002690 700.000000 8.620689
1920 0.000052 0.004304 100.000000 10.204082
1920 0.000037 0.004435 200.000000 8.733624
1920 0.000032 0.005180 300.000000 9.523809
1920 0.000030 0.004337 400.000000 7.561437
1920 0.000026 0.002059 500.000000 8.051530
1920 0.000022 0.002180 600.000000 8.368201
1920 0.000019 0.003415 700.000000 8.620689
1930 0.000057 0.004499 100.000000 10.204082
1930 0.000040 0.004465 200.000000 8.771930
1930 0.000030 0.005040 300.000000 9.523809
1930 0.000031 0.003984 400.000000 7.561437
1930 0.000027 0.001890 500.000000 8.051530
1930 0.000023 0.002516 600.000000 8.356546
1930 0.000021 0.003744 700.000000 8.631319
1940 0.000046 0.004142 100.000000 10.204082
1940 0.000037 0.004214 200.000000 8.810573
1940 0.000028 0.004816 300.000000 9.523809
1940 0.000028 0.003571 400.000000 7.575758
1940 0.000027 0.002095 500.000000 8.051530
1940 0.000022 0.003013 600.000000 8.368201
1940 0.000019 0.004088 700.000000 8.641975
1950 0.000044 0.004856 100.000000 10.204082
1950 0.000043 0.004678 200.000000 8.849558
1950 0.000030 0.005017 300.000000 9.523809
1950 0.000030 0.003518 400.000000 7.575758
1950 0.000025 0.002535 500.000000 8.038586
1950 0.000024 0.003559 600.000000 8.368201
1950 0.000021 0.004762 700.000000 8.652658
1960 0.000046 0.005242 100.000000 10.101010
1960 0.000043 0.004846 200.000000 8.888889
1960 0.000028 0.005314 300.000000 9.493670
1960 0.000029 0.003474 400.000000 7.575758
1960 0.000026 0.002789 500.000000 8.038586
1960 0.000024 0.003653 600.000000 8.379889
1970 0.000033 0.005500 100.000000 9.433962
1970 0.000046 0.004919 200.000000 8.968610
1970 0.000025 0.005660 300.000000 9.463722
1970 0.000033 0.003560 400.000000 7.590133
1970 0.000027 0.003214 500.000000 8.051530
1970 0.000024 0.004127 600.000000 8.379889
1980 0.000032 0.004169 100.000000 8.000000
1980 0.000047 0.004760 200.000000 9.009009
1980 0.000024 0.005581 300.000000 9.287926
1980 0.000033 0.003478 400.000000 7.590133
1980 0.000028 0.003755 500.000000 8.064516
1980 0.000023 0.004775 600.000000 8.368201
1990 0.000071 0.004412 100.000000 7.633588
1990 0.000046 0.004971 200.000000 9.049774
1990 0.000035 0.005692 300.000000 7.109005
1990 0.000034 0.003252 400.000000 7.604563
1990 0.000029 0.003435 500.000000 8.077544
1990 0.000024 0.004542 600.000000 8.368201
2000 0.000080 0.004927 100.000000 7.518797
2000 0.000045 0.005595 200.000000 9.132421
2000 0.000054 0.005650 300.000000 6.976744
2000 0.000036 0.003225 400.000000 7.604563
2000 0.000028 0.003611 500.000000 8.077544
2000 0.000024 0.004871 600.000000 8.379889
2010 0.000083 0.006652 100.000000 7.575758
2010 0.000048 0.007589 200.000000 9.132421
2010 0.000050 0.006467 300.000000 6.944445
2010 0.000038 0.004043 400.000000 7.619048
2010 0.000031 0.004543 500.000000 8.064516
2010 0.000026 0.005785 600.000000 8.391608
2020 0.000059 0.007042 100.000000 7.575758
2020 0.000045 0.008478 200.000000 9.174312
2020 0.000046 0.006845 300.000000 6.944445
2020 0.000037 0.004983 400.000000 7.633588
2020 0.000026 0.005605 500.000000 8.051530
2020 0.000024 0.006674 600.000000 8.403361
2030 0.000063 0.006842 100.000000 7.633588
2030 0.000046 0.008024 200.000000 9.132421
2030 0.000046 0.006663 300.000000 6.944445
2030 0.000036 0.005240 400.000000 7.633588
2030 0.000028 0.006328 500.000000 8.051530
2030 0.000027 0.007436 600.000000 8.403361
2040 0.000094 0.006979 100.000000 7.692307
2040 0.000047 0.007861 200.000000 9.132421
2040 0.000044 0.006262 300.000000 6.944445
2040 0.000036 0.005308 400.000000 7.619048
2040 0.000031 0.006497 500.000000 8.051530
2040 0.000026 0.007618 600.000000 8.415147
2050 0.000102 0.006980 100.000000 7.751938
2050 0.000058 0.007782 200.000000 9.132421
2050 0.000051 0.006518 300.000000 6.960557
2050 0.000038 0.006710 400.000000 7.619048
2050 0.000033 0.007872 500.000000 8.064516
2060 0.000111 0.006848 100.000000 7.936508
2060 0.000060 0.007899 200.000000 9.174312
2060 0.000054 0.006707 300.000000 6.993007
2060 0.000040 0.007289 400.000000 7.648183
2060 0.000034 0.008408 500.000000 8.090615
2070 0.000100 0.006635 100.000000 8.196721
2070 0.000051 0.007524 200.000000 9.302325
2070 0.000052 0.006497 300.000000 7.058824
2070 0.000040 0.007162 400.000000 7.707129
2070 0.000034 0.008244 500.000000 8.143323
2080 0.000102 0.006005 100.000000 8.620689
2080 0.000042 0.006999 200.000000 9.478673
2080 0.000048 0.005436 300.000000 7.142857
2080 0.000037 0.006101 400.000000 7.797271
2080 0.000030 0.007246 500.000000 8.210180
2090 0.000085 0.006950 100.000000 9.259259
2090 0.000028 0.007635 200.000000 9.756098
2090 0.000041 0.004567 300.000000 7.263923
2090 0.000031 0.004414 400.000000 7.905138
2090 0.000024 0.005240 500.000000 8.305648
2100 0.000073 0.007903 100.000000 9.900990
2100 0.000022 0.008378 200.000000 9.950249
2100 0.000041 0.005129 300.000000 7.389163
2100 0.000029 0.004703 400.000000 8.016032
2100 0.000023 0.005302 500.000000 8.389262
2110 0.000069 0.008164 100.000000 10.526316
2110 0.000017 0.008829 200.000000 9.950249
2110 0.000036 0.005492 300.000000 7.500000
2110 0.000024 0.005141 400.000000 8.113590
2110 0.000022 0.005521 500.000000 8.474576
2120 0.000033 0.009402 100.000000 10.989011
2120 0.000046 0.009102 200.000000 6.849315
2120 0.000032 0.006210 300.000000 7.575758
2120 0.000023 0.005641 400.000000 8.179959
2120 0.000019 0.005672 500.000000 8.517887
2130 0.000050 0.010016 100.000000 11.235955
2130 0.000073 0.008692 200.000000 6.688963
2130 0.000039 0.006879 300.000000 7.594937
2130 0.000026 0.006783 400.000000 8.213552
2130 0.000022 0.007177 500.000000 8.547009
2140 0.000042 0.010568 100.000000 11.363636
2140 0.000056 0.007862 200.000000 6.644518
2140 0.000037 0.006635 300.000000 7.614213
2140 0.000024 0.006882 400.000000 8.196721
2140 0.000022 0.007213 500.000000 8.561644
2150 0.000035 0.009797 100.000000 11.363636
2150 0.000040 0.006566 200.000000 6.622517
2150 0.000029 0.005183 300.000000 7.614213
2150 0.000018 0.005793 400.000000 8.146640
2150 0.000019 0.006328 500.000000 8.561644
2160 0.000030 0.008746 100.000000 11.235955
2160 0.000041 0.006159 200.000000 6.622517
2160 0.000029 0.004269 300.000000 7.594937
2160 0.000021 0.005026 400.000000 8.130081
2160 0.000020 0.005536 500.000000 8.561644
2170 0.000023 0.007863 100.000000 11.111111
2170 0.000031 0.005466 200.000000 6.600660
2170 0.000024 0.004359 300.000000 7.575758
2170 0.000016 0.004892 400.000000 8.130081
2170 0.000017 0.005378 500.000000 8.547009
2180 0.000024 0.008201 100.000000 10.869565
2180 0.000032 0.005845 200.000000 6.578948
2180 0.000019 0.005294 300.000000 7.537688
2180 0.000017 0.005571 400.000000 8.130081
2190 0.000026 0.008324 100.000000 10.526316
2190 0.000033 0.005394 200.000000 6.557377
2190 0.000020 0.005041 300.000000 7.518797
2190 0.000017 0.005267 400.000000 8.097166
2200 0.000035 0.008707 100.000000 9.900990
2200 0.000032 0.005512 200.000000 6.535948
2200 0.000016 0.005508 300.000000 7.518797
2200 0.000013 0.005506 400.000000 8.064516
2210 0.000083 0.007823 100.000000 4.901961
2210 0.000035 0.005124 200.000000 6.514658
2210 0.000019 0.005449 300.000000 7.518797
2210 0.000018 0.005436 400.000000 8.032128
2220 0.000094 0.006240 100.000000 4.694836
2220 0.000038 0.004663 200.000000 6.493506
2220 0.000019 0.005277 300.000000 7.481297
2220 0.000014 0.005401 400.000000 8.032128
2230 0.000065 0.004269 100.000000 4.651163
2230 0.000033 0.005061 200.000000 6.493506
2230 0.000023 0.005848 300.000000 7.444169
2230 0.000016 0.006128 400.000000 8.032128
2240 0.000069 0.003700 100.000000 4.651163
2240 0.000034 0.004978 200.000000 6.514658
2240 0.000023 0.006063 300.000000 7.425743
2240 0.000018 0.006484 400.000000 8.048289
2250 0.000059 0.004531 100.000000 4.651163
2250 0.000028 0.005099 200.000000 6.514658
2250 0.000014 0.005858 300.000000 7.425743
2250 0.000017 0.006121 400.000000 8.064516
2260 0.000062 0.005231 100.000000 4.672897
2260 0.000026 0.005585 200.000000 6.514658
2260 0.000016 0.005946 300.000000 7.444169
2260 0.000016 0.006252 400.000000 8.064516
2270 0.000054 0.005678 100.000000 4.672897
2270 0.000024 0.006127 200.000000 6.493506
2270 0.000020 0.006072 300.000000 7.462687
2280 0.000065 0.006415 100.000000 4.716981
2280 0.000028 0.006485 200.000000 6.535948
2280 0.000021 0.006267 300.000000 7.481297
2290 0.000080 0.007245 100.000000 4.761905
2290 0.000039 0.007130 200.000000 6.578948
2290 0.000024 0.006677 300.000000 7.518797
2300 0.000088 0.009052 100.000000 4.854369
2300 0.000036 0.008512 200.000000 6.688963
2300 0.000024 0.007845 300.000000 7.575758
2310 0.000090 0.009878 100.000000 5.000000
2310 0.000033 0.009176 200.000000 6.825939
2310 0.000028 0.008379 300.000000 7.692307
2320 0.000103 0.009399 100.000000 5.181347
2320 0.000036 0.008674 200.000000 7.017544
2320 0.000026 0.007989 300.000000 7.832898
2330 0.000094 0.009862 100.000000 5.434783
2330 0.000033 0.008895 200.000000 7.246377
2330 0.000024 0.008012 300.000000 8.021390
2340 0.000094 0.009914 100.000000 5.747127
2340 0.000034 0.009015 200.000000 7.518797
2340 0.000024 0.008153 300.000000 8.241758
2350 0.000095 0.009749 100.000000 6.097561
2350 0.000035 0.008951 200.000000 7.812500
2350 0.000025 0.008139 300.000000 8.474576
2360 0.000096 0.009311 100.000000 6.493506
2360 0.000035 0.008713 200.000000 8.130081
2360 0.000025 0.007976 300.000000 8.720930
2370 0.000092 0.008691 100.000000 6.944445
2370 0.000033 0.008133 200.000000 8.474576
2370 0.000023 0.007416 300.000000 8.982036
2380 0.000090 0.008181 100.000000 7.462687
2380 0.000033 0.007657 200.000000 8.849558
2380 0.000023 0.006978 300.000000 9.259259
2390 0.000088 0.007978 100.000000 8.064516
2390 0.000031 0.007425 200.000000 9.259259
2390 0.000022 0.006732 300.000000 9.554140
2400 0.000083 0.007569 100.000000 8.771930
2400 0.000030 0.006790 200.000000 9.708738
2400 0.000021 0.006046 300.000000 9.868421
2410 0.000071 0.005808 100.000000 9.433962
2410 0.000035 0.004753 200.000000 10.101010
2410 0.000026 0.004377 300.000000 10.101010
2420 0.000066 0.006306 100.000000 10.000000
2420 0.000041 0.004996 200.000000 10.362695
2420 0.000027 0.004858 300.000000 10.309278
2430 0.000052 0.007015 100.000000 10.416667
2430 0.000033 0.005690 200.000000 10.582010
2430 0.000027 0.004947 300.000000 10.452962
2440 0.000026 0.007304 100.000000 10.638298
2440 0.000027 0.006132 200.000000 10.582010
2440 0.000025 0.004830 300.000000 10.526316
2450 0.000015 0.007437 100.000000 10.638298
2450 0.000015 0.006874 200.000000 10.526316
2450 0.000018 0.005796 300.000000 10.563380
2460 0.000032 0.005673 100.000000 10.638298
2460 0.000017 0.005588 200.000000 10.471204
2460 0.000020 0.005070 300.000000 10.600707
2470 0.000034 0.006351 100.000000 10.638298
2470 0.000020 0.005610 200.000000 10.526316
2470 0.000023 0.005136 300.000000 10.600707
2480 0.000022 0.005902 100.000000 10.526316
2480 0.000022 0.005037 200.000000 10.526316
2490 0.000037 0.005348 100.000000 10.526316
2490 0.000019 0.004776 200.000000 10.526316
2500 0.000037 0.005595 100.000000 10.526316
2500 0.000020 0.004711 200.000000 10.471204
2510 0.000045 0.005650 100.000000 10.638298
2510 0.000023 0.004420 200.000000 10.416667
2520 0.000037 0.006453 100.000000 10.638298
2520 0.000024 0.005045 200.000000 10.416667
2530 0.000044 0.006522 100.000000 10.526316
2530 0.000035 0.004981 200.000000 10.416667
2540 0.000031 0.006957 100.000000 10.204082
2540 0.000027 0.005636 200.000000 10.416667
2550 0.000012 0.007862 100.000000 10.101010
2550 0.000023 0.006458 200.000000 10.471204
2560 0.000020 0.007156 100.000000 10.204082
2560 0.000022 0.006238 200.000000 10.526316
2570 0.000015 0.006142 100.000000 10.309278
2570 0.000018 0.006186 200.000000 10.582010
2580 0.000018 0.006583 100.000000 10.416667
2590 0.000014 0.006073 100.000000 10.309278
2600 0.000005 0.004645 100.000000 10.101010
2610 0.000033 0.006026 100.000000 10.000000
2620 0.000032 0.005168 100.000000 10.101010
2630 0.000015 0.004904 100.000000 10.309278
2640 0.000043 0.005452 100.000000 10.526316
2650 0.000042 0.005385 100.000000 10.638298
2660 0.000043 0.005858 100.000000 10.638298
