0 0.000206 0.013804 100.000000 11.627907
0 0.000125 0.015885 200.000000 12.048193
0 0.000071 0.018368 300.000000 10.273973
0 0.000044 0.011813 400.000000 10.282776
0 0.000035 0.006427 500.000000 10.330579
0 0.000028 0.003001 600.000000 10.771993
0 0.000023 0.001092 700.000000 11.128776
0 0.000017 0.001631 800.000000 10.796222
10 0.000040 0.005491 100.000000 11.627907
10 0.000046 0.004979 200.000000 12.048193
10 0.000025 0.005500 300.000000 9.771987
10 0.000019 0.003845 400.000000 10.335917
10 0.000017 0.003064 500.000000 10.309278
10 0.000014 0.002931 600.000000 10.791367
10 0.000014 0.003066 700.000000 11.146497
10 0.000005 0.001536 800.000000 10.796222
20 0.000056 0.005471 100.000000 11.764706
20 0.000052 0.005287 200.000000 11.904762
20 0.000026 0.006625 300.000000 9.615385
20 0.000021 0.004233 400.000000 10.362695
20 0.000019 0.003382 500.000000 10.330579
20 0.000016 0.003063 600.000000 10.830325
20 0.000014 0.003078 700.000000 11.164274
20 0.000004 0.001404 800.000000 10.810811
30 0.000057 0.005168 100.000000 11.764706
30 0.000050 0.004915 200.000000 11.494253
30 0.000024 0.006052 300.000000 9.615385
30 0.000019 0.004015 400.000000 10.416667
30 0.000017 0.003470 500.000000 10.373444
30 0.000014 0.003246 600.000000 10.849910
30 0.000014 0.003278 700.000000 11.164274
30 0.000003 0.001389 800.000000 10.825439
40 0.000061 0.005498 100.000000 11.904762
40 0.000052 0.005158 200.000000 11.049724
40 0.000025 0.005854 300.000000 9.615385
40 0.000022 0.003979 400.000000 10.443864
40 0.000018 0.003596 500.000000 10.416667
40 0.000015 0.003401 600.000000 10.889292
40 0.000015 0.003437 700.000000 11.164274
40 0.000004 0.001362 800.000000 10.854816
50 0.000054 0.005843 100.000000 11.904762
50 0.000049 0.005231 200.000000 10.752688
50 0.000026 0.005194 300.000000 9.646302
50 0.000022 0.003806 400.000000 10.416667
50 0.000019 0.003773 500.000000 10.438414
50 0.000017 0.003844 600.000000 10.909091
50 0.000018 0.003954 700.000000 11.093502
50 0.000006 0.001524 800.000000 10.884354
60 0.000047 0.006006 100.000000 12.048193
60 0.000045 0.005456 200.000000 10.526316
60 0.000026 0.004550 300.000000 9.708738
60 0.000024 0.003694 400.000000 10.282776
60 0.000021 0.003969 500.000000 10.482181
60 0.000018 0.004309 600.000000 10.948905
60 0.000026 0.003842 700.000000 10.869565
60 0.000008 0.001600 800.000000 10.914052
70 0.000050 0.005991 100.000000 12.048193
70 0.000040 0.005518 200.000000 10.309278
70 0.000029 0.004452 300.000000 9.740260
70 0.000022 0.003824 400.000000 10.126582
70 0.000020 0.004157 500.000000 10.526316
70 0.000019 0.004609 600.000000 10.968922
70 0.000016 0.003412 700.000000 10.719755
70 0.000007 0.001566 800.000000 10.943913
80 0.000049 0.005961 100.000000 12.195122
80 0.000020 0.005227 200.000000 9.900990
80 0.000030 0.004420 300.000000 9.803922
80 0.000024 0.004032 400.000000 10.025063
80 0.000021 0.004442 500.000000 10.570825
80 0.000020 0.004918 600.000000 11.009174
80 0.000011 0.003434 700.000000 10.654490
80 0.000007 0.001575 800.000000 10.973937
90 0.000051 0.006277 100.000000 12.195122
90 0.000065 0.005259 200.000000 9.174312
90 0.000027 0.004217 300.000000 9.868421
90 0.000022 0.004462 400.000000 10.000000
90 0.000021 0.004932 500.000000 10.593221
90 0.000019 0.005444 600.000000 11.029411
90 0.000011 0.003596 700.000000 10.654490
90 0.000008 0.001626 800.000000 11.004127
100 0.000050 0.005972 100.000000 12.048193
100 0.000044 0.005398 200.000000 8.810573
100 0.000030 0.004311 300.000000 9.933775
100 0.000022 0.004898 400.000000 10.000000
100 0.000020 0.005458 500.000000 10.615711
100 0.000020 0.005957 600.000000 11.049724
100 0.000012 0.003700 700.000000 10.654490
100 0.000008 0.001620 800.000000 11.019283
110 0.000061 0.005765 100.000000 11.363636
110 0.000033 0.005596 200.000000 8.733624
110 0.000029 0.004614 300.000000 9.966778
110 0.000025 0.005254 400.000000 10.025063
110 0.000021 0.005683 500.000000 10.638298
110 0.000020 0.006137 600.000000 11.049724
110 0.000010 0.003518 700.000000 10.670732
110 0.000007 0.001467 800.000000 11.034483
120 0.000050 0.006889 100.000000 10.416667
120 0.000044 0.005231 200.000000 8.733624
120 0.000035 0.004806 300.000000 10.000000
120 0.000030 0.005930 400.000000 10.050251
120 0.000024 0.006562 500.000000 10.660981
120 0.000024 0.007133 600.000000 11.029411
120 0.000012 0.003967 700.000000 10.703364
120 0.000006 0.001645 800.000000 11.049724
130 0.000043 0.006293 100.000000 9.803922
130 0.000044 0.004912 200.000000 8.771930
130 0.000035 0.005354 300.000000 9.966778
130 0.000029 0.006513 400.000000 10.075566
130 0.000025 0.007144 500.000000 10.683761
130 0.000025 0.007630 600.000000 10.968922
130 0.000012 0.003875 700.000000 10.719755
130 0.000006 0.001511 800.000000 11.049724
140 0.000049 0.006505 100.000000 9.345795
140 0.000047 0.005161 200.000000 8.771930
140 0.000036 0.005867 300.000000 9.803922
140 0.000029 0.006844 400.000000 10.126582
140 0.000025 0.007515 500.000000 10.706638
140 0.000036 0.007322 600.000000 10.733453
140 0.000012 0.003692 700.000000 10.752688
140 0.000005 0.001419 800.000000 11.065007
150 0.000041 0.006688 100.000000 8.928572
150 0.000052 0.005547 200.000000 8.810573
150 0.000037 0.006741 300.000000 9.584664
150 0.000031 0.007650 400.000000 10.152285
150 0.000027 0.008411 500.000000 10.729613
150 0.000027 0.007028 600.000000 10.507881
150 0.000013 0.003798 700.000000 10.769231
150 0.000006 0.001485 800.000000 11.065007
160 0.000024 0.006366 100.000000 8.264462
160 0.000058 0.006288 200.000000 8.849558
160 0.000042 0.007728 300.000000 9.404388
160 0.000033 0.008668 400.000000 10.178117
160 0.000030 0.009422 500.000000 10.752688
160 0.000020 0.007408 600.000000 10.416667
160 0.000015 0.004051 700.000000 10.802469
160 0.000007 0.001650 800.000000 11.065007
170 0.000162 0.005101 100.000000 7.299270
170 0.000061 0.007136 200.000000 8.928572
170 0.000042 0.008973 300.000000 9.375000
170 0.000036 0.009831 400.000000 10.204082
170 0.000032 0.010529 500.000000 10.775862
170 0.000021 0.007797 600.000000 10.398614
170 0.000016 0.004234 700.000000 10.819165
170 0.000007 0.001802 800.000000 11.080333
180 0.000138 0.005688 100.000000 6.896552
180 0.000062 0.007980 200.000000 9.049774
180 0.000043 0.009639 300.000000 9.404388
180 0.000034 0.010409 400.000000 10.256411
180 0.000031 0.010970 500.000000 10.822511
180 0.000021 0.007593 600.000000 10.416667
180 0.000015 0.004023 700.000000 10.852714
180 0.000007 0.001761 800.000000 11.080333
190 0.000106 0.007050 100.000000 6.896552
190 0.000064 0.008972 200.000000 9.174312
190 0.000047 0.010551 300.000000 9.493670
190 0.000036 0.011142 400.000000 10.362695
190 0.000033 0.011651 500.000000 10.893247
190 0.000021 0.007743 600.000000 10.471204
190 0.000016 0.004071 700.000000 10.920437
190 0.000007 0.001793 800.000000 11.095700
200 0.000109 0.007430 100.000000 7.092198
200 0.000069 0.009976 200.000000 9.389671
200 0.000047 0.011564 300.000000 9.646302
200 0.000038 0.012136 400.000000 10.471204
200 0.000034 0.012621 500.000000 10.989011
200 0.000023 0.008118 600.000000 10.563380
200 0.000016 0.004224 700.000000 10.989011
200 0.000009 0.001896 800.000000 11.142061
210 0.000098 0.008742 100.000000 7.299270
210 0.000066 0.010542 200.000000 9.615385
210 0.000049 0.011749 300.000000 9.803922
210 0.000038 0.012170 400.000000 10.610080
210 0.000033 0.012533 500.000000 11.086474
210 0.000021 0.007750 600.000000 10.676157
210 0.000014 0.003968 700.000000 11.075950
210 0.000006 0.001786 800.000000 11.204482
220 0.000103 0.009480 100.000000 7.575758
220 0.000066 0.011304 200.000000 9.803922
220 0.000048 0.012373 300.000000 9.966778
220 0.000039 0.012669 400.000000 10.752688
220 0.000034 0.012970 500.000000 11.160714
220 0.000020 0.007694 600.000000 10.771993
220 0.000014 0.003898 700.000000 11.164274
220 0.000005 0.001750 800.000000 11.267606
230 0.000116 0.010526 100.000000 7.812500
230 0.000070 0.012197 200.000000 10.000000
230 0.000049 0.013109 300.000000 10.135135
230 0.000041 0.013358 400.000000 10.899182
230 0.000038 0.013610 500.000000 11.210762
230 0.000021 0.007745 600.000000 10.869565
230 0.000014 0.003844 700.000000 11.235955
230 0.000006 0.001712 800.000000 11.315417
240 0.000114 0.011573 100.000000 8.064516
240 0.000067 0.012622 200.000000 10.050251
240 0.000049 0.013199 300.000000 10.273973
240 0.000039 0.013377 400.000000 11.019283
240 0.000042 0.013271 500.000000 11.135858
240 0.000020 0.007232 600.000000 10.948905
240 0.000013 0.003577 700.000000 11.308562
240 0.000006 0.001543 800.000000 11.363636
250 0.000121 0.012663 100.000000 8.333333
250 0.000065 0.013048 200.000000 10.000000
250 0.000046 0.013227 300.000000 10.416667
250 0.000038 0.013348 400.000000 11.142061
250 0.000050 0.012156 500.000000 10.964912
250 0.000020 0.006758 600.000000 11.029411
250 0.000012 0.003345 700.000000 11.363636
250 0.000006 0.001484 800.000000 11.428572
260 0.000122 0.013697 100.000000 8.620689
260 0.000061 0.013558 200.000000 9.852217
260 0.000046 0.013170 300.000000 10.563380
260 0.000038 0.013221 400.000000 11.267606
260 0.000035 0.011002 500.000000 10.845987
260 0.000019 0.006344 600.000000 11.131725
260 0.000012 0.003144 700.000000 11.437908
260 0.000006 0.001381 800.000000 11.494253
270 0.000123 0.015189 100.000000 8.928572
270 0.000063 0.014351 200.000000 9.900990
270 0.000048 0.013751 300.000000 10.752688
270 0.000039 0.013787 400.000000 11.396011
270 0.000025 0.011094 500.000000 10.869565
270 0.000019 0.006362 600.000000 11.235955
270 0.000012 0.003173 700.000000 11.513158
270 0.000006 0.001383 800.000000 11.577424
280 0.000105 0.013394 100.000000 9.433962
280 0.000056 0.012115 200.000000 10.050251
280 0.000041 0.011420 300.000000 10.989011
280 0.000035 0.011313 400.000000 11.594203
280 0.000020 0.008609 500.000000 10.964912
280 0.000014 0.004848 600.000000 11.342155
280 0.000007 0.002453 700.000000 11.608624
280 0.000003 0.001058 800.000000 11.678832
290 0.000091 0.010199 100.000000 10.101010
290 0.000047 0.009141 200.000000 10.309278
290 0.000036 0.008340 300.000000 11.235955
290 0.000029 0.008155 400.000000 11.834319
290 0.000015 0.005744 500.000000 11.086474
290 0.000009 0.003175 600.000000 11.494253
290 0.000003 0.001773 700.000000 11.725293
290 0.000005 0.000882 800.000000 11.782032
300 0.000080 0.005763 100.000000 10.869565
300 0.000044 0.005394 200.000000 10.638298
300 0.000031 0.004820 300.000000 11.538462
300 0.000024 0.004479 400.000000 12.048193
300 0.000016 0.002715 500.000000 11.235955
300 0.000010 0.001711 600.000000 11.650485
300 0.000008 0.001712 700.000000 11.864407
300 0.000011 0.001179 800.000000 11.904762
310 0.000087 0.004229 100.000000 11.764706
310 0.000048 0.005776 200.000000 10.989011
310 0.000023 0.005815 300.000000 11.857708
310 0.000018 0.005378 400.000000 12.307693
310 0.000016 0.006197 500.000000 11.389522
310 0.000015 0.004939 600.000000 11.811024
310 0.000018 0.003868 700.000000 11.986301
310 0.000019 0.002392 800.000000 12.030075
320 0.000059 0.003706 100.000000 12.500000
320 0.000035 0.004875 200.000000 11.299435
320 0.000020 0.004516 300.000000 12.096774
320 0.000015 0.003926 400.000000 12.500000
320 0.000013 0.004101 500.000000 11.520738
320 0.000011 0.003504 600.000000 11.928430
320 0.000014 0.002961 700.000000 12.068966
320 0.000016 0.001936 800.000000 12.121212
330 0.000026 0.006450 100.000000 13.157895
330 0.000025 0.007303 200.000000 11.494253
330 0.000014 0.006755 300.000000 12.295082
330 0.000013 0.006333 400.000000 12.618297
330 0.000016 0.004041 500.000000 11.627907
330 0.000012 0.002533 600.000000 12.024048
330 0.000011 0.002147 700.000000 12.110726
330 0.000013 0.001542 800.000000 12.195122
340 0.000033 0.006412 100.000000 13.698630
340 0.000023 0.007262 200.000000 11.695907
340 0.000016 0.006748 300.000000 12.396694
340 0.000015 0.006463 400.000000 12.658228
340 0.000014 0.003530 500.000000 11.682243
340 0.000012 0.002088 600.000000 12.072434
340 0.000010 0.001889 700.000000 12.110726
340 0.000012 0.001434 800.000000 12.232416
350 0.000041 0.006733 100.000000 13.698630
350 0.000023 0.007609 200.000000 11.764706
350 0.000018 0.007217 300.000000 12.448133
350 0.000017 0.006883 400.000000 12.618297
350 0.000017 0.003287 500.000000 11.709601
350 0.000013 0.001815 600.000000 12.072434
350 0.000011 0.001703 700.000000 12.068966
350 0.000012 0.001399 800.000000 12.232416
360 0.000023 0.006152 100.000000 13.333333
360 0.000016 0.006427 200.000000 11.834319
360 0.000013 0.006081 300.000000 12.448133
360 0.000022 0.005698 400.000000 12.383901
360 0.000014 0.002640 500.000000 11.737089
360 0.000011 0.002196 600.000000 12.072434
360 0.000013 0.001909 700.000000 12.048193
360 0.000014 0.001544 800.000000 12.213740
370 0.000022 0.006066 100.000000 12.048193
370 0.000014 0.005469 200.000000 11.834319
370 0.000013 0.005045 300.000000 12.500000
370 0.000049 0.003671 400.000000 11.799410
370 0.000013 0.002457 500.000000 11.764706
370 0.000010 0.002601 600.000000 12.072434
370 0.000013 0.002119 700.000000 12.048193
370 0.000014 0.001547 800.000000 12.066365
380 0.000023 0.006963 100.000000 10.869565
380 0.000016 0.005912 200.000000 11.834319
380 0.000011 0.005458 300.000000 12.448133
380 0.000018 0.004386 400.000000 11.428572
380 0.000014 0.002951 500.000000 11.792453
380 0.000014 0.002884 600.000000 12.048193
380 0.000015 0.002163 700.000000 12.048193
380 0.000015 0.001428 800.000000 11.922503
390 0.000013 0.007243 100.000000 10.309278
390 0.000012 0.005967 200.000000 11.834319
390 0.000012 0.005327 300.000000 12.448133
390 0.000018 0.004036 400.000000 11.299435
390 0.000015 0.002903 500.000000 11.792453
390 0.000015 0.002827 600.000000 12.000000
390 0.000015 0.002110 700.000000 12.048193
390 0.000014 0.001322 800.000000 11.816839
400 0.000012 0.007067 100.000000 10.101010
400 0.000006 0.006045 200.000000 11.764706
400 0.000011 0.005382 300.000000 12.396694
400 0.000018 0.003748 400.000000 11.235955
400 0.000016 0.002927 500.000000 11.764706
400 0.000015 0.002743 600.000000 11.952191
400 0.000017 0.002038 700.000000 12.027492
400 0.000014 0.001196 800.000000 11.713031
410 0.000022 0.007494 100.000000 10.000000
410 0.000012 0.006081 200.000000 11.764706
410 0.000013 0.005458 300.000000 12.295082
410 0.000018 0.003455 400.000000 11.235955
410 0.000016 0.002814 500.000000 11.764706
410 0.000015 0.002657 600.000000 11.857708
410 0.000017 0.002002 700.000000 12.027492
410 0.000014 0.001179 800.000000 11.577424
420 0.000019 0.007039 100.000000 10.101010
420 0.000010 0.005899 200.000000 11.764706
420 0.000013 0.005092 300.000000 12.244898
420 0.000020 0.003167 400.000000 11.267606
420 0.000016 0.002959 500.000000 11.764706
420 0.000017 0.002651 600.000000 11.811024
420 0.000019 0.002002 700.000000 12.027492
430 0.000012 0.006394 100.000000 10.309278
430 0.000011 0.005511 200.000000 11.904762
430 0.000017 0.005046 300.000000 12.096774
430 0.000019 0.002990 400.000000 11.331445
430 0.000017 0.003117 500.000000 11.792453
430 0.000017 0.002679 600.000000 11.811024
430 0.000019 0.002101 700.000000 12.027492
440 0.000014 0.005467 100.000000 10.752688
440 0.000010 0.004562 200.000000 12.195122
440 0.000030 0.003623 300.000000 11.904762
440 0.000018 0.002964 400.000000 11.461318
440 0.000016 0.003326 500.000000 11.876485
440 0.000018 0.002677 600.000000 11.881188
440 0.000020 0.002051 700.000000 12.027492
450 0.000011 0.005292 100.000000 11.363636
450 0.000013 0.004720 200.000000 12.500000
450 0.000058 0.003413 300.000000 11.627907
450 0.000017 0.002851 400.000000 11.627907
450 0.000016 0.003296 500.000000 12.019231
450 0.000018 0.002677 600.000000 11.976048
450 0.000019 0.002092 700.000000 12.048193
460 0.000022 0.004655 100.000000 12.048193
460 0.000018 0.004301 200.000000 12.903226
460 0.000035 0.002630 300.000000 11.583012
460 0.000017 0.002526 400.000000 11.799410
460 0.000017 0.003280 500.000000 12.135922
460 0.000017 0.002704 600.000000 12.096774
460 0.000016 0.002105 700.000000 12.048193
470 0.000014 0.004340 100.000000 12.820513
470 0.000016 0.003944 200.000000 13.333333
470 0.000022 0.003412 300.000000 11.583012
470 0.000018 0.003015 400.000000 11.976048
470 0.000019 0.003446 500.000000 12.254902
470 0.000019 0.002688 600.000000 12.219959
470 0.000017 0.001940 700.000000 12.068966
480 0.000012 0.004771 100.000000 13.333333
480 0.000015 0.004282 200.000000 13.605442
480 0.000024 0.003571 300.000000 11.583012
480 0.000019 0.003136 400.000000 12.121212
480 0.000021 0.003469 500.000000 12.345679
480 0.000019 0.002761 600.000000 12.320329
480 0.000017 0.002054 700.000000 12.048193
490 0.000029 0.005603 100.000000 13.698630
490 0.000022 0.005180 200.000000 13.793103
490 0.000028 0.003451 300.000000 11.627907
490 0.000021 0.003110 400.000000 12.195122
490 0.000020 0.003449 500.000000 12.376238
490 0.000019 0.002943 600.000000 12.371134
490 0.000015 0.002362 700.000000 12.006861
500 0.000015 0.004951 100.000000 13.888889
500 0.000010 0.004283 200.000000 13.793103
500 0.000028 0.004029 300.000000 11.627907
500 0.000023 0.003827 400.000000 12.232416
500 0.000024 0.003509 500.000000 12.345679
500 0.000022 0.002649 600.000000 12.396694
500 0.000019 0.001906 700.000000 11.925042
510 0.000021 0.003714 100.000000 13.888889
510 0.000019 0.003391 200.000000 13.698630
510 0.000024 0.003198 300.000000 11.627907
510 0.000021 0.003881 400.000000 12.232416
510 0.000021 0.003589 500.000000 12.254902
510 0.000021 0.002779 600.000000 12.396694
520 0.000012 0.004516 100.000000 13.888889
520 0.000014 0.003847 200.000000 13.422819
520 0.000025 0.003765 300.000000 11.627907
520 0.000023 0.004247 400.000000 12.195122
520 0.000023 0.003644 500.000000 12.165450
520 0.000023 0.002867 600.000000 12.371134
530 0.000019 0.004391 100.000000 13.698630
530 0.000038 0.003824 200.000000 12.658228
530 0.000027 0.003809 300.000000 11.627907
530 0.000021 0.004518 400.000000 12.158054
530 0.000023 0.003769 500.000000 12.106538
530 0.000024 0.003094 600.000000 12.269938
540 0.000023 0.003783 100.000000 13.698630
540 0.000093 0.003489 200.000000 11.363636
540 0.000026 0.004190 300.000000 11.673152
540 0.000025 0.004606 400.000000 12.121212
540 0.000025 0.003565 500.000000 12.077294
540 0.000023 0.002772 600.000000 12.048193
550 0.000016 0.003648 100.000000 13.698630
550 0.000039 0.004877 200.000000 10.869565
550 0.000027 0.004505 300.000000 11.673152
550 0.000027 0.004689 400.000000 12.084592
550 0.000025 0.003622 500.000000 12.077294
550 0.000023 0.002774 600.000000 11.881188
560 0.000012 0.003539 100.000000 13.698630
560 0.000038 0.005326 200.000000 10.695188
560 0.000028 0.004938 300.000000 11.673152
560 0.000029 0.004663 400.000000 12.048193
560 0.000025 0.003507 500.000000 12.106538
560 0.000021 0.002734 600.000000 11.741683
570 0.000018 0.003373 100.000000 13.513514
570 0.000036 0.005132 200.000000 10.638298
570 0.000028 0.005308 300.000000 11.718750
570 0.000026 0.004771 400.000000 11.976048
570 0.000026 0.003649 500.000000 12.106538
570 0.000022 0.002832 600.000000 11.627907
580 0.000017 0.003917 100.000000 13.333333
580 0.000037 0.005248 200.000000 10.638298
580 0.000030 0.005668 300.000000 11.673152
580 0.000027 0.004857 400.000000 11.869436
580 0.000028 0.003789 500.000000 12.106538
590 0.000016 0.003332 100.000000 12.987013
590 0.000041 0.005682 200.000000 10.695188
590 0.000031 0.006082 300.000000 11.673152
590 0.000030 0.004951 400.000000 11.764706
590 0.000029 0.003904 500.000000 12.077294
600 0.000058 0.003395 100.000000 11.764706
600 0.000037 0.006289 200.000000 10.752688
600 0.000029 0.006491 300.000000 11.627907
600 0.000029 0.004989 400.000000 11.695907
600 0.000031 0.003996 500.000000 11.990408
610 0.000188 0.006182 100.000000 9.803922
610 0.000042 0.006806 200.000000 10.752688
610 0.000032 0.006376 300.000000 11.627907
610 0.000033 0.004707 400.000000 11.695907
610 0.000029 0.003762 500.000000 11.764706
620 0.000080 0.010656 100.000000 8.928572
620 0.000044 0.007442 200.000000 10.810811
620 0.000040 0.006733 300.000000 11.583012
620 0.000034 0.005045 400.000000 11.695907
620 0.000030 0.004206 500.000000 11.547344
630 0.000080 0.011273 100.000000 8.695652
630 0.000041 0.007725 200.000000 10.810811
630 0.000041 0.006399 300.000000 11.538462
630 0.000034 0.004614 400.000000 11.695907
630 0.000028 0.003840 500.000000 11.415525
640 0.000080 0.011251 100.000000 8.695652
640 0.000046 0.008323 200.000000 10.869565
640 0.000040 0.006544 300.000000 11.494253
640 0.000035 0.004814 400.000000 11.730206
640 0.000028 0.004037 500.000000 11.312217
650 0.000086 0.011244 100.000000 8.771930
650 0.000050 0.008698 200.000000 10.928962
650 0.000044 0.006626 300.000000 11.406844
650 0.000038 0.005051 400.000000 11.764706
650 0.000030 0.004526 500.000000 11.185682
660 0.000087 0.011654 100.000000 8.849558
660 0.000049 0.009150 200.000000 10.989011
660 0.000043 0.006657 300.000000 11.363636
660 0.000040 0.005113 400.000000 11.799410
670 0.000089 0.012499 100.000000 9.090909
670 0.000053 0.009964 200.000000 11.111111
670 0.000046 0.007388 300.000000 11.363636
670 0.000041 0.005925 400.000000 11.869436
680 0.000104 0.010996 100.000000 9.523809
680 0.000062 0.008395 200.000000 11.363636
680 0.000055 0.006118 300.000000 11.538462
680 0.000048 0.005503 400.000000 11.940298
690 0.000120 0.008008 100.000000 10.101010
690 0.000073 0.005242 200.000000 11.764706
690 0.000062 0.004101 300.000000 11.764706
690 0.000055 0.004886 400.000000 12.084592
700 0.000134 0.003601 100.000000 10.869565
700 0.000084 0.001269 200.000000 12.195122
700 0.000069 0.003999 300.000000 12.096774
700 0.000059 0.006198 400.000000 12.232416
710 0.000182 0.008243 100.000000 11.627907
710 0.000111 0.009999 200.000000 12.658228
710 0.000090 0.012992 300.000000 12.396694
710 0.000074 0.015096 400.000000 12.345679
720 0.000072 0.003115 100.000000 12.500000
720 0.000060 0.003375 200.000000 13.071896
720 0.000053 0.004888 300.000000 12.658228
720 0.000043 0.006385 400.000000 12.422360
730 0.000030 0.006156 100.000000 13.333333
730 0.000041 0.005789 200.000000 13.422819
730 0.000034 0.004666 300.000000 12.931034
730 0.000029 0.004458 400.000000 12.383901
740 0.000022 0.005221 100.000000 13.888889
740 0.000044 0.004950 200.000000 13.605442
740 0.000037 0.004483 300.000000 13.100436
740 0.000028 0.004852 400.000000 12.345679
750 0.000022 0.005613 100.000000 14.084507
750 0.000042 0.004808 200.000000 13.605442
750 0.000037 0.004323 300.000000 13.215859
750 0.000028 0.004909 400.000000 12.232416
760 0.000020 0.006342 100.000000 14.285714
760 0.000039 0.004675 200.000000 13.422819
760 0.000035 0.003800 300.000000 13.215859
760 0.000029 0.004172 400.000000 12.048193
770 0.000031 0.006891 100.000000 14.084507
770 0.000040 0.004539 200.000000 13.071896
770 0.000040 0.003938 300.000000 13.157895
780 0.000053 0.008011 100.000000 13.888889
780 0.000041 0.005184 200.000000 12.820513
780 0.000040 0.004727 300.000000 13.043478
790 0.000043 0.007230 100.000000 13.698630
790 0.000043 0.005071 200.000000 12.658228
790 0.000043 0.004948 300.000000 12.711864
800 0.000057 0.007026 100.000000 13.333333
800 0.000043 0.004994 200.000000 12.658228
800 0.000034 0.004894 300.000000 12.195122
810 0.000067 0.005876 100.000000 13.157895
810 0.000045 0.004833 200.000000 12.658228
810 0.000034 0.005135 300.000000 11.857708
820 0.000067 0.005402 100.000000 12.820513
820 0.000044 0.004957 200.000000 12.658228
820 0.000032 0.005600 300.000000 11.627907
830 0.000059 0.004802 100.000000 12.345679
830 0.000045 0.004591 200.000000 12.658228
830 0.000036 0.005347 300.000000 11.363636
840 0.000051 0.005075 100.000000 12.048193
840 0.000046 0.004914 200.000000 12.658228
850 0.000061 0.004881 100.000000 11.764706
850 0.000051 0.005020 200.000000 12.578616
860 0.000047 0.005431 100.000000 11.627907
860 0.000046 0.005364 200.000000 12.269938
870 0.000037 0.005937 100.000000 11.764706
870 0.000027 0.005395 200.000000 11.764706
880 0.000038 0.006421 100.000000 11.904762
880 0.000036 0.005481 200.000000 11.363636
890 0.000029 0.006904 100.000000 12.048193
890 0.000028 0.006213 200.000000 11.111111
900 0.000039 0.006779 100.000000 12.345679
900 0.000028 0.006060 200.000000 10.989011
910 0.000037 0.006597 100.000000 12.658228
910 0.000028 0.005766 200.000000 10.810811
920 0.000044 0.006671 100.000000 12.987013
930 0.000040 0.007899 100.000000 13.333333
940 0.000048 0.008197 100.000000 13.157895
950 0.000042 0.007903 100.000000 12.048193
960 0.000025 0.006866 100.000000 10.989011
970 0.000034 0.007344 100.000000 10.204082
980 0.000025 0.007757 100.000000 9.708738
990 0.000025 0.006962 100.000000 9.090909
