0 0.000069 0.004718 100.000000 5.780347
0 0.000064 0.004680 200.000000 6.369427
0 0.000039 0.005233 300.000000 6.726458
0 0.000017 0.003085 400.000000 6.908463
0 0.000013 0.002506 500.000000 6.297229
0 0.000017 0.001514 600.000000 6.741573
10 0.000082 0.003954 100.000000 6.097561
10 0.000045 0.005426 200.000000 6.451613
10 0.000038 0.005736 300.000000 6.849315
10 0.000018 0.003426 400.000000 7.017544
10 0.000015 0.002631 500.000000 6.369427
10 0.000020 0.001427 600.000000 6.802721
20 0.000087 0.002770 100.000000 6.369427
20 0.000028 0.005496 200.000000 6.493506
20 0.000033 0.005770 300.000000 6.960557
20 0.000018 0.003641 400.000000 7.117438
20 0.000017 0.002675 500.000000 6.435007
20 0.000019 0.001549 600.000000 6.857143
30 0.000138 0.001084 100.000000 6.622517
30 0.000043 0.007994 200.000000 6.535948
30 0.000039 0.007833 300.000000 7.042253
30 0.000023 0.005105 400.000000 7.207207
30 0.000026 0.003388 500.000000 6.501951
30 0.000022 0.001064 600.000000 6.888634
40 0.000148 0.000741 100.000000 6.849315
40 0.000048 0.006338 200.000000 6.578948
40 0.000032 0.007394 300.000000 7.075472
40 0.000020 0.004903 400.000000 7.299270
40 0.000026 0.003240 500.000000 6.561680
40 0.000018 0.000942 600.000000 6.912442
50 0.000163 0.002373 100.000000 7.042253
50 0.000063 0.005510 200.000000 6.600660
50 0.000037 0.006008 300.000000 7.058824
50 0.000017 0.004619 400.000000 7.366483
50 0.000027 0.003172 500.000000 6.605020
50 0.000019 0.001254 600.000000 6.896552
60 0.000160 0.002234 100.000000 7.092198
60 0.000066 0.005113 200.000000 6.622517
60 0.000039 0.006051 300.000000 6.993007
60 0.000017 0.004587 400.000000 7.407407
60 0.000027 0.003015 500.000000 6.640106
60 0.000017 0.001225 600.000000 6.880734
70 0.000173 0.001384 100.000000 7.142857
70 0.000084 0.005535 200.000000 6.644518
70 0.000041 0.006460 300.000000 6.944445
70 0.000019 0.004648 400.000000 7.421150
70 0.000026 0.002938 500.000000 6.666667
70 0.000016 0.001081 600.000000 6.872852
80 0.000182 0.001628 100.000000 7.142857
80 0.000080 0.005138 200.000000 6.688963
80 0.000043 0.006122 300.000000 6.928406
80 0.000020 0.004775 400.000000 7.434944
80 0.000027 0.002874 500.000000 6.684492
80 0.000015 0.001088 600.000000 6.864988
90 0.000185 0.001657 100.000000 7.142857
90 0.000075 0.005680 200.000000 6.711410
90 0.000042 0.006350 300.000000 6.944445
90 0.000020 0.004978 400.000000 7.434944
90 0.000028 0.002701 500.000000 6.711410
90 0.000016 0.001038 600.000000 6.857143
100 0.000158 0.001584 100.000000 7.092198
100 0.000066 0.006134 200.000000 6.756757
100 0.000030 0.006147 300.000000 6.960557
100 0.000020 0.004772 400.000000 7.299270
100 0.000027 0.002465 500.000000 6.729475
100 0.000012 0.001019 600.000000 6.833713
110 0.000175 0.002431 100.000000 7.092198
110 0.000067 0.006850 200.000000 6.802721
110 0.000033 0.006242 300.000000 6.993007
110 0.000022 0.004602 400.000000 6.220840
110 0.000027 0.002308 500.000000 6.756757
110 0.000015 0.000846 600.000000 6.810442
120 0.000158 0.002367 100.000000 7.142857
120 0.000058 0.006706 200.000000 6.872852
120 0.000025 0.005847 300.000000 7.025761
120 0.000027 0.004392 400.000000 6.211180
120 0.000026 0.002367 500.000000 6.793478
120 0.000013 0.001083 600.000000 6.779661
130 0.000128 0.004625 100.000000 7.352941
130 0.000029 0.004872 200.000000 6.993007
130 0.000018 0.005005 300.000000 7.092198
130 0.000031 0.004247 400.000000 6.250000
130 0.000023 0.003185 500.000000 6.839945
130 0.000011 0.001771 600.000000 6.726458
140 0.000048 0.008641 100.000000 7.575758
140 0.000019 0.003374 200.000000 7.142857
140 0.000034 0.003853 300.000000 7.177033
140 0.000032 0.004688 400.000000 6.299212
140 0.000024 0.004337 500.000000 6.896552
140 0.000014 0.002364 600.000000 6.666667
150 0.000054 0.004954 100.000000 7.751938
150 0.000037 0.004709 200.000000 7.246377
150 0.000029 0.004024 300.000000 7.263923
150 0.000025 0.004510 400.000000 6.339144
150 0.000020 0.003825 500.000000 6.934813
150 0.000008 0.001863 600.000000 6.593407
160 0.000082 0.002987 100.000000 7.692307
160 0.000048 0.005884 200.000000 7.299270
160 0.000025 0.004278 300.000000 7.317073
160 0.000019 0.004337 400.000000 6.379585
160 0.000019 0.003520 500.000000 6.963789
160 0.000008 0.001252 600.000000 6.535948
170 0.000078 0.005080 100.000000 7.142857
170 0.000055 0.006655 200.000000 7.272727
170 0.000031 0.004495 300.000000 7.352941
170 0.000017 0.004360 400.000000 6.420546
170 0.000020 0.003295 500.000000 6.963789
180 0.000065 0.006353 100.000000 6.369427
180 0.000042 0.006240 200.000000 7.220217
180 0.000032 0.004604 300.000000 7.407407
180 0.000015 0.004508 400.000000 6.451613
180 0.000014 0.003420 500.000000 6.925208
190 0.000093 0.005928 100.000000 6.172840
190 0.000033 0.006430 200.000000 7.067138
190 0.000038 0.004809 300.000000 7.444169
190 0.000015 0.004904 400.000000 6.493506
190 0.000020 0.003736 500.000000 6.868132
200 0.000096 0.006043 100.000000 6.134969
200 0.000028 0.006395 200.000000 6.872852
200 0.000035 0.004881 300.000000 7.481297
200 0.000013 0.004999 400.000000 6.514658
200 0.000016 0.003668 500.000000 6.821282
210 0.000112 0.005475 100.000000 6.172840
210 0.000020 0.006232 200.000000 6.802721
210 0.000035 0.004980 300.000000 7.500000
210 0.000015 0.005185 400.000000 6.546645
210 0.000018 0.003683 500.000000 6.802721
220 0.000112 0.005341 100.000000 6.211180
220 0.000033 0.006113 200.000000 6.802721
220 0.000040 0.005974 300.000000 7.518797
220 0.000020 0.005967 400.000000 6.568144
220 0.000020 0.004109 500.000000 6.793478
230 0.000102 0.006504 100.000000 6.289308
230 0.000035 0.006137 200.000000 6.825939
230 0.000040 0.005812 300.000000 7.518797
230 0.000022 0.005858 400.000000 6.600660
230 0.000020 0.003937 500.000000 6.784261
240 0.000080 0.007314 100.000000 6.410256
240 0.000039 0.006192 200.000000 6.872852
240 0.000034 0.005757 300.000000 7.334963
240 0.000021 0.005692 400.000000 6.633499
240 0.000019 0.003598 500.000000 6.765900
250 0.000094 0.008840 100.000000 6.493506
250 0.000047 0.007081 200.000000 6.920415
250 0.000044 0.007959 300.000000 5.964215
250 0.000026 0.006573 400.000000 6.666667
250 0.000018 0.003701 500.000000 6.747638
260 0.000080 0.010124 100.000000 6.578948
260 0.000049 0.007878 200.000000 6.944445
260 0.000047 0.008542 300.000000 5.928854
260 0.000025 0.006864 400.000000 6.700168
260 0.000021 0.003750 500.000000 6.693440
270 0.000081 0.011012 100.000000 6.666667
270 0.000056 0.008443 200.000000 6.968641
270 0.000043 0.009203 300.000000 5.940594
270 0.000028 0.007239 400.000000 6.722689
270 0.000020 0.003500 500.000000 6.510417
280 0.000084 0.012335 100.000000 6.756757
280 0.000064 0.009085 200.000000 7.017544
280 0.000045 0.009605 300.000000 5.976096
280 0.000028 0.007834 400.000000 6.756757
280 0.000020 0.003469 500.000000 6.377551
290 0.000077 0.012930 100.000000 6.849315
290 0.000064 0.009428 200.000000 7.117438
290 0.000043 0.009863 300.000000 6.024096
290 0.000033 0.008274 400.000000 6.791172
290 0.000021 0.002952 500.000000 6.321113
300 0.000070 0.012361 100.000000 7.092198
300 0.000063 0.009093 200.000000 7.246377
300 0.000042 0.009404 300.000000 6.109980
300 0.000032 0.007929 400.000000 6.837607
310 0.000074 0.010409 100.000000 7.407407
310 0.000054 0.007463 200.000000 7.462687
310 0.000034 0.007906 300.000000 6.198347
310 0.000031 0.006581 400.000000 6.908463
320 0.000059 0.008883 100.000000 7.751938
320 0.000047 0.005742 200.000000 7.692307
320 0.000029 0.006082 300.000000 6.315790
320 0.000029 0.004863 400.000000 6.993007
330 0.000050 0.009057 100.000000 8.130081
330 0.000029 0.005145 200.000000 7.905138
330 0.000025 0.004140 300.000000 6.410256
330 0.000025 0.002830 400.000000 7.054674
340 0.000020 0.009365 100.000000 8.264462
340 0.000030 0.005710 200.000000 8.097166
340 0.000025 0.004866 300.000000 6.507592
340 0.000023 0.003564 400.000000 7.079646
350 0.000071 0.008860 100.000000 8.130081
350 0.000037 0.006660 200.000000 8.230453
350 0.000030 0.005922 300.000000 6.578948
350 0.000033 0.004615 400.000000 7.042253
360 0.000076 0.009096 100.000000 7.751938
360 0.000044 0.007257 200.000000 8.333333
360 0.000031 0.006861 300.000000 6.622517
360 0.000026 0.005198 400.000000 6.993007
370 0.000100 0.010960 100.000000 7.518797
370 0.000061 0.010012 200.000000 8.368201
370 0.000041 0.009366 300.000000 6.651885
370 0.000030 0.006888 400.000000 6.968641
380 0.000094 0.010433 100.000000 7.407407
380 0.000052 0.010208 200.000000 8.333333
380 0.000041 0.009193 300.000000 6.666667
380 0.000029 0.006372 400.000000 6.932409
390 0.000100 0.008904 100.000000 7.352941
390 0.000051 0.007777 200.000000 8.196721
390 0.000040 0.007609 300.000000 6.681514
390 0.000028 0.004948 400.000000 6.884682
400 0.000104 0.008213 100.000000 7.299270
400 0.000055 0.007637 200.000000 5.747127
400 0.000041 0.007102 300.000000 6.696429
400 0.000025 0.004086 400.000000 6.814310
410 0.000076 0.007722 100.000000 7.246377
410 0.000075 0.007834 200.000000 5.617978
410 0.000038 0.006644 300.000000 6.711410
410 0.000024 0.003591 400.000000 6.700168
420 0.000095 0.007098 100.000000 7.194244
420 0.000069 0.008030 200.000000 5.617978
420 0.000040 0.006721 300.000000 6.726458
420 0.000022 0.003341 400.000000 6.400000
430 0.000102 0.006613 100.000000 7.246377
430 0.000072 0.008182 200.000000 5.633803
430 0.000042 0.007486 300.000000 6.726458
430 0.000028 0.004018 400.000000 6.230530
440 0.000091 0.006323 100.000000 7.352941
440 0.000064 0.007971 200.000000 5.698006
440 0.000043 0.007355 300.000000 6.741573
450 0.000068 0.005125 100.000000 7.575758
450 0.000050 0.006102 200.000000 5.763689
450 0.000037 0.005236 300.000000 6.741573
460 0.000050 0.003539 100.000000 7.874016
460 0.000042 0.003466 200.000000 5.865103
460 0.000033 0.002578 300.000000 6.726458
470 0.000045 0.005509 100.000000 8.196721
470 0.000025 0.001559 200.000000 5.952381
470 0.000020 0.002256 300.000000 6.726458
480 0.000053 0.004556 100.000000 8.620689
480 0.000011 0.002254 200.000000 6.060606
480 0.000022 0.002077 300.000000 6.741573
490 0.000043 0.003922 100.000000 8.928572
490 0.000017 0.002894 200.000000 6.172840
490 0.000021 0.001663 300.000000 6.756757
500 0.000052 0.003641 100.000000 9.259259
500 0.000014 0.002585 200.000000 6.250000
500 0.000019 0.001441 300.000000 6.787330
510 0.000057 0.003403 100.000000 9.433962
510 0.000021 0.003472 200.000000 6.309148
510 0.000020 0.001496 300.000000 6.787330
520 0.000044 0.004470 100.000000 9.345795
520 0.000019 0.003507 200.000000 6.349206
520 0.000025 0.001414 300.000000 6.741573
530 0.000050 0.003170 100.000000 8.196721
530 0.000023 0.001322 200.000000 6.369427
530 0.000017 0.000856 300.000000 6.681514
540 0.000079 0.003008 100.000000 4.608295
540 0.000023 0.001583 200.000000 6.410256
540 0.000014 0.001066 300.000000 6.593407
550 0.000064 0.003675 100.000000 4.566210
550 0.000026 0.001616 200.000000 6.451613
550 0.000016 0.001531 300.000000 6.410256
560 0.000046 0.004158 100.000000 4.566210
560 0.000030 0.001079 200.000000 6.472492
560 0.000017 0.002338 300.000000 6.072875
570 0.000061 0.004598 100.000000 4.587156
570 0.000042 0.002635 200.000000 6.472492
570 0.000018 0.003971 300.000000 5.870842
580 0.000068 0.004236 100.000000 4.629630
580 0.000042 0.002206 200.000000 6.349206
590 0.000070 0.004039 100.000000 4.651163
590 0.000053 0.001974 200.000000 6.153846
600 0.000068 0.003751 100.000000 4.672897
600 0.000038 0.001889 200.000000 5.988024
610 0.000060 0.004927 100.000000 4.694836
610 0.000034 0.002596 200.000000 5.934718
620 0.000067 0.005612 100.000000 4.739336
620 0.000038 0.003131 200.000000 5.899705
630 0.000069 0.006430 100.000000 4.807693
630 0.000037 0.003454 200.000000 5.899705
640 0.000080 0.008469 100.000000 4.950495
640 0.000044 0.005162 200.000000 5.952381
650 0.000078 0.008337 100.000000 5.154639
650 0.000038 0.004777 200.000000 6.079027
660 0.000067 0.007376 100.000000 5.405406
660 0.000039 0.003721 200.000000 6.230530
670 0.000068 0.008483 100.000000 5.714286
670 0.000042 0.004155 200.000000 6.430868
680 0.000070 0.007569 100.000000 6.060606
680 0.000037 0.003621 200.000000 6.644518
690 0.000070 0.007890 100.000000 6.451613
690 0.000041 0.003772 200.000000 6.872852
700 0.000072 0.007605 100.000000 6.896552
700 0.000040 0.003628 200.000000 7.117438
710 0.000075 0.008317 100.000000 7.407407
710 0.000044 0.004109 200.000000 7.380074
720 0.000071 0.005638 100.000000 8.000000
720 0.000039 0.002695 200.000000 7.633588
730 0.000068 0.003359 100.000000 8.695652
730 0.000038 0.002148 200.000000 7.936508
740 0.000055 0.002112 100.000000 9.345795
740 0.000031 0.001773 200.000000 8.163265
750 0.000073 0.005265 100.000000 10.101010
750 0.000027 0.005075 200.000000 8.333333
760 0.000081 0.008048 100.000000 10.526316
760 0.000038 0.006947 200.000000 8.333333
770 0.000078 0.007601 100.000000 10.869565
770 0.000033 0.006372 200.000000 7.843137
780 0.000082 0.007119 100.000000 10.869565
780 0.000030 0.006556 200.000000 7.092198
790 0.000056 0.005707 100.000000 10.526316
800 0.000041 0.005875 100.000000 9.433962
810 0.000085 0.005270 100.000000 8.403361
820 0.000092 0.004424 100.000000 8.000000
830 0.000095 0.004313 100.000000 7.692307
840 0.000099 0.004450 100.000000 7.352941
850 0.000080 0.006228 100.000000 6.993007
860 0.000093 0.008519 100.000000 6.134969
870 0.000088 0.011776 100.000000 5.208333
880 0.000099 0.015788 100.000000 4.830918
