0.000000 -0.000000 0.065271 -0.013285
-0.140643 2.574964 0.039907 2.049002
-0.281220 5.148987 -0.019571 4.270885
-0.421837 7.724036 -0.117365 6.628719
-0.562431 10.298960 -0.248945 9.073434
-0.701879 12.869650 -0.373898 11.607821
-0.854664 15.479570 -0.538192 14.203595
-1.011589 18.173180 -0.709777 16.873390
-1.171840 20.913680 -0.892025 19.596786
-1.334841 23.709530 -1.070523 22.369272
-1.487044 26.544710 -1.243979 25.191069
-1.633363 29.422930 -1.415498 28.028282
-1.768976 32.357140 -1.571061 30.948542
-1.929780 35.330970 -1.767489 33.876110
-2.126953 38.471510 -1.959030 36.845188
-2.329940 41.561110 -2.178286 39.814194
-2.535885 44.597900 -2.391634 42.799553
-2.728914 47.592750 -2.603483 45.751060
-2.937935 50.537730 -2.817972 48.656086
-3.130185 53.464980 -3.025697 51.551193
-3.310922 56.350390 -3.233768 54.414677
-3.511313 59.225400 -3.457430 57.250809
-3.703384 62.006320 -3.687951 60.001930
-3.912602 64.697860 -3.933546 62.678818
-4.114442 67.264550 -4.169064 65.231392
-4.313021 69.714240 -4.395455 67.652977
-4.514875 72.037350 -4.640149 69.972298
-4.709494 74.175390 -4.858891 72.084290
-4.891889 76.138280 -5.075704 74.043671
-5.039038 77.925340 -5.233752 75.832657
-5.159772 79.592300 -5.385049 77.503166
-5.235209 81.135380 -5.473991 79.049088
-5.207469 82.555940 -5.442030 80.474442
-5.029560 83.885300 -5.263969 81.821861
-4.680938 85.118200 -4.926537 83.037071
-4.130089 86.200010 -4.407427 84.124062
-3.393066 87.095580 -3.694984 85.017746
-2.508137 87.820100 -2.818832 85.742767
-1.511055 88.343490 -1.829933 86.289986
-0.450022 88.747950 -0.799528 86.690674
0.676345 89.023150 0.296083 86.982208
1.832910 89.277150 1.436043 87.235649
3.089762 89.418990 2.686137 87.388725
4.475771 89.556060 4.053262 87.533646
5.974572 89.621010 5.538265 87.616837
7.614093 89.671530 7.185947 87.684738
9.420230 89.707860 8.993407 87.744812
11.388370 89.721450 10.959262 87.786324
13.505010 89.738680 13.079004 87.846657
15.773680 89.805260 15.338451 87.957825
18.156510 89.929480 17.727575 88.116135
20.581930 90.082780 20.131952 88.292091
23.034320 90.227690 22.584469 88.461945
25.478370 90.365000 25.039528 88.650780
27.909920 90.499220 27.475443 88.821091
30.340320 90.588890 29.905590 88.940903
32.740690 90.598330 32.302807 88.986580
35.110390 90.529620 34.661160 88.959473
37.430830 90.386730 36.977951 88.847839
39.683630 90.176290 39.246410 88.679298
41.863240 89.910310 41.448067 88.448303
43.959460 89.634420 43.550716 88.204918
45.922800 89.378560 45.492771 87.986427
47.726310 89.193250 47.299488 87.833076
49.366470 89.121130 48.936401 87.788498
50.939410 89.191540 50.484146 87.876343
52.464070 89.450930 51.968468 88.145424
53.889450 89.945260 53.386635 88.642517
55.133190 90.660970 54.621559 89.401131
56.158450 91.620300 55.634476 90.365082
56.967930 92.764920 56.443703 91.531952
57.539920 94.061200 56.994762 92.795319
57.927200 95.446880 57.337395 94.108940
58.277310 96.884370 57.674732 95.526886
58.589460 98.403450 57.954247 97.032440
58.940360 100.002400 58.282745 98.584473
59.343230 101.692600 58.648861 100.268639
59.798800 103.499800 59.074493 102.067871
60.309140 105.392300 59.543770 103.968338
60.819120 107.363700 60.024399 105.948677
61.355080 109.477800 60.525276 108.052925
61.874140 111.669200 61.006058 110.240402
62.417580 113.964900 61.500980 112.542351
62.973720 116.373200 62.006378 114.926117
63.512460 118.836400 62.501297 117.364250
64.057360 121.342700 62.995605 119.833908
64.655860 123.876700 63.559906 122.335609
65.262090 126.422600 64.127899 124.831116
65.864770 128.941000 64.676575 127.310127
66.510510 131.382800 65.252335 129.735825
67.135460 133.867500 65.810089 132.216064
67.748220 136.262500 66.340279 134.611847
68.311480 138.668800 66.849785 137.026245
68.830800 141.066900 67.305847 139.427460
69.359830 143.451000 67.772583 141.798721
69.844620 145.829800 68.217720 144.168304
70.257380 148.240700 68.585861 146.579376
70.634070 150.615300 68.938248 148.919891
70.952630 153.048800 69.225433 151.347824
71.236680 155.482600 69.461967 153.801041
71.430750 157.958600 69.622398 156.266602
71.592060 160.420500 69.749825 158.726303
71.705560 162.889100 69.837997 161.200378
71.811250 165.386800 69.933365 163.668411
71.901490 167.846500 69.984779 166.126114
71.944200 170.358200 70.000732 168.624832
71.944230 172.867000 69.974243 171.107605
71.880770 175.411200 69.879555 173.630066
71.759300 177.947700 69.731262 176.151871
71.629380 180.489300 69.572639 178.677460
71.495820 183.069400 69.408737 181.229660
71.389860 185.611000 69.269882 183.770294
71.229200 188.181800 69.070496 186.322952
71.075770 190.694700 68.872490 188.850693
70.908190 193.208300 68.664551 191.352554
70.732240 195.676300 68.469986 193.803329
70.587330 197.902600 68.272766 196.195084
70.462020 200.022200 68.101318 198.435410
70.336670 202.141700 67.935028 200.519424
70.211280 204.261000 67.803452 202.521912
70.085900 206.379000 67.696396 204.496872
69.986060 208.445300 67.650139 206.418686
70.007780 210.375700 67.657295 208.364029
70.026080 212.295900 67.656281 210.262924
70.017620 214.252400 67.640320 212.208725
70.013230 216.217200 67.616486 214.164795
69.972110 218.270700 67.582535 216.205429
69.934360 220.317400 67.525986 218.232422
69.972850 222.305500 67.483345 220.313599
69.981630 224.353700 67.416046 222.416763
69.981870 226.399100 67.368675 224.486588
69.949190 228.454500 67.277596 226.566132
69.907170 230.454300 67.193008 228.584229
69.859830 232.418200 67.110634 230.566666
69.810200 234.247600 67.029549 232.392593
69.754960 235.896800 66.929405 234.058380
69.602960 237.437200 66.734444 235.593979
69.315000 238.920100 66.432877 236.997025
68.846420 240.276600 65.927544 238.302307
68.166090 241.479400 65.283600 239.426727
67.318270 242.492800 64.454109 240.394501
66.332240 243.344200 63.471382 241.234756
65.260110 243.991900 62.405174 241.816101
64.140300 244.474300 61.254704 242.261856
62.867510 244.772700 60.002712 242.532455
61.458940 244.926000 58.600006 242.653244
59.947420 244.952000 57.105751 242.640823
58.335370 244.902100 55.515343 242.549698
56.595980 244.824000 53.776344 242.430939
54.694040 244.743800 51.858643 242.299332
52.650420 244.604800 49.772697 242.172134
50.451970 244.390700 47.477608 242.025848
48.058070 244.235000 44.994682 241.897125
45.515050 244.100900 42.368267 241.757355
42.921790 243.969200 39.698982 241.628510
40.316590 243.840300 37.030350 241.486252
37.706940 243.722400 34.376835 241.324753
35.094890 243.629800 31.754889 241.126938
32.472950 243.489000 29.152668 240.909027
29.851950 243.348200 26.574623 240.698029
27.264200 243.258500 24.029978 240.522827
24.724050 243.174900 21.518402 240.374557
22.210390 243.091000 19.033691 240.237198
19.736330 242.979500 16.565779 240.052048
17.311070 242.850400 14.157976 239.862259
14.901790 242.682800 11.789520 239.637039
12.542000 242.455300 9.435301 239.377640
10.258080 242.218100 7.162363 239.106857
8.077281 241.997300 4.988476 238.858292
6.032146 241.805400 2.938375 238.631729
4.114420 241.647100 1.022541 238.440674
2.325909 241.523700 -0.770319 238.295364
0.684853 241.422100 -2.424739 238.177032
-0.804697 241.361800 -3.913957 238.098450
-2.147061 241.322400 -5.300795 238.055176
-3.335045 241.321100 -6.456513 238.013901
-4.362696 241.347700 -7.463793 238.013199
-5.195608 241.375100 -8.287778 238.025482
-5.787975 241.411000 -8.878017 238.052063
-6.148943 241.435700 -9.236008 238.056641
-6.347609 241.453500 -9.428747 238.064911
-6.441034 241.457400 -9.512178 238.059540
-6.441440 241.456100 -9.513889 238.060791
-6.439927 241.462600 -9.509612 238.064514
-6.440440 241.482800 -9.520248 238.063995
-6.480607 241.498100 -9.559972 238.065918
-6.560264 241.507700 -9.637087 238.064407
-6.742488 241.516100 -9.819672 238.074905
-7.099251 241.541700 -10.175124 238.092239
-7.627305 241.597900 -10.689032 238.148849
-8.293171 241.705000 -11.360464 238.257416
-9.050632 241.890800 -12.117844 238.439331
-9.863606 242.207700 -12.891838 238.729996
-10.727660 242.661600 -13.747475 239.164948
-11.566170 243.294100 -14.577469 239.789764
-12.317670 244.121800 -15.342216 240.638947
-12.969870 245.164100 -15.998116 241.677277
-13.469580 246.441200 -16.525475 242.981277
-13.828110 247.877300 -16.894402 244.473770
-14.057520 249.558000 -17.132763 246.160950
-14.176210 251.405900 -17.279696 247.999023
-14.264690 253.405000 -17.384090 249.983093
-14.328890 255.544200 -17.470329 252.119949
-14.399650 257.837600 -17.558708 254.380402
-14.471380 260.263200 -17.656212 256.777283
-14.561590 262.807800 -17.782049 259.288147
-14.652820 265.491700 -17.906847 261.955353
-14.739760 268.254400 -18.017891 264.676544
-14.858340 271.134800 -18.154175 267.517487
-14.973530 274.134700 -18.308815 270.489777
-15.069550 277.175700 -18.457249 273.521759
-15.175210 280.293600 -18.616959 276.630005
-15.297230 283.446400 -18.782276 279.760986
-15.436590 286.619600 -18.985613 282.911591
-15.585790 289.810900 -19.214649 286.071991
-15.736240 292.959600 -19.426069 289.195923
-15.885310 296.071900 -19.644571 292.282013
-16.046970 299.165600 -19.860149 295.367767
-16.219660 302.246300 -20.074318 298.431366
-16.389710 305.314100 -20.292122 301.467529
-16.559690 308.378300 -20.503216 304.493530
-16.709350 311.458900 -20.704082 307.543030
-16.839300 314.563300 -20.899538 310.632233
-16.972270 317.709200 -21.103771 313.748169
-17.118400 320.893100 -21.300076 316.940948
-17.281700 324.127200 -21.501348 320.142609
-17.454380 327.375400 -21.698994 323.369141
-17.614190 330.593900 -21.888561 326.575684
-17.775860 333.802500 -22.082649 329.750763
-17.959610 336.995200 -22.263681 332.912567
-18.128440 340.134300 -22.449387 336.003204
-18.295640 343.191900 -22.639374 339.035706
-18.453080 346.169000 -22.842144 341.977264
-18.632610 349.056200 -23.041929 344.830536
-18.817710 351.841100 -23.251854 347.595795
-18.986450 354.488400 -23.445513 350.238464
-19.124870 356.982400 -23.616734 352.721771
-19.220930 359.289500 -23.749878 355.034668
-19.310450 361.377700 -23.874969 357.121613
-19.390050 363.254000 -23.979452 359.014343
-19.458340 364.945900 -24.073101 360.714874
-19.552440 366.417400 -24.205597 362.187103
-19.716910 367.755600 -24.364410 363.543884
-19.992010 369.044200 -24.650883 364.793915
-20.413100 370.267200 -25.106514 365.978485
-20.994480 371.390500 -25.694260 367.055969
-21.767920 372.412000 -26.360779 367.957947
-22.740410 373.381300 -27.340912 368.889526
-23.931400 374.199500 -28.485443 369.663086
-25.311900 374.775400 -29.925049 370.222626
-26.849130 375.102700 -31.489761 370.521515
-28.541320 375.088500 -33.162098 370.476868
-30.331610 374.930400 -34.939892 370.286102
-32.178580 374.714400 -36.777161 370.031250
-34.124600 374.519300 -38.707314 369.810364
-36.192510 374.312000 -40.772747 369.569580
-38.360350 374.089000 -42.928555 369.317993
-40.674090 373.890900 -45.232269 369.089325
-43.125350 373.717400 -47.697884 368.874634
-45.733890 373.570600 -50.308945 368.685211
-48.422050 373.450300 -52.997559 368.503906
-51.153580 373.336900 -55.736443 368.331848
-53.919190 373.217300 -58.515896 368.165100
-56.668140 373.082400 -61.273861 367.968994
-59.399580 372.949600 -63.996704 367.768433
-62.128270 372.797100 -66.727646 367.559296
-64.827270 372.599800 -69.419373 367.292206
-67.509200 372.402100 -72.103775 367.032745
-70.186170 372.208700 -74.780617 366.772461
-72.845340 372.028400 -77.455185 366.519135
-75.495320 371.886100 -80.104202 366.327393
-78.116050 371.787300 -82.731987 366.186584
-80.717850 371.718500 -85.358887 366.068878
-83.311780 371.694800 -87.962799 365.994171
-85.842710 371.709900 -90.528900 365.960358
-88.215690 371.734100 -92.862083 365.922577
-90.402660 371.755300 -95.041916 365.899719
-92.376860 371.747200 -97.014282 365.850098
-94.181170 371.700000 -98.813934 365.760834
-95.954170 371.610100 -100.595703 365.637085
-97.692900 371.484000 -102.324959 365.453278
-99.428840 371.332400 -104.051514 365.270630
-101.212400 371.150100 -105.839050 365.041992
-103.049100 370.929900 -107.668152 364.785217
-104.963700 370.712900 -109.584808 364.524902
-106.999900 370.469800 -111.623123 364.233032
-109.147400 370.218500 -113.770950 363.954803
-111.413900 369.990500 -116.017212 363.688385
-113.850400 369.787500 -118.439560 363.440521
-116.381500 369.587900 -120.976830 363.195709
-119.079000 369.402000 -123.664879 362.965454
-121.870500 369.312400 -126.442337 362.830933
-124.798000 369.251000 -129.379288 362.745178
-127.749200 369.222000 -132.339218 362.685120
-130.738100 369.191300 -135.330780 362.609741
-133.724900 369.151000 -138.316132 362.517639
-136.693200 369.116700 -141.279541 362.412689
-139.640200 369.026200 -144.208878 362.255341
-142.545400 368.909400 -147.121735 362.071259
-145.452900 368.800400 -150.024017 361.897675
-148.326000 368.653700 -152.892944 361.667694
-151.184500 368.483700 -155.757828 361.433136
-154.029500 368.306700 -158.600327 361.190125
-156.834000 368.110800 -161.399750 360.938477
-159.601600 367.929800 -164.170715 360.691772
-162.352900 367.769700 -166.907776 360.498596
-165.025300 367.622800 -169.566101 360.294037
-167.587100 367.473600 -172.123047 360.089722
-169.989700 367.347100 -174.519638 359.938538
-172.229800 367.237400 -176.742584 359.791840
-174.255000 367.118500 -178.785690 359.630463
-176.113500 366.976300 -180.636948 359.455353
-177.851600 366.825100 -182.365906 359.271210
-179.482200 366.619100 -183.999146 359.009338
-181.041000 366.257200 -185.536163 358.598145
-182.506900 365.700900 -186.950790 358.042297
-183.830900 364.922700 -188.178116 357.302307
-184.967900 363.901900 -189.308167 356.278870
-185.900600 362.645300 -190.214310 354.982239
-186.575700 361.163300 -190.838867 353.504395
-186.999600 359.497900 -191.230530 351.842621
-187.152300 357.675600 -191.376434 350.048401
-187.206000 355.773500 -191.386551 348.161072
-187.197400 353.800900 -191.345505 346.195007
-187.078300 351.712900 -191.192291 344.122742
-186.904300 349.515700 -190.977325 341.924438
-186.700200 347.199500 -190.742523 339.599670
-186.441500 344.761700 -190.438354 337.140594
-186.138100 342.245600 -190.115906 334.619446
-185.836200 339.600700 -189.780212 331.965881
-185.558800 336.870000 -189.447556 329.233429
-185.300200 334.088400 -189.130035 326.439911
-185.053400 331.295700 -188.837448 323.642426
-184.825700 328.513100 -188.555984 320.852997
-184.626700 325.706700 -188.308533 318.051483
-184.418100 322.895600 -188.050415 315.257294
-184.219300 320.049800 -187.805466 312.427673
-184.077900 317.187100 -187.620239 309.569977
-183.933200 314.300800 -187.424652 306.695221
-183.761600 311.460200 -187.209167 303.873688
-183.601800 308.616200 -186.990738 301.050934
-183.458100 305.794900 -186.791245 298.263702
-183.343100 303.000200 -186.616074 295.486755
-183.261300 300.211900 -186.447906 292.685455
-183.178800 297.450000 -186.288727 289.895325
-183.090500 294.684900 -186.124680 287.125732
-182.927300 291.908300 -185.884140 284.338470
-182.766600 289.099200 -185.655502 281.499481
-182.613800 286.267300 -185.430389 278.666290
-182.441900 283.385600 -185.193039 275.772186
-182.300400 280.490600 -184.980118 272.885986
-182.149900 277.557000 -184.782974 269.963074
-182.001400 274.627800 -184.578766 267.002930
-181.823500 271.689000 -184.338654 264.037659
-181.638500 268.767800 -184.092804 261.089172
-181.424600 265.787800 -183.823654 258.097076
-181.219800 262.838200 -183.544876 255.118195
-181.009300 259.844900 -183.268021 252.107605
-180.770400 256.828000 -182.964066 249.089844
-180.561000 253.860400 -182.685730 246.123260
-180.372700 250.908200 -182.420319 243.161011
-180.191000 247.979500 -182.172318 240.240448
-180.025600 245.104800 -181.942719 237.363708
-179.890000 242.301100 -181.736954 234.553833
-179.765100 239.629200 -181.539505 231.872391
-179.603400 237.077700 -181.317642 229.317780
-179.486600 234.610600 -181.141678 226.856613
-179.426200 232.293500 -181.028137 224.518417
-179.384800 230.153000 -180.930954 222.349319
-179.372900 228.203000 -180.859695 220.377136
-179.353200 226.445600 -180.798172 218.618713
-179.284500 224.889700 -180.688644 217.043076
-179.159500 223.520400 -180.519089 215.665070
-178.892900 222.222300 -180.206192 214.370834
-178.440800 221.019500 -179.727295 213.217056
-177.799300 219.912400 -179.066864 212.179184
-176.993100 218.868700 -178.255707 211.165787
-175.953700 217.908600 -177.129959 210.187622
-174.646400 217.098800 -175.855103 209.342896
-173.037500 216.423500 -174.289246 208.678650
-171.242400 215.987700 -172.516144 208.279724
-169.251700 215.748100 -170.599045 208.114349
-167.160900 215.651300 -168.602829 208.070724
-164.983800 215.579200 -166.461517 208.084656
-162.753200 215.542200 -164.275024 208.121185
-160.419600 215.517400 -161.948318 208.188843
-157.986900 215.494400 -159.542526 208.262070
-155.493900 215.476600 -157.073410 208.356232
-152.924600 215.528800 -154.522873 208.478851
-150.250300 215.556200 -151.859451 208.607147
-147.567100 215.656900 -149.171585 208.757416
-144.855900 215.751900 -146.471146 208.964111
-142.145800 215.896800 -143.775909 209.197296
-139.455100 216.087400 -141.087097 209.500519
-136.768400 216.330800 -138.415802 209.818634
-134.103700 216.562300 -135.730698 210.143280
-131.505400 216.803000 -133.134918 210.454681
-128.992800 217.018200 -130.620239 210.730835
-126.584900 217.191000 -128.221512 210.977585
-124.357100 217.330100 -125.980400 211.177368
-122.326100 217.418900 -123.928741 211.315674
-120.463500 217.466200 -122.059731 211.399857
-118.653600 217.497200 -120.225327 211.467331
-116.849600 217.495900 -118.416924 211.489563
-115.067800 217.514000 -116.595268 211.535553
-113.324000 217.535300 -114.837357 211.582870
-111.616000 217.623100 -113.102264 211.702393
-109.927700 217.875300 -111.412254 211.950623
-108.290900 218.301300 -109.792809 212.342377
-106.749500 218.945400 -108.256241 212.980621
-105.349200 219.793800 -106.864975 213.820923
-104.115500 220.834900 -105.644348 214.865799
-103.036000 222.051200 -104.639175 216.064575
-102.179100 223.400100 -103.846420 217.408524
-101.543200 224.848700 -103.267487 218.826141
-101.115700 226.383800 -102.870842 220.291565
-100.830600 227.968600 -102.594559 221.845520
-100.531100 229.501100 -102.311462 223.348831
-100.252100 231.017900 -102.028389 224.877228
-99.883990 232.463500 -101.668701 226.307007
-99.425550 233.824100 -101.203827 227.613449
-98.775880 234.872900 -100.555946 228.666351
-98.086100 235.806300 -99.868629 229.577271
-97.174270 236.468700 -98.943573 230.294357
-96.254150 236.931100 -97.982330 230.801178
-95.283150 237.358800 -96.960442 231.230301
-94.185080 237.674800 -95.792404 231.538452
-92.955310 237.898800 -94.513626 231.764984
-91.596850 238.102700 -93.121613 231.971420
-90.074690 238.248300 -91.562614 232.130081
-88.387450 238.391700 -89.837227 232.296310
-86.486290 238.540100 -87.981133 232.483566
-84.443490 238.650800 -85.968719 232.668915
-82.253860 238.746800 -83.822708 232.852859
-79.940140 238.872300 -81.539871 233.032944
-77.539590 239.011100 -79.172935 233.195663
-75.087440 239.150700 -76.746376 233.345215
-72.574930 239.313900 -74.228333 233.505508
-69.991910 239.446400 -71.640327 233.646149
-67.351620 239.548800 -69.007896 233.789215
-64.666360 239.657700 -66.379974 233.972656
-61.998030 239.808800 -63.755222 234.167664
-59.311750 239.952600 -61.128265 234.389786
-56.701950 240.109100 -58.561329 234.612305
-54.151130 240.267600 -56.016842 234.829437
-51.625940 240.427100 -53.499729 235.049728
-49.127390 240.564300 -51.029762 235.264343
-46.665870 240.712700 -48.618305 235.487045
-44.240570 240.886300 -46.229744 235.714920
-41.878960 241.088900 -43.855030 235.956451
-39.649020 241.312800 -41.624256 236.195236
-37.552430 241.539400 -39.524860 236.436340
-35.488740 241.743100 -37.456249 236.668121
-33.456700 241.939000 -35.432938 236.875275
-31.533090 242.124800 -33.494797 237.063751
-29.764560 242.287900 -31.721601 237.216904
-28.172420 242.408100 -30.119984 237.331131
-26.747170 242.468900 -28.687580 237.399277
-25.460260 242.473300 -27.393682 237.405655
-24.318710 242.437400 -26.254055 237.379578
-23.324200 242.322300 -25.281404 237.311615
-22.483780 242.186900 -24.448448 237.208557
-21.843230 242.069500 -23.805803 237.108002
-21.357270 241.937100 -23.342060 236.992691
-20.874950 241.791000 -22.864037 236.849731
-20.410090 241.641000 -22.395500 236.691177
-19.938580 241.453200 -21.904243 236.506226
-19.330890 241.150500 -21.337746 236.235687
-18.603550 240.674100 -20.619385 235.793854
-17.817550 240.000300 -19.827339 235.181824
-17.047940 239.130000 -19.021103 234.310974
-16.371440 238.041100 -18.352631 233.203583
-15.819140 236.731500 -17.778992 231.871185
-15.431720 235.164300 -17.386131 230.310745
-15.160930 233.366900 -17.104465 228.521957
-14.985430 231.359800 -16.911697 226.526627
-14.879450 229.166100 -16.791891 224.326096
-14.834570 226.783800 -16.717495 221.939423
-14.805910 224.227300 -16.636833 219.400238
-14.776150 221.503700 -16.551386 216.673599
-14.726190 218.625200 -16.447138 213.807083
-14.646810 215.602400 -16.312576 210.809616
-14.509690 212.459600 -16.135975 207.711899
-14.353480 209.201300 -15.923429 204.467728
-14.179740 205.869600 -15.703247 201.155777
-13.962380 202.478800 -15.434518 197.778519
-13.739120 199.045100 -15.172985 194.362900
-13.514930 195.572200 -14.901929 190.909164
-13.275440 192.054900 -14.614761 187.425171
-13.052000 188.499600 -14.364210 183.875534
-12.854570 184.884700 -14.112880 180.267914
-12.675140 181.220200 -13.879888 176.617905
-12.508030 177.502000 -13.672838 172.902939
-12.341190 173.718700 -13.444594 169.109482
-12.175010 169.898000 -13.237661 165.294220
-12.018250 166.028100 -13.030663 161.412292
-11.841350 162.134100 -12.815727 157.547150
-11.655180 158.220500 -12.587668 153.628555
-11.466580 154.287300 -12.342757 149.729095
-11.281310 150.320000 -12.100883 145.836197
-11.057620 146.379100 -11.848381 141.962509
-10.815240 142.443600 -11.581932 138.109970
-10.570550 138.517900 -11.315247 134.271622
-10.333980 134.639100 -11.040829 130.478409
-10.123240 130.785800 -10.765151 126.703217
-9.914350 127.027500 -10.482676 122.984352
-9.696148 123.395700 -10.213669 119.417625
-9.493383 119.914400 -9.962544 115.978210
-9.310280 116.607700 -9.757727 112.704742
-9.151332 113.442300 -9.553385 109.604706
-9.017561 110.482000 -9.385276 106.664192
-8.888960 107.744800 -9.229472 103.974754
-8.774269 105.222900 -9.096303 101.515358
-8.679794 102.918000 -8.967917 99.266159
-8.504861 100.812800 -8.766655 97.222305
-8.163715 98.919720 -8.426237 95.408867
-7.618518 97.243660 -7.864468 93.791183
-6.858427 95.725240 -7.118902 92.353683
-5.899838 94.392380 -6.190529 91.096909
-4.759829 93.253900 -5.064270 90.052002
-3.450087 92.348760 -3.796234 89.171021
-1.973871 91.691730 -2.356419 88.606262
-0.436803 91.261860 -0.941587 88.257835
1.138073 91.026340 0.591816 88.100662
2.751248 90.881970 2.163446 88.023041
4.431705 90.766140 3.802729 87.983215
6.211745 90.683570 5.567609 87.962128
8.081090 90.578530 7.446693 87.945717
10.076580 90.469280 9.436264 87.905983
12.205890 90.365360 11.565346 87.871521
14.489810 90.290310 13.845872 87.867424
16.910510 90.321490 16.253845 87.956810
19.453620 90.459650 18.782104 88.141304
22.045730 90.671110 21.374886 88.399902
24.644280 90.895340 23.986069 88.669815
27.207850 91.064010 26.553844 88.862900
29.764780 91.130150 29.130342 88.975853
32.287690 91.085550 31.670547 88.971542
34.803420 90.937800 34.193039 88.885452
37.325120 90.728940 36.708923 88.729340
39.896170 90.508470 39.295853 88.582436
42.547960 90.289960 41.976791 88.433487
45.244630 90.097810 44.683758 88.300697
47.943020 89.903610 47.381912 88.165733
50.617990 89.629730 50.067585 87.964661
53.252150 89.185630 52.699005 87.587990
55.814150 88.557720 55.246490 87.033783
58.313300 87.791630 57.755684 86.325485
60.805470 86.920740 60.238075 85.517334
63.322020 85.994100 62.750370 84.649055
65.833720 85.055040 65.245270 83.766830
68.406220 84.080780 67.805267 82.850967
70.998610 83.045350 70.400726 81.868645
73.578520 81.879280 72.996529 80.754074
76.170160 80.586970 75.599167 79.517670
78.819830 79.219290 78.243896 78.201836
81.480420 77.842690 80.901306 76.886787
84.108690 76.469870 83.533745 75.573265
86.695220 75.055290 86.113083 74.231934
89.188920 73.556030 88.588638 72.794388
91.573040 71.968490 90.967560 71.265831
93.850380 70.285940 93.269127 69.648544
96.020560 68.521450 95.455154 67.942429
98.103890 66.740880 97.557487 66.219772
100.107700 65.034010 99.584412 64.565948
101.996900 63.459780 101.489868 63.054268
103.764900 62.070330 103.274536 61.705166
105.408600 60.801050 104.931488 60.478939
107.003200 59.530310 106.541183 59.249123
108.589500 58.247390 108.145103 58.011436
110.134700 56.970520 109.687134 56.784275
111.717500 55.637520 111.274719 55.483395
113.353400 54.247110 112.929688 54.132843
115.077800 52.831180 114.651566 52.769619
116.904200 51.439420 116.493698 51.425499
118.836800 50.054850 118.438782 50.077644
120.853600 48.602090 120.441864 48.669544
122.938000 47.083700 122.580513 47.171944
125.092700 45.485300 124.751175 45.618164
127.330000 43.820780 127.010376 44.007378
129.637600 42.087830 129.341248 42.319706
131.967100 40.344760 131.690460 40.607819
134.297900 38.609850 134.032135 38.927662
136.621900 36.849050 136.398468 37.213341
138.949900 35.131110 138.757492 35.535362
141.293500 33.464730 141.124100 33.890869
143.603900 31.795640 143.483566 32.251980
145.871800 30.121580 145.768753 30.609867
148.133300 28.418200 148.045776 28.948524
150.347600 26.750990 150.271255 27.333195
152.506100 25.137140 152.441833 25.766125
154.521200 23.603510 154.477905 24.284843
156.409800 22.104300 156.399780 22.821892
158.102600 20.729550 158.103790 21.495285
159.605700 19.470090 159.645447 20.282654
161.034400 18.328640 161.076447 19.209137
162.527500 17.369930 162.544785 18.295662
164.102000 16.690040 164.098587 17.663296
165.725700 16.231240 165.702835 17.205002
167.465400 15.980230 167.430344 17.020840
169.275300 15.912810 169.229614 16.961422
171.157200 15.957740 171.094955 16.998810
173.098700 15.972680 173.026794 17.012314
175.120500 15.945180 175.008820 16.985695
177.167200 15.872150 177.075867 16.933313
179.305300 15.756280 179.206879 16.843611
181.477000 15.604010 181.372375 16.703516
183.703700 15.412020 183.582703 16.529945
185.980700 15.238130 185.840591 16.375366
188.280500 15.072990 188.142746 16.236324
190.577500 14.896800 190.451477 16.084278
192.894300 14.714610 192.788361 15.951689
195.244200 14.510220 195.138397 15.791884
197.633500 14.283820 197.526596 15.608469
200.090000 14.030130 199.962646 15.399317
202.592100 13.785300 202.463455 15.182447
205.104900 13.534110 204.970993 14.985067
207.640700 13.310070 207.477814 14.811246
210.148900 13.111090 209.958099 14.657654
212.697300 12.915740 212.498184 14.508335
215.224700 12.737830 215.003983 14.352855
217.808000 12.513180 217.581467 14.170408
220.389500 12.282700 220.156693 13.967062
223.037500 12.068550 222.822159 13.777239
225.699900 11.872960 225.470993 13.623149
228.380800 11.657570 228.125992 13.435986
231.063800 11.400770 230.805954 13.226826
233.768800 11.157120 233.516617 13.029249
236.452700 10.908570 236.222610 12.828197
239.115400 10.628320 238.889160 12.590052
241.756200 10.390980 241.550354 12.381954
244.376200 10.177670 244.210373 12.190420
246.942400 9.977031 246.828018 12.021933
249.503100 9.796410 249.428894 11.880386
251.962400 9.616742 251.923889 11.733173
254.329800 9.452561 254.307480 11.614514
256.557200 9.297183 256.545013 11.512623
258.681500 9.140396 258.651123 11.386805
260.487900 8.870715 260.683716 11.234123
262.171000 8.558198 262.591248 11.019192
263.852900 8.246051 264.384125 10.731350
265.533700 7.934305 266.003662 10.406815
267.212200 7.623220 267.461029 10.087437
268.719700 7.309828 268.722229 9.772511
269.768600 7.040605 269.751648 9.529503
270.654800 6.869143 270.635803 9.387051
271.433400 6.780906 271.430817 9.301914
272.188300 6.798910 272.175934 9.362999
272.939800 6.915555 272.926880 9.482369
273.674100 7.139266 273.614014 9.722866
274.435500 7.486302 274.330383 10.100876
275.206100 8.021776 275.079498 10.608452
275.841400 9.123003 275.751984 11.388229
276.399700 10.403880 276.368164 12.371468
276.938800 11.672800 276.856232 13.520721
277.461700 12.927990 277.271729 14.898323
277.969300 14.165350 277.686676 16.487869
278.402000 15.600760 278.017609 18.298241
278.675500 17.540870 278.239716 20.288471
278.887100 19.689590 278.386383 22.466202
279.050300 22.004090 278.508148 24.824127
279.153100 24.513040 278.593506 27.326862
279.310000 27.147550 278.711060 29.993217
279.492000 29.910160 278.864716 32.788300
279.682000 32.722430 279.041504 35.612755
279.891600 35.618700 279.243042 38.508781
280.117300 38.587970 279.450317 41.478584
280.340800 41.563150 279.651337 44.458214
280.553900 44.602790 279.834534 47.494892
280.757500 47.669170 280.015228 50.540234
280.966700 50.717990 280.195282 53.563995
281.189800 53.763250 280.385437 56.572483
281.387500 56.840290 280.580139 59.603039
281.609200 59.915920 280.777405 62.633533
281.892800 62.993940 281.029480 65.657059
282.168100 66.061440 281.270325 68.706863
282.386200 69.137860 281.462891 71.752945
282.581400 72.205720 281.639893 74.765923
282.741100 75.260420 281.802277 77.810143
282.945600 78.300480 281.980957 80.825706
283.185400 81.322840 282.177246 83.820557
283.441700 84.363870 282.393799 86.843582
283.683800 87.353300 282.603821 89.823250
283.940100 90.352150 282.832611 92.841316
284.231300 93.355260 283.105255 95.855446
284.541900 96.345100 283.395905 98.851883
284.938000 99.320580 283.773285 101.820496
285.395000 102.259500 284.197754 104.756958
285.844100 105.163200 284.619507 107.666168
286.321900 108.053700 285.045807 110.529755
286.793800 110.912200 285.504852 113.410507
287.216900 113.736500 285.893372 116.204079
287.630900 116.518500 286.276459 118.973343
288.058700 119.219300 286.675842 121.685394
288.448800 121.780900 287.016998 124.274666
288.846400 124.280600 287.373138 126.766808
289.285300 126.630100 287.774261 129.135971
289.743500 128.835400 288.198395 131.341370
290.213000 130.821100 288.644745 133.327606
290.683600 132.626000 289.086578 135.145630
291.166200 134.262000 289.534760 136.801727
291.580800 135.832500 289.920227 138.374146
291.961700 137.426400 290.293152 139.978760
292.194000 139.020100 290.496002 141.570908
292.237900 140.604400 290.516571 143.137833
291.762300 142.158200 290.306122 144.717560
290.662500 143.578100 289.819977 146.250565
289.562400 144.964600 289.058289 147.703674
288.468100 146.318100 287.959198 149.057159
287.386000 147.641500 286.603455 150.235840
286.399400 148.976200 285.055542 151.237518
284.571900 149.919400 283.227020 152.139771
282.598600 150.835500 281.266266 153.051178
280.553400 151.805400 279.237061 154.006134
278.418500 152.847000 277.093201 155.023346
276.187000 153.972900 274.864441 156.113129
273.848800 155.201700 272.525452 157.305481
271.423500 156.516000 270.073151 158.586548
268.909500 157.880900 267.538696 159.900696
266.393100 159.278800 265.000641 161.252533
263.831700 160.712200 262.458374 162.665604
261.343100 162.229400 259.966125 164.140656
258.927700 163.839100 257.514893 165.715210
256.567900 165.515700 255.125427 167.352844
254.220600 167.219800 252.768173 169.009277
251.812400 168.915300 250.349945 170.659363
249.342900 170.564800 247.841919 172.237457
246.829700 172.171100 245.303513 173.782822
244.268800 173.728400 242.714111 175.291748
241.687800 175.211100 240.101807 176.724579
239.066600 176.646400 237.479095 178.096054
236.435100 178.027700 234.808167 179.432983
233.828600 179.391700 232.179932 180.739471
231.251200 180.752600 229.593338 182.045074
228.707700 182.113100 227.014099 183.360687
226.214900 183.484500 224.514465 184.693176
223.769900 184.811700 222.059967 185.978348
221.367300 186.107100 219.629150 187.218460
219.059200 187.344000 217.305038 188.403564
216.843700 188.521200 215.075775 189.540344
214.730300 189.612200 212.945801 190.598236
212.761600 190.600600 210.964294 191.550873
210.934100 191.518800 209.114502 192.436554
209.293500 192.364900 207.456146 193.241364
207.831400 193.113300 205.970062 193.962708
206.576700 193.798300 204.698761 194.620468
205.539900 194.395600 203.635529 195.203568
204.729700 194.901600 202.811966 195.689911
204.122300 195.321500 202.186066 196.105331
203.546300 195.745200 201.602539 196.512009
203.042900 196.282400 201.032593 196.940948
202.515700 196.788100 200.463196 197.352707
201.945400 197.325500 199.867477 197.839249
201.195300 198.000000 199.086060 198.477142
200.227400 198.808500 198.095459 199.265076
199.076800 199.760000 196.921753 200.189468
197.730700 200.791700 195.557709 201.177628
196.253000 201.872000 194.064087 202.232788
194.623700 202.967100 192.424149 203.296219
192.619800 204.117900 190.653748 204.376114
190.615300 205.269000 188.712036 205.470703
188.611600 206.419500 186.696411 206.579773
186.608000 207.569800 184.608032 207.700317
184.604500 208.720100 182.431885 208.841797
182.452000 209.923800 180.177109 210.027740
180.162600 211.202300 177.868912 211.277878
177.855000 212.473600 175.534988 212.525314
175.554100 213.761200 173.222290 213.775620
173.260900 215.031900 170.901764 215.012115
171.006800 216.296100 168.620514 216.247238
168.770100 217.549300 166.374847 217.450531
166.635700 218.725900 164.210281 218.593597
164.640400 219.823800 162.191223 219.657318
162.800000 220.792300 160.332626 220.586487
161.109900 221.618400 158.630188 221.370758
159.510500 222.334400 157.020966 222.051941
157.845500 222.860900 155.361908 222.564407
156.181300 223.202900 153.678970 222.874084
154.511100 223.364000 152.047440 222.977005
152.786900 223.350100 150.330536 222.918793
150.969000 223.245000 148.502365 222.776932
149.048400 223.060600 146.569092 222.572113
146.999200 222.886700 144.506805 222.373444
144.811400 222.709100 142.308838 222.164551
142.452400 222.507300 139.956085 221.930176
139.985700 222.307100 137.484512 221.697235
137.342300 222.162600 134.808289 221.523819
134.568800 222.029900 132.042862 221.363708
131.695500 221.932100 129.166000 221.228027
128.711000 221.803000 126.136284 221.052109
125.647300 221.650100 123.052261 220.865646
122.615400 221.500000 120.014511 220.672531
119.543800 221.309500 116.946404 220.443359
116.511500 221.102100 113.902115 220.199905
113.516800 220.903600 110.898659 219.962418
110.545200 220.708000 107.920074 219.732300
107.636200 220.532300 105.004097 219.522873
104.717200 220.373700 102.075912 219.328506
101.840600 220.218600 99.191559 219.127747
98.994700 220.067300 96.341805 218.948135
96.181550 219.895100 93.551743 218.736908
93.438620 219.686500 90.813385 218.504181
90.855460 219.500600 88.165375 218.267120
88.388610 219.326300 85.698662 218.027405
86.123680 219.157800 83.406357 217.811050
84.049970 219.045300 81.312981 217.662384
82.152880 219.016300 79.392242 217.588257
80.388010 219.115100 77.634300 217.656906
78.664760 219.366200 75.885399 217.860809
77.016290 219.796000 74.180588 218.204666
75.461480 220.446100 72.682457 218.850159
74.069090 221.411200 71.216934 219.770920
72.862850 222.604000 69.994400 220.929153
71.841850 224.015300 68.959999 222.305527
71.023420 225.699900 68.121742 223.917419
70.421670 227.540000 67.478424 225.733398
70.034550 229.518400 67.069344 227.703598
69.813760 231.610700 66.821960 229.765717
69.670080 233.800300 66.674652 231.967682
69.603690 236.022800 66.577797 234.232559
69.545910 238.342600 66.480545 236.566452
69.499400 240.719700 66.369438 238.979996
69.469400 243.192800 66.296219 241.429672
69.384530 245.776400 66.154976 243.987213
69.232580 248.432800 65.962234 246.641281
69.094640 251.146000 65.779976 249.332031
68.950990 253.982700 65.592216 252.153198
68.811860 256.917100 65.410759 255.057007
68.650580 259.920100 65.238358 258.039490
68.462200 263.082100 65.041740 261.153992
68.288560 266.252800 64.841377 264.276947
68.096650 269.464100 64.624199 267.456573
67.903830 272.683000 64.399582 270.638489
67.721470 275.872400 64.181038 273.808563
67.525460 279.043300 63.945450 276.966248
67.317450 282.219100 63.705898 280.084686
67.111650 285.343500 63.463058 283.187805
66.901350 288.508400 63.245705 286.282898
66.688140 291.652400 63.006409 289.352234
66.478800 294.782200 62.777836 292.428101
66.289190 297.878200 62.583138 295.435242
66.078070 300.944500 62.342392 298.471802
65.826270 304.008500 62.083206 301.495117
65.573590 307.018200 61.818649 304.454926
65.274710 310.032300 61.507614 307.412781
64.924470 313.030600 61.152035 310.348480
64.540610 315.995300 60.738903 313.300446
64.089990 318.947600 60.262108 316.203033
63.671720 321.903700 59.825947 319.119324
63.304260 324.895900 59.440983 322.061493
62.967580 327.898100 59.084618 325.022705
62.699080 330.909200 58.799858 327.996460
62.553590 333.929000 58.580410 331.006866
62.402330 336.963400 58.344070 334.047699
62.266570 340.021300 58.146309 337.088959
62.116500 343.035800 57.951004 340.069458
61.993500 346.032900 57.787651 343.093811
61.866370 348.989100 57.620026 346.048096
61.760870 351.857800 57.465843 348.891571
61.679290 354.611700 57.330460 351.638885
61.586300 357.261400 57.189915 354.272858
61.550600 359.776900 57.115189 356.790192
61.577240 362.145700 57.102085 359.157593
61.603020 364.290800 57.095676 361.311615
61.628690 366.323100 57.095139 363.346710
61.649880 368.352400 57.079296 365.368195
61.624730 370.355800 57.021423 367.357574
61.511180 372.339500 56.864407 369.318848
61.271590 374.388200 56.579895 371.342712
60.966710 376.528400 56.218498 373.450287
60.637150 378.796200 55.843906 375.710632
60.324540 381.208000 55.502533 378.090424
60.065570 383.741300 55.208679 380.586151
59.884830 386.413700 54.982651 383.260071
59.789830 389.195600 54.843910 386.020172
59.765420 392.106700 54.764626 388.947906
59.766400 395.121300 54.682533 391.958496
59.728620 398.268800 54.576508 395.082092
59.673270 401.492900 54.459381 398.279572
59.575390 404.694600 54.297913 401.468353
59.425140 407.916600 54.095379 404.661377
59.267000 411.104300 53.874245 407.836151
59.084670 414.257800 53.644081 410.975861
58.913680 417.417100 53.424698 414.118256
58.748810 420.528100 53.210213 417.215759
58.574140 423.604200 53.000015 420.268738
58.437200 426.635400 52.824402 423.291687
58.286850 429.523300 52.630913 426.168884
58.117570 432.280500 52.417263 428.925201
57.924100 434.902000 52.168674 431.542053
57.663190 437.382700 51.895409 433.995422
57.368250 439.710400 51.577152 436.334229
57.036690 441.889000 51.211967 438.500305
56.656850 443.874800 50.813324 440.478546
56.323860 445.645400 50.454193 442.255280
56.148660 447.270100 50.268204 443.863983
56.616130 448.530800 50.325287 445.370209
57.333540 449.649800 50.659111 446.722015
58.025620 450.723300 51.257423 447.873871
58.683230 451.752100 52.085800 448.867249
59.300760 452.745900 53.093628 449.661926
60.051910 453.493100 54.199280 450.169556
61.232100 453.863600 55.398941 450.552765
62.575150 454.072200 56.742188 450.756592
64.075560 454.193600 58.212650 450.870056
65.729870 454.237800 59.855473 450.926636
67.536180 454.320400 61.655533 451.038239
69.481920 454.413600 63.579300 451.159698
71.568440 454.517900 65.651428 451.307251
73.783230 454.637300 67.857780 451.485596
76.158670 454.789800 70.208679 451.703094
78.646770 454.943100 72.680222 451.925323
81.225870 455.115600 75.219803 452.151245
83.916780 455.302300 77.879562 452.400085
86.702020 455.456700 80.637894 452.621368
89.526350 455.578300 83.445923 452.820831
92.412350 455.733700 86.314194 453.054199
95.328570 455.895400 89.217682 453.289703
98.249890 456.054300 92.126053 453.517334
101.184100 456.224200 95.057564 453.741486
104.093100 456.393100 97.953865 453.971252
106.998900 456.525600 100.844376 454.179047
109.897200 456.654500 103.732323 454.373322
112.749700 456.816600 106.563713 454.594727
115.610200 456.965500 109.398651 454.806519
118.400100 457.099300 112.154488 455.022156
121.145900 457.258900 114.902145 455.237549
123.876500 457.448100 117.615051 455.475922
126.583800 457.666500 120.311562 455.753876
129.241600 457.972700 122.962402 456.114777
131.877300 458.360200 125.573807 456.567383
134.472300 458.810900 128.137970 457.077393
137.047800 459.328100 130.690674 457.642151
139.578900 459.909300 133.197784 458.257019
142.082300 460.548100 135.687683 458.949341
144.536100 461.240400 138.130585 459.727844
146.935100 462.035700 140.501541 460.558746
149.323900 462.890800 142.869446 461.447937
151.645200 463.789700 145.168182 462.379822
153.953700 464.746000 147.448029 463.382599
156.216300 465.719100 149.693359 464.416138
158.442000 466.755000 151.891434 465.500366
160.610800 467.844100 154.048752 466.665039
162.721500 468.976400 156.123749 467.849792
164.765200 470.136200 158.140656 469.070007
166.772400 471.335900 160.097290 470.321960
168.632200 472.526000 161.925476 471.575195
170.346500 473.697400 163.604568 472.797028
171.909300 474.797000 165.133789 473.930695
173.302800 475.783300 166.508926 474.961670
174.556500 476.625400 167.781097 475.811462
175.656700 477.273900 168.896637 476.474548
176.667400 477.791400 169.909058 476.986938
177.693700 478.199200 170.954178 477.434692
178.769200 478.445200 172.033615 477.705322
179.820200 478.560500 173.077728 477.845642
180.911200 478.531600 174.193527 477.844879
182.068600 478.323700 175.354401 477.657257
183.262200 477.935100 176.577698 477.277069
184.488300 477.285200 177.831299 476.628052
185.759400 476.306800 179.144409 475.653687
187.077400 475.006900 180.493668 474.372437
188.478700 473.464500 181.907486 472.859619
189.953700 471.703500 183.423096 471.118774
191.518900 469.725200 185.023285 469.200104
193.208300 467.608400 186.746948 467.115173
195.017400 465.320900 188.594025 464.846008
196.863700 462.933100 190.471161 462.499695
198.729100 460.522700 192.377762 460.156006
200.614200 458.121400 194.302032 457.798889
202.510500 455.730200 196.217773 455.467926
204.411000 453.358300 198.165604 453.156799
206.321800 451.001000 200.099487 450.850098
208.222000 448.665100 202.036575 448.578430
210.114400 446.337900 203.972610 446.289795
211.976500 444.014500 205.872589 444.018005
213.836200 441.706600 207.754623 441.750549
215.683700 439.420500 209.639664 439.526489
217.555600 437.143300 211.565567 437.308777
219.471300 434.824100 213.542816 435.022522
221.450500 432.447100 215.598694 432.704681
223.466700 430.017100 217.680695 430.311829
225.486700 427.604100 219.747452 427.906189
227.506500 425.191500 221.825745 425.497742
229.526100 422.779100 223.915649 423.128906
231.545400 420.367100 225.973663 420.778320
233.564400 417.955300 228.014450 418.484100
235.559300 415.588300 230.034073 416.226471
237.436800 413.389000 231.948456 414.061371
238.780200 411.507400 233.733185 412.028198
239.937800 409.690800 235.320557 410.112396
241.095100 407.877000 236.663055 408.354919
242.251200 406.068000 237.724518 406.672760
243.408000 404.262500 238.468719 405.032776
244.011000 402.484000 238.877747 403.320587
244.001400 400.839200 238.907730 401.636566
243.616800 399.284000 238.560638 400.054688
242.890100 397.828700 237.859497 398.556976
241.873600 396.462000 236.889374 397.158966
240.631500 395.201500 235.657410 395.855988
239.221600 394.033800 234.262756 394.631714
237.618600 392.957600 232.658371 393.488464
235.793400 391.994800 230.818634 392.512817
233.764600 391.138800 228.767578 391.608826
231.526900 390.407500 226.517883 390.848450
229.101900 389.773400 224.069244 390.154694
226.502900 389.204300 221.464417 389.532532
223.725900 388.759000 218.666641 389.024963
220.797800 388.372500 215.724457 388.586792
217.710700 387.983400 212.625046 388.148651
214.530600 387.607200 209.407776 387.742279
211.281800 387.245500 206.175415 387.327393
207.989900 386.906600 202.880722 386.942261
204.658000 386.595500 199.545074 386.587189
201.286800 386.304300 196.173126 386.256195
197.918900 386.031200 192.786804 385.936218
194.555800 385.786300 189.450226 385.659332
191.207200 385.554600 186.105499 385.400055
187.886200 385.358400 182.782379 385.150085
184.599200 385.187900 179.492767 384.923096
181.348200 385.028900 176.240021 384.717499
178.125300 384.880300 173.005524 384.514191
174.940200 384.732200 169.826950 384.309387
171.787000 384.605200 166.677002 384.102081
168.667500 384.479200 163.586212 383.912140
165.610000 384.375800 160.560120 383.734467
162.651900 384.300900 157.612823 383.603973
159.841600 384.253100 154.816757 383.492065
157.212800 384.244100 152.190247 383.419312
154.757500 384.238100 149.744278 383.345032
152.465500 384.177300 147.450241 383.239899
150.349500 384.033300 145.370331 383.037506
148.462800 383.774700 143.529480 382.748108
146.861800 383.342900 141.971481 382.254272
145.493000 382.652100 140.671555 381.554504
144.342900 381.710300 139.554169 380.620300
143.476000 380.548800 138.715118 379.416901
142.885900 379.215000 138.156906 378.080994
142.512900 377.743300 137.799088 376.603180
142.317800 376.136600 137.638046 375.030151
142.188100 374.395800 137.533188 373.324280
142.147200 372.567400 137.517532 371.513306
142.122900 370.607400 137.522705 369.583191
142.117600 368.494900 137.544052 367.487488
142.130800 366.233800 137.596359 365.226746
142.204400 363.814600 137.703766 362.820984
142.299400 361.231000 137.847488 360.230927
142.415300 358.474700 138.018021 357.466827
142.582500 355.558100 138.260727 354.546326
142.739700 352.539000 138.484756 351.546326
142.891900 349.439100 138.692535 348.454865
143.064500 346.281300 138.928391 345.335815
143.227100 343.091000 139.145630 342.163757
143.425200 339.887400 139.400864 338.978821
143.616200 336.700500 139.646942 335.804260
143.795900 333.502200 139.869888 332.625702
144.005700 330.337500 140.126434 329.473267
144.230000 327.130600 140.358688 326.287109
144.419100 323.896200 140.558746 323.081757
144.587400 320.591100 140.763000 319.814240
144.754600 317.239000 140.963715 316.499969
144.941900 313.833000 141.182434 313.156219
145.157300 310.363000 141.427460 309.742523
145.368500 306.861100 141.662491 306.251862
145.569800 303.322100 141.883347 302.760223
145.779600 299.781500 142.118393 299.250671
145.995800 296.224300 142.348648 295.706421
146.232800 292.723700 142.621597 292.223633
146.466500 289.221500 142.887970 288.743011
146.685200 285.746000 143.160248 285.290131
146.893800 282.281200 143.418259 281.863586
147.103700 278.834100 143.684662 278.432007
147.309200 275.380000 143.931976 275.005493
147.469000 272.014900 144.138428 271.632874
147.644100 268.640500 144.349121 268.269897
147.828000 265.287400 144.588211 264.946503
148.018700 262.011300 144.818069 261.692108
148.191600 258.776500 145.020889 258.463928
148.362500 255.568000 145.215103 255.238968
148.542700 252.484800 145.427292 252.157486
148.699400 249.530100 145.612396 249.209869
148.855100 246.697000 145.798309 246.386627
149.012000 244.059600 145.992935 243.743134
149.177500 241.565300 146.202789 241.239044
149.354100 239.240800 146.416199 238.903717
149.518500 237.141100 146.617355 236.806152
149.688400 235.241100 146.811264 234.910446
149.831600 233.536700 146.983505 233.199005
149.906300 232.004900 147.088593 231.657898
149.838700 230.619900 147.047775 230.260269
149.635100 229.344100 146.877777 228.943237
149.241300 228.150200 146.501465 227.766113
148.716100 227.039600 145.994354 226.625000
148.000700 226.008200 145.295410 225.536179
147.075700 225.048900 144.386749 224.561417
145.937600 224.217300 143.280426 223.666428
144.564400 223.496400 141.948975 222.909134
143.010800 222.963900 140.417526 222.329117
141.316600 222.568700 138.732483 221.885925
139.454500 222.334500 136.895157 221.590591
137.425000 222.166300 134.914856 221.359482
135.205500 222.050100 132.716873 221.191391
132.804000 221.961500 130.380539 221.030045
130.267400 221.919300 127.809013 220.918625
127.508700 221.882500 125.026337 220.768478
124.622700 221.854300 122.148735 220.620468
121.664000 221.830100 119.181229 220.482529
118.657200 221.763300 116.171387 220.315491
115.641600 221.685500 113.182701 220.115479
112.627300 221.570300 110.173264 219.890732
109.673500 221.356100 107.206497 219.653625
106.754900 221.166500 104.283440 219.411850
103.815900 220.977200 101.352417 219.198883
100.933900 220.822800 98.460602 218.990463
98.075460 220.656000 95.628059 218.786423
95.253020 220.487500 92.823792 218.569946
92.486910 220.344500 90.050323 218.349411
89.875370 220.223200 87.440521 218.155151
87.458400 220.103100 85.036507 217.949387
85.308900 219.940400 82.863739 217.782959
83.404740 219.814900 80.956795 217.668182
81.811460 219.719400 79.335785 217.620911
80.386560 219.682400 77.889389 217.594040
79.003730 219.767200 76.504112 217.653442
77.660700 220.007600 75.162254 217.842026
76.371580 220.406400 73.887154 218.165695
75.155860 220.960300 72.680611 218.649231
74.011040 221.726500 71.509003 219.372208
72.923470 222.715600 70.391281 220.296173
71.978870 223.872400 69.409904 221.399902
71.184520 225.266700 68.624313 222.674820
70.559680 226.755300 67.990112 224.068298
70.106430 228.212400 67.514732 225.555450
69.780350 229.717400 67.197372 227.054169
69.611080 231.273600 67.019394 228.595963
69.507330 232.885000 66.899132 230.174210
69.413710 234.508900 66.794479 231.801987
69.343880 236.144900 66.707298 233.395309
69.165330 237.775100 66.507118 234.984619
68.850580 239.377200 66.196106 236.509735
68.411010 240.827300 65.694397 237.927795
67.727420 242.111200 64.974747 239.185333
66.803100 243.182900 64.026726 240.293854
65.701790 244.107800 62.898964 241.214111
64.448250 244.782200 61.659451 241.852539
63.080800 245.260000 60.270576 242.326752
61.580750 245.474700 58.760220 242.521072
60.021940 245.545100 57.220108 242.551392
58.373630 245.501300 55.598087 242.477249
56.557790 245.387700 53.806446 242.381943
54.575700 245.267600 51.841370 242.269043
52.422320 245.171900 49.690720 242.166550
50.087930 245.081900 47.349739 242.051147
47.581640 245.008900 44.829922 241.942169
44.918970 244.937600 42.158035 241.797714
42.122820 244.817200 39.338104 241.619904
39.164720 244.672400 36.349899 241.418961
36.057060 244.510700 33.223122 241.198837
32.840100 244.318200 29.999027 240.943832
29.595440 244.119000 26.745096 240.687332
26.356030 243.938500 23.505907 240.461838
23.136280 243.778100 20.271868 240.251266
19.923890 243.574600 17.034798 239.993835
16.771670 243.333700 13.886673 239.707153
13.661940 243.082500 10.792957 239.407730
10.666390 242.818300 7.818150 239.101868
7.814747 242.555200 5.000349 238.809158
5.139292 242.325200 2.335579 238.553528
2.679849 242.118700 -0.108223 238.319641
0.450309 241.930700 -2.333334 238.114166
-1.528966 241.776000 -4.311660 237.936783
-3.228819 241.670700 -5.997962 237.811066
-4.618300 241.633500 -7.371754 237.755066
-5.727634 241.635600 -8.474539 237.748795
-6.594910 241.676300 -9.334891 237.784851
-7.316062 241.736500 -10.046857 237.836380
-7.999830 241.824600 -10.721539 237.924683
-8.668434 241.971800 -11.372604 238.075333
-9.310473 242.159800 -12.003658 238.253021
-10.040280 242.489600 -12.732315 238.568451
-10.900630 242.986700 -13.583435 239.030701
-11.788840 243.696900 -14.485611 239.710236
-12.605680 244.629900 -15.316391 240.615479
-13.325190 245.805400 -16.087158 241.795624
-13.876090 247.212100 -16.647530 243.259720
-14.262280 248.903900 -17.032894 244.965775
-14.456720 250.843200 -17.229202 246.903076
-14.534350 252.994100 -17.310143 249.071701
-14.597030 255.350200 -17.394371 251.441803
-14.667090 257.910700 -17.491692 253.991699
-14.735990 260.649600 -17.602413 256.725861
-14.849520 263.575900 -17.756428 259.646088
-14.957480 266.729800 -17.932949 262.789124
-15.059630 270.015600 -18.092562 266.069519
-15.182710 273.477200 -18.292610 269.496338
-15.303150 277.021400 -18.505051 273.024902
-15.440230 280.658500 -18.720486 276.634491
-15.590580 284.351600 -18.948437 280.285339
-15.764490 288.068200 -19.199854 283.972534
-15.946800 291.811700 -19.456581 287.679321
-16.099940 295.543400 -19.694670 291.399353
-16.260060 299.308400 -19.922010 295.155060
-16.425310 303.105800 -20.153120 298.921570
-16.590140 306.893300 -20.381830 302.693085
-16.756680 310.705900 -20.614075 306.478119
-16.910250 314.536100 -20.833586 310.288666
-17.062160 318.371600 -21.072254 314.103912
-17.211700 322.183300 -21.314228 317.910828
-17.359600 325.995800 -21.570982 321.699982
-17.503240 329.777900 -21.808218 325.503967
-17.652950 333.537700 -22.026917 329.245605
-17.803470 337.274400 -22.247261 332.964569
-17.965510 340.928300 -22.476583 336.578186
-18.139020 344.467400 -22.712313 340.103333
-18.309560 347.827300 -22.940447 343.445557
-18.498430 351.069300 -23.183746 346.658661
-18.657830 354.177800 -23.378887 349.748627
-18.779270 357.113600 -23.548801 352.697632
-18.870160 359.864000 -23.675966 355.449463
-18.946200 362.402300 -23.785707 357.965973
-18.990920 364.711200 -23.879835 360.265015
-19.050610 366.784400 -23.964909 362.304932
-19.150770 368.599600 -24.100683 364.093903
-19.288630 370.232600 -24.279556 365.687317
-19.600770 371.746300 -24.613018 367.130310
-20.181060 373.134000 -25.218346 368.449890
-21.046240 374.352900 -26.027954 369.569153
-22.127780 375.353800 -27.078201 370.493866
-23.457040 376.098400 -28.359573 371.197174
-24.934490 376.556700 -29.846771 371.606964
-26.555040 376.670400 -31.454958 371.654663
-28.276760 376.521700 -33.143188 371.447144
-30.056280 376.231600 -34.914726 371.090851
-31.975970 375.881500 -36.815697 370.721680
-34.041570 375.538800 -38.848915 370.359283
-36.312400 375.174700 -41.096710 369.958679
-38.740670 374.815500 -43.504646 369.549744
-41.349510 374.513500 -46.093159 369.194641
-44.097790 374.260800 -48.850502 368.923767
-47.011360 374.040700 -51.782776 368.685181
-50.040150 373.823900 -54.814854 368.424866
-53.185680 373.618900 -57.953716 368.183960
-56.406270 373.421900 -61.167271 367.942017
-59.653410 373.251300 -64.401962 367.718323
-62.943060 373.083600 -67.662842 367.487000
-66.219570 372.909300 -70.931801 367.252441
-69.486870 372.732000 -74.192436 366.993866
-72.726120 372.532900 -77.424622 366.730438
-75.949990 372.348800 -80.629745 366.481506
-79.132360 372.198800 -83.825470 366.268768
-82.276670 372.085900 -86.975281 366.084412
-85.318380 372.021300 -90.013245 365.948883
-88.202870 371.999200 -92.889191 365.846558
-90.927450 371.989600 -95.602951 365.767944
-93.555550 371.974900 -98.235374 365.692841
-96.169310 371.894100 -100.843529 365.556580
-98.735200 371.699400 -103.389244 365.302521
-101.335900 371.405700 -105.979538 364.957275
-104.006100 371.090100 -108.633438 364.579742
-106.771100 370.792200 -111.390785 364.221100
-109.682200 370.477800 -114.284698 363.856384
-112.739100 370.228500 -117.332169 363.551208
-115.931600 370.036400 -120.518829 363.290497
-119.286600 369.828600 -123.838036 363.018402
-122.729500 369.724600 -127.275345 362.846680
-126.288700 369.671200 -130.834335 362.715485
-129.839700 369.662300 -134.375793 362.625549
-133.385600 369.650900 -137.923447 362.544250
-136.894400 369.634000 -141.420425 362.459167
-140.398100 369.514400 -144.891571 362.273041
-143.862100 369.340500 -148.331360 362.021545
-147.327600 369.166400 -151.793427 361.790436
-150.737000 368.971100 -155.196762 361.526642
-154.158600 368.781900 -158.603500 361.268768
-157.533900 368.539100 -161.965515 360.962067
-160.863100 368.281900 -165.295746 360.631775
-164.185700 368.025000 -168.588867 360.310455
-167.432800 367.748600 -171.849518 359.988556
-170.642400 367.488400 -175.067978 359.676331
-173.841400 367.227100 -178.270126 359.362427
-177.023700 366.951400 -181.434311 359.025085
-180.244500 366.730400 -184.650208 358.754272
-183.473900 366.580900 -187.856522 358.538940
-186.744800 366.472000 -191.107224 358.375397
-190.033500 366.367300 -194.379715 358.200134
-193.355400 366.250500 -197.675354 358.015167
-196.716900 366.188600 -201.033142 357.869812
-200.121200 366.182600 -204.458679 357.809479
-203.540500 366.199800 -207.870651 357.753662
-206.952700 366.227500 -211.272247 357.721283
-210.347900 366.285500 -214.676895 357.699615
-213.706200 366.365900 -218.023117 357.699432
-217.009500 366.481900 -221.340271 357.745056
-220.179700 366.654500 -224.510330 357.843445
-223.191200 366.879000 -227.521286 358.008179
-226.097000 367.114900 -230.437271 358.187378
-228.814800 367.345400 -233.176422 358.365051
-231.386300 367.584000 -235.752899 358.552948
-233.712600 367.887700 -238.078552 358.810028
-235.782000 368.275800 -240.150787 359.153351
-237.675400 368.737900 -242.054459 359.586365
-239.369400 369.206200 -243.759628 360.019318
-240.923900 369.617600 -245.336365 360.402039
-242.343700 369.946600 -246.759521 360.705475
-243.617800 370.200700 -248.039032 360.928406
-244.859400 370.340600 -249.272354 361.038879
-246.077300 370.391700 -250.480423 361.071808
-247.267700 370.379800 -251.667053 361.031708
-248.493500 370.333700 -252.886459 360.965546
-249.783700 370.306600 -254.174149 360.922119
-251.078800 370.299200 -255.463852 360.892822
-252.358200 370.349900 -256.759155 360.918335
-253.632100 370.436500 -258.030884 360.976959
-254.850600 370.581800 -259.257233 361.105743
-255.940600 370.729900 -260.348419 361.221741
-256.915700 370.895600 -261.325195 361.391846
-257.880300 371.026600 -262.286224 361.514893
-258.825300 371.074700 -263.230591 361.540222
-259.790200 371.036700 -264.190674 361.503387
-260.853800 370.865000 -265.258911 361.332184
-261.981300 370.525600 -266.356445 360.977051
-263.149900 369.955400 -267.557434 360.414307
-264.334300 369.128800 -268.698608 359.566193
-265.453200 367.983800 -269.801636 358.405090
-266.451000 366.525200 -270.765289 356.911804
-267.251800 364.723800 -271.543671 355.143219
-267.949500 362.709300 -272.180725 353.148773
-268.506500 360.485200 -272.681458 350.934937
-268.941500 358.026800 -273.056152 348.475037
-269.220400 355.348600 -273.272217 345.807922
-269.448800 352.477300 -273.430298 342.941925
-269.718000 349.407100 -273.617035 339.891479
-269.985700 346.177700 -273.796722 336.661987
-270.257600 342.841000 -273.959808 333.328400
-270.518100 339.408900 -274.116455 329.896027
-270.754500 335.850800 -274.241333 326.341492
-270.955500 332.279200 -274.322968 322.765594
-271.100700 328.699800 -274.365143 319.216187
-271.205200 325.126400 -274.369629 315.649139
-271.267700 321.587300 -274.315735 312.127777
-271.275200 318.070500 -274.206757 308.623718
-271.222900 314.582000 -274.048981 305.138885
-271.120000 311.120600 -273.839935 301.703735
-270.978000 307.683800 -273.581573 298.283661
-270.782700 304.265600 -273.287537 294.894592
-270.528600 300.853100 -272.936279 291.508148
-270.242000 297.429400 -272.555389 288.100586
-269.919600 293.989900 -272.121307 284.702454
-269.545200 290.528500 -271.657745 281.282562
-269.141700 287.042100 -271.176392 277.826782
-268.688300 283.528200 -270.629547 274.368347
-268.188900 279.998100 -270.054077 270.873749
-267.644900 276.438400 -269.423645 267.364899
-267.060700 272.864800 -268.756348 263.828217
-266.415600 269.267600 -268.030334 260.298370
-265.703700 265.659900 -267.244507 256.737213
-264.933700 262.028500 -266.395294 253.172455
-264.083600 258.356100 -265.462219 249.567947
-263.198600 254.694500 -264.481812 245.969574
-262.249500 251.044300 -263.452087 242.402603
-261.237300 247.429800 -262.360779 238.851456
-260.189300 243.839800 -261.245026 235.348663
-259.094000 240.246100 -260.070923 231.833252
-257.955600 236.666200 -258.865112 228.342941
-256.772700 233.104800 -257.617371 224.878326
-255.531300 229.548500 -256.305695 221.392105
-254.248400 226.028100 -254.954193 217.970901
-252.919100 222.544000 -253.551041 214.545593
-251.574800 219.079600 -252.134064 211.169128
-250.208800 215.633800 -250.700958 207.801208
-248.823500 212.212300 -249.236694 204.445953
-247.396200 208.816100 -247.753006 201.102768
-245.924600 205.438400 -246.215347 197.786179
-244.407500 202.096000 -244.643372 194.513229
-242.864900 198.761700 -243.039978 191.263885
-241.279000 195.474400 -241.391785 188.039566
-239.649300 192.235800 -239.702728 184.856705
-237.983200 189.035400 -237.982391 181.738403
-236.298900 185.858800 -236.243347 178.634186
-234.588400 182.702700 -234.462372 175.553192
-232.835600 179.589900 -232.657776 172.503494
-231.009300 176.491000 -230.785004 169.450821
-229.111700 173.245900 -228.859665 166.396194
-227.176300 170.021800 -226.910614 163.323578
-225.177100 166.838100 -224.879639 160.274384
-223.121100 163.678300 -222.790359 157.242310
-221.021800 160.583500 -220.657013 154.254639
-218.906700 157.528200 -218.508392 151.285599
-216.758300 154.516100 -216.309265 148.346954
-214.598900 151.542200 -214.103943 145.438568
-212.419400 148.613400 -211.893326 142.591873
-210.228200 145.723000 -209.677521 139.778290
-207.984500 142.875200 -207.413391 137.014435
-205.709300 140.044600 -205.118149 134.256287
-203.367700 137.252600 -202.754990 131.542603
-200.986900 134.476000 -200.359543 128.846252
-198.545200 131.709700 -197.907730 126.138626
-196.059300 128.939500 -195.388947 123.433151
-193.510200 126.196800 -192.809479 120.750397
-190.897300 123.468900 -190.187927 118.116119
-188.227400 120.762000 -187.521149 115.474167
-185.497000 118.076800 -184.794785 112.852478
-182.724000 115.414700 -182.018311 110.251221
-179.874900 112.756200 -179.168198 107.652969
-176.963500 110.129700 -176.264252 105.093231
-174.022700 107.478800 -173.326950 102.527946
-171.062700 104.830200 -170.355545 99.962051
-168.072200 102.205400 -167.361008 97.415962
-165.063500 99.572080 -164.331589 94.859200
-162.094200 96.925240 -161.351776 92.298149
-159.158100 94.245620 -158.399200 89.679619
-156.222000 91.591220 -155.466156 87.116638
-153.302600 88.949020 -152.515488 84.542725
-150.415700 86.290970 -149.635239 81.975121
-147.525700 83.616700 -146.731964 79.394730
-144.616800 80.967880 -143.808838 76.818367
-141.680000 78.334030 -140.870056 74.267288
-138.744900 75.701910 -137.921448 71.692551
-135.803000 73.066790 -134.995926 69.133553
-132.863800 70.434610 -132.068375 66.580368
-129.933000 67.796650 -129.153824 64.039398
-127.009300 65.165490 -126.216385 61.477776
-124.094300 62.565200 -123.294250 58.932743
-121.185800 59.961850 -120.386047 56.395592
-118.275800 57.358150 -117.479973 53.851067
-115.383500 54.746480 -114.592155 51.306274
-112.487100 52.132910 -111.680984 48.763184
-109.563100 49.507800 -108.757111 46.220612
-106.649400 46.882310 -105.828049 43.665657
-103.717200 44.240620 -102.882591 41.097599
-100.776700 41.607720 -99.933464 38.547287
-97.815960 38.955960 -96.975471 35.974747
-94.863170 36.299440 -94.022369 33.397865
-91.884440 33.643060 -91.024109 30.804354
-88.909720 30.989760 -88.061928 28.227468
-85.917480 28.322680 -85.079880 25.644987
-82.929050 25.668410 -82.096481 23.074812
-79.941980 23.038030 -79.102371 20.509016
-76.962720 20.421650 -76.141327 17.968807
-74.007520 17.823510 -73.189011 15.447515
-71.092400 15.226900 -70.278206 12.914345
-68.209240 12.634500 -67.390015 10.368025
-65.354250 10.051970 -64.544655 7.878170
-62.542350 7.481356 -61.719658 5.374161
-59.754040 4.927046 -58.918930 2.863325
-57.009180 2.422195 -56.167736 0.428871
-54.340090 0.009828 -53.502647 -1.939688
-51.766990 -2.296378 -50.920353 -4.208160
-49.260900 -4.526641 -48.396751 -6.410597
-46.853800 -6.677798 -45.978489 -8.539492
-44.569730 -8.685225 -43.683174 -10.510942
-42.404320 -10.528340 -41.503990 -12.335855
-40.364200 -12.198710 -39.452682 -13.961513
-38.389800 -13.695430 -37.455120 -15.449017
-36.423220 -15.003710 -35.481018 -16.722967
-34.423200 -16.097900 -33.480988 -17.796457
-32.364650 -16.913830 -31.424688 -18.606436
-30.265120 -17.411740 -29.349026 -19.086891
-28.163420 -17.604910 -27.278917 -19.240238
-26.110560 -17.459960 -25.278906 -19.067921
-24.143360 -16.987220 -23.375408 -18.603041
-22.296980 -16.217800 -21.568174 -17.816376
-20.604650 -15.231400 -19.889254 -16.828560
-19.008910 -14.153640 -18.298208 -15.736610
-17.427180 -13.090130 -16.722694 -14.644093
-15.874640 -12.069320 -15.170226 -13.602325
-14.363580 -11.106930 -13.660583 -12.611700
-12.922670 -10.242620 -12.206347 -11.710075
-11.574780 -9.466819 -10.851277 -10.895433
-10.317910 -8.788752 -9.581486 -10.182699
-9.188230 -8.193104 -8.458580 -9.556609
-8.211014 -7.716742 -7.476896 -9.036060
-7.426664 -7.335419 -6.695956 -8.625061
-6.732949 -7.004384 -6.012535 -8.267301
-6.081177 -6.624412 -5.353392 -7.888574
-5.489078 -6.233971 -4.759542 -7.503214
-4.934984 -5.802268 -4.214924 -7.080175
-4.339961 -5.285216 -3.615550 -6.556178
-3.697865 -4.592905 -2.961426 -5.858215
-3.037676 -3.769289 -2.330694 -5.053876
-2.408137 -2.790908 -1.707356 -4.081508
-1.801721 -1.625169 -1.134884 -2.930449
-1.269630 -0.215074 -0.613100 -1.522266
-0.812186 1.417145 -0.164947 0.095551
-0.577413 3.304554 0.092260 1.915713
-0.470925 5.426109 0.210974 3.961255
-0.476637 7.694492 0.180251 6.143990
-0.570738 10.119870 0.049586 8.515284
-0.648451 12.686750 -0.065199 11.050207
-0.748385 15.378500 -0.210607 13.723475
-0.860824 18.191740 -0.356173 16.539764
-0.998219 21.084400 -0.520731 19.438721
-1.176238 24.100490 -0.730243 22.451429
-1.395968 27.224660 -0.983084 25.554817
-1.640741 30.420880 -1.258630 28.738441
-1.879320 33.664680 -1.540402 31.963289
-2.150183 36.923590 -1.845922 35.206486
-2.397389 40.249040 -2.150422 38.476498
-2.638864 43.594280 -2.450400 41.801598
-2.848280 46.962570 -2.713484 45.174183
-3.041372 50.356970 -2.962509 48.534580
-3.212653 53.820380 -3.198461 51.948948
-3.380992 57.307360 -3.426352 55.417694
-3.567609 60.834770 -3.669458 58.901173
-3.786600 64.385720 -3.932009 62.426987
-3.981904 67.973540 -4.191940 65.986534
-4.173959 71.565920 -4.448030 69.564575
-4.396788 75.106490 -4.699922 73.081390
-4.593996 78.623730 -4.941563 76.608185
-4.800834 82.136440 -5.175655 80.116219
-5.016400 85.597270 -5.442366 83.567268
-5.214554 89.008160 -5.693762 86.941826
-5.369648 92.435540 -5.898144 90.297905
-5.524006 95.827610 -6.100428 93.683716
