0.000000 0.000000 -0.381822 -1.283813
-0.007832 1.689225 -0.382419 0.401154
-0.029694 3.390281 -0.406739 2.094005
-0.070081 5.150463 -0.430664 3.863542
-0.123858 6.989627 -0.469193 5.713425
-0.184475 8.978383 -0.508023 7.701397
-0.253794 11.064230 -0.552775 9.783241
-0.296212 13.335200 -0.608945 12.060840
-0.345120 15.748820 -0.658784 14.490778
-0.368644 18.288060 -0.708182 17.054041
-0.406558 20.990620 -0.753710 19.821423
-0.450732 23.849210 -0.806769 22.693510
-0.505576 26.794890 -0.872505 25.620890
-0.567916 29.817300 -0.938761 28.692883
-0.634186 32.902500 -1.011399 31.783062
-0.704629 36.067260 -1.089162 34.977631
-0.763742 39.276990 -1.172496 38.217476
-0.840559 42.506460 -1.269246 41.480846
-0.944805 45.707290 -1.358604 44.734688
-1.050114 48.934630 -1.456714 48.023693
-1.142897 52.159540 -1.544240 51.293640
-1.248790 55.372460 -1.626641 54.564960
-1.352181 58.600620 -1.709692 57.849552
-1.444555 61.847430 -1.776715 61.138371
-1.528092 65.085270 -1.865130 64.411522
-1.623511 68.349680 -1.976976 67.716629
-1.697570 71.605970 -2.047457 71.004875
-1.784427 74.842930 -2.125121 74.294014
-1.892754 78.044640 -2.216124 77.540321
-2.009246 81.241000 -2.313214 80.769577
-2.118145 84.381460 -2.406222 83.969498
-2.224921 87.410700 -2.512038 87.027306
-2.344772 90.265560 -2.610175 89.910774
-2.486719 92.915770 -2.735234 92.593811
-2.649588 95.352060 -2.881082 95.042458
-2.827593 97.533080 -3.040756 97.226578
-2.992555 99.437370 -3.195325 99.159607
-3.132396 101.119600 -3.312908 100.849831
-3.196722 102.604300 -3.364403 102.347649
-3.182672 103.907400 -3.323222 103.657700
-3.061832 105.116200 -3.188859 104.880890
-2.813888 106.240500 -2.931291 106.020897
-2.431748 107.285400 -2.557464 107.036804
-1.921488 108.234600 -2.056212 107.974846
-1.282825 109.049600 -1.417892 108.814827
-0.530716 109.791000 -0.638444 109.572754
0.374458 110.404000 0.291070 110.150993
1.408134 110.856700 1.330614 110.629967
2.533142 111.185100 2.501953 110.973907
3.783818 111.364400 3.696216 111.103287
5.173439 111.489500 5.114081 111.216919
6.728517 111.518300 6.652420 111.240471
8.447661 111.482200 8.397014 111.203247
10.365340 111.411600 10.315346 111.123810
12.440570 111.376600 12.380846 111.091759
14.658270 111.336300 14.605924 111.049400
16.980990 111.294300 16.928118 111.003464
19.371510 111.225100 19.331358 110.927261
21.827520 111.168600 21.812780 110.863670
24.338230 111.128000 24.344687 110.802803
26.865460 111.086600 26.899597 110.741135
29.340250 111.018500 29.392210 110.645111
31.824380 110.949500 31.895224 110.568451
34.255590 110.895700 34.346935 110.506683
36.655720 110.832300 36.792198 110.439194
39.023530 110.760300 39.131523 110.336609
41.348270 110.661800 41.462349 110.231636
43.625630 110.563400 43.747807 110.129738
45.778700 110.472200 45.902611 110.018730
47.871130 110.381700 48.006836 109.915855
49.939530 110.289100 50.070477 109.800293
51.971720 110.194600 52.109833 109.702492
53.966400 110.084400 54.121166 109.580154
55.968740 109.922700 56.133480 109.408661
58.012520 109.724900 58.247974 109.218269
60.142410 109.502900 60.384209 108.994186
62.329410 109.265100 62.581120 108.744698
64.563430 109.013700 64.829613 108.475609
66.805840 108.790700 67.102081 108.218513
69.024790 108.566800 69.318672 107.964088
71.274060 108.316000 71.555389 107.681229
73.551630 108.056300 73.842499 107.401955
75.878910 107.783000 76.177925 107.101822
78.249380 107.482800 78.550339 106.775177
80.656160 107.159100 80.960159 106.424217
83.128450 106.823200 83.437622 106.057220
85.650170 106.498800 85.991241 105.729271
88.195570 106.179900 88.544853 105.390808
90.756270 105.878900 91.101250 105.065247
93.347120 105.574100 93.687439 104.742607
95.936460 105.267700 96.283401 104.417252
98.498850 104.969700 98.849586 104.104843
101.043100 104.696300 101.405235 103.823700
103.535900 104.414000 103.935036 103.521645
105.990700 104.117400 106.417786 103.205811
108.401400 103.830100 108.853287 102.912811
110.756600 103.530500 111.219643 102.593430
113.078300 103.210700 113.554428 102.251923
115.356600 102.887000 115.846443 101.901703
117.639100 102.533100 118.137550 101.545731
119.873200 102.178000 120.384560 101.165176
122.079200 101.811900 122.605217 100.777596
124.272600 101.407700 124.822258 100.385468
126.424700 100.975200 126.989395 99.949417
128.537100 100.456100 129.107544 99.401924
130.617700 99.856810 131.213303 98.773140
132.667800 99.216070 133.285141 98.125610
134.687400 98.553530 135.311722 97.447861
136.660100 97.926510 137.290131 96.809685
138.607400 97.314350 139.236389 96.194168
140.503400 96.738880 141.132111 95.616119
142.369000 96.204360 142.985580 95.087631
144.202100 95.695640 144.827347 94.582283
145.980300 95.244100 146.587662 94.137306
147.725300 94.841610 148.318405 93.737709
149.451200 94.497860 150.043091 93.391151
151.160400 94.251030 151.749176 93.159035
152.853900 94.142140 153.429108 93.058792
154.532700 94.132680 155.112534 93.055763
156.196500 94.120650 156.774597 93.031288
157.821400 94.007330 158.393219 92.892609
159.401200 93.838200 159.980576 92.706566
160.938600 93.578160 161.528381 92.433060
162.417600 93.276270 163.033127 92.112656
163.854200 92.938740 164.481323 91.759521
165.277700 92.622550 165.898956 91.408356
166.674900 92.299640 167.310623 91.062164
168.125300 91.946090 168.759674 90.678856
169.638900 91.526300 170.290939 90.243187
171.214100 91.062420 171.872467 89.758385
172.836600 90.569120 173.498428 89.236633
174.480800 90.035230 175.162155 88.692520
176.115700 89.513510 176.808731 88.159668
177.736600 89.009020 178.450714 87.640251
179.315600 88.539550 180.055923 87.150002
180.808000 88.123170 181.566864 86.694382
182.185700 87.753480 182.945328 86.327141
183.432400 87.482040 184.191803 86.024765
184.623100 87.293670 185.386185 85.809715
185.803900 87.231550 186.514313 85.767578
186.952000 87.297830 187.660675 85.810440
188.068600 87.451920 188.788956 85.946861
189.154900 87.728640 189.853394 86.213638
190.233600 88.157250 190.960144 86.630470
191.320100 88.781620 192.011032 87.237190
192.410500 89.600550 193.073212 88.029984
193.454200 90.684490 194.144211 89.113716
194.437900 91.988930 195.135010 90.368660
195.378100 93.548950 196.098587 91.922440
196.271500 95.327110 196.990173 93.682610
197.137400 97.277400 197.900894 95.650513
197.949900 99.411050 198.737991 97.790550
198.716100 101.702700 199.531906 100.101784
199.516800 104.092500 200.369339 102.507904
200.371000 106.590800 201.232330 105.011955
201.252400 109.169500 202.137390 107.604408
202.151000 111.754400 203.050491 110.198853
203.059200 114.350500 203.969086 112.799721
203.983900 117.000400 204.883942 115.409996
204.857600 119.562000 205.805557 118.042061
205.735000 122.179100 206.697968 120.660416
206.598600 124.790300 207.586838 123.270630
207.440900 127.377400 208.459702 125.881165
208.242800 129.908400 209.280579 128.418381
208.997300 132.350000 210.052139 130.872375
209.687300 134.653600 210.759918 133.182648
210.315800 136.812600 211.414185 135.369827
210.853400 138.781000 211.964615 137.335403
211.314900 140.528100 212.446716 139.084991
211.724000 142.072000 212.867722 140.640900
212.087800 143.489600 213.235626 142.042252
212.418900 144.848700 213.580521 143.411758
212.644500 146.170800 213.805710 144.729645
212.735200 147.467000 213.902542 146.043152
212.655400 148.727700 213.820541 147.284531
212.394800 149.931200 213.581940 148.442657
211.967700 151.060900 213.181656 149.525696
211.327800 152.041400 212.614075 150.514359
210.570500 152.900300 211.801147 151.340317
209.690200 153.609600 210.943207 152.057938
208.709700 154.127900 210.021301 152.529770
207.628600 154.446600 208.984634 152.892731
206.514300 154.663600 207.951233 153.100739
205.342600 154.839800 206.796234 153.287781
204.054700 154.916400 205.553635 153.404556
202.653200 155.003000 204.151520 153.522263
201.071000 155.004800 202.554474 153.544800
199.317900 154.934200 200.787231 153.505417
197.401000 154.857200 198.824966 153.454544
195.316900 154.772000 196.697617 153.395248
193.070500 154.750200 194.430084 153.412231
190.668800 154.808600 191.997009 153.499481
188.123400 154.966400 189.420334 153.667084
185.505500 155.209900 186.774490 153.932404
182.877200 155.502600 184.126465 154.231430
180.229400 155.806300 181.457062 154.570404
177.558300 156.111000 178.763779 154.906876
174.880600 156.428400 176.067200 155.265182
172.210900 156.745600 173.397842 155.602539
169.531800 157.057600 170.702896 155.934418
166.857300 157.367500 168.026093 156.265228
164.166400 157.687700 165.344925 156.597275
161.543900 158.015100 162.687424 156.941772
158.917500 158.348300 160.046692 157.288788
156.307000 158.685700 157.408447 157.643188
153.701700 159.029500 154.776031 158.006744
151.074500 159.379400 152.137970 158.366165
148.417600 159.744000 149.455765 158.734024
145.726100 160.131500 146.751175 159.137283
143.006700 160.516800 144.017075 159.532394
140.244900 160.894500 141.220215 159.935547
137.441200 161.249200 138.395432 160.309418
134.595200 161.560200 135.531647 160.627563
131.711200 161.840600 132.656158 160.922729
128.789000 162.129400 129.711472 161.226425
125.847000 162.402500 126.746857 161.528702
122.922800 162.662800 123.791107 161.814331
120.011500 162.917000 120.875031 162.098740
117.096200 163.164900 117.950180 162.375778
114.183400 163.417600 115.020401 162.660736
111.271300 163.676400 112.091263 162.939163
108.360000 163.930000 109.167793 163.221680
105.444700 164.185400 106.224449 163.497452
102.540700 164.434900 103.331940 163.776382
99.644400 164.672400 100.433929 164.046951
96.744730 164.928100 97.510033 164.323105
93.849290 165.223100 94.624725 164.639282
90.952140 165.530200 91.699387 164.971008
88.065380 165.851200 88.813240 165.306549
85.150470 166.191600 85.880844 165.669830
82.242610 166.531500 82.938805 166.018890
79.311830 166.862600 79.970634 166.367355
76.393260 167.201900 77.027832 166.703659
73.438700 167.538900 74.037392 167.067093
70.485150 167.863400 71.071495 167.401794
67.519840 168.167700 68.070625 167.733383
64.540850 168.441900 65.078316 168.020615
61.540400 168.697200 62.054733 168.295700
58.537190 168.941400 59.016926 168.575043
55.533930 169.185000 55.985668 168.838684
52.543330 169.420200 52.977207 169.088394
49.571870 169.640200 50.021496 169.328537
46.635500 169.839600 47.071651 169.548889
43.710130 170.017100 44.138817 169.751938
40.823360 170.176600 41.241795 169.933929
37.953040 170.328300 38.373550 170.097839
35.132860 170.473500 35.554451 170.277420
32.385260 170.602800 32.765850 170.456161
29.704360 170.713400 30.086708 170.577164
27.093420 170.807100 27.460724 170.701736
24.583170 170.877300 24.942202 170.808182
22.209330 170.937800 22.565020 170.906677
19.944280 171.027800 20.295395 171.027390
17.748010 171.142200 18.069723 171.164795
15.606760 171.273100 15.908610 171.317719
13.545460 171.403600 13.830807 171.460709
11.568070 171.540200 11.829579 171.613586
9.709170 171.687300 9.956255 171.772812
7.998637 171.853700 8.237017 171.947693
6.432635 172.024100 6.661872 172.118393
4.995356 172.227700 5.203447 172.314407
3.674361 172.460800 3.867115 172.566040
2.475555 172.738700 2.648970 172.847855
1.394096 173.060700 1.574004 173.162720
0.435287 173.448800 0.606892 173.547516
-0.481995 173.905100 -0.316978 173.991592
-1.324858 174.456900 -1.141350 174.520767
-2.065394 175.091700 -1.917813 175.127197
-2.762100 175.808500 -2.592530 175.850174
-3.408457 176.720100 -3.243917 176.748337
-3.994755 177.763900 -3.811641 177.788940
-4.506015 178.951500 -4.312110 178.984344
-4.930925 180.367000 -4.732839 180.394424
-5.212692 181.952900 -4.996851 181.999283
-5.351521 183.714600 -5.116708 183.780762
-5.392321 185.625500 -5.131685 185.702133
-5.387940 187.682900 -5.105551 187.767273
-5.372151 189.871900 -5.066970 189.993851
-5.386586 192.193400 -5.066352 192.326584
-5.406023 194.585200 -5.064662 194.744934
-5.440439 197.017600 -5.083209 197.219757
-5.475977 199.456500 -5.126861 199.664902
-5.514842 201.934200 -5.160532 202.147324
-5.560062 204.406700 -5.201399 204.650818
-5.616804 206.863600 -5.263172 207.124359
-5.692115 209.294100 -5.328572 209.560028
-5.775682 211.678200 -5.407746 211.951706
-5.860771 213.990100 -5.486954 214.263168
-5.940900 216.159300 -5.560230 216.442627
-6.023283 218.169400 -5.637275 218.458694
-6.114588 220.000600 -5.720418 220.299652
-6.209081 221.641100 -5.814741 221.953461
-6.290085 223.094700 -5.890034 223.413605
-6.323739 224.427000 -5.919582 224.766312
-6.274326 225.732300 -5.861953 226.108948
-6.132258 226.985000 -5.706254 227.346481
-5.842543 228.167200 -5.384731 228.554733
-5.392446 229.278300 -4.963001 229.591278
-4.842747 230.275700 -4.415584 230.621048
-4.162700 231.192700 -3.752964 231.551895
-3.339169 232.032200 -2.901695 232.365799
-2.397566 232.795000 -1.928626 233.151932
-1.278517 233.345000 -0.804677 233.701492
0.002398 233.849400 0.512383 234.218750
1.451824 234.167300 1.959755 234.487961
3.063341 234.394700 3.667825 234.766098
4.818404 234.521700 5.465985 234.907776
6.718857 234.529500 7.395935 234.893753
8.771869 234.476900 9.460587 234.828659
10.950050 234.353500 11.654964 234.705185
13.283690 234.242600 13.995625 234.585876
15.698180 234.114100 16.405010 234.444000
18.109840 234.011200 18.819372 234.324356
20.538930 233.937000 21.264503 234.247131
23.000350 233.896100 23.715351 234.183212
25.454510 233.895700 26.186537 234.138077
27.927720 233.889300 28.684608 234.101456
30.407900 233.872000 31.179689 234.052078
32.882140 233.853600 33.661343 234.003784
35.338500 233.829000 36.134289 233.943329
37.779520 233.790500 38.598721 233.867477
40.179400 233.727500 41.017929 233.781815
42.552300 233.662400 43.385525 233.682831
44.907840 233.595600 45.753162 233.599915
47.226940 233.520600 48.082634 233.502563
49.522840 233.434600 50.401314 233.405426
51.803140 233.370200 52.678402 233.307632
54.049950 233.306500 54.926495 233.215988
56.280590 233.226500 57.169567 233.118225
58.445580 233.147900 59.338909 233.008850
60.619970 233.086700 61.512447 232.926636
62.750480 233.037500 63.657051 232.861221
64.846290 232.998000 65.769356 232.803162
66.907940 232.934300 67.828217 232.714828
68.927460 232.866900 69.842026 232.625183
70.887740 232.814900 71.797333 232.551819
72.825750 232.758300 73.720840 232.473145
74.737930 232.699000 75.632309 232.406311
76.618370 232.622200 77.536026 232.324478
78.487810 232.513200 79.417244 232.213715
80.415420 232.376500 81.366821 232.070633
82.423060 232.187700 83.379868 231.866623
84.524370 231.969700 85.506554 231.641830
86.709120 231.699600 87.696877 231.347366
89.024130 231.380400 90.034966 231.017776
91.467840 231.021200 92.470306 230.638077
94.024580 230.649200 95.044830 230.246887
96.704300 230.258000 97.719322 229.832291
99.500260 229.890100 100.517120 229.453140
102.390800 229.569300 103.422958 229.128937
105.358500 229.285100 106.386086 228.802704
108.344900 229.013100 109.381638 228.513504
111.363200 228.734900 112.397774 228.223450
114.373200 228.477600 115.426353 227.953796
117.360000 228.229400 118.416061 227.693726
120.339400 228.001300 121.403191 227.443649
123.309400 227.796900 124.387497 227.232285
126.241200 227.623100 127.348534 227.041428
129.151600 227.477500 130.276169 226.865707
132.012600 227.318900 133.111526 226.689224
134.854400 227.154700 135.969955 226.504395
137.658300 226.984100 138.788559 226.315292
140.441600 226.780700 141.589615 226.094498
143.209300 226.535400 144.358688 225.827423
145.977400 226.238300 147.127762 225.508789
148.746000 225.862600 149.909470 225.107697
151.518600 225.402500 152.686722 224.632156
154.265800 224.858900 155.461487 224.063110
157.017900 224.208100 158.214981 223.398727
159.770300 223.494500 160.993454 222.675400
162.519400 222.782200 163.761871 221.926315
165.292700 222.111000 166.556946 221.239151
168.051700 221.507000 169.314896 220.613419
170.813300 220.973200 172.108322 220.054688
173.565300 220.491000 174.851990 219.564590
176.245800 220.043100 177.545868 219.110214
178.818800 219.633700 180.139618 218.658920
181.257200 219.251600 182.587357 218.252243
183.679400 218.884000 185.008331 217.829269
186.086900 218.497600 187.471909 217.417343
188.454700 218.100200 189.841370 216.991348
190.804000 217.716300 192.185425 216.582596
193.140800 217.373500 194.507172 216.225815
195.432100 217.054600 196.812332 215.897537
197.727600 216.759200 199.097031 215.574173
199.972100 216.485600 201.345383 215.275879
202.098700 216.237900 203.482819 215.011093
204.042400 215.996300 205.440735 214.756424
205.749800 215.775100 207.176544 214.531219
207.241200 215.583400 208.669052 214.346741
208.613300 215.379500 210.039566 214.160599
209.946100 215.165400 211.347717 213.960403
211.132200 214.943200 212.552139 213.749741
212.136600 214.744800 213.562622 213.563400
213.062500 214.534600 214.492142 213.375015
213.959300 214.314400 215.397736 213.172363
214.824000 214.088800 216.275864 212.966415
215.687900 213.834700 217.163391 212.722031
216.575000 213.526600 218.074203 212.423157
217.490900 213.157600 219.029556 212.061203
218.457300 212.700900 220.021011 211.594543
219.480700 212.125200 221.058990 211.017685
220.511700 211.370900 222.134735 210.233902
221.550800 210.459100 223.192398 209.289352
222.555600 209.363300 224.200943 208.168610
223.474400 208.082600 225.149445 206.854279
224.312800 206.641100 226.011276 205.350693
225.044800 205.038200 226.735825 203.690552
225.610700 203.260200 227.301605 201.843323
225.969900 201.350200 227.687714 199.898926
226.110100 199.367200 227.818008 197.874130
226.043000 197.305000 227.708145 195.788239
225.807700 195.159800 227.455933 193.624130
225.430000 192.956900 227.065735 191.427277
224.916600 190.707600 226.539474 189.183716
224.270500 188.432400 225.880081 186.889771
223.514900 186.121900 225.118515 184.582657
222.660400 183.771100 224.239365 182.208771
221.783100 181.391000 223.365921 179.827164
220.891900 178.998600 222.457184 177.433228
220.021400 176.587400 221.591873 175.040741
219.223500 174.200300 220.781830 172.639877
218.482200 171.834800 220.035355 170.258652
217.818500 169.568700 219.370239 167.989960
217.216600 167.458800 218.752808 165.878693
216.650700 165.491600 218.168076 163.915405
216.110800 163.682800 217.621307 162.104904
215.577800 162.017400 217.077362 160.403275
214.999400 160.430000 216.490616 158.807663
214.344800 158.975700 215.807541 157.351334
213.573800 157.662600 215.049805 156.064163
212.660500 156.532700 214.122665 154.928131
211.582500 155.560200 213.071960 153.977234
210.426600 154.805400 211.913498 153.234467
209.163000 154.246200 210.621658 152.657501
207.764200 153.857100 209.232819 152.285538
206.280800 153.652300 207.727402 152.087250
204.678000 153.573200 206.130722 152.013687
202.976300 153.576200 204.402206 152.039032
201.140400 153.649700 202.570648 152.139374
199.175800 153.795100 200.573532 152.312347
197.094000 154.001100 198.480576 152.527267
194.884400 154.205500 196.374771 152.692917
192.560300 154.427500 193.851913 153.046738
190.124200 154.677200 191.453384 153.282455
187.577500 154.946500 188.878738 153.578140
184.929000 155.250800 186.214432 153.900406
182.198300 155.594600 183.469330 154.260086
179.402300 155.944800 180.650742 154.640366
176.570000 156.287200 177.797043 155.015030
173.734500 156.623600 174.921417 155.385773
170.901000 156.954000 172.074646 155.747955
168.081500 157.295300 169.235901 156.118622
165.284900 157.640900 166.438828 156.491882
162.507400 157.987500 163.648193 156.854553
159.747400 158.333400 160.869507 157.218384
156.984600 158.680600 158.087936 157.585266
154.216200 159.032100 155.288803 157.962708
151.439500 159.399800 152.493469 158.352875
148.640500 159.792600 149.687027 158.762787
145.813800 160.206400 146.863312 159.187866
142.963600 160.610300 143.995636 159.607956
140.057000 160.997100 141.074814 160.029694
137.092200 161.347900 138.079971 160.394501
134.059200 161.649400 135.049561 160.708832
130.993600 161.935400 131.966751 161.007538
127.858900 162.233700 128.809052 161.318939
124.683800 162.520100 125.597153 161.626068
121.492100 162.798700 122.393021 161.927811
118.297400 163.082000 119.180740 162.237244
115.103400 163.377800 115.972298 162.545914
111.913100 163.672600 112.756096 162.863449
108.723500 163.966800 109.534874 163.179672
105.531500 164.253700 106.316383 163.487228
102.343500 164.537500 103.134521 163.782410
99.161640 164.825900 99.954483 164.094711
95.959550 165.164700 96.736099 164.448944
92.746890 165.547500 93.507317 164.855103
89.526460 165.956000 90.285614 165.276657
86.297890 166.381500 87.049217 165.727661
83.033610 166.817100 83.743225 166.181702
79.736970 167.238800 80.418877 166.630264
76.427180 167.629500 77.089211 167.040436
73.050320 167.986400 73.696037 167.411331
69.640860 168.315400 70.250053 167.779678
66.194370 168.637100 66.773605 168.132874
62.710330 168.931500 63.257858 168.453934
59.214430 169.199600 59.733280 168.739822
55.734640 169.446800 56.232742 169.015350
52.271980 169.681900 52.757771 169.275162
48.833520 169.903400 49.298107 169.523392
45.431860 170.116400 45.874756 169.759262
42.051610 170.315300 42.490921 169.969177
38.742450 170.482700 39.173485 170.168137
35.535340 170.629700 35.950542 170.331650
32.460880 170.758300 32.862488 170.479889
29.526980 170.862700 29.908882 170.618958
26.736320 170.955000 27.106819 170.731705
24.096640 171.032400 24.446024 170.832275
21.599520 171.132300 21.945215 170.945572
19.316590 171.344600 19.544508 171.111130
17.201760 171.658400 17.238750 171.373154
15.089840 171.971500 15.035320 171.688110
12.980420 172.284000 12.930093 172.066116
10.872410 172.596000 10.936428 172.450500
8.838192 172.907600 9.068380 172.786240
7.132350 173.177000 7.339742 173.061966
5.611287 173.387400 5.818080 173.286545
4.309371 173.544500 4.502783 173.457611
3.237420 173.651900 3.430976 173.584686
2.375838 173.729600 2.568334 173.659332
1.679549 173.799100 1.857874 173.725220
1.056923 173.859600 1.233578 173.794876
0.465217 173.909300 0.652163 173.838272
-0.128030 173.962400 0.025285 173.893585
-0.720230 174.003300 -0.533897 173.934235
-1.330594 174.023800 -1.154172 173.962311
-2.080426 174.055200 -1.900110 173.998138
-2.997577 174.094600 -2.805820 174.033936
-4.098643 174.120700 -3.907823 174.064590
-5.416520 174.168000 -5.248524 174.123245
-6.936037 174.228300 -6.774571 174.200500
-8.609358 174.340400 -8.455824 174.335556
-10.463980 174.413000 -10.303742 174.419373
-12.494230 174.495000 -12.318827 174.530518
-14.662590 174.544200 -14.475513 174.593872
-17.028510 174.612700 -16.829252 174.675293
-19.515490 174.656900 -19.322990 174.737778
-22.153150 174.694500 -21.974110 174.805954
-24.891700 174.736800 -24.739437 174.875412
-27.728470 174.787700 -27.590330 174.965149
-30.668830 174.869400 -30.555798 175.072449
-33.671140 174.970100 -33.578564 175.198349
-36.734690 175.074800 -36.660946 175.325577
-39.843610 175.165700 -39.799488 175.436356
-43.001160 175.252500 -42.952290 175.540253
-46.184910 175.351700 -46.143166 175.651581
-49.374400 175.443100 -49.330078 175.763947
-52.557440 175.526000 -52.529797 175.851105
-55.757590 175.616000 -55.744579 175.962387
-58.925860 175.702900 -58.918327 176.060272
-62.130070 175.804700 -62.128860 176.179703
-65.328080 175.907300 -65.322701 176.291534
-68.537660 176.003100 -68.548721 176.397995
-71.749230 176.080900 -71.750542 176.482254
-74.976500 176.145900 -75.013649 176.572937
-78.208790 176.218000 -78.244705 176.643280
-81.447070 176.257900 -81.478195 176.698853
-84.692180 176.290600 -84.737511 176.750320
-87.936790 176.288700 -87.984215 176.760925
-91.211290 176.258400 -91.265579 176.753586
-94.484440 176.204800 -94.546066 176.724472
-97.757000 176.121600 -97.847672 176.690231
-101.045200 176.004400 -101.160851 176.605133
-104.339000 175.862100 -104.476463 176.502045
-107.640300 175.694600 -107.770996 176.371124
-110.948600 175.520500 -111.056007 176.235214
-114.267700 175.326000 -114.428734 176.083954
-117.598500 175.123100 -117.761238 175.905396
-120.942600 174.923200 -121.142746 175.731186
-124.293900 174.718800 -124.470070 175.560791
-127.663000 174.505900 -127.850960 175.366089
-131.048900 174.295300 -131.253204 175.181335
-134.443100 174.072500 -134.664444 174.993500
-137.847200 173.848200 -138.067520 174.779388
-141.262000 173.635000 -141.501038 174.585037
-144.675300 173.415500 -144.951508 174.399323
-148.093400 173.189000 -148.361618 174.197388
-151.506600 172.967300 -151.789200 173.999451
-154.901800 172.728300 -155.189209 173.799316
-158.292900 172.494700 -158.577606 173.597488
-161.632200 172.250400 -161.908035 173.391510
-164.974900 172.022600 -165.275879 173.198456
-168.236000 171.803200 -168.551239 173.008347
-171.502400 171.597000 -171.823975 172.829605
-174.668300 171.359900 -175.018341 172.624420
-177.746400 171.132500 -178.108017 172.421478
-180.803200 170.903300 -181.176620 172.209946
-183.778700 170.687800 -184.196609 172.029587
-186.701500 170.475800 -187.133682 171.834473
-189.566000 170.268000 -190.011185 171.648911
-192.391300 170.070600 -192.845505 171.475311
-195.149900 169.858100 -195.616455 171.282990
-197.876000 169.626400 -198.360992 171.072845
-200.552400 169.372500 -201.054047 170.832764
-203.199000 169.063700 -203.709991 170.542328
-205.787000 168.703000 -206.329147 170.192993
-208.326100 168.290400 -208.896927 169.792892
-210.824000 167.881700 -211.448654 169.404037
-213.258300 167.488200 -213.886856 169.050552
-215.584000 167.155500 -216.263702 168.743790
-217.825600 166.951000 -218.535202 168.558258
-219.976700 166.840100 -220.704453 168.462082
-222.030600 166.826400 -222.786636 168.452637
-223.989000 166.912900 -224.769394 168.550400
-225.824600 167.087900 -226.642563 168.734497
-227.550100 167.325800 -228.382202 168.983398
-229.178200 167.608800 -230.003403 169.259537
-230.692700 167.920100 -231.525543 169.568451
-232.121600 168.192100 -232.937073 169.835632
-233.453600 168.409000 -234.259598 170.059311
-234.669500 168.528300 -235.463242 170.195038
-235.786800 168.548000 -236.578629 170.220032
-236.809500 168.431800 -237.602005 170.120392
-237.749100 168.202200 -238.475677 169.879547
-238.622500 167.871000 -239.116959 169.511108
-239.423500 167.439100 -239.901245 169.092590
-240.167900 166.948100 -240.638321 168.653992
-240.836500 166.406300 -241.344925 168.148178
-241.484000 165.802100 -242.041214 167.572067
-242.133500 165.204600 -242.632065 167.021835
-242.760700 164.564800 -243.269791 166.392700
-243.373200 163.846400 -243.894073 165.698181
-243.956600 163.041100 -244.521347 164.899857
-244.490700 162.132200 -245.035034 164.040344
-244.987900 161.116800 -245.564316 163.023911
-245.418700 159.925400 -246.004608 161.850189
-245.815100 158.551700 -246.426422 160.485535
-246.200000 156.991700 -246.828705 158.932755
-246.613900 155.230000 -247.261780 157.174103
-246.967700 153.214300 -247.631805 155.158813
-247.267000 150.943600 -247.941177 152.899506
-247.521500 148.451900 -248.225281 150.375107
-247.763400 145.749400 -248.500259 147.675491
-248.018000 142.841100 -248.776459 144.763947
-248.277200 139.720500 -249.072037 141.613586
-248.523100 136.389500 -249.349915 138.278824
-248.773200 132.870500 -249.627380 134.749664
-249.015800 129.335700 -249.899292 131.202530
-249.218400 125.814900 -250.137695 127.664696
-249.397800 122.286300 -250.342941 124.134560
-249.565200 118.755000 -250.534760 120.595284
-249.697400 115.238200 -250.705185 117.070724
-249.820200 111.741900 -250.863831 113.570580
-249.943300 108.268400 -251.010620 110.096855
-250.044800 104.815000 -251.140762 106.644348
-250.125300 101.386800 -251.252563 103.216537
-250.189300 97.986010 -251.344849 99.829208
-250.244000 94.598780 -251.414780 96.434433
-250.305600 91.259170 -251.499283 93.080597
-250.400100 87.936680 -251.628326 89.731308
-250.549700 84.645240 -251.808014 86.431335
-250.690200 81.356670 -251.966339 83.113426
-250.847000 78.103800 -252.156387 79.846260
-251.020300 74.824490 -252.362213 76.559921
-251.181200 71.549630 -252.551483 73.254967
-251.353200 68.299410 -252.746063 69.974823
-251.504400 65.068130 -252.927032 66.718452
-251.635100 61.852520 -253.103241 63.466694
-251.747700 58.661860 -253.225250 60.252125
-251.845300 55.489840 -253.349258 57.068672
-251.935900 52.343660 -253.461441 53.922718
-252.030900 49.220080 -253.576004 50.799595
-252.144000 46.116710 -253.722702 47.695732
-252.285100 43.039160 -253.894073 44.619442
-252.447800 39.988030 -254.069687 41.553963
-252.625400 36.956390 -254.265289 38.549206
-252.810700 33.954820 -254.478134 35.556488
-252.984400 30.978070 -254.673843 32.583660
-253.097600 28.028950 -254.792114 29.634863
-253.116300 25.101150 -254.840179 26.696180
-253.041100 22.203360 -254.791199 23.800310
-252.848100 19.324220 -254.620529 20.923592
-252.488000 16.480910 -254.293182 18.108431
-251.943700 13.650460 -253.785767 15.270178
-251.206200 10.846250 -253.077835 12.442098
-250.269300 8.064427 -252.176483 9.653530
-249.119400 5.314832 -251.040848 6.872424
-247.746000 2.616861 -249.727493 4.198635
-246.166100 -0.017969 -248.191559 1.557648
-244.406300 -2.619939 -246.466629 -1.054992
-242.507000 -5.201607 -244.578262 -3.677679
-240.543700 -7.805212 -242.618500 -6.328833
-238.527600 -10.441420 -240.626144 -9.003746
-236.482900 -13.102670 -238.594986 -11.697900
-234.463000 -15.778320 -236.581299 -14.416116
-232.508700 -18.481870 -234.638184 -17.166990
-230.631700 -21.211600 -232.768280 -19.931936
-228.850200 -23.973140 -230.985184 -22.746738
-227.120500 -26.731510 -229.266342 -25.539770
-225.420200 -29.466820 -227.579239 -28.291540
-223.756600 -32.175260 -225.919876 -31.045511
-222.113500 -34.852880 -224.294373 -33.733551
-220.503000 -37.487790 -222.690079 -36.398876
-218.945600 -40.020000 -221.145905 -38.951157
-217.473700 -42.350380 -219.683197 -41.274387
-216.081800 -44.449900 -218.305359 -43.390965
-214.778200 -46.310220 -217.009262 -45.261581
-213.569900 -47.963370 -215.829208 -46.899395
-212.469800 -49.406600 -214.729736 -48.370819
-211.402700 -50.703570 -213.681442 -49.682056
-210.350300 -51.866650 -212.633362 -50.850231
-209.329000 -52.882180 -211.652740 -51.860134
-208.342100 -53.712810 -210.680374 -52.699108
-207.433900 -54.314810 -209.794601 -53.320702
-206.639200 -54.750770 -209.006363 -53.789192
-205.846700 -55.112410 -208.216873 -54.159550
-205.046500 -55.376850 -207.472351 -54.411572
-204.238300 -55.572130 -206.648483 -54.616142
-203.340400 -55.720010 -205.757507 -54.789761
-202.343700 -55.812630 -204.795883 -54.893982
-201.230000 -55.831900 -203.692215 -54.910130
-199.966900 -55.727910 -202.439468 -54.826042
-198.511800 -55.515700 -201.002167 -54.646393
-196.896300 -55.177990 -199.367294 -54.322422
-195.101200 -54.675310 -197.548370 -53.851742
-193.144500 -53.980020 -195.599945 -53.182316
-191.089500 -53.059560 -193.550583 -52.286777
-188.959500 -51.870660 -191.406403 -51.130890
-186.748300 -50.457590 -189.165817 -49.760674
-184.446800 -48.882240 -186.810745 -48.199070
-181.997000 -47.211720 -184.351547 -46.577457
-179.497700 -45.532110 -181.785202 -44.898243
-176.845100 -43.764640 -179.084076 -43.139751
-174.079200 -41.951340 -176.268982 -41.339520
-171.182700 -40.094050 -173.330063 -39.506325
-168.181500 -38.252180 -170.279938 -37.679344
-165.080700 -36.437440 -167.118408 -35.878689
-161.936900 -34.664440 -163.916504 -34.120178
-158.730900 -32.961050 -160.666275 -32.444717
-155.498500 -31.326070 -157.380981 -30.829971
-152.284900 -29.754520 -154.111191 -29.271229
-149.069300 -28.182760 -150.858185 -27.727827
-145.857700 -26.612150 -147.593414 -26.186277
-142.641000 -25.057000 -144.352112 -24.678305
-139.402500 -23.486330 -141.044525 -23.127819
-136.173000 -21.934650 -137.787476 -21.601244
-132.945300 -20.377060 -134.506058 -20.083344
-129.754900 -18.849320 -131.261063 -18.563824
-126.594800 -17.311780 -128.079514 -17.056118
-123.481600 -15.777190 -124.938271 -15.541066
-120.382000 -14.275260 -121.797005 -14.051371
-117.290900 -12.878730 -118.661812 -12.685626
-114.140500 -11.587510 -115.459427 -11.415771
-110.985900 -10.399830 -112.263794 -10.273347
-107.823700 -9.243398 -109.062973 -9.119928
-104.639900 -8.124757 -105.878990 -8.036875
-101.445300 -7.020636 -102.664894 -6.953595
-98.266820 -5.927679 -99.460838 -5.886508
-95.057020 -4.924307 -96.209129 -4.926435
-91.816180 -3.988153 -92.942238 -4.012310
-88.560330 -3.139167 -89.658699 -3.210845
-85.275670 -2.357662 -86.345894 -2.466219
-81.984180 -1.642797 -82.989021 -1.766957
-78.695610 -0.956720 -79.656639 -1.108530
-75.422800 -0.300680 -76.366791 -0.483596
-72.166360 0.319994 -73.070320 0.115054
-68.928530 0.923302 -69.798576 0.685134
-65.700550 1.500442 -66.555397 1.229322
-62.489590 2.047975 -63.299232 1.753389
-59.295260 2.577472 -60.074322 2.248438
-56.128970 3.091711 -56.884529 2.737872
-52.988540 3.575444 -53.730072 3.204537
-49.868360 4.040344 -50.596611 3.635767
-46.776300 4.464286 -47.479439 4.042479
-43.712180 4.856902 -44.425133 4.420308
-40.666360 5.223322 -41.355953 4.767205
-37.689290 5.564962 -38.372330 5.095037
-34.786240 5.888495 -35.434093 5.415095
-31.996720 6.190015 -32.607685 5.678250
-29.296910 6.465571 -29.893280 5.939716
-26.720990 6.720779 -27.284693 6.167471
-24.320240 6.954131 -24.845823 6.384417
-22.089310 7.159574 -22.582956 6.572289
-20.016680 7.362635 -20.474667 6.761329
-18.106820 7.551445 -18.548201 6.938711
-16.337750 7.702083 -16.752819 7.085580
-14.726050 7.819683 -15.105962 7.193943
-13.313500 7.930153 -13.676888 7.295928
-12.128270 8.022018 -12.477473 7.382252
-11.139240 8.100664 -11.456407 7.442714
-10.287410 8.195045 -10.589206 7.543820
-9.518219 8.309922 -9.819430 7.660495
-8.789252 8.478175 -9.103310 7.828173
-8.149181 8.669320 -8.454967 8.003810
-7.829442 8.769976 -8.133141 8.093090
-7.799252 8.787461 -8.117468 8.106794
-7.813018 8.786625 -8.125201 8.104999
-7.809395 8.788143 -8.126239 8.106821
-7.809451 8.779000 -8.127299 8.112345
-7.809131 8.771007 -8.126539 8.113651
-7.804822 8.762953 -8.131569 8.114902
-7.800766 8.755551 -8.129986 8.111802
-7.795082 8.750163 -8.127072 8.110509
-7.789514 8.745234 -8.137208 8.108180
-7.784930 8.740517 -8.137199 8.109051
-7.780166 8.734843 -8.134820 8.108151
-7.775784 8.730871 -8.135107 8.109589
-7.771600 8.726560 -8.135106 8.107745
-7.768634 8.723581 -8.133303 8.106738
-7.766879 8.721761 -8.137249 8.108400
-7.765762 8.717584 -8.136205 8.107824
-7.763983 8.714586 -8.135687 8.107854
-7.763294 8.713489 -8.136533 8.107747
-7.762963 8.712553 -8.135665 8.108954
-7.763086 8.713488 -8.134947 8.108285
-7.762455 8.714167 -8.138615 8.108815
-7.753295 8.722145 -8.131542 8.109662
-7.717107 8.742340 -8.088680 8.123136
-7.658875 8.770779 -8.025916 8.143680
-7.513039 8.836058 -7.869185 8.196268
-7.175297 8.982757 -7.534423 8.331485
-6.640897 9.236569 -7.013522 8.580953
-5.930743 9.644152 -6.332153 8.927766
-5.120740 10.257790 -5.519134 9.511116
-4.260731 11.080700 -4.670307 10.284808
-3.414512 12.135620 -3.837856 11.282568
-2.599066 13.467900 -3.048657 12.591707
-1.884998 15.083310 -2.284230 14.183253
-1.260100 16.974890 -1.644813 16.040344
-0.766019 19.117060 -1.141397 18.181440
-0.469374 21.489410 -0.831501 20.525291
-0.353107 24.066230 -0.714179 23.097956
-0.356192 26.850340 -0.674112 25.874804
-0.405744 29.836580 -0.690954 28.872253
-0.459357 33.017600 -0.721598 32.093452
-0.512628 36.392400 -0.773470 35.490017
-0.584304 39.835620 -0.823751 38.989578
-0.669138 43.283040 -0.879911 42.473427
-0.775721 46.706780 -0.973672 45.979088
-0.884520 50.132480 -1.077492 49.462936
-0.993630 53.521590 -1.163398 52.880287
-1.089707 56.883700 -1.257515 56.286255
-1.185006 60.248880 -1.349971 59.704437
-1.270319 63.565850 -1.438672 63.055782
-1.374798 66.868940 -1.561408 66.399727
-1.472152 70.155470 -1.648092 69.718208
-1.562229 73.416080 -1.741751 72.993034
-1.660434 76.636610 -1.836639 76.240906
-1.775229 79.852040 -1.935337 79.485985
-1.895797 83.032260 -2.048795 82.697731
-2.017852 86.185380 -2.150707 85.869904
-2.146481 89.329260 -2.269117 89.037094
-2.263400 92.442530 -2.372044 92.163963
-2.372203 95.538220 -2.467630 95.266624
-2.465941 98.605540 -2.542186 98.378120
-2.540211 101.651500 -2.624311 101.429260
-2.582148 104.696700 -2.646601 104.508408
-2.595436 107.674300 -2.644693 107.494041
-2.621977 110.691900 -2.655778 110.496658
-2.648827 113.786700 -2.674660 113.579620
-2.681214 116.967200 -2.700141 116.744186
-2.721440 120.204500 -2.726650 119.978813
-2.774777 123.506700 -2.770042 123.306267
-2.842109 126.902400 -2.821164 126.724007
-2.924595 130.351000 -2.892835 130.192780
-3.024507 133.819600 -2.978261 133.661987
-3.138966 137.262500 -3.087310 137.077667
-3.265946 140.693500 -3.184444 140.501877
-3.389718 144.095500 -3.300937 143.898376
-3.526115 147.467500 -3.418693 147.292130
-3.671472 150.775300 -3.545596 150.613754
-3.794318 154.003900 -3.663322 153.839890
-3.904131 157.172200 -3.751496 157.024963
-3.996788 160.276500 -3.851443 160.179245
-4.071651 163.334000 -3.913703 163.279312
-4.122556 166.368900 -3.966387 166.334732
-4.194278 169.380900 -4.031245 169.391846
-4.264263 172.440400 -4.105306 172.479187
-4.319751 175.547300 -4.170170 175.563095
-4.393173 178.705600 -4.230963 178.746506
-4.501446 181.892900 -4.336310 181.946335
-4.607667 185.156000 -4.451016 185.210709
-4.701222 188.477800 -4.527501 188.593796
-4.806531 191.849500 -4.620324 192.022995
-4.887285 195.207400 -4.686831 195.431320
-4.976513 198.565600 -4.762498 198.813614
-5.057617 201.890800 -4.836131 202.164749
-5.132018 205.179500 -4.905204 205.467422
-5.210165 208.394000 -4.969848 208.708557
-5.281372 211.451500 -5.027039 211.750061
-5.354878 214.365600 -5.070785 214.667908
-5.416052 217.205700 -5.097178 217.503983
-5.469074 220.014000 -5.137965 220.319916
-5.505322 222.798100 -5.142957 223.121857
-5.545023 225.571400 -5.144952 225.923584
-5.563610 228.337300 -5.125491 228.704788
-5.598680 231.130300 -5.138343 231.480560
-5.715519 233.992700 -5.254630 234.332916
-5.886862 236.912900 -5.392466 237.252884
-6.076718 239.911700 -5.570951 240.264633
-6.214931 243.011500 -5.690830 243.370483
-6.364206 246.210000 -5.819322 246.576248
-6.521044 249.542600 -5.936162 249.920822
-6.657659 252.972000 -6.051426 253.363205
-6.794881 256.491900 -6.172953 256.889954
-6.924264 260.026600 -6.285094 260.436371
-7.052122 263.522600 -6.396097 263.950531
-7.164917 266.998200 -6.497464 267.398254
-7.284815 270.457200 -6.600104 270.844116
-7.417194 273.852800 -6.712804 274.224243
-7.523524 277.174400 -6.803119 277.541840
-7.651625 280.358300 -6.905748 280.752167
-7.782923 283.414900 -7.018054 283.841705
-7.918403 286.315200 -7.149811 286.769836
-8.055697 289.119300 -7.271417 289.634613
-8.185460 291.911300 -7.385110 292.443420
-8.314789 294.668400 -7.495718 295.243805
-8.425515 297.433700 -7.600430 298.027039
-8.486769 300.239900 -7.647112 300.840942
-8.528132 303.087600 -7.678568 303.713806
-8.538802 306.012500 -7.676497 306.642944
-8.512542 309.030900 -7.632953 309.675812
-8.446156 312.111900 -7.550819 312.755157
-8.351900 315.297900 -7.458161 315.939392
-8.211642 318.520500 -7.310436 319.213928
-8.031870 321.816300 -7.121108 322.539307
-7.798255 325.179400 -6.871754 325.939941
-7.513710 328.583000 -6.580378 329.362579
-7.227060 332.070400 -6.283110 332.866211
-6.930360 335.644600 -5.983934 336.450745
-6.634241 339.252200 -5.685925 340.048828
-6.353320 342.849100 -5.386743 343.615723
-6.099343 346.409700 -5.123615 347.173462
-5.858059 349.945000 -4.863353 350.708801
-5.647279 353.444000 -4.629730 354.197418
-5.439992 356.885000 -4.410839 357.627869
-5.251048 360.315600 -4.213051 361.070892
-5.098453 363.671600 -4.047380 364.441864
-4.951017 366.989800 -3.874497 367.761841
-4.804541 370.256900 -3.694490 371.042206
