0.000000 0.000000 0.000000 0.000000
0.054181 0.879235 0.038693 0.887127
0.069768 1.824326 0.059431 1.860470
0.003415 2.875512 -0.031701 2.891433
-0.123130 4.021896 -0.180461 4.013400
-0.355562 5.248722 -0.409842 5.238637
-0.622388 6.586939 -0.682994 6.578160
-0.941959 8.041587 -1.016565 8.025056
-1.317954 9.607606 -1.392132 9.578750
-1.746028 11.261490 -1.858632 11.253797
-2.247333 13.001260 -2.423238 13.020160
-2.819369 14.841550 -3.024395 14.862050
-3.471584 16.794890 -3.714063 16.819954
-4.206227 18.801040 -4.467495 18.841518
-5.002325 20.924250 -5.285479 20.955044
-5.895726 23.141170 -6.177268 23.133482
-6.893668 25.384920 -7.184684 25.381416
-7.982190 27.688730 -8.295417 27.685921
-9.164411 30.059710 -9.473784 30.019444
-10.444260 32.492060 -10.767406 32.444637
-11.824940 34.996970 -12.186558 34.946739
-13.288260 37.616200 -13.655252 37.509674
-14.807970 40.343090 -15.210442 40.176655
-16.405480 43.114560 -16.834505 42.916737
-18.046730 45.856950 -18.528500 45.653065
-19.822820 48.550680 -20.279520 48.324409
-21.675070 51.158150 -22.123932 50.955513
-23.560100 53.734170 -24.030367 53.572441
-25.494780 56.313420 -25.967184 56.137703
-27.482530 58.864650 -27.948156 58.669392
-29.541190 61.360910 -30.001993 61.189877
-31.678300 63.840490 -32.128006 63.675385
-33.902360 66.293940 -34.370975 66.144455
-36.250580 68.681990 -36.677666 68.569069
-38.692550 71.052560 -39.120441 70.962616
-41.192840 73.405700 -41.623249 73.316467
-43.783840 75.735640 -44.254955 75.689644
-46.432290 78.051270 -46.938370 78.010094
-49.152200 80.361270 -49.665123 80.321434
-51.940820 82.646680 -52.461803 82.600189
-54.848670 84.861880 -55.374660 84.805008
-57.859180 86.983730 -58.414341 86.923035
-60.964150 89.027210 -61.547604 88.959061
-64.171330 90.959490 -64.785286 90.924904
-67.486660 92.809380 -68.119530 92.775154
-70.858280 94.583360 -71.476784 94.545074
-74.262510 96.288110 -74.902237 96.255592
-77.676110 97.939670 -78.297073 97.901466
-81.063060 99.532950 -81.749420 99.501518
-84.370760 101.062700 -85.111748 101.057129
-87.620370 102.509100 -88.393829 102.539719
-90.786320 103.874400 -91.597237 103.969200
-93.870530 105.255700 -94.656837 105.399284
-96.881570 106.709600 -97.653290 106.857933
-99.805830 108.239800 -100.591515 108.404480
-102.636000 109.900200 -103.425728 110.040672
-105.378400 111.659200 -106.134033 111.771011
-107.976000 113.472300 -108.723526 113.577728
-110.447900 115.333000 -111.173500 115.434647
-112.784900 117.225600 -113.496880 117.342606
-115.015000 119.132700 -115.678558 119.285721
-117.123400 121.056800 -117.746941 121.247368
-119.078900 122.948300 -119.700653 123.216301
-120.895600 124.857100 -121.517883 125.174156
-122.564000 126.793900 -123.195084 127.156265
-124.115200 128.784700 -124.747269 129.198624
-125.556900 130.848800 -126.193970 131.293259
-126.900700 132.986400 -127.539742 133.443588
-128.166200 135.162700 -128.830338 135.679855
-129.390300 137.438800 -130.063110 137.973679
-130.624700 139.816800 -131.283722 140.372208
-131.850200 142.307900 -132.508301 142.889633
-133.053900 144.928800 -133.720871 145.559982
-134.221100 147.696700 -134.850418 148.321823
-135.286000 150.585100 -135.930817 151.261032
-136.188200 153.654800 -136.868927 154.366470
-136.902400 156.885700 -137.628784 157.637970
-137.414500 160.267800 -138.172226 161.061096
-137.716200 163.797200 -138.526138 164.636688
-137.811800 167.451700 -138.634903 168.303528
-137.693100 171.190300 -138.547806 172.118225
-137.342300 175.019300 -138.213058 176.023010
-136.764600 178.911300 -137.670898 179.999802
-135.961700 182.879700 -136.898621 184.053391
-134.921000 186.887900 -135.866211 188.128250
-133.676900 190.927900 -134.604950 192.265671
-132.176400 194.967500 -133.095169 196.367355
-130.412100 198.974000 -131.341110 200.434158
-128.325000 202.907800 -129.233871 204.413239
-125.879600 206.683600 -126.763695 208.242645
-123.115600 210.265500 -123.978806 211.880096
-120.072500 213.663000 -120.863953 215.358734
-116.797700 216.867700 -117.514206 218.639023
-113.326600 219.882100 -113.961357 221.738754
-109.741800 222.621900 -110.306602 224.547836
-106.071200 225.055100 -106.528870 227.065109
-102.330300 227.163100 -102.698845 229.244293
-98.549080 228.934800 -98.837616 231.067810
-94.765260 230.393600 -94.969749 232.560318
-91.040120 231.572900 -91.149048 233.787552
-87.356360 232.508500 -87.363670 234.752701
-83.712820 233.198800 -83.606735 235.485931
-80.131800 233.665300 -79.928886 235.981018
-76.597140 233.928600 -76.292366 236.275391
-73.221710 234.047000 -72.805702 236.415466
-69.951170 234.094200 -69.424149 236.478714
-66.744420 234.089700 -66.147629 236.509125
-63.631270 234.073000 -62.959591 236.517365
-60.588190 234.080900 -59.848099 236.532745
-57.589970 234.129900 -56.792587 236.615311
-54.631270 234.221300 -53.776863 236.717728
-51.691800 234.380800 -50.865170 236.925507
-48.789980 234.600500 -47.930920 237.165359
-45.914730 234.880700 -45.035332 237.452362
-43.056600 235.221400 -42.180801 237.808807
-40.226560 235.615000 -39.331566 238.214172
-37.436510 236.072300 -36.533474 238.674057
-34.671830 236.602900 -33.743469 239.212906
-31.872100 237.159200 -30.936447 239.778488
-29.030010 237.739000 -28.082512 240.377182
-26.164210 238.361200 -25.208515 241.008301
-23.288400 239.014600 -22.358000 241.694992
-20.420150 239.737800 -19.519789 242.444565
-17.585900 240.557900 -16.707071 243.293442
-14.787740 241.484300 -13.918671 244.234558
-12.027780 242.497800 -11.162842 245.256149
-9.297034 243.589800 -8.430688 246.364517
-6.615868 244.741000 -5.762397 247.519958
-4.000885 245.950200 -3.156444 248.734970
-1.445171 247.223500 -0.595457 250.031113
1.045353 248.560800 1.885000 251.379898
3.471952 249.950800 4.328936 252.781326
5.864994 251.410300 6.735300 254.241333
8.235125 252.947800 9.114079 255.753830
10.583690 254.573100 11.536683 257.301483
12.953340 256.177400 13.938115 258.845978
15.346400 257.781100 16.350401 260.425507
17.751050 259.400400 18.768120 262.020996
20.188860 261.030300 21.216633 263.650635
22.647720 262.666800 23.660360 265.285309
25.099450 264.305600 26.094521 266.923248
27.525840 265.954500 28.514751 268.590393
29.936290 267.631700 30.902309 270.280304
32.286150 269.360900 33.224937 272.014954
34.606160 271.143700 35.507385 273.796997
36.885170 273.027100 37.750664 275.677704
39.097050 274.998500 39.960365 277.670135
41.290800 277.096800 42.128738 279.757385
43.439250 279.297300 44.259983 281.970459
45.513250 281.622300 46.293369 284.287109
47.514220 284.070700 48.269875 286.710510
49.431830 286.626800 50.180843 289.254303
51.294100 289.273800 52.012085 291.879395
53.101300 292.012400 53.818707 294.620422
54.875230 294.809700 55.594242 297.437408
56.646400 297.643200 57.371357 300.280243
58.445530 300.513000 59.160358 303.143250
60.252450 303.405100 60.975922 306.038025
62.043860 306.330600 62.763172 308.961182
63.761150 309.296200 64.469139 311.935425
65.349920 312.311900 66.037766 314.970428
66.806830 315.364200 67.500587 318.015533
68.116080 318.458200 68.777763 321.144135
69.296620 321.579600 69.981728 324.255035
70.444270 324.701500 71.116951 327.417908
71.544490 327.823300 72.213371 330.537689
72.579080 330.962600 73.240799 333.702789
73.537630 334.109900 74.201668 336.851868
74.456800 337.228300 75.114388 339.975128
75.339380 340.280400 76.012749 343.033722
76.286690 343.179300 76.962173 345.952911
77.264140 345.918700 77.956001 348.715790
78.217100 348.599200 78.929283 351.422852
79.076510 351.282300 79.791954 354.052307
79.788430 353.970700 80.508919 356.708984
80.289200 356.680100 81.026146 359.410797
80.544210 359.422600 81.299606 362.132996
80.553950 362.181700 81.321907 364.842438
80.325300 364.950100 81.111572 367.596130
79.948290 367.764600 80.747665 370.406128
79.552930 370.623900 80.366081 373.294769
79.189870 373.576200 80.013504 376.262848
78.847720 376.617400 79.670471 379.344666
78.487220 379.779100 79.332108 382.512939
78.109220 383.024900 78.956352 385.772095
77.724340 386.331700 78.576790 389.095673
77.303670 389.673500 78.170013 392.443665
76.785710 392.998500 77.660683 395.779907
76.164260 396.307900 77.049377 399.116180
75.453110 399.563900 76.346352 402.395203
74.687820 402.778100 75.582588 405.627563
73.880590 405.959600 74.766212 408.845703
73.001560 409.140100 73.895401 412.004547
72.077030 412.325000 72.979134 415.230713
71.142260 415.518400 72.059242 418.428192
70.199490 418.732600 71.138924 421.640533
69.226500 421.954700 70.184196 424.860199
68.236100 425.167200 69.189766 428.091553
67.260820 428.363600 68.210762 431.307251
66.313240 431.552600 67.250587 434.513611
65.391740 434.718000 66.318718 437.700623
64.501670 437.856900 65.422684 440.868225
63.634920 440.951000 64.552902 443.971344
62.789470 444.005700 63.689697 447.044342
61.956690 447.015700 62.846790 450.047852
61.133480 449.961200 62.015350 453.024445
60.318620 452.867200 61.166859 455.954987
59.499520 455.718100 60.354523 458.795288
58.682170 458.529200 59.552174 461.612396
57.867160 461.298900 58.761684 464.387817
57.054660 464.035200 57.957920 467.123840
56.243590 466.731100 57.151840 469.802856
55.443060 469.359000 56.351917 472.431305
54.686220 471.907600 55.609905 474.994507
53.957650 474.335100 54.894131 477.425415
53.256730 476.667000 54.203617 479.754883
52.582380 478.963700 53.550655 482.060638
51.956500 481.261900 52.944656 484.363129
51.412610 483.574200 52.397816 486.695160
51.013880 485.899300 52.025429 489.047058
50.812910 488.248800 51.818943 491.427521
50.798080 490.609700 51.814014 493.806732
50.978710 492.984500 52.005058 496.217316
51.345270 495.367500 52.377193 498.627289
51.889050 497.738400 52.932617 501.030975
52.577300 500.130400 53.618324 503.445709
53.407230 502.515400 54.463593 505.859039
54.397040 504.884900 55.463100 508.260925
55.518570 507.215000 56.591255 510.613007
56.765020 509.509300 57.852829 512.926392
58.192020 511.730400 59.306553 515.198914
59.789040 513.824000 60.898045 517.294983
61.540430 515.752700 62.659897 519.249817
63.410000 517.523000 64.533859 521.053223
65.397890 519.217300 66.525551 522.757080
67.496690 520.814600 68.633636 524.362671
69.720640 522.307200 70.872391 525.871277
72.067650 523.642400 73.235054 527.194946
74.549290 524.809100 75.759125 528.368713
77.153850 525.815200 78.401878 529.394531
79.881990 526.633100 81.163086 530.206604
82.715440 527.211700 84.027512 530.817139
85.640790 527.586200 87.019417 531.206482
88.644290 527.748500 90.068611 531.376099
91.710620 527.693700 93.140251 531.315430
94.811790 527.411800 96.335472 531.021912
97.935300 526.886500 99.507195 530.475281
101.063100 526.157900 102.701607 529.744629
104.194600 525.225000 105.867012 528.792786
107.305700 524.079000 109.003883 527.629578
110.385400 522.743600 112.115868 526.288513
113.459600 521.282300 115.228882 524.840698
116.567100 519.769500 118.358948 523.325256
119.739300 518.237200 121.519051 521.807617
122.982300 516.640600 124.710632 520.240356
126.165500 515.061000 127.930084 518.636353
129.459200 513.419400 131.229080 516.991211
132.785400 511.739500 134.555618 515.301453
136.164500 510.030300 137.942398 513.587585
139.600200 508.311400 141.323059 511.880402
143.109700 506.548700 144.829865 510.106415
146.672500 504.761300 148.384491 508.315765
150.295000 502.937800 152.008743 506.474915
153.967100 501.081900 155.672913 504.616760
157.696200 499.214100 159.367691 502.754517
161.457700 497.333800 163.117004 500.873016
165.216700 495.416600 166.853027 498.963043
168.984800 493.501000 170.617096 497.059052
172.746400 491.586700 174.396912 495.128387
176.518000 489.688800 178.173050 493.233032
180.295200 487.819900 181.974014 491.365204
184.036700 485.970500 185.734741 489.527802
187.779200 484.135700 189.514282 487.681061
191.500200 482.306500 193.249680 485.847626
195.180200 480.469600 196.958633 484.007141
198.815300 478.621300 200.602982 482.158417
202.393600 476.753100 204.230576 480.295380
205.912000 474.880400 207.796021 478.411072
209.296500 473.041000 211.244400 476.546783
212.515400 471.274700 214.461197 474.791412
215.580600 469.586600 217.560593 473.100067
218.489200 468.019000 220.496414 471.535828
221.328300 466.599200 223.368286 470.128876
224.156800 465.368500 226.224747 468.885376
226.991800 464.316200 229.124390 467.830841
229.883500 463.424700 232.082092 466.952332
232.820800 462.731300 235.048203 466.282959
235.780100 462.243300 238.025116 465.809235
238.782200 461.945800 241.055908 465.507324
241.848400 461.905600 244.154480 465.454895
244.967900 462.147500 247.255219 465.699432
248.086200 462.682300 250.362671 466.256653
251.186900 463.495800 253.451050 467.064301
254.278000 464.580100 256.523285 468.151917
257.287900 465.915200 259.545380 469.485229
260.242000 467.523100 262.451172 471.100677
263.106900 469.351100 265.264343 472.924591
265.866100 471.381400 268.033630 474.962769
268.559300 473.556000 270.764313 477.147186
271.204400 475.840000 273.411377 479.445190
273.819900 478.206700 276.007782 481.795410
276.385100 480.590800 278.554382 484.162720
278.915500 482.977100 281.117859 486.567108
281.390900 485.346800 283.627014 488.926056
283.809500 487.633100 286.072052 491.215729
286.165500 489.759700 288.449341 493.362305
288.479300 491.699500 290.798309 495.318817
290.753400 493.425200 293.090057 497.058777
292.943900 494.909400 295.303040 498.564026
295.050000 496.208200 297.432098 499.882935
297.157600 497.295500 299.568146 500.994354
299.275300 498.080400 301.711853 501.793671
301.409300 498.552800 303.884064 502.321716
303.638500 498.806300 306.140503 502.592896
305.825500 498.755800 308.385071 502.542664
307.969500 498.413400 310.592072 502.236450
310.082700 497.866400 312.759766 501.726501
312.168500 497.169500 314.907715 501.049133
314.242500 496.345000 317.028717 500.252869
316.287200 495.404000 319.149567 499.349365
318.242200 494.293900 321.128693 498.250031
320.067800 492.959300 322.995422 496.934753
321.691800 491.422900 324.656403 495.403290
323.027900 489.679600 326.079163 493.705658
324.128000 487.907400 327.243683 491.925964
325.083100 486.074100 328.232452 490.043945
325.901600 484.156200 329.059418 488.065765
326.541500 482.161200 329.694244 486.005798
326.975000 480.110600 330.132599 483.915771
327.199900 477.981300 330.370880 481.759918
327.207600 475.816100 330.397675 479.563324
326.987100 473.574900 330.192627 477.312744
326.612600 471.312500 329.805328 474.970856
326.101700 468.984300 329.292755 472.605743
325.485000 466.584700 328.687073 470.170074
324.770900 464.117300 327.984772 467.661041
324.015300 461.568800 327.253052 465.105377
323.241500 458.937100 326.476562 462.446442
322.428100 456.221600 325.669128 459.702332
321.582200 453.438700 324.836700 456.931183
320.700500 450.590200 323.956665 454.075256
319.803300 447.709400 323.070068 451.197815
318.882300 444.812700 322.134979 448.283783
317.933600 441.902000 321.211517 445.372650
317.026500 438.982700 320.303680 442.449036
316.159500 436.052700 319.421722 439.494629
315.357400 433.104800 318.624451 436.551025
314.633500 430.138600 317.900238 433.569641
314.023700 427.174800 317.274811 430.579285
313.546100 424.188800 316.801422 427.583405
313.186000 421.191700 316.445801 424.595306
312.967300 418.184200 316.236450 421.562103
312.864500 415.179900 316.127716 418.551392
312.872600 412.155500 316.134094 415.537323
312.990400 409.162100 316.252930 412.558411
313.203500 406.159400 316.481354 409.573853
313.520300 403.163500 316.805450 406.570282
313.923800 400.189100 317.209167 403.598267
314.410500 397.252500 317.691620 400.652679
314.957200 394.350700 318.255463 397.736633
315.563700 391.486400 318.858795 394.868835
316.210700 388.682600 319.522247 392.047028
316.875600 385.969600 320.224213 389.348969
317.575400 383.411700 320.936005 386.789215
318.278300 381.082600 321.641998 384.440247
318.940600 378.964700 322.318756 382.329834
319.536100 376.960800 322.947998 380.333679
320.051600 374.976800 323.535065 378.357574
320.455200 373.030400 324.014252 376.392761
320.667900 371.083600 324.262299 374.463745
320.639300 369.178900 324.274689 372.547089
320.367200 367.308200 324.058655 370.678040
319.812200 365.451900 323.560547 368.790283
318.977600 363.612500 322.785614 366.979767
317.917200 361.899400 321.771973 365.266724
316.653200 360.259800 320.531158 363.618774
315.183100 358.649300 319.086853 362.006287
313.573000 357.006500 317.486664 360.358002
311.803000 355.325900 315.717499 358.665253
309.911600 353.572300 313.844849 356.897980
307.954100 351.681100 311.912048 355.014557
305.918800 349.709900 309.900421 353.044525
303.815100 347.660800 307.823700 350.998718
301.671400 345.530600 305.695587 348.872955
299.493500 343.321800 303.531586 346.670593
297.311600 341.063800 301.348724 344.420349
295.144200 338.750800 299.184082 342.129639
293.010900 336.383800 297.038391 339.775696
290.937000 333.945100 294.972168 337.347931
288.991700 331.405200 293.001221 334.815857
287.170900 328.759000 291.180511 332.192047
285.462000 326.045600 289.460236 329.490936
283.830800 323.246400 287.791351 326.662201
282.268800 320.363300 286.195099 323.778259
280.755300 317.391500 284.661469 320.808777
279.273700 314.371200 283.171417 317.806152
277.774600 311.308900 281.667480 314.758698
276.264200 308.193000 280.135712 311.634033
274.757100 305.022400 278.630463 308.468964
273.207400 301.793600 277.096497 305.238708
271.619600 298.531900 275.536072 301.975861
270.024400 295.205700 273.953278 298.644012
268.363800 291.836000 272.307037 295.279968
266.611600 288.477200 270.550385 291.927368
264.727500 285.132100 268.663086 288.600708
262.759200 281.800100 266.687347 285.295044
260.701700 278.471600 264.638214 281.987427
258.620500 275.176300 262.518219 278.657715
256.506400 271.837700 260.394226 275.335205
254.344100 268.488000 258.232788 271.972351
252.173900 265.097000 256.075165 268.621948
249.944700 261.678700 253.877121 265.269836
247.696800 258.253900 251.680466 261.874268
245.448300 254.808000 249.413345 258.443451
243.193400 251.334600 247.161697 254.989517
240.896500 247.824500 244.894577 251.506409
238.556700 244.277400 242.596695 248.004700
236.174700 240.690700 240.249771 244.437103
233.763000 237.091500 237.887192 240.857605
231.332800 233.457600 235.545776 237.278412
228.838300 229.808000 233.155182 233.686356
226.342900 226.169100 230.724091 230.095291
223.818800 222.533800 228.252228 226.505188
221.285700 218.901400 225.762970 222.904922
218.752300 215.265000 223.259567 219.289917
216.249600 211.634900 220.779419 215.666183
213.762100 207.997700 218.302505 212.038101
211.316800 204.351400 215.869263 208.390015
208.893800 200.676600 213.484970 204.737778
206.508300 196.989800 211.094437 201.081360
204.177700 193.291200 208.760666 197.385559
201.927600 189.547700 206.506317 193.629120
199.739900 185.759300 204.325760 189.823013
197.634000 181.950500 202.241837 186.005875
195.568100 178.118500 200.190155 182.139984
193.561400 174.281900 198.208374 178.307739
191.624100 170.408300 196.212769 174.404861
189.716900 166.527700 194.271347 170.519821
187.815500 162.621800 192.372070 166.627258
185.959300 158.681600 190.483337 162.672089
184.094000 154.737900 188.581360 158.727066
182.239600 150.794500 186.719559 154.803162
180.398400 146.846200 184.867081 150.852737
178.592100 142.900000 183.008148 146.892288
176.795000 138.933400 181.199814 142.957703
174.974500 134.967700 179.384750 139.034729
173.137100 131.051800 177.521942 135.112946
171.221700 127.194200 175.579086 131.249313
169.204100 123.403700 173.516739 127.440186
167.059300 119.698200 171.351044 123.734154
164.778800 116.075700 169.079010 120.146019
162.368900 112.524900 166.667297 116.641899
159.842700 109.067300 164.137894 113.228546
157.243500 105.701500 161.486389 109.866875
154.586000 102.373400 158.791580 106.557777
151.852400 99.075390 156.060074 103.300934
149.065100 95.812170 153.276779 100.063187
146.211000 92.589950 150.417648 96.843849
143.290400 89.438890 147.475327 93.682037
140.313900 86.318510 144.483047 90.574127
137.315300 83.188540 141.450378 87.456993
134.309400 80.022690 138.445587 84.322128
131.293700 76.854850 135.462906 81.207016
128.257000 73.680270 132.454346 78.055679
125.224000 70.510050 129.422714 74.880585
122.171600 67.325860 126.398674 71.722557
119.104200 64.151150 123.314911 68.549820
116.003700 60.986180 120.200562 65.404617
112.861400 57.817240 117.054558 62.254700
109.667300 54.647940 113.889069 59.121109
106.494700 51.468900 110.710350 55.981045
103.294400 48.292970 107.507889 52.834469
100.126400 45.132480 104.321884 49.700798
96.950460 41.977160 101.107857 46.536671
93.739320 38.803750 97.917580 43.421135
90.567830 35.632100 94.732727 40.261616
87.415790 32.458970 91.582336 37.107910
84.260040 29.295850 88.453926 33.985065
81.123540 26.129440 85.319916 30.830877
77.992680 22.957970 82.207314 27.672617
74.890600 19.774830 79.085281 24.501709
71.780370 16.590360 75.965149 21.323296
68.630430 13.396510 72.829231 18.116673
65.471800 10.205970 69.730232 14.960612
62.314330 7.007367 66.663895 11.828549
59.206170 3.808043 63.588184 8.652880
56.091860 0.584754 60.487808 5.453183
53.008120 -2.625659 57.414204 2.272698
49.955730 -5.822352 54.393379 -0.855823
46.935070 -9.021045 51.393814 -3.989365
43.893000 -12.216550 48.406227 -7.078012
40.929340 -15.293680 45.478706 -10.114879
38.089530 -18.317430 42.661163 -13.104599
35.418750 -21.291630 39.972656 -16.063696
32.866820 -24.157290 37.398689 -18.910437
30.511610 -26.943030 34.981506 -21.683077
28.282770 -29.552800 32.742981 -24.276157
26.270910 -31.981160 30.674822 -26.711803
24.406470 -34.119140 28.754829 -28.850357
22.621160 -35.934900 26.947550 -30.673065
20.883450 -37.415600 25.202227 -32.144958
19.174900 -38.513760 23.485355 -33.261250
17.516050 -39.260550 21.795708 -34.010151
15.838890 -39.714580 20.091156 -34.514420
14.191360 -39.829780 18.415171 -34.646072
12.634270 -39.672360 16.805483 -34.507473
11.172310 -39.260550 15.300248 -34.173820
9.789695 -38.629800 13.863076 -33.529369
8.497673 -37.738490 12.526546 -32.625099
7.308945 -36.616890 11.308941 -31.455145
6.256320 -35.282630 10.257843 -30.049286
5.377697 -33.729560 9.358583 -28.399881
4.666734 -31.994970 8.715285 -26.609571
4.118069 -30.087400 8.195617 -24.654602
3.675026 -28.058910 7.786860 -22.579828
3.306982 -25.913550 7.438912 -20.351614
2.950683 -23.671670 7.120232 -18.049358
2.589654 -21.354230 6.765850 -15.665299
2.235350 -18.941910 6.436787 -13.172111
1.883217 -16.438970 6.116131 -10.589706
1.539703 -13.883430 5.801480 -7.970337
1.229057 -11.374200 3.335169 -11.047534
0.914029 -8.934948 2.969983 -8.560003
0.572467 -6.591425 2.619303 -6.189838
0.172462 -4.328516 2.239070 -3.886097
-0.233814 -2.148095 1.848886 -1.663021
-0.652500 -0.027237 1.449919 0.459428
-1.128803 2.027763 1.006767 2.528364
-1.682534 4.091749 0.494378 4.618175
-2.326851 6.156888 -0.098222 6.706971
-3.006582 8.222648 -0.728309 8.811356
