0.000000 0.000000 0.000070 0.000019
-0.017534 0.283467 -0.025920 0.285361
-0.060000 0.627936 -0.084031 0.625783
-0.141534 1.081913 -0.175999 1.075324
-0.293459 1.604140 -0.345784 1.571113
-0.522492 2.173020 -0.586994 2.136095
-0.839493 2.758285 -0.881602 2.685109
-1.242764 3.333105 -1.239930 3.213153
-1.761568 3.880703 -1.723376 3.741515
-2.415527 4.382391 -2.348640 4.242198
-3.215512 4.824434 -3.128862 4.680938
-4.177130 5.153468 -4.063014 5.001969
-5.299329 5.360943 -5.134479 5.217970
-6.558994 5.427674 -6.359898 5.271769
-7.950411 5.389282 -7.747720 5.233714
-9.480377 5.263869 -9.261659 5.110654
-11.152740 5.088360 -10.934273 4.931514
-12.964270 4.901812 -12.751055 4.741067
-14.913410 4.697363 -14.726087 4.529377
-17.004780 4.494630 -16.825047 4.319860
-19.224270 4.290984 -19.048550 4.105516
-21.564480 4.100217 -21.401253 3.899797
-23.969500 3.908970 -23.792383 3.688703
-26.461360 3.716343 -26.287247 3.481149
-28.997620 3.492898 -28.806555 3.254478
-31.515860 3.271990 -31.310680 3.028247
-34.026260 3.051261 -33.803177 2.812740
-36.533450 2.843137 -36.286621 2.596134
-39.049180 2.638855 -38.799595 2.380599
-41.538400 2.436154 -41.281227 2.166296
-44.015190 2.223683 -43.740452 1.950984
-46.483350 2.028253 -46.199120 1.744485
-48.933140 1.820295 -48.649666 1.531274
-51.328710 1.575304 -51.026947 1.277832
-53.701960 1.337479 -53.395874 1.035534
-56.038080 1.110756 -55.720692 0.801996
-58.330390 0.883063 -58.006882 0.569117
-60.536580 0.662366 -60.205921 0.340943
-62.620220 0.461718 -62.290371 0.130339
-64.570470 0.320188 -64.214111 -0.009775
-66.375630 0.255567 -66.033882 -0.080840
-67.990520 0.345560 -67.606575 -0.002513
-69.403760 0.611089 -69.043228 0.247480
-70.681710 1.080744 -70.304001 0.692583
-71.814190 1.753829 -71.417023 1.306555
-72.810710 2.601772 -72.450500 2.152821
-73.659320 3.554385 -73.326805 3.092163
-74.401710 4.718510 -74.069962 4.276028
-75.018160 6.110247 -74.728584 5.711334
-75.539300 7.706095 -75.253464 7.325998
-75.980690 9.486418 -75.686424 9.129719
-76.379030 11.414990 -76.097389 11.087266
-76.702710 13.494070 -76.419716 13.170398
-76.964630 15.687850 -76.700432 15.392022
-77.198810 17.993590 -76.932549 17.688110
-77.402440 20.301510 -77.145218 20.023651
-77.573400 22.614340 -77.321709 22.336489
-77.734200 24.898110 -77.493004 24.599689
-77.908780 27.180670 -77.654259 26.887264
-78.064690 29.440670 -77.801773 29.160273
-78.198100 31.701300 -77.920433 31.420324
-78.346240 34.000930 -78.055367 33.737579
-78.507180 36.347540 -78.201324 36.106548
-78.700400 38.735230 -78.375130 38.474274
-78.895930 41.194680 -78.565338 40.926834
-79.100340 43.724740 -78.763924 43.450214
-79.318630 46.299200 -78.963013 46.027107
-79.508610 48.902070 -79.137352 48.637550
-79.697420 51.529450 -79.302612 51.264854
-79.900390 54.113500 -79.479843 53.863358
-80.092730 56.670630 -79.642914 56.418575
-80.280860 59.213100 -79.806290 58.960011
-80.474010 61.695670 -79.979233 61.458344
-80.696040 64.136290 -80.190018 63.887299
-80.945180 66.559290 -80.446625 66.314293
-81.219160 68.948800 -80.695381 68.711655
-81.542260 71.291910 -80.986938 71.048180
-81.910890 73.584740 -81.323547 73.337997
-82.326990 75.851980 -81.696632 75.637848
-82.765640 78.069230 -82.099182 77.868996
-83.284090 80.280970 -82.592346 80.087402
-83.856430 82.430700 -83.151794 82.227966
-84.492780 84.584160 -83.785896 84.384201
-85.212300 86.715560 -84.495155 86.505196
-85.996320 88.820790 -85.269379 88.633232
-86.860390 90.918090 -86.123672 90.757637
-87.802500 93.003510 -87.038101 92.869232
-88.749010 95.068170 -87.947357 94.963013
-89.747960 97.163510 -88.911789 97.041237
-90.774930 99.219550 -89.939056 99.157555
-91.840000 101.277400 -90.980354 101.244789
-92.914780 103.296100 -92.026146 103.282852
-94.015070 105.267400 -93.114410 105.281219
-95.123350 107.187800 -94.183609 107.226700
-96.223200 109.067700 -95.231125 109.118774
-97.263380 110.813500 -96.252930 110.889221
-98.241750 112.423300 -97.208160 112.516273
-99.124850 113.865700 -98.076942 113.975578
-99.918840 115.113700 -98.882339 115.224915
-100.633200 116.204600 -99.567123 116.337250
-101.305600 117.126600 -100.194695 117.258659
-101.873900 117.899200 -100.768913 118.026161
-102.405300 118.508600 -101.270355 118.655090
-102.901800 118.981600 -101.737686 119.135529
-103.418300 119.366800 -102.217850 119.548042
-103.954800 119.734800 -102.726898 119.894943
-104.533600 120.029100 -103.277519 120.213165
-105.136200 120.256600 -103.845016 120.458878
-105.801600 120.452000 -104.443916 120.629852
-106.640800 120.599400 -105.243050 120.815971
-107.630100 120.643400 -106.174347 120.876297
-108.711300 120.530800 -107.207047 120.803947
-109.893600 120.252600 -108.419136 120.515182
-111.159800 119.776100 -109.717987 120.060043
-112.496700 119.062200 -111.040611 119.378685
-113.898700 118.106700 -112.448204 118.457916
-115.384500 116.988900 -113.883362 117.418457
-116.978000 115.737300 -115.473343 116.197800
-118.659900 114.366200 -117.162735 114.862228
-120.438900 112.893300 -118.974701 113.413025
-122.328200 111.322200 -120.857780 111.896706
-124.284900 109.650200 -122.882339 110.250191
-126.332000 107.913600 -124.966156 108.568695
-128.461900 106.101400 -127.091949 106.814804
-130.662300 104.214900 -129.346252 104.952713
-132.923400 102.303500 -131.633240 103.079971
-135.189200 100.390400 -133.911484 101.207840
-137.468500 98.469440 -136.186188 99.335266
-139.748000 96.546090 -138.462830 97.448982
-142.020800 94.620440 -140.720795 95.579010
-144.286200 92.690670 -142.968994 93.691544
-146.547500 90.774040 -145.212402 91.812073
-148.833300 88.871460 -147.485291 89.956451
-151.113400 86.978090 -149.757919 88.100555
-153.379000 85.085390 -152.016663 86.246864
-155.629200 83.206150 -154.269547 84.407822
-157.861400 81.326710 -156.521729 82.544052
-160.058500 79.464550 -158.733414 80.708366
-162.221300 77.608580 -160.897003 78.907608
-164.376700 75.774280 -163.075394 77.116531
-166.524800 73.967130 -165.228943 75.333038
-168.668400 72.191080 -167.360229 73.607002
-170.783100 70.468000 -169.462524 71.901443
-172.829900 68.807490 -171.500732 70.237930
-174.785600 67.216050 -173.441040 68.658340
-176.663800 65.684200 -175.316559 67.129562
-178.444800 64.197390 -177.106232 65.678513
-180.100300 62.765190 -178.794983 64.301758
-181.648600 61.419590 -180.385178 62.993816
-183.088500 60.110320 -181.859497 61.723141
-184.404500 58.801210 -183.186234 60.448586
-185.549500 57.458340 -184.327866 59.152794
-186.455000 56.066080 -185.267639 57.794453
-187.120600 54.647590 -185.936630 56.475014
-187.525600 53.213090 -186.364563 55.093117
-187.748500 51.772320 -186.621155 53.683102
-187.716500 50.330420 -186.630692 52.256916
-187.519800 48.954720 -186.473755 50.859169
-187.091900 47.667580 -186.093384 49.597069
-186.478200 46.430560 -185.526917 48.361633
-185.743700 45.217520 -184.799179 47.161621
-184.898100 44.044150 -183.948547 45.995232
-183.968900 42.858990 -183.031586 44.805893
-182.972800 41.628580 -182.044220 43.569733
-181.887200 40.344680 -180.970490 42.270500
-180.726700 38.951790 -179.840179 40.876877
-179.492700 37.459110 -178.618225 39.394043
-178.162100 35.849180 -177.302246 37.762886
-176.710600 34.142700 -175.881439 36.022659
-175.171800 32.296660 -174.367432 34.159271
-173.559000 30.363270 -172.785126 32.211922
-171.867000 28.346750 -171.127258 30.156349
-170.123400 26.259270 -169.438416 28.053177
-168.337100 24.097840 -167.674622 25.876259
-166.581500 21.908660 -165.930084 23.684761
-164.835100 19.714670 -164.165909 21.490753
-163.104500 17.573870 -162.458099 19.340927
-161.377300 15.429150 -160.735229 17.191307
-159.682200 13.303470 -159.038818 15.050545
-158.088000 11.153610 -157.434052 12.896988
-156.652500 8.940913 -155.984467 10.667244
-155.433700 6.640524 -154.755829 8.346195
-154.451100 4.275819 -153.757080 5.952549
-153.690900 1.836084 -152.986954 3.506626
-153.116700 -0.684920 -152.422379 0.981022
-152.659200 -3.301845 -151.970978 -1.644722
-152.323800 -6.003442 -151.647751 -4.339796
-152.034900 -8.818435 -151.376999 -7.142423
-151.705400 -11.696490 -151.067886 -10.004063
-151.368100 -14.689410 -150.738297 -13.005617
-151.018300 -17.760610 -150.409836 -16.057375
-150.658400 -20.884570 -150.070114 -19.169294
-150.317300 -24.039630 -149.742752 -22.312571
-149.995500 -27.198720 -149.433273 -25.461910
-149.688200 -30.326210 -149.133865 -28.579636
-149.392500 -33.448800 -148.835953 -31.695000
-149.124700 -36.525700 -148.580856 -34.775169
-148.881400 -39.588890 -148.345993 -37.828186
-148.663600 -42.621440 -148.152740 -40.865913
-148.444100 -45.622170 -147.960464 -43.867470
-148.225800 -48.590750 -147.778625 -46.826416
-148.013500 -51.538440 -147.594360 -49.783241
-147.797700 -54.448530 -147.400497 -52.694984
-147.579700 -57.330200 -147.187424 -55.582253
-147.341500 -60.171640 -146.959320 -58.421452
-147.099100 -62.956470 -146.734207 -61.196518
-146.873600 -65.641890 -146.526321 -63.876709
-146.684200 -68.188960 -146.367813 -66.427643
-146.575000 -70.550950 -146.284576 -68.796646
-146.515200 -72.689370 -146.260208 -70.952049
-146.496000 -74.588600 -146.273682 -72.859894
-146.520100 -76.249210 -146.312897 -74.513420
-146.562400 -77.644470 -146.347214 -75.921967
-146.614700 -78.752900 -146.392395 -77.055565
-146.644400 -79.571930 -146.384186 -77.851830
-146.661300 -80.195760 -146.396286 -78.482338
-146.655800 -80.746170 -146.396942 -79.042366
-146.626400 -81.202170 -146.374802 -79.530495
-146.606400 -81.580050 -146.372192 -79.918716
-146.554400 -81.887990 -146.337051 -80.237595
-146.509800 -82.072680 -146.309280 -80.415451
-146.481300 -82.147900 -146.289047 -80.489349
-146.467500 -82.144490 -146.292145 -80.479126
-146.474300 -82.148460 -146.273041 -80.500175
-146.483700 -82.145920 -146.277618 -80.492973
-146.487400 -82.144780 -146.297943 -80.498955
-146.492900 -82.150980 -146.297043 -80.492111
-146.495200 -82.155360 -146.293213 -80.499763
-146.494300 -82.156570 -146.288666 -80.493134
-146.487800 -82.148430 -146.289642 -80.495659
-146.487300 -82.140910 -146.280334 -80.502846
-146.486500 -82.135050 -146.282272 -80.493034
-146.488100 -82.132520 -146.265869 -80.507484
-146.489000 -82.133460 -146.286713 -80.484444
-146.484700 -82.133480 -146.281677 -80.484406
-146.484900 -82.133510 -146.273346 -80.511444
-146.480100 -82.133670 -146.267609 -80.507881
-146.472100 -82.131890 -146.278625 -80.496040
-146.477500 -82.133220 -146.286789 -80.487846
-146.525000 -82.162010 -146.299500 -80.496376
-146.565900 -82.217300 -146.276718 -80.503326
-146.590600 -82.310130 -146.225113 -80.578072
-146.581800 -82.426170 -146.180969 -80.684753
-146.551800 -82.574220 -146.157486 -80.790840
-146.475900 -82.778480 -146.051132 -80.972969
-146.351300 -83.116710 -145.946487 -81.256599
-146.156300 -83.574440 -145.738907 -81.708954
-145.879500 -84.106160 -145.447784 -82.241302
-145.491300 -84.682600 -145.078140 -82.769951
-144.895700 -85.318510 -144.577423 -83.334625
-144.077500 -86.065360 -143.799973 -84.060883
-142.947400 -86.840620 -142.629929 -84.832619
-141.509200 -87.543350 -141.172089 -85.548401
-139.798500 -88.087580 -139.441055 -86.078712
-137.828100 -88.433330 -137.476761 -86.400940
-135.614800 -88.607530 -135.228394 -86.551735
-133.180100 -88.696560 -132.776260 -86.629494
-130.552000 -88.680490 -130.147629 -86.568405
-127.723900 -88.575690 -127.293434 -86.438156
-124.683500 -88.464330 -124.279762 -86.289848
-121.460200 -88.294280 -121.056671 -86.116478
-118.086600 -88.040550 -117.683235 -85.864777
-114.579400 -87.745070 -114.168724 -85.569649
-110.975100 -87.438680 -110.575996 -85.276352
-107.385700 -87.146760 -107.004265 -84.984200
-103.821100 -86.859660 -103.428841 -84.709930
-100.261700 -86.572000 -99.872200 -84.441383
-96.736140 -86.293870 -96.331299 -84.184067
-93.228880 -86.017520 -92.789841 -83.907021
-89.760830 -85.757500 -89.325249 -83.651543
-86.314280 -85.511300 -85.866089 -83.411049
-82.904810 -85.266650 -82.452209 -83.165497
-79.525840 -84.982830 -79.061783 -82.876633
-76.174850 -84.684980 -75.696281 -82.570206
-72.849640 -84.375480 -72.383720 -82.252289
-69.556400 -84.051650 -69.088760 -81.926468
-66.269780 -83.744240 -65.813507 -81.623924
-62.988460 -83.463860 -62.545937 -81.337288
-59.725320 -83.192290 -59.306896 -81.082512
-56.511930 -82.928720 -56.076752 -80.838760
-53.287950 -82.677770 -52.855614 -80.615150
-50.102380 -82.423820 -49.653831 -80.391762
-46.961330 -82.161740 -46.468567 -80.140686
-43.795000 -81.913070 -43.279259 -79.914009
-40.605850 -81.669580 -40.102715 -79.683586
-37.446990 -81.429200 -36.979118 -79.430878
-34.324130 -81.178460 -33.838085 -79.181427
-31.234230 -80.938930 -30.750771 -78.951965
-28.164850 -80.719500 -27.684155 -78.711876
-25.130870 -80.512870 -24.625669 -78.485596
-22.128140 -80.313820 -21.620052 -78.270638
-19.203440 -80.118030 -18.701933 -78.063431
-16.439970 -79.929640 -15.925310 -77.874481
-13.862420 -79.730950 -13.330975 -77.698860
-11.471000 -79.505250 -10.941369 -77.484390
-9.267307 -79.258710 -8.741387 -77.248520
-7.272311 -78.940490 -6.755961 -76.949539
-5.472914 -78.549550 -4.979337 -76.579247
-3.867830 -78.086270 -3.363844 -76.110420
-2.385605 -77.503960 -1.880949 -75.546417
-1.027851 -76.800120 -0.562307 -74.883881
0.166806 -75.911920 0.583683 -74.047180
1.182030 -74.883010 1.581009 -73.096855
1.977241 -73.709730 2.331207 -71.917603
2.625592 -72.432540 2.987143 -70.648270
3.046312 -71.053430 3.406027 -69.281326
3.332790 -69.610070 3.680337 -67.870087
3.505748 -68.096830 3.843120 -66.391060
3.623078 -66.505600 3.956981 -64.803619
3.673887 -64.790020 4.005764 -63.095730
3.664022 -62.925430 4.004520 -61.262287
3.591227 -60.915700 3.924451 -59.287453
3.485568 -58.760380 3.825212 -57.142803
3.375737 -56.493750 3.722623 -54.902130
3.243097 -54.203520 3.577519 -52.610111
3.069795 -51.907210 3.431307 -50.393120
2.871709 -49.612280 3.253046 -48.126400
2.690256 -47.318710 3.076410 -45.845261
2.514617 -45.039680 2.895811 -43.629871
2.336487 -42.787040 2.736830 -41.438786
2.176053 -40.574230 2.577898 -39.227867
2.023801 -38.441270 2.417964 -37.116627
1.895520 -36.414710 2.285666 -35.106773
1.766675 -34.458180 2.143176 -33.177906
1.645582 -32.544470 2.008907 -31.262110
1.524724 -30.674470 1.870285 -29.453714
1.412389 -28.840280 1.736579 -27.601566
1.305986 -27.028700 1.613285 -25.822992
1.191105 -25.239530 1.484623 -24.091429
1.067365 -23.476920 1.331542 -22.324570
0.934574 -21.765460 1.178666 -20.659689
0.802905 -20.140230 1.034938 -19.035412
0.699503 -18.615910 0.898911 -17.562109
0.601767 -17.196320 0.783520 -16.129177
0.507341 -15.885810 0.693394 -14.892448
0.417035 -14.726660 0.606810 -13.729804
0.351258 -13.760620 0.534654 -12.744193
0.299516 -12.930350 0.483094 -11.967389
0.263868 -12.153000 0.431666 -11.182573
0.238575 -11.391050 0.382461 -10.449120
0.198165 -10.644890 0.331802 -9.703846
0.151201 -9.907869 0.277514 -8.984355
0.091011 -9.183499 0.189950 -8.272442
0.016860 -8.476707 0.084277 -7.563505
-0.070862 -7.778389 -0.012044 -6.896121
-0.158415 -7.094030 -0.102062 -6.202648
-0.234301 -6.412690 -0.167641 -5.528096
-0.307917 -5.742297 -0.228531 -4.890744
-0.360353 -5.068979 -0.285992 -4.223158
-0.401589 -4.328040 -0.339961 -3.492711
-0.431289 -3.483170 -0.389946 -2.647012
-0.464543 -2.555900 -0.414941 -1.763505
-0.487938 -1.556277 -0.446800 -0.750521
-0.499710 -0.485171 -0.474866 0.322943
-0.511556 0.679747 -0.520362 1.447018
-0.388368 1.890361 -0.483061 2.626161
-0.387786 3.050660 -0.546194 3.771488
-0.473375 4.175334 -0.686122 4.873129
-0.669462 5.262875 -0.910093 5.892331
-0.929674 6.291946 -1.187068 6.895281
-1.229340 7.289411 -1.496131 7.872548
-1.438607 8.249384 -1.701380 8.819377
-1.565470 8.946937 -1.843540 9.525730
-1.615795 9.324632 -1.890021 9.910830
-1.635852 9.404838 -1.903025 9.990582
-1.640332 9.376167 -1.894464 9.965102
-1.643540 9.371050 -1.896876 9.965645
