0 0.000022 0.006491 100.000000 13.513514
0 0.000024 0.004520 200.000000 13.605442
0 0.000022 0.003506 300.000000 14.084507
10 0.000024 0.007096 100.000000 13.513514
10 0.000019 0.004352 200.000000 13.698630
10 0.000016 0.003382 300.000000 14.150944
20 0.000028 0.008072 100.000000 13.513514
20 0.000026 0.004541 200.000000 13.698630
20 0.000016 0.003836 300.000000 14.285714
30 0.000019 0.008082 100.000000 13.513514
30 0.000028 0.004180 200.000000 13.793103
30 0.000011 0.003854 300.000000 14.354067
40 0.000023 0.008529 100.000000 13.333333
40 0.000031 0.003375 200.000000 13.888889
40 0.000014 0.003818 300.000000 14.492754
50 0.000021 0.007164 100.000000 13.333333
50 0.000036 0.002966 200.000000 13.986014
50 0.000018 0.003673 300.000000 14.563107
60 0.000027 0.005102 100.000000 13.333333
60 0.000034 0.003687 200.000000 13.986014
60 0.000018 0.004001 300.000000 14.634147
70 0.000032 0.004188 100.000000 13.333333
70 0.000034 0.003870 200.000000 14.184397
80 0.000039 0.003864 100.000000 13.513514
80 0.000033 0.004036 200.000000 14.285714
90 0.000030 0.004315 100.000000 13.513514
90 0.000022 0.004760 200.000000 14.492754
100 0.000036 0.004446 100.000000 13.698630
100 0.000018 0.004905 200.000000 14.705882
110 0.000041 0.005728 100.000000 14.084507
110 0.000017 0.005600 200.000000 14.814815
120 0.000050 0.006294 100.000000 14.285714
120 0.000021 0.005231 200.000000 15.037594
130 0.000048 0.006213 100.000000 14.492754
130 0.000012 0.005826 200.000000 15.151515
140 0.000033 0.006407 100.000000 14.705882
140 0.000022 0.005505 200.000000 15.384615
150 0.000036 0.004918 100.000000 14.925373
160 0.000026 0.005742 100.000000 15.151515
170 0.000032 0.006493 100.000000 15.384615
180 0.000040 0.006403 100.000000 15.384615
190 0.000056 0.008106 100.000000 15.625000
200 0.000041 0.007007 100.000000 15.625000
