0 0.000062 0.005158 100.000000 5.780347
0 0.000066 0.004566 200.000000 6.369427
0 0.000034 0.004565 300.000000 6.726458
0 0.000019 0.002633 400.000000 6.908463
0 0.000010 0.002085 500.000000 6.297229
0 0.000016 0.001511 600.000000 6.741573
10 0.000072 0.004710 100.000000 6.097561
10 0.000049 0.005035 200.000000 6.451613
10 0.000034 0.004970 300.000000 6.849315
10 0.000021 0.002873 400.000000 7.017544
10 0.000012 0.002172 500.000000 6.369427
10 0.000017 0.001429 600.000000 6.802721
20 0.000079 0.003528 100.000000 6.369427
20 0.000029 0.004923 200.000000 6.493506
20 0.000030 0.005059 300.000000 6.960557
20 0.000020 0.003122 400.000000 7.117438
20 0.000015 0.002204 500.000000 6.435007
20 0.000018 0.001522 600.000000 6.857143
30 0.000131 0.001349 100.000000 6.622517
30 0.000046 0.007033 200.000000 6.535948
30 0.000040 0.007260 300.000000 7.042253
30 0.000023 0.004668 400.000000 7.207207
30 0.000024 0.002899 500.000000 6.501951
30 0.000022 0.001001 600.000000 6.888634
40 0.000154 0.000867 100.000000 6.849315
40 0.000055 0.005599 200.000000 6.578948
40 0.000037 0.006825 300.000000 7.075472
40 0.000021 0.004699 400.000000 7.299270
40 0.000025 0.002953 500.000000 6.561680
40 0.000018 0.000929 600.000000 6.912442
50 0.000152 0.002719 100.000000 7.042253
50 0.000064 0.004422 200.000000 6.600660
50 0.000035 0.005603 300.000000 7.058824
50 0.000017 0.004312 400.000000 7.366483
50 0.000024 0.002683 500.000000 6.605020
50 0.000016 0.001112 600.000000 6.896552
60 0.000153 0.002717 100.000000 7.092198
60 0.000070 0.003928 200.000000 6.622517
60 0.000039 0.005886 300.000000 6.993007
60 0.000017 0.004428 400.000000 7.407407
60 0.000024 0.002659 500.000000 6.640106
60 0.000015 0.001089 600.000000 6.880734
70 0.000166 0.002103 100.000000 7.142857
70 0.000084 0.004548 200.000000 6.644518
70 0.000039 0.006029 300.000000 6.944445
70 0.000020 0.004363 400.000000 7.421150
70 0.000025 0.002635 500.000000 6.666667
70 0.000014 0.000962 600.000000 6.872852
80 0.000181 0.002137 100.000000 7.142857
80 0.000081 0.004012 200.000000 6.688963
80 0.000042 0.005767 300.000000 6.928406
80 0.000021 0.004557 400.000000 7.434944
80 0.000027 0.002633 500.000000 6.684492
80 0.000015 0.000931 600.000000 6.864988
90 0.000186 0.002504 100.000000 7.142857
90 0.000079 0.004825 200.000000 6.711410
90 0.000042 0.006055 300.000000 6.944445
90 0.000022 0.004820 400.000000 7.434944
90 0.000028 0.002474 500.000000 6.711410
90 0.000017 0.000842 600.000000 6.857143
100 0.000166 0.002605 100.000000 7.092198
100 0.000074 0.005397 200.000000 6.756757
100 0.000034 0.006017 300.000000 6.960557
100 0.000023 0.004745 400.000000 7.299270
100 0.000027 0.002228 500.000000 6.729475
100 0.000016 0.000833 600.000000 6.833713
110 0.000172 0.002703 100.000000 7.092198
110 0.000071 0.005828 200.000000 6.802721
110 0.000033 0.005904 300.000000 6.993007
110 0.000023 0.004048 400.000000 6.220840
110 0.000026 0.002086 500.000000 6.756757
110 0.000017 0.000783 600.000000 6.810442
120 0.000163 0.003677 100.000000 7.142857
120 0.000064 0.005974 200.000000 6.872852
120 0.000027 0.005594 300.000000 7.025761
120 0.000028 0.003969 400.000000 6.211180
120 0.000026 0.002125 500.000000 6.793478
120 0.000016 0.000950 600.000000 6.779661
130 0.000135 0.004865 100.000000 7.352941
130 0.000039 0.004396 200.000000 6.993007
130 0.000019 0.004880 300.000000 7.092198
130 0.000033 0.003634 400.000000 6.250000
130 0.000024 0.002852 500.000000 6.839945
130 0.000011 0.001622 600.000000 6.726458
140 0.000053 0.008540 100.000000 7.575758
140 0.000013 0.003360 200.000000 7.142857
140 0.000036 0.003671 300.000000 7.177033
140 0.000034 0.004000 400.000000 6.299212
140 0.000027 0.004031 500.000000 6.896552
140 0.000012 0.002219 600.000000 6.666667
150 0.000057 0.004873 100.000000 7.751938
150 0.000029 0.004639 200.000000 7.246377
150 0.000032 0.003735 300.000000 7.263923
150 0.000028 0.003809 400.000000 6.339144
150 0.000023 0.003452 500.000000 6.934813
150 0.000007 0.001683 600.000000 6.593407
160 0.000083 0.002243 100.000000 7.692307
160 0.000044 0.005483 200.000000 7.299270
160 0.000033 0.003830 300.000000 7.317073
160 0.000021 0.003698 400.000000 6.379585
160 0.000022 0.003083 500.000000 6.963789
160 0.000006 0.001184 600.000000 6.535948
170 0.000081 0.004412 100.000000 7.142857
170 0.000047 0.006421 200.000000 7.272727
170 0.000037 0.003957 300.000000 7.352941
170 0.000020 0.003742 400.000000 6.420546
170 0.000023 0.002921 500.000000 6.963789
180 0.000047 0.005457 100.000000 6.369427
180 0.000034 0.005962 200.000000 7.220217
180 0.000039 0.003967 300.000000 7.407407
180 0.000021 0.003936 400.000000 6.451613
180 0.000016 0.003058 500.000000 6.925208
190 0.000077 0.004902 100.000000 6.172840
190 0.000046 0.005573 200.000000 7.067138
190 0.000043 0.004185 300.000000 7.444169
190 0.000018 0.004382 400.000000 6.493506
190 0.000019 0.003375 500.000000 6.868132
200 0.000082 0.005222 100.000000 6.134969
200 0.000036 0.005968 200.000000 6.872852
200 0.000042 0.004171 300.000000 7.481297
200 0.000018 0.004444 400.000000 6.514658
200 0.000015 0.003187 500.000000 6.821282
210 0.000100 0.004349 100.000000 6.172840
210 0.000029 0.005610 200.000000 6.802721
210 0.000043 0.004239 300.000000 7.500000
210 0.000018 0.004613 400.000000 6.546645
210 0.000017 0.003171 500.000000 6.802721
220 0.000095 0.004316 100.000000 6.211180
220 0.000037 0.005288 200.000000 6.802721
220 0.000046 0.005128 300.000000 7.518797
220 0.000022 0.005397 400.000000 6.568144
220 0.000019 0.003566 500.000000 6.793478
230 0.000088 0.005459 100.000000 6.289308
230 0.000039 0.005365 200.000000 6.825939
230 0.000045 0.004899 300.000000 7.518797
230 0.000023 0.005345 400.000000 6.600660
230 0.000016 0.003448 500.000000 6.784261
240 0.000075 0.006178 100.000000 6.410256
240 0.000041 0.005410 200.000000 6.872852
240 0.000041 0.004761 300.000000 7.334963
240 0.000023 0.005127 400.000000 6.633499
240 0.000013 0.003128 500.000000 6.765900
250 0.000080 0.007622 100.000000 6.493506
250 0.000049 0.006228 200.000000 6.920415
250 0.000047 0.007221 300.000000 5.964215
250 0.000028 0.006093 400.000000 6.666667
250 0.000015 0.003350 500.000000 6.747638
260 0.000067 0.008677 100.000000 6.578948
260 0.000056 0.006836 200.000000 6.944445
260 0.000050 0.007517 300.000000 5.928854
260 0.000024 0.006170 400.000000 6.700168
260 0.000017 0.003328 500.000000 6.693440
270 0.000067 0.009668 100.000000 6.666667
270 0.000062 0.007400 200.000000 6.968641
270 0.000045 0.008224 300.000000 5.940594
270 0.000033 0.006612 400.000000 6.722689
270 0.000017 0.003130 500.000000 6.510417
280 0.000068 0.010834 100.000000 6.756757
280 0.000069 0.008027 200.000000 7.017544
280 0.000047 0.008638 300.000000 5.976096
280 0.000031 0.007100 400.000000 6.756757
280 0.000018 0.003127 500.000000 6.377551
290 0.000069 0.011732 100.000000 6.849315
290 0.000072 0.008515 200.000000 7.117438
290 0.000047 0.009055 300.000000 6.024096
290 0.000037 0.007699 400.000000 6.791172
290 0.000019 0.002761 500.000000 6.321113
300 0.000068 0.011752 100.000000 7.092198
300 0.000073 0.008714 200.000000 7.246377
300 0.000047 0.009203 300.000000 6.109980
300 0.000037 0.007831 400.000000 6.837607
310 0.000076 0.010377 100.000000 7.407407
310 0.000070 0.007692 200.000000 7.462687
310 0.000042 0.008372 300.000000 6.198347
310 0.000035 0.007143 400.000000 6.908463
320 0.000064 0.008690 100.000000 7.751938
320 0.000063 0.005379 200.000000 7.692307
320 0.000035 0.006161 300.000000 6.315790
320 0.000032 0.005102 400.000000 6.993007
330 0.000049 0.008634 100.000000 8.130081
330 0.000046 0.004441 200.000000 7.905138
330 0.000024 0.004016 300.000000 6.410256
330 0.000023 0.003177 400.000000 7.054674
340 0.000029 0.009376 100.000000 8.264462
340 0.000047 0.005424 200.000000 8.097166
340 0.000028 0.004908 300.000000 6.507592
340 0.000022 0.004025 400.000000 7.079646
350 0.000098 0.008695 100.000000 8.130081
350 0.000049 0.006226 200.000000 8.230453
350 0.000031 0.005797 300.000000 6.578948
350 0.000029 0.004803 400.000000 7.042253
360 0.000069 0.009310 100.000000 7.751938
360 0.000052 0.007105 200.000000 8.333333
360 0.000030 0.006998 300.000000 6.622517
360 0.000023 0.005410 400.000000 6.993007
370 0.000087 0.011289 100.000000 7.518797
370 0.000060 0.009701 200.000000 8.368201
370 0.000040 0.009166 300.000000 6.651885
370 0.000026 0.006739 400.000000 6.968641
380 0.000078 0.010285 100.000000 7.407407
380 0.000054 0.009322 200.000000 8.333333
380 0.000037 0.008831 300.000000 6.666667
380 0.000024 0.006102 400.000000 6.932409
390 0.000088 0.009194 100.000000 7.352941
390 0.000053 0.007432 200.000000 8.196721
390 0.000034 0.007772 300.000000 6.681514
390 0.000023 0.004980 400.000000 6.884682
400 0.000092 0.008392 100.000000 7.299270
400 0.000055 0.007365 200.000000 5.747127
400 0.000036 0.007072 300.000000 6.696429
400 0.000019 0.004133 400.000000 6.814310
410 0.000075 0.007674 100.000000 7.246377
410 0.000079 0.007390 200.000000 5.617978
410 0.000034 0.006607 300.000000 6.711410
410 0.000020 0.003624 400.000000 6.700168
420 0.000090 0.006970 100.000000 7.194244
420 0.000066 0.007628 200.000000 5.617978
420 0.000038 0.006642 300.000000 6.726458
420 0.000018 0.003248 400.000000 6.400000
430 0.000105 0.006489 100.000000 7.246377
430 0.000071 0.007915 200.000000 5.633803
430 0.000041 0.007423 300.000000 6.726458
430 0.000025 0.003801 400.000000 6.230530
440 0.000090 0.006064 100.000000 7.352941
440 0.000059 0.007600 200.000000 5.698006
440 0.000039 0.007110 300.000000 6.741573
450 0.000077 0.004681 100.000000 7.575758
450 0.000042 0.005737 200.000000 5.763689
450 0.000031 0.005122 300.000000 6.741573
460 0.000068 0.003490 100.000000 7.874016
460 0.000033 0.003329 200.000000 5.865103
460 0.000027 0.002568 300.000000 6.726458
470 0.000062 0.004851 100.000000 8.196721
470 0.000016 0.000936 200.000000 5.952381
470 0.000019 0.001570 300.000000 6.726458
480 0.000064 0.004354 100.000000 8.620689
480 0.000009 0.001857 200.000000 6.060606
480 0.000022 0.001679 300.000000 6.741573
490 0.000046 0.004225 100.000000 8.928572
490 0.000021 0.003175 200.000000 6.172840
490 0.000021 0.001838 300.000000 6.756757
500 0.000061 0.003624 100.000000 9.259259
500 0.000016 0.003265 200.000000 6.250000
500 0.000021 0.001692 300.000000 6.787330
510 0.000057 0.003442 100.000000 9.433962
510 0.000020 0.004086 200.000000 6.309148
510 0.000018 0.001834 300.000000 6.787330
520 0.000053 0.003786 100.000000 9.345795
520 0.000021 0.003995 200.000000 6.349206
520 0.000022 0.001619 300.000000 6.741573
530 0.000060 0.002759 100.000000 8.196721
530 0.000022 0.001786 200.000000 6.369427
530 0.000015 0.000213 300.000000 6.681514
540 0.000093 0.003069 100.000000 4.608295
540 0.000019 0.002164 200.000000 6.410256
540 0.000015 0.000696 300.000000 6.593407
550 0.000082 0.003513 100.000000 4.566210
550 0.000027 0.002406 200.000000 6.451613
550 0.000018 0.001704 300.000000 6.410256
560 0.000064 0.004484 100.000000 4.566210
560 0.000032 0.002217 200.000000 6.472492
560 0.000020 0.002167 300.000000 6.072875
570 0.000073 0.004470 100.000000 4.587156
570 0.000044 0.003308 200.000000 6.472492
570 0.000022 0.004136 300.000000 5.870842
580 0.000070 0.004583 100.000000 4.629630
580 0.000043 0.002913 200.000000 6.349206
590 0.000080 0.004676 100.000000 4.651163
590 0.000056 0.002598 200.000000 6.153846
600 0.000079 0.004701 100.000000 4.672897
600 0.000042 0.002782 200.000000 5.988024
610 0.000070 0.006093 100.000000 4.694836
610 0.000035 0.003261 200.000000 5.934718
620 0.000071 0.006681 100.000000 4.739336
620 0.000038 0.003652 200.000000 5.899705
630 0.000076 0.007865 100.000000 4.807693
630 0.000040 0.004225 200.000000 5.899705
640 0.000087 0.009609 100.000000 4.950495
640 0.000049 0.005956 200.000000 5.952381
650 0.000086 0.009486 100.000000 5.154639
650 0.000044 0.005567 200.000000 6.079027
660 0.000076 0.008716 100.000000 5.405406
660 0.000042 0.004535 200.000000 6.230530
670 0.000079 0.009945 100.000000 5.714286
670 0.000046 0.005339 200.000000 6.430868
680 0.000079 0.008986 100.000000 6.060606
680 0.000042 0.004662 200.000000 6.644518
690 0.000081 0.009296 100.000000 6.451613
690 0.000043 0.004820 200.000000 6.872852
700 0.000083 0.009183 100.000000 6.896552
700 0.000043 0.004794 200.000000 7.117438
710 0.000084 0.009742 100.000000 7.407407
710 0.000046 0.005157 200.000000 7.380074
720 0.000078 0.006940 100.000000 8.000000
720 0.000040 0.003508 200.000000 7.633588
730 0.000077 0.004899 100.000000 8.695652
730 0.000040 0.002767 200.000000 7.936508
740 0.000061 0.003659 100.000000 9.345795
740 0.000035 0.001965 200.000000 8.163265
750 0.000056 0.004601 100.000000 10.101010
750 0.000033 0.003801 200.000000 8.333333
760 0.000083 0.007936 100.000000 10.526316
760 0.000045 0.006595 200.000000 8.333333
770 0.000081 0.007291 100.000000 10.869565
770 0.000038 0.005933 200.000000 7.843137
780 0.000086 0.006644 100.000000 10.869565
780 0.000036 0.005906 200.000000 7.092198
790 0.000065 0.005342 100.000000 10.526316
800 0.000029 0.005826 100.000000 9.433962
810 0.000079 0.004981 100.000000 8.403361
820 0.000087 0.004275 100.000000 8.000000
830 0.000074 0.004135 100.000000 7.692307
840 0.000077 0.004373 100.000000 7.352941
850 0.000059 0.005630 100.000000 6.993007
860 0.000084 0.007604 100.000000 6.134969
870 0.000084 0.010662 100.000000 5.208333
880 0.000095 0.014941 100.000000 4.830918
