0 0.000094 0.005335 100.000000 8.474576
0 0.000021 0.003951 200.000000 9.433962
0 0.000035 0.007003 300.000000 10.416667
0 0.000023 0.007628 400.000000 10.471204
0 0.000021 0.005922 500.000000 10.416667
0 0.000009 0.005360 600.000000 10.416667
0 0.000013 0.005288 700.000000 10.279001
0 0.000019 0.005455 800.000000 10.282776
10 0.000092 0.003160 100.000000 9.009009
10 0.000022 0.005314 200.000000 9.756098
10 0.000027 0.008621 300.000000 10.714286
10 0.000017 0.008727 400.000000 10.666667
10 0.000020 0.006409 500.000000 10.570825
10 0.000016 0.006060 600.000000 10.544815
10 0.000015 0.006191 700.000000 10.370370
10 0.000019 0.005958 800.000000 10.376135
20 0.000078 0.004379 100.000000 9.615385
20 0.000014 0.005322 200.000000 10.000000
20 0.000032 0.008743 300.000000 10.948905
20 0.000021 0.008563 400.000000 10.810811
20 0.000028 0.006306 500.000000 10.706638
20 0.000017 0.006015 600.000000 10.657193
20 0.000017 0.006165 700.000000 10.447762
20 0.000020 0.005832 800.000000 10.471204
30 0.000076 0.004648 100.000000 10.101010
30 0.000014 0.006311 200.000000 10.256411
30 0.000034 0.009398 300.000000 11.194030
30 0.000022 0.009009 400.000000 10.928962
30 0.000025 0.006685 500.000000 10.822511
30 0.000019 0.006400 600.000000 10.752688
30 0.000019 0.006597 700.000000 10.510510
30 0.000023 0.006118 800.000000 10.554090
40 0.000077 0.005387 100.000000 10.638298
40 0.000014 0.006723 200.000000 10.471204
40 0.000037 0.009724 300.000000 11.406844
40 0.000024 0.008881 400.000000 11.019283
40 0.000028 0.006777 500.000000 10.917030
40 0.000020 0.006493 600.000000 10.830325
40 0.000020 0.006664 700.000000 10.542169
40 0.000025 0.006087 800.000000 10.624170
50 0.000060 0.004916 100.000000 10.989011
50 0.000029 0.006434 200.000000 10.638298
50 0.000043 0.009692 300.000000 11.538462
50 0.000025 0.008377 400.000000 11.080333
50 0.000025 0.006623 500.000000 10.989011
50 0.000019 0.006167 600.000000 10.889292
50 0.000020 0.006351 700.000000 10.558069
50 0.000025 0.005838 800.000000 10.680908
60 0.000063 0.006138 100.000000 11.363636
60 0.000036 0.008153 200.000000 10.810811
60 0.000047 0.010586 300.000000 11.627907
60 0.000029 0.008488 400.000000 11.080333
60 0.000028 0.006925 500.000000 11.013216
60 0.000021 0.006443 600.000000 10.909091
60 0.000022 0.006638 700.000000 10.558069
60 0.000028 0.006036 800.000000 10.723861
70 0.000084 0.009136 100.000000 11.494253
70 0.000050 0.010681 200.000000 10.928962
70 0.000050 0.012095 300.000000 11.627907
70 0.000036 0.009096 400.000000 11.080333
70 0.000029 0.007663 500.000000 10.964912
70 0.000026 0.007162 600.000000 10.909091
70 0.000027 0.007474 700.000000 10.558069
70 0.000029 0.006752 800.000000 10.767160
80 0.000078 0.009264 100.000000 11.494253
80 0.000059 0.011364 200.000000 11.049724
80 0.000057 0.011834 300.000000 11.583012
80 0.000037 0.008655 400.000000 11.049724
80 0.000030 0.007420 500.000000 10.940919
80 0.000027 0.006988 600.000000 10.889292
80 0.000029 0.007295 700.000000 10.558069
80 0.000032 0.006763 800.000000 10.796222
90 0.000067 0.007076 100.000000 11.494253
90 0.000061 0.010831 200.000000 11.235955
90 0.000051 0.011318 300.000000 11.538462
90 0.000037 0.008040 400.000000 11.049724
90 0.000029 0.007053 500.000000 10.917030
90 0.000024 0.006587 600.000000 10.849910
90 0.000030 0.006816 700.000000 10.558069
90 0.000032 0.006454 800.000000 10.825439
100 0.000040 0.007239 100.000000 11.235955
100 0.000070 0.010746 200.000000 11.428572
100 0.000054 0.011229 300.000000 11.450381
100 0.000041 0.008198 400.000000 11.019283
100 0.000030 0.007201 500.000000 10.917030
100 0.000023 0.006446 600.000000 10.771993
100 0.000030 0.006824 700.000000 10.558069
100 0.000034 0.007016 800.000000 10.854816
110 0.000056 0.007505 100.000000 10.869565
110 0.000083 0.010948 200.000000 11.560694
110 0.000057 0.011373 300.000000 11.406844
110 0.000045 0.008537 400.000000 11.019283
110 0.000034 0.007429 500.000000 10.917030
110 0.000028 0.006673 600.000000 10.695188
110 0.000033 0.007126 700.000000 10.574018
110 0.000036 0.007724 800.000000 10.854816
120 0.000055 0.007667 100.000000 10.416667
120 0.000083 0.011505 200.000000 11.695907
120 0.000056 0.011270 300.000000 11.278195
120 0.000045 0.008315 400.000000 11.019283
120 0.000032 0.006972 500.000000 10.893247
120 0.000030 0.006596 600.000000 10.600707
120 0.000034 0.006725 700.000000 10.590015
120 0.000039 0.007598 800.000000 10.825439
130 0.000085 0.007707 100.000000 10.204082
130 0.000094 0.011921 200.000000 11.764706
130 0.000049 0.011860 300.000000 11.152416
130 0.000046 0.009179 400.000000 10.958904
130 0.000031 0.007465 500.000000 10.845987
130 0.000031 0.006968 600.000000 10.526316
130 0.000036 0.007331 700.000000 10.590015
130 0.000039 0.008585 800.000000 10.796222
140 0.000113 0.009418 100.000000 10.101010
140 0.000092 0.013215 200.000000 11.695907
140 0.000047 0.011537 300.000000 11.029411
140 0.000044 0.009283 400.000000 10.928962
140 0.000030 0.007462 500.000000 10.822511
140 0.000031 0.007200 600.000000 10.452962
140 0.000036 0.007511 700.000000 10.606061
140 0.000040 0.008662 800.000000 10.767160
150 0.000149 0.010727 100.000000 10.204082
150 0.000103 0.014282 200.000000 11.627907
150 0.000053 0.011854 300.000000 10.909091
150 0.000039 0.009893 400.000000 10.840109
150 0.000030 0.007784 500.000000 10.775862
150 0.000033 0.007636 600.000000 10.398614
150 0.000036 0.008084 700.000000 10.638298
150 0.000041 0.009276 800.000000 10.752688
160 0.000168 0.012195 100.000000 10.309278
160 0.000107 0.014883 200.000000 11.560694
160 0.000053 0.011959 300.000000 10.869565
160 0.000041 0.010017 400.000000 10.781672
160 0.000033 0.007983 500.000000 10.752688
160 0.000034 0.008001 600.000000 10.380623
160 0.000039 0.008570 700.000000 10.670732
160 0.000041 0.009671 800.000000 10.752688
170 0.000153 0.014306 100.000000 10.638298
170 0.000101 0.015341 200.000000 11.494253
170 0.000052 0.011513 300.000000 10.830325
170 0.000034 0.009361 400.000000 10.752688
170 0.000032 0.007598 500.000000 10.729613
170 0.000036 0.007737 600.000000 10.380623
170 0.000039 0.008248 700.000000 10.703364
170 0.000042 0.009149 800.000000 10.767160
180 0.000145 0.015897 100.000000 10.989011
180 0.000086 0.015682 200.000000 11.428572
180 0.000048 0.011230 300.000000 10.869565
180 0.000030 0.009206 400.000000 10.752688
180 0.000023 0.007698 500.000000 10.683761
180 0.000033 0.007869 600.000000 10.398614
180 0.000037 0.008199 700.000000 10.736197
180 0.000040 0.008912 800.000000 10.767160
190 0.000126 0.015342 100.000000 11.494253
190 0.000071 0.014769 200.000000 11.494253
190 0.000042 0.009680 300.000000 10.909091
190 0.000031 0.007844 400.000000 10.810811
190 0.000023 0.006794 500.000000 10.638298
190 0.000031 0.007021 600.000000 10.434783
190 0.000036 0.007180 700.000000 10.785825
190 0.000040 0.007948 800.000000 10.752688
200 0.000120 0.015069 100.000000 12.195122
200 0.000063 0.014244 200.000000 11.560694
200 0.000041 0.008958 300.000000 11.029411
200 0.000029 0.007286 400.000000 10.869565
200 0.000021 0.006650 500.000000 10.638298
200 0.000030 0.006718 600.000000 10.507881
200 0.000036 0.006789 700.000000 10.819165
200 0.000040 0.007676 800.000000 10.723861
210 0.000105 0.015836 100.000000 12.820513
210 0.000056 0.013613 200.000000 11.695907
210 0.000043 0.008297 300.000000 11.111111
210 0.000021 0.006955 400.000000 10.928962
210 0.000022 0.006775 500.000000 10.615711
210 0.000030 0.006509 600.000000 10.563380
210 0.000038 0.006491 700.000000 10.852714
210 0.000040 0.007581 800.000000 10.709505
220 0.000111 0.015950 100.000000 13.333333
220 0.000048 0.013080 200.000000 11.695907
220 0.000046 0.007785 300.000000 11.194030
220 0.000025 0.006810 400.000000 10.989011
220 0.000023 0.006843 500.000000 10.593221
220 0.000029 0.006281 600.000000 10.619469
220 0.000036 0.006402 700.000000 10.852714
220 0.000040 0.007689 800.000000 10.666667
230 0.000098 0.017101 100.000000 13.698630
230 0.000041 0.012663 200.000000 11.560694
230 0.000041 0.007842 300.000000 11.194030
230 0.000027 0.007386 400.000000 10.989011
230 0.000024 0.007566 500.000000 10.548523
230 0.000031 0.006413 600.000000 10.657193
230 0.000035 0.006233 700.000000 10.852714
230 0.000037 0.007365 800.000000 10.582010
240 0.000091 0.020022 100.000000 13.513514
240 0.000048 0.012669 200.000000 11.428572
240 0.000046 0.008833 300.000000 11.152416
240 0.000031 0.008944 400.000000 10.958904
240 0.000025 0.009210 500.000000 10.460251
240 0.000030 0.007275 600.000000 10.676157
240 0.000036 0.006609 700.000000 10.835914
240 0.000037 0.007506 800.000000 10.498688
250 0.000100 0.022015 100.000000 13.157895
250 0.000058 0.012992 200.000000 11.173184
250 0.000041 0.010696 300.000000 10.989011
250 0.000037 0.010614 400.000000 10.869565
250 0.000030 0.010956 500.000000 10.395010
250 0.000030 0.008360 600.000000 10.695188
250 0.000037 0.007726 700.000000 10.819165
250 0.000037 0.008378 800.000000 10.430247
260 0.000079 0.021069 100.000000 12.500000
260 0.000045 0.012195 200.000000 10.928962
260 0.000035 0.010785 300.000000 10.791367
260 0.000031 0.010308 400.000000 10.752688
260 0.000027 0.010530 500.000000 10.309278
260 0.000028 0.007858 600.000000 10.676157
260 0.000033 0.007325 700.000000 10.769231
260 0.000033 0.007770 800.000000 10.376135
270 0.000047 0.020417 100.000000 11.627907
270 0.000040 0.010952 200.000000 10.695188
270 0.000030 0.009727 300.000000 10.600707
270 0.000024 0.009313 400.000000 10.526316
270 0.000019 0.009229 500.000000 10.245902
270 0.000026 0.006819 600.000000 10.657193
270 0.000030 0.006322 700.000000 10.703364
270 0.000032 0.006556 800.000000 10.309278
280 0.000046 0.016841 100.000000 10.869565
280 0.000045 0.010201 200.000000 10.471204
280 0.000033 0.009479 300.000000 10.452962
280 0.000024 0.009217 400.000000 10.282776
280 0.000022 0.008669 500.000000 10.183299
280 0.000029 0.006506 600.000000 10.600707
280 0.000035 0.006164 700.000000 10.542169
280 0.000034 0.006164 800.000000 10.243278
290 0.000050 0.013845 100.000000 10.416667
290 0.000035 0.009515 200.000000 10.309278
290 0.000033 0.009122 300.000000 10.344828
290 0.000020 0.008940 400.000000 10.101010
290 0.000021 0.008000 500.000000 10.162601
290 0.000031 0.006224 600.000000 10.526316
290 0.000038 0.005931 700.000000 10.385756
290 0.000033 0.005509 800.000000 10.191083
300 0.000064 0.012902 100.000000 9.900990
300 0.000048 0.009527 200.000000 10.204082
300 0.000035 0.008936 300.000000 10.273973
300 0.000020 0.008668 400.000000 9.950249
300 0.000019 0.007475 500.000000 10.162601
300 0.000026 0.006159 600.000000 10.471204
300 0.000035 0.006205 700.000000 10.248902
300 0.000032 0.005608 800.000000 10.139417
310 0.000081 0.012746 100.000000 9.708738
310 0.000064 0.009411 200.000000 10.152285
310 0.000039 0.008920 300.000000 10.238908
310 0.000025 0.008950 400.000000 9.876543
310 0.000024 0.007281 500.000000 10.204082
310 0.000028 0.006311 600.000000 10.452962
310 0.000034 0.006588 700.000000 10.159652
310 0.000034 0.006243 800.000000 10.050251
320 0.000078 0.012321 100.000000 9.615385
320 0.000051 0.009030 200.000000 10.101010
320 0.000040 0.008034 300.000000 10.238908
320 0.000024 0.008340 400.000000 9.828010
320 0.000019 0.006600 500.000000 10.245902
320 0.000027 0.006034 600.000000 10.452962
320 0.000030 0.006411 700.000000 10.115607
320 0.000032 0.006358 800.000000 9.962640
330 0.000083 0.011633 100.000000 9.523809
330 0.000048 0.009012 200.000000 10.050251
330 0.000045 0.007747 300.000000 10.238908
330 0.000026 0.008614 400.000000 9.852217
330 0.000021 0.006466 500.000000 10.309278
330 0.000028 0.006110 600.000000 10.489511
330 0.000030 0.006585 700.000000 10.115607
330 0.000029 0.006666 800.000000 9.925558
340 0.000073 0.009493 100.000000 9.615385
340 0.000052 0.006862 200.000000 10.000000
340 0.000037 0.005688 300.000000 10.238908
340 0.000022 0.006784 400.000000 9.852217
340 0.000021 0.004820 500.000000 10.373444
340 0.000028 0.004755 600.000000 10.507881
340 0.000026 0.005614 700.000000 10.115607
340 0.000026 0.006390 800.000000 9.913259
350 0.000074 0.008947 100.000000 9.708738
350 0.000047 0.006335 200.000000 10.050251
350 0.000034 0.005651 300.000000 10.204082
350 0.000022 0.006602 400.000000 9.900990
350 0.000021 0.004528 500.000000 10.438414
350 0.000029 0.004493 600.000000 10.526316
350 0.000029 0.005266 700.000000 10.130246
350 0.000027 0.006352 800.000000 9.925558
360 0.000088 0.009023 100.000000 9.803922
360 0.000048 0.006536 200.000000 10.101010
360 0.000033 0.006091 300.000000 10.135135
360 0.000020 0.006634 400.000000 9.950249
360 0.000024 0.004553 500.000000 10.482181
360 0.000031 0.004440 600.000000 10.507881
360 0.000031 0.004879 700.000000 10.130246
360 0.000030 0.006040 800.000000 9.937888
370 0.000073 0.007905 100.000000 9.900990
370 0.000040 0.005602 200.000000 10.152285
370 0.000031 0.005347 300.000000 10.033444
370 0.000019 0.005589 400.000000 10.000000
370 0.000024 0.003894 500.000000 10.526316
370 0.000035 0.003871 600.000000 10.452962
370 0.000032 0.004571 700.000000 10.130246
370 0.000030 0.006013 800.000000 9.950249
380 0.000062 0.006836 100.000000 10.000000
380 0.000038 0.004662 200.000000 10.204082
380 0.000024 0.004601 300.000000 9.966778
380 0.000019 0.004669 400.000000 10.050251
380 0.000032 0.003555 500.000000 10.526316
380 0.000037 0.004047 600.000000 10.380623
380 0.000032 0.004607 700.000000 10.144928
380 0.000029 0.006032 800.000000 9.962640
390 0.000066 0.005842 100.000000 10.204082
390 0.000032 0.003924 200.000000 10.309278
390 0.000021 0.004454 300.000000 9.933775
390 0.000023 0.004080 400.000000 10.101010
390 0.000032 0.003318 500.000000 10.526316
390 0.000039 0.004347 600.000000 10.344828
390 0.000033 0.004821 700.000000 10.144928
390 0.000032 0.006291 800.000000 9.975062
400 0.000051 0.004668 100.000000 10.309278
400 0.000021 0.003535 200.000000 10.362695
400 0.000018 0.004537 300.000000 9.900990
400 0.000027 0.003650 400.000000 10.204082
400 0.000034 0.003184 500.000000 10.548523
400 0.000040 0.004625 600.000000 10.273973
400 0.000036 0.005358 700.000000 10.144928
400 0.000031 0.006806 800.000000 10.000000
410 0.000048 0.005818 100.000000 10.416667
410 0.000020 0.004733 200.000000 10.471204
410 0.000015 0.005501 300.000000 9.900990
410 0.000027 0.004168 400.000000 10.282776
410 0.000037 0.003460 500.000000 10.570825
410 0.000039 0.004463 600.000000 10.221465
410 0.000038 0.005640 700.000000 10.101010
410 0.000032 0.006922 800.000000 10.025063
420 0.000049 0.003773 100.000000 10.526316
420 0.000022 0.003226 200.000000 10.471204
420 0.000018 0.004345 300.000000 9.868421
420 0.000027 0.003409 400.000000 10.362695
420 0.000035 0.003506 500.000000 10.615711
420 0.000032 0.005048 600.000000 10.186757
420 0.000035 0.006666 700.000000 10.014306
420 0.000027 0.007283 800.000000 10.062893
430 0.000034 0.002225 100.000000 10.416667
430 0.000026 0.003346 200.000000 10.526316
430 0.000015 0.004575 300.000000 9.868421
430 0.000024 0.003445 400.000000 10.443864
430 0.000033 0.003500 500.000000 10.638298
430 0.000033 0.005091 600.000000 10.186757
430 0.000029 0.006810 700.000000 9.971510
430 0.000026 0.007249 800.000000 10.088272
440 0.000034 0.001751 100.000000 10.309278
440 0.000023 0.003517 200.000000 10.526316
440 0.000020 0.004856 300.000000 9.900990
440 0.000027 0.003686 400.000000 10.526316
440 0.000036 0.003835 500.000000 10.683761
440 0.000032 0.005604 600.000000 10.186757
440 0.000029 0.007397 700.000000 9.943182
440 0.000027 0.007779 800.000000 10.126582
450 0.000031 0.003756 100.000000 10.309278
450 0.000017 0.004472 200.000000 10.416667
450 0.000022 0.005381 300.000000 9.933775
450 0.000026 0.004344 400.000000 10.582010
450 0.000035 0.004375 500.000000 10.683761
450 0.000034 0.005402 600.000000 10.186757
450 0.000031 0.007266 700.000000 9.943182
450 0.000027 0.007993 800.000000 10.152285
460 0.000024 0.004201 100.000000 10.309278
460 0.000020 0.004602 200.000000 10.256411
460 0.000019 0.005454 300.000000 9.933775
460 0.000033 0.004329 400.000000 10.638298
460 0.000037 0.004634 500.000000 10.638298
460 0.000036 0.005550 600.000000 10.169492
460 0.000034 0.007550 700.000000 9.943182
460 0.000026 0.008356 800.000000 10.178117
470 0.000012 0.005138 100.000000 10.309278
470 0.000015 0.005927 200.000000 10.050251
470 0.000025 0.005766 300.000000 9.966778
470 0.000041 0.004890 400.000000 10.638298
470 0.000043 0.005619 500.000000 10.526316
470 0.000039 0.005972 600.000000 10.152285
470 0.000034 0.007713 700.000000 9.929078
470 0.000028 0.008998 800.000000 10.204082
480 0.000029 0.004907 100.000000 10.309278
480 0.000019 0.005937 200.000000 9.852217
480 0.000026 0.005756 300.000000 10.000000
480 0.000043 0.004937 400.000000 10.610080
480 0.000046 0.005886 500.000000 10.416667
480 0.000038 0.005930 600.000000 10.135135
480 0.000035 0.007583 700.000000 9.929078
480 0.000027 0.009312 800.000000 10.243278
490 0.000029 0.004960 100.000000 10.204082
490 0.000006 0.006432 200.000000 9.708738
490 0.000033 0.005763 300.000000 10.067114
490 0.000043 0.005277 400.000000 10.582010
490 0.000048 0.006586 500.000000 10.309278
490 0.000039 0.006434 600.000000 10.101010
490 0.000035 0.008016 700.000000 9.929078
490 0.000027 0.009952 800.000000 10.269576
500 0.000032 0.005053 100.000000 10.309278
500 0.000006 0.006771 200.000000 9.615385
500 0.000037 0.005635 300.000000 10.135135
500 0.000042 0.005147 400.000000 10.582010
500 0.000045 0.006095 500.000000 10.183299
500 0.000043 0.006716 600.000000 10.050251
500 0.000035 0.008288 700.000000 9.943182
500 0.000028 0.010244 800.000000 10.309278
510 0.000013 0.004910 100.000000 10.309278
510 0.000020 0.006308 200.000000 9.523809
510 0.000038 0.005328 300.000000 10.204082
510 0.000047 0.005289 400.000000 10.582010
510 0.000045 0.006369 500.000000 10.101010
510 0.000042 0.007975 600.000000 9.950249
510 0.000036 0.008896 700.000000 9.971510
510 0.000027 0.010711 800.000000 10.335917
520 0.000018 0.005810 100.000000 10.416667
520 0.000026 0.006293 200.000000 9.523809
520 0.000040 0.004576 300.000000 10.344828
520 0.000046 0.004666 400.000000 10.638298
520 0.000047 0.006326 500.000000 10.101010
520 0.000040 0.008570 600.000000 9.884679
520 0.000033 0.009181 700.000000 10.000000
520 0.000028 0.010896 800.000000 10.389610
530 0.000038 0.006153 100.000000 10.526316
530 0.000024 0.006828 200.000000 9.569378
530 0.000036 0.004610 300.000000 10.452962
530 0.000045 0.004170 400.000000 10.695188
530 0.000043 0.006030 500.000000 10.121457
530 0.000037 0.008212 600.000000 9.852217
530 0.000033 0.008932 700.000000 10.043041
530 0.000027 0.010674 800.000000 10.443864
540 0.000018 0.006659 100.000000 10.526316
540 0.000036 0.006528 200.000000 9.661836
540 0.000044 0.005291 300.000000 10.563380
540 0.000049 0.005501 400.000000 10.752688
540 0.000043 0.007198 500.000000 10.121457
540 0.000037 0.009390 600.000000 9.852217
540 0.000036 0.009928 700.000000 10.086455
540 0.000026 0.011500 800.000000 10.484928
550 0.000014 0.006120 100.000000 10.309278
550 0.000038 0.006228 200.000000 9.708738
550 0.000048 0.005231 300.000000 10.676157
550 0.000050 0.005707 400.000000 10.752688
550 0.000046 0.007282 500.000000 10.121457
550 0.000038 0.009496 600.000000 9.868421
550 0.000032 0.010169 700.000000 10.130246
550 0.000026 0.011585 800.000000 10.526316
560 0.000016 0.006481 100.000000 9.803922
560 0.000037 0.006448 200.000000 9.708738
560 0.000053 0.005580 300.000000 10.714286
560 0.000053 0.006402 400.000000 10.638298
560 0.000048 0.007561 500.000000 10.101010
560 0.000038 0.009773 600.000000 9.852217
560 0.000030 0.010651 700.000000 10.159652
560 0.000026 0.011987 800.000000 10.554090
570 0.000035 0.006803 100.000000 9.523809
570 0.000048 0.006128 200.000000 9.756098
570 0.000060 0.005916 300.000000 10.676157
570 0.000060 0.007399 400.000000 10.498688
570 0.000047 0.008285 500.000000 10.080646
570 0.000040 0.010007 600.000000 9.852217
570 0.000031 0.011262 700.000000 10.189228
570 0.000025 0.012142 800.000000 10.596026
580 0.000031 0.008123 100.000000 9.259259
580 0.000060 0.006334 200.000000 9.852217
580 0.000070 0.006464 300.000000 10.676157
580 0.000066 0.008547 400.000000 10.362695
580 0.000051 0.009041 500.000000 10.060362
580 0.000045 0.010763 600.000000 9.852217
580 0.000031 0.012506 700.000000 10.233918
580 0.000028 0.013163 800.000000 10.624170
590 0.000043 0.008110 100.000000 9.009009
590 0.000058 0.006135 200.000000 9.950249
590 0.000060 0.006670 300.000000 10.638298
590 0.000062 0.008767 400.000000 10.204082
590 0.000051 0.009174 500.000000 10.020041
590 0.000041 0.010574 600.000000 9.852217
590 0.000029 0.012263 700.000000 10.263929
590 0.000025 0.012524 800.000000 10.652463
600 0.000047 0.008064 100.000000 8.849558
600 0.000059 0.006099 200.000000 10.050251
600 0.000066 0.006701 300.000000 10.600707
600 0.000057 0.008508 400.000000 10.075566
600 0.000052 0.009880 500.000000 9.920635
600 0.000041 0.010934 600.000000 9.868421
600 0.000030 0.012598 700.000000 10.294118
600 0.000025 0.012734 800.000000 10.695188
610 0.000050 0.007692 100.000000 8.695652
610 0.000058 0.005903 200.000000 10.152285
610 0.000061 0.006488 300.000000 10.638298
610 0.000055 0.008345 400.000000 10.000000
610 0.000048 0.010607 500.000000 9.803922
610 0.000040 0.011100 600.000000 9.900990
610 0.000029 0.012824 700.000000 10.339734
610 0.000026 0.012974 800.000000 10.723861
620 0.000045 0.008271 100.000000 8.695652
620 0.000057 0.006199 200.000000 10.309278
620 0.000059 0.006539 300.000000 10.676157
620 0.000054 0.008441 400.000000 10.000000
620 0.000043 0.010794 500.000000 9.727627
620 0.000036 0.011209 600.000000 9.933775
620 0.000032 0.013024 700.000000 10.385756
620 0.000025 0.013217 800.000000 10.767160
630 0.000059 0.008933 100.000000 8.771930
630 0.000063 0.006313 200.000000 10.471204
630 0.000064 0.006564 300.000000 10.752688
630 0.000054 0.008956 400.000000 10.000000
630 0.000045 0.011465 500.000000 9.708738
630 0.000038 0.011767 600.000000 9.983361
630 0.000032 0.013465 700.000000 10.447762
630 0.000024 0.013615 800.000000 10.810811
640 0.000086 0.009253 100.000000 8.928572
640 0.000067 0.006595 200.000000 10.638298
640 0.000067 0.006852 300.000000 10.830325
640 0.000058 0.009415 400.000000 10.025063
640 0.000048 0.012120 500.000000 9.727627
640 0.000040 0.012720 600.000000 10.033444
640 0.000032 0.014257 700.000000 10.494753
640 0.000027 0.014310 800.000000 10.869565
650 0.000086 0.009562 100.000000 9.174312
650 0.000079 0.007341 200.000000 10.869565
650 0.000074 0.007849 300.000000 10.869565
650 0.000063 0.010262 400.000000 10.075566
650 0.000052 0.012823 500.000000 9.765625
650 0.000039 0.013376 600.000000 10.101010
650 0.000031 0.014667 700.000000 10.574018
650 0.000026 0.014662 800.000000 10.928962
660 0.000089 0.009590 100.000000 9.433962
660 0.000088 0.007962 200.000000 11.111111
660 0.000076 0.008510 300.000000 10.869565
660 0.000065 0.010674 400.000000 10.126582
660 0.000050 0.013267 500.000000 9.823183
660 0.000038 0.013994 600.000000 10.186757
660 0.000032 0.015252 700.000000 10.638298
660 0.000028 0.015287 800.000000 11.004127
670 0.000098 0.009152 100.000000 9.803922
670 0.000094 0.007970 200.000000 11.299435
670 0.000080 0.008953 300.000000 10.830325
670 0.000064 0.010778 400.000000 10.178117
670 0.000053 0.013109 500.000000 9.881423
670 0.000040 0.014384 600.000000 10.256411
670 0.000033 0.015423 700.000000 10.719755
670 0.000028 0.015540 800.000000 11.065007
680 0.000102 0.008002 100.000000 10.101010
680 0.000098 0.007659 200.000000 11.363636
680 0.000084 0.009129 300.000000 10.791367
680 0.000067 0.010654 400.000000 10.230179
680 0.000053 0.013005 500.000000 9.920635
680 0.000040 0.014778 600.000000 10.344828
680 0.000033 0.015646 700.000000 10.785825
680 0.000029 0.015789 800.000000 11.142061
690 0.000100 0.006738 100.000000 10.526316
690 0.000092 0.007130 200.000000 11.494253
690 0.000085 0.009101 300.000000 10.714286
690 0.000063 0.010217 400.000000 10.256411
690 0.000056 0.012662 500.000000 9.960159
690 0.000041 0.014847 600.000000 10.416667
690 0.000034 0.015587 700.000000 10.852714
690 0.000029 0.015781 800.000000 11.204482
700 0.000095 0.006269 100.000000 10.869565
700 0.000084 0.006641 200.000000 11.560694
700 0.000079 0.008668 300.000000 10.600707
700 0.000063 0.009851 400.000000 10.282776
700 0.000050 0.012058 500.000000 10.020041
700 0.000038 0.014232 600.000000 10.489511
700 0.000032 0.014643 700.000000 10.920437
700 0.000027 0.015021 800.000000 11.267606
710 0.000096 0.005356 100.000000 11.363636
710 0.000085 0.006208 200.000000 11.695907
710 0.000075 0.008468 300.000000 10.526316
710 0.000065 0.010431 400.000000 10.230179
710 0.000051 0.012431 500.000000 10.080646
710 0.000039 0.014564 600.000000 10.563380
710 0.000032 0.014871 700.000000 10.989011
710 0.000028 0.015370 800.000000 11.331445
720 0.000086 0.003824 100.000000 11.764706
720 0.000077 0.004619 200.000000 11.834319
720 0.000072 0.007696 300.000000 10.489511
720 0.000059 0.010665 400.000000 10.126582
720 0.000048 0.011940 500.000000 10.121457
720 0.000037 0.013945 600.000000 10.619469
720 0.000030 0.014202 700.000000 11.041010
720 0.000027 0.014544 800.000000 11.396011
730 0.000065 0.002852 100.000000 12.195122
730 0.000072 0.003551 200.000000 11.904762
730 0.000065 0.006877 300.000000 10.452962
730 0.000054 0.010312 400.000000 10.000000
730 0.000044 0.011199 500.000000 10.183299
730 0.000036 0.013389 600.000000 10.695188
730 0.000032 0.013802 700.000000 11.093502
730 0.000028 0.014287 800.000000 11.444921
740 0.000074 0.001843 100.000000 12.658228
740 0.000077 0.002474 200.000000 11.976048
740 0.000067 0.006976 300.000000 10.416667
740 0.000051 0.010433 400.000000 9.950249
740 0.000044 0.011283 500.000000 10.224949
740 0.000033 0.013407 600.000000 10.733453
740 0.000030 0.013719 700.000000 11.146497
740 0.000027 0.014352 800.000000 11.494253
750 0.000067 0.003136 100.000000 12.987013
750 0.000064 0.003461 200.000000 11.976048
750 0.000061 0.005832 300.000000 10.416667
750 0.000053 0.010029 400.000000 9.925558
750 0.000048 0.011546 500.000000 10.266940
750 0.000041 0.013823 600.000000 10.791367
750 0.000033 0.014353 700.000000 11.182109
750 0.000031 0.015419 800.000000 11.544011
760 0.000079 0.002173 100.000000 13.157895
760 0.000066 0.003482 200.000000 11.834319
760 0.000061 0.006572 300.000000 10.344828
760 0.000053 0.010473 400.000000 9.900990
760 0.000041 0.011657 500.000000 10.288066
760 0.000036 0.013436 600.000000 10.830325
760 0.000031 0.013752 700.000000 11.217949
760 0.000028 0.014810 800.000000 11.577424
770 0.000096 0.002550 100.000000 12.987013
770 0.000072 0.004468 200.000000 11.363636
770 0.000059 0.006699 300.000000 10.273973
770 0.000050 0.010029 400.000000 9.852217
770 0.000041 0.011796 500.000000 10.330579
770 0.000035 0.013215 600.000000 10.849910
770 0.000028 0.013543 700.000000 11.254020
770 0.000026 0.014713 800.000000 11.611031
780 0.000104 0.003659 100.000000 12.658228
780 0.000081 0.005641 200.000000 10.928962
780 0.000061 0.006940 300.000000 10.169492
780 0.000051 0.009996 400.000000 9.828010
780 0.000040 0.012525 500.000000 10.351967
780 0.000034 0.013371 600.000000 10.869565
780 0.000029 0.013780 700.000000 11.272141
780 0.000029 0.015093 800.000000 11.627907
790 0.000082 0.003939 100.000000 12.048193
790 0.000087 0.006181 200.000000 10.416667
790 0.000063 0.007029 300.000000 10.033444
790 0.000052 0.009857 400.000000 9.779951
790 0.000041 0.012440 500.000000 10.373444
790 0.000035 0.012836 600.000000 10.889292
790 0.000029 0.013481 700.000000 11.290322
790 0.000028 0.014992 800.000000 11.644833
800 0.000070 0.005272 100.000000 11.764706
800 0.000071 0.006738 200.000000 9.950249
800 0.000063 0.008139 300.000000 9.740260
800 0.000052 0.009903 400.000000 9.756098
800 0.000037 0.012198 500.000000 10.373444
800 0.000032 0.012385 600.000000 10.889292
800 0.000029 0.013002 700.000000 11.308562
800 0.000030 0.014606 800.000000 11.611031
810 0.000087 0.004769 100.000000 11.363636
810 0.000072 0.007798 200.000000 9.661836
810 0.000063 0.010433 300.000000 9.404388
810 0.000049 0.011010 400.000000 9.732360
810 0.000039 0.013244 500.000000 10.395010
810 0.000035 0.013406 600.000000 10.889292
810 0.000030 0.013942 700.000000 11.308562
810 0.000032 0.015263 800.000000 11.510792
820 0.000073 0.005905 100.000000 11.111111
820 0.000070 0.007730 200.000000 9.478673
820 0.000060 0.010960 300.000000 9.202454
820 0.000053 0.011746 400.000000 9.708738
820 0.000043 0.014106 500.000000 10.395010
820 0.000036 0.014356 600.000000 10.909091
820 0.000033 0.015328 700.000000 11.326860
820 0.000042 0.016583 800.000000 11.267606
830 0.000068 0.006246 100.000000 10.752688
830 0.000069 0.007266 200.000000 9.345795
830 0.000059 0.010722 300.000000 9.118541
830 0.000051 0.011578 400.000000 9.732360
830 0.000043 0.013547 500.000000 10.416667
830 0.000036 0.013744 600.000000 10.909091
830 0.000033 0.014962 700.000000 11.345219
830 0.000036 0.015941 800.000000 11.111111
840 0.000082 0.005959 100.000000 10.204082
840 0.000061 0.006550 200.000000 9.259259
840 0.000055 0.009663 300.000000 9.090909
840 0.000048 0.010775 400.000000 9.756098
840 0.000040 0.012397 500.000000 10.438414
840 0.000033 0.012743 600.000000 10.948905
840 0.000032 0.014112 700.000000 11.382113
840 0.000034 0.014654 800.000000 11.034483
850 0.000087 0.007178 100.000000 9.708738
850 0.000061 0.006313 200.000000 9.216590
850 0.000052 0.008608 300.000000 9.090909
850 0.000046 0.010392 400.000000 9.803922
850 0.000038 0.011268 500.000000 10.504202
850 0.000031 0.011572 600.000000 11.009174
850 0.000031 0.013080 700.000000 11.419250
850 0.000036 0.013564 800.000000 10.973937
860 0.000088 0.007826 100.000000 9.433962
860 0.000053 0.005634 200.000000 9.216590
860 0.000050 0.008023 300.000000 9.118541
860 0.000046 0.010388 400.000000 9.900990
860 0.000040 0.010745 500.000000 10.570825
860 0.000031 0.011147 600.000000 11.070110
860 0.000031 0.012751 700.000000 11.494253
870 0.000107 0.009130 100.000000 9.009009
870 0.000064 0.006259 200.000000 9.174312
870 0.000057 0.008917 300.000000 9.146341
870 0.000050 0.011618 400.000000 9.975062
870 0.000040 0.011636 500.000000 10.638298
870 0.000033 0.012353 600.000000 11.131725
870 0.000032 0.014116 700.000000 11.532125
880 0.000117 0.008845 100.000000 8.620689
880 0.000071 0.007788 200.000000 9.009009
880 0.000063 0.010491 300.000000 9.174312
880 0.000053 0.013201 400.000000 10.025063
880 0.000043 0.013080 500.000000 10.683761
880 0.000036 0.013995 600.000000 11.194030
880 0.000037 0.015876 700.000000 11.570248
890 0.000088 0.010081 100.000000 8.403361
890 0.000085 0.010137 200.000000 8.733624
890 0.000057 0.010900 300.000000 9.202454
890 0.000047 0.013305 400.000000 10.101010
890 0.000044 0.013080 500.000000 10.729613
890 0.000036 0.013751 600.000000 11.235955
890 0.000037 0.015307 700.000000 11.570248
900 0.000099 0.011360 100.000000 8.264462
900 0.000072 0.012319 200.000000 8.510638
900 0.000059 0.012183 300.000000 9.259259
900 0.000052 0.014548 400.000000 10.152285
900 0.000045 0.014201 500.000000 10.775862
900 0.000038 0.014977 600.000000 11.278195
900 0.000041 0.016349 700.000000 11.419250
910 0.000096 0.011851 100.000000 8.130081
910 0.000074 0.013390 200.000000 8.403361
910 0.000062 0.012931 300.000000 9.287926
910 0.000052 0.015028 400.000000 10.204082
910 0.000044 0.014600 500.000000 10.822511
910 0.000039 0.015605 600.000000 11.320755
910 0.000054 0.017069 700.000000 11.217949
920 0.000104 0.011632 100.000000 8.130081
920 0.000072 0.014064 200.000000 8.403361
920 0.000066 0.013868 300.000000 9.345795
920 0.000055 0.015520 400.000000 10.256411
920 0.000046 0.015064 500.000000 10.893247
920 0.000040 0.016230 600.000000 11.406844
920 0.000044 0.017443 700.000000 11.128776
930 0.000112 0.011924 100.000000 8.264462
930 0.000076 0.014887 200.000000 8.474576
930 0.000066 0.014579 300.000000 9.463722
930 0.000055 0.016003 400.000000 10.389610
930 0.000045 0.015708 500.000000 10.989011
930 0.000041 0.017013 600.000000 11.494253
930 0.000042 0.017680 700.000000 11.128776
940 0.000100 0.011665 100.000000 8.403361
940 0.000072 0.014163 200.000000 8.583691
940 0.000069 0.014521 300.000000 9.615385
940 0.000055 0.015587 400.000000 10.526316
940 0.000047 0.015367 500.000000 11.111111
940 0.000044 0.016790 600.000000 11.605416
940 0.000042 0.017095 700.000000 11.146497
950 0.000091 0.008060 100.000000 8.620689
950 0.000061 0.010638 200.000000 8.733624
950 0.000068 0.012167 300.000000 9.771987
950 0.000055 0.012848 400.000000 10.666667
950 0.000044 0.012892 500.000000 11.235955
950 0.000043 0.014557 600.000000 11.718750
950 0.000045 0.015233 700.000000 11.146497
960 0.000066 0.007308 100.000000 8.849558
960 0.000060 0.009516 200.000000 8.849558
960 0.000064 0.011611 300.000000 9.933775
960 0.000050 0.011706 400.000000 10.781672
960 0.000042 0.011726 500.000000 11.363636
960 0.000041 0.013419 600.000000 11.834319
960 0.000048 0.014283 700.000000 11.146497
970 0.000037 0.007349 100.000000 9.009009
970 0.000048 0.007141 200.000000 8.968610
970 0.000059 0.009013 300.000000 10.101010
970 0.000046 0.008636 400.000000 10.928962
970 0.000039 0.008637 500.000000 11.494253
970 0.000038 0.010544 600.000000 11.952191
980 0.000032 0.006943 100.000000 9.259259
980 0.000045 0.007930 200.000000 9.174312
980 0.000055 0.010043 300.000000 10.273973
980 0.000043 0.009102 400.000000 11.080333
980 0.000038 0.009276 500.000000 11.627907
980 0.000036 0.011030 600.000000 12.072434
990 0.000039 0.008170 100.000000 9.345795
990 0.000037 0.009593 200.000000 9.345795
990 0.000044 0.011042 300.000000 10.452962
990 0.000037 0.009586 400.000000 11.235955
990 0.000033 0.009473 500.000000 11.792453
990 0.000034 0.010887 600.000000 12.195122
1000 0.000053 0.007904 100.000000 9.174312
1000 0.000043 0.007901 200.000000 9.523809
1000 0.000040 0.009546 300.000000 10.638298
1000 0.000033 0.008088 400.000000 11.396011
1000 0.000031 0.008063 500.000000 11.904762
1000 0.000034 0.009649 600.000000 12.269938
1010 0.000087 0.008841 100.000000 8.928572
1010 0.000042 0.006595 200.000000 9.661836
1010 0.000040 0.008786 300.000000 10.791367
1010 0.000041 0.007201 400.000000 11.527377
1010 0.000031 0.007352 500.000000 12.048193
1010 0.000034 0.008769 600.000000 12.295082
1020 0.000063 0.009561 100.000000 8.695652
1020 0.000047 0.006813 200.000000 9.756098
1020 0.000042 0.009117 300.000000 10.948905
1020 0.000040 0.007572 400.000000 11.627907
1020 0.000032 0.008042 500.000000 12.135922
1020 0.000040 0.009275 600.000000 12.170385
1030 0.000063 0.010965 100.000000 8.620689
1030 0.000052 0.007837 200.000000 9.900990
1030 0.000046 0.010079 300.000000 11.070110
1030 0.000041 0.008626 400.000000 11.730206
1030 0.000036 0.009270 500.000000 12.224939
1030 0.000057 0.010688 600.000000 11.952191
1040 0.000064 0.010347 100.000000 8.620689
1040 0.000060 0.007140 200.000000 10.000000
1040 0.000049 0.008828 300.000000 11.194030
1040 0.000042 0.007272 400.000000 11.834319
1040 0.000034 0.008346 500.000000 12.345679
1040 0.000050 0.010020 600.000000 11.834319
1050 0.000050 0.011389 100.000000 8.620689
1050 0.000057 0.007759 200.000000 10.152285
1050 0.000047 0.008865 300.000000 11.320755
1050 0.000039 0.007465 400.000000 11.940298
1050 0.000035 0.008628 500.000000 12.437811
1050 0.000047 0.009895 600.000000 11.764706
1060 0.000047 0.010611 100.000000 8.695652
1060 0.000053 0.008889 200.000000 10.309278
1060 0.000046 0.008988 300.000000 11.450381
1060 0.000039 0.007728 400.000000 12.048193
1060 0.000036 0.008911 500.000000 12.531328
1060 0.000045 0.009857 600.000000 11.718750
1070 0.000058 0.010102 100.000000 8.771930
1070 0.000070 0.010350 200.000000 10.471204
1070 0.000048 0.009209 300.000000 11.583012
1070 0.000037 0.008121 400.000000 12.158054
1070 0.000039 0.009538 500.000000 12.626263
1070 0.000051 0.010814 600.000000 11.627907
1080 0.000060 0.011256 100.000000 8.849558
1080 0.000072 0.012324 200.000000 10.695188
1080 0.000050 0.010404 300.000000 11.718750
1080 0.000041 0.009466 400.000000 12.307693
1080 0.000040 0.011115 500.000000 12.755102
1090 0.000067 0.010222 100.000000 9.009009
1090 0.000069 0.011478 200.000000 10.869565
1090 0.000052 0.008548 300.000000 11.904762
1090 0.000042 0.008157 400.000000 12.461060
1090 0.000042 0.009795 500.000000 12.853471
1100 0.000098 0.010074 100.000000 9.345795
1100 0.000078 0.011612 200.000000 11.173184
1100 0.000057 0.008671 300.000000 12.096774
1100 0.000046 0.008755 400.000000 12.658228
1100 0.000046 0.010681 500.000000 12.987013
1110 0.000067 0.011160 100.000000 9.803922
1110 0.000064 0.012911 200.000000 11.560694
1110 0.000050 0.010456 300.000000 12.396694
1110 0.000042 0.010018 400.000000 12.861736
1110 0.000044 0.011433 500.000000 13.157895
1120 0.000052 0.010403 100.000000 10.309278
1120 0.000051 0.012719 200.000000 11.976048
1120 0.000048 0.010766 300.000000 12.658228
1120 0.000038 0.010196 400.000000 13.114754
1120 0.000037 0.010928 500.000000 13.262600
1130 0.000044 0.007977 100.000000 10.869565
1130 0.000046 0.010929 200.000000 12.345679
1130 0.000040 0.008814 300.000000 12.931034
1130 0.000032 0.008623 400.000000 13.333333
1130 0.000033 0.009410 500.000000 13.262600
1140 0.000043 0.005499 100.000000 11.235955
1140 0.000040 0.009158 200.000000 12.658228
1140 0.000037 0.006920 300.000000 13.157895
1140 0.000030 0.007058 400.000000 13.559322
1140 0.000050 0.007702 500.000000 13.054831
1150 0.000054 0.004213 100.000000 11.627907
1150 0.000043 0.008033 200.000000 12.903226
1150 0.000036 0.005548 300.000000 13.333333
1150 0.000029 0.005914 400.000000 13.698630
1150 0.000056 0.006882 500.000000 12.820513
1160 0.000068 0.004440 100.000000 11.904762
1160 0.000050 0.008005 200.000000 13.157895
1160 0.000043 0.005782 300.000000 13.513514
1160 0.000033 0.006712 400.000000 13.840831
1160 0.000051 0.007636 500.000000 12.690355
1170 0.000073 0.006304 100.000000 12.345679
1170 0.000050 0.008261 200.000000 13.333333
1170 0.000040 0.006447 300.000000 13.698630
1170 0.000037 0.007569 400.000000 13.986014
1170 0.000050 0.008096 500.000000 12.594459
1180 0.000091 0.010960 100.000000 12.658228
1180 0.000056 0.010173 200.000000 13.605442
1180 0.000041 0.008330 300.000000 13.824884
1180 0.000043 0.009471 400.000000 14.084507
1180 0.000053 0.009649 500.000000 12.468828
1190 0.000119 0.012705 100.000000 13.157895
1190 0.000067 0.009763 200.000000 13.793103
1190 0.000051 0.008029 300.000000 14.018692
1190 0.000046 0.009571 400.000000 14.234876
1200 0.000087 0.013177 100.000000 13.513514
1200 0.000052 0.008980 200.000000 13.986014
1200 0.000038 0.007780 300.000000 14.150944
1200 0.000041 0.009037 400.000000 14.285714
1210 0.000077 0.013318 100.000000 13.698630
1210 0.000049 0.008767 200.000000 14.084507
1210 0.000040 0.007726 300.000000 14.285714
1210 0.000042 0.008939 400.000000 14.285714
1220 0.000047 0.013418 100.000000 13.888889
1220 0.000033 0.007796 200.000000 14.184397
1220 0.000029 0.007062 300.000000 14.354067
1220 0.000030 0.007606 400.000000 13.986014
1230 0.000050 0.012817 100.000000 14.084507
1230 0.000046 0.006820 200.000000 14.285714
1230 0.000026 0.006423 300.000000 14.423077
1230 0.000071 0.006232 400.000000 13.333333
1240 0.000040 0.011385 100.000000 14.285714
1240 0.000037 0.006047 200.000000 14.285714
1240 0.000024 0.005949 300.000000 14.492754
1240 0.000058 0.005857 400.000000 12.861736
1250 0.000029 0.010377 100.000000 14.285714
1250 0.000026 0.006736 200.000000 14.388489
1250 0.000027 0.007186 300.000000 14.492754
1250 0.000050 0.006268 400.000000 12.578616
1260 0.000005 0.008273 100.000000 14.285714
1260 0.000013 0.006064 200.000000 14.388489
1260 0.000023 0.006559 300.000000 14.563107
1260 0.000057 0.006287 400.000000 12.232416
1270 0.000025 0.007467 100.000000 14.285714
1270 0.000021 0.005871 200.000000 14.388489
1270 0.000023 0.006382 300.000000 14.492754
1280 0.000025 0.004664 100.000000 14.084507
1280 0.000018 0.003512 200.000000 14.388489
1280 0.000029 0.005029 300.000000 14.423077
1290 0.000027 0.003623 100.000000 14.084507
1290 0.000023 0.003466 200.000000 14.388489
1290 0.000035 0.004232 300.000000 13.953488
1300 0.000035 0.003441 100.000000 14.084507
1300 0.000025 0.003206 200.000000 14.388489
1300 0.000090 0.003184 300.000000 12.931034
1310 0.000038 0.003706 100.000000 14.084507
1310 0.000018 0.004044 200.000000 14.492754
1310 0.000066 0.004220 300.000000 12.345679
1320 0.000027 0.003809 100.000000 14.084507
1320 0.000026 0.005305 200.000000 14.492754
1320 0.000063 0.005096 300.000000 12.000000
1330 0.000030 0.004076 100.000000 14.084507
1330 0.000035 0.006144 200.000000 14.492754
1330 0.000075 0.007017 300.000000 11.538462
1340 0.000036 0.005219 100.000000 14.084507
1340 0.000035 0.007606 200.000000 14.492754
1350 0.000038 0.004635 100.000000 14.285714
1350 0.000040 0.007791 200.000000 14.285714
1360 0.000020 0.005443 100.000000 14.285714
1360 0.000032 0.005653 200.000000 13.605442
1370 0.000027 0.005189 100.000000 14.492754
1370 0.000123 0.004988 200.000000 12.269938
1380 0.000018 0.006215 100.000000 14.492754
1380 0.000101 0.006699 200.000000 11.494253
1390 0.000031 0.007645 100.000000 14.492754
1390 0.000094 0.007665 200.000000 11.049724
1400 0.000035 0.009017 100.000000 14.492754
1410 0.000046 0.009672 100.000000 14.492754
1420 0.000050 0.009157 100.000000 13.888889
1430 0.000097 0.006264 100.000000 12.195122
1440 0.000240 0.007824 100.000000 10.101010
1450 0.000202 0.008804 100.000000 9.259259
1460 0.000210 0.010768 100.000000 8.547009
