0 0.000149 0.037815 100.000000 12.195122
0 0.000077 0.021728 200.000000 15.384615
0 0.000046 0.019665 300.000000 17.543859
0 0.000039 0.019895 400.000000 19.138756
0 0.000026 0.018550 500.000000 20.325203
0 0.000021 0.018204 600.000000 21.126760
0 0.000018 0.018244 700.000000 21.806854
0 0.000016 0.017892 800.000000 22.284122
10 0.000129 0.036412 100.000000 12.987013
10 0.000066 0.020538 200.000000 16.129032
10 0.000036 0.018585 300.000000 18.181818
10 0.000027 0.018865 400.000000 19.704433
10 0.000017 0.017293 500.000000 20.833334
10 0.000015 0.017073 600.000000 21.582733
10 0.000013 0.017031 700.000000 22.222221
10 0.000012 0.016623 800.000000 22.662889
20 0.000112 0.031573 100.000000 13.888889
20 0.000052 0.016733 200.000000 16.949152
20 0.000032 0.015832 300.000000 18.867924
20 0.000019 0.016420 400.000000 20.304569
20 0.000013 0.014794 500.000000 21.367521
20 0.000012 0.014914 600.000000 22.140221
20 0.000011 0.014817 700.000000 22.653721
20 0.000011 0.014448 800.000000 23.121387
30 0.000083 0.025958 100.000000 14.925373
30 0.000025 0.013162 200.000000 17.857143
30 0.000024 0.013477 300.000000 19.607843
30 0.000018 0.014061 400.000000 21.052631
30 0.000014 0.012629 500.000000 22.026432
30 0.000011 0.013156 600.000000 22.641510
30 0.000009 0.012962 700.000000 23.178808
30 0.000010 0.012705 800.000000 23.529411
40 0.000035 0.018208 100.000000 16.129032
40 0.000018 0.008451 200.000000 18.867924
40 0.000027 0.010911 300.000000 20.408163
40 0.000029 0.011522 400.000000 21.739130
40 0.000025 0.010390 500.000000 22.624434
40 0.000020 0.011264 600.000000 23.166023
40 0.000016 0.011055 700.000000 23.648649
40 0.000019 0.011047 800.000000 23.952095
50 0.000030 0.009908 100.000000 17.241379
50 0.000032 0.009359 200.000000 19.801981
50 0.000034 0.011632 300.000000 21.276596
50 0.000035 0.012157 400.000000 22.471910
50 0.000030 0.011360 500.000000 23.148148
50 0.000024 0.011974 600.000000 23.715416
50 0.000020 0.011734 700.000000 24.054983
50 0.000024 0.011720 800.000000 24.316109
60 0.000027 0.006442 100.000000 18.518518
60 0.000033 0.012999 200.000000 20.618557
60 0.000034 0.014551 300.000000 21.897810
60 0.000031 0.013580 400.000000 22.988506
60 0.000027 0.012818 500.000000 23.696682
60 0.000022 0.012999 600.000000 24.096386
60 0.000018 0.012594 700.000000 24.475525
60 0.000024 0.012432 800.000000 24.691359
70 0.000018 0.010233 100.000000 19.230770
70 0.000041 0.016244 200.000000 21.276596
70 0.000033 0.016455 300.000000 22.556391
70 0.000032 0.014513 400.000000 23.529411
70 0.000024 0.013521 500.000000 24.154589
70 0.000024 0.013703 600.000000 24.489796
70 0.000017 0.013023 700.000000 24.822695
70 0.000025 0.012779 800.000000 25.000000
80 0.000033 0.015946 100.000000 20.408163
80 0.000040 0.018433 200.000000 21.978022
80 0.000033 0.018046 300.000000 23.255814
80 0.000032 0.015062 400.000000 24.096386
80 0.000023 0.014318 500.000000 24.509804
80 0.000022 0.014141 600.000000 24.896265
80 0.000018 0.013394 700.000000 25.089605
80 0.000028 0.013044 800.000000 25.316456
90 0.000032 0.019176 100.000000 21.276596
90 0.000039 0.019919 200.000000 22.471910
90 0.000032 0.018525 300.000000 23.809525
90 0.000033 0.015268 400.000000 24.539877
90 0.000025 0.015036 500.000000 24.875622
90 0.000021 0.014428 600.000000 25.210085
90 0.000020 0.013655 700.000000 25.362318
90 0.000033 0.013338 800.000000 25.477707
100 0.000051 0.022174 100.000000 21.739130
100 0.000046 0.020541 200.000000 23.255814
100 0.000043 0.018364 300.000000 24.390244
100 0.000038 0.015515 400.000000 24.844721
100 0.000030 0.015403 500.000000 25.252525
100 0.000024 0.014658 600.000000 25.423729
100 0.000026 0.014127 700.000000 25.547445
100 0.000036 0.013644 800.000000 25.723473
110 0.000076 0.023403 100.000000 22.222221
110 0.000048 0.020139 200.000000 23.809525
110 0.000043 0.017607 300.000000 24.793388
110 0.000037 0.015599 400.000000 25.157232
110 0.000029 0.015324 500.000000 25.510204
110 0.000025 0.014537 600.000000 25.641026
110 0.000030 0.014101 700.000000 25.830257
110 0.000036 0.013624 800.000000 25.889967
120 0.000066 0.023752 100.000000 22.727272
120 0.000042 0.020447 200.000000 24.096386
120 0.000038 0.016496 300.000000 25.210085
120 0.000026 0.014753 400.000000 25.477707
120 0.000026 0.014650 500.000000 25.773195
120 0.000018 0.013779 600.000000 25.862068
120 0.000026 0.013396 700.000000 25.925926
120 0.000032 0.012723 800.000000 25.974026
130 0.000059 0.020927 100.000000 23.255814
130 0.000034 0.019149 200.000000 24.691359
130 0.000036 0.014928 300.000000 25.423729
130 0.000023 0.014261 400.000000 25.641026
130 0.000022 0.014117 500.000000 25.906736
130 0.000019 0.013218 600.000000 25.974026
130 0.000033 0.012856 700.000000 26.119404
130 0.000034 0.012424 800.000000 26.143791
140 0.000051 0.019376 100.000000 23.809525
140 0.000047 0.017575 200.000000 25.000000
140 0.000038 0.013766 300.000000 25.641026
140 0.000027 0.013933 400.000000 25.974026
140 0.000022 0.013556 500.000000 26.041666
140 0.000021 0.012905 600.000000 26.086956
140 0.000037 0.012451 700.000000 26.217228
140 0.000037 0.012115 800.000000 26.229507
150 0.000049 0.018501 100.000000 23.809525
150 0.000039 0.016292 200.000000 25.641026
150 0.000031 0.013520 300.000000 25.862068
150 0.000023 0.014104 400.000000 26.143791
150 0.000018 0.013374 500.000000 26.178011
150 0.000023 0.013201 600.000000 26.200872
150 0.000033 0.012195 700.000000 26.315790
150 0.000033 0.011567 800.000000 26.315790
160 0.000045 0.018050 100.000000 25.000000
160 0.000027 0.014795 200.000000 25.974026
160 0.000017 0.013456 300.000000 26.086956
160 0.000018 0.013938 400.000000 26.315790
160 0.000012 0.013398 500.000000 26.315790
160 0.000022 0.013244 600.000000 26.315790
160 0.000029 0.012157 700.000000 26.415094
160 0.000029 0.011075 800.000000 26.402639
170 0.000030 0.019191 100.000000 25.641026
170 0.000027 0.013635 200.000000 26.315790
170 0.000014 0.013416 300.000000 26.315790
170 0.000015 0.013923 400.000000 26.315790
170 0.000013 0.013253 500.000000 26.455027
170 0.000030 0.012984 600.000000 26.431719
170 0.000031 0.012043 700.000000 26.415094
170 0.000029 0.010773 800.000000 26.490067
180 0.000063 0.016881 100.000000 25.641026
180 0.000052 0.011748 200.000000 26.315790
180 0.000032 0.012815 300.000000 26.548672
180 0.000028 0.012720 400.000000 26.490067
180 0.000025 0.012218 500.000000 26.455027
180 0.000042 0.011875 600.000000 26.548672
180 0.000041 0.011541 700.000000 26.515152
180 0.000035 0.010952 800.000000 26.490067
190 0.000064 0.015259 100.000000 26.315790
190 0.000042 0.012089 200.000000 26.315790
190 0.000032 0.013570 300.000000 26.548672
190 0.000025 0.012999 400.000000 26.490067
190 0.000029 0.013023 500.000000 26.455027
190 0.000040 0.011978 600.000000 26.548672
190 0.000038 0.011392 700.000000 26.515152
190 0.000036 0.010855 800.000000 26.490067
200 0.000078 0.011935 100.000000 26.315790
200 0.000032 0.011732 200.000000 26.315790
200 0.000034 0.013034 300.000000 26.548672
200 0.000024 0.012770 400.000000 26.490067
200 0.000033 0.012654 500.000000 26.455027
200 0.000040 0.011983 600.000000 26.431719
200 0.000037 0.011260 700.000000 26.515152
200 0.000036 0.011115 800.000000 26.402639
210 0.000068 0.009585 100.000000 25.641026
210 0.000021 0.011309 200.000000 26.315790
210 0.000025 0.012707 300.000000 26.315790
210 0.000021 0.012136 400.000000 26.490067
210 0.000038 0.011996 500.000000 26.455027
210 0.000039 0.011174 600.000000 26.431719
210 0.000034 0.010124 700.000000 26.415094
210 0.000038 0.009999 800.000000 26.402639
220 0.000041 0.010534 100.000000 25.641026
220 0.000017 0.014115 200.000000 26.315790
220 0.000016 0.014037 300.000000 26.315790
220 0.000019 0.014200 400.000000 26.315790
220 0.000036 0.013092 500.000000 26.455027
220 0.000037 0.011850 600.000000 26.431719
220 0.000032 0.010499 700.000000 26.415094
220 0.000033 0.010389 800.000000 26.315790
230 0.000020 0.011735 100.000000 25.641026
230 0.000019 0.014605 200.000000 26.315790
230 0.000017 0.014119 300.000000 26.315790
230 0.000026 0.014382 400.000000 26.315790
230 0.000036 0.012659 500.000000 26.455027
230 0.000034 0.011183 600.000000 26.431719
230 0.000035 0.009952 700.000000 26.415094
230 0.000032 0.010107 800.000000 26.315790
240 0.000011 0.014436 100.000000 25.641026
240 0.000012 0.016242 200.000000 25.974026
240 0.000012 0.015375 300.000000 26.315790
240 0.000027 0.015085 400.000000 26.315790
240 0.000034 0.013356 500.000000 26.315790
240 0.000031 0.011285 600.000000 26.431719
240 0.000033 0.010419 700.000000 26.315790
240 0.000030 0.010615 800.000000 26.229507
250 0.000024 0.017507 100.000000 25.641026
250 0.000010 0.017643 200.000000 25.974026
250 0.000010 0.016563 300.000000 26.315790
250 0.000034 0.015808 400.000000 26.315790
250 0.000036 0.013846 500.000000 26.315790
250 0.000027 0.011725 600.000000 26.315790
250 0.000033 0.010885 700.000000 26.315790
250 0.000028 0.011240 800.000000 26.229507
260 0.000010 0.020301 100.000000 25.641026
260 0.000013 0.017632 200.000000 25.974026
260 0.000020 0.017142 300.000000 26.315790
260 0.000038 0.015171 400.000000 26.315790
260 0.000037 0.013257 500.000000 26.315790
260 0.000032 0.011297 600.000000 26.315790
260 0.000033 0.010870 700.000000 26.315790
260 0.000029 0.011327 800.000000 26.143791
270 0.000021 0.018404 100.000000 25.641026
270 0.000021 0.016580 200.000000 25.974026
270 0.000029 0.016316 300.000000 26.315790
270 0.000042 0.013970 400.000000 26.315790
270 0.000035 0.011870 500.000000 26.315790
270 0.000037 0.010453 600.000000 26.315790
270 0.000033 0.010575 700.000000 26.217228
270 0.000030 0.011154 800.000000 26.143791
280 0.000027 0.017719 100.000000 25.641026
280 0.000018 0.015499 200.000000 25.974026
280 0.000042 0.015032 300.000000 26.315790
280 0.000044 0.012900 400.000000 26.315790
280 0.000038 0.010669 500.000000 26.315790
280 0.000041 0.009978 600.000000 26.315790
280 0.000035 0.010635 700.000000 26.217228
280 0.000029 0.011347 800.000000 26.058632
290 0.000022 0.016014 100.000000 25.641026
290 0.000023 0.015078 200.000000 25.974026
290 0.000053 0.013950 300.000000 26.315790
290 0.000049 0.011961 400.000000 26.315790
290 0.000039 0.010026 500.000000 26.315790
290 0.000040 0.009845 600.000000 26.200872
290 0.000035 0.010688 700.000000 26.119404
290 0.000028 0.011505 800.000000 26.058632
300 0.000026 0.015656 100.000000 25.641026
300 0.000029 0.016673 200.000000 25.974026
300 0.000048 0.013765 300.000000 26.315790
300 0.000044 0.011730 400.000000 26.315790
300 0.000038 0.009992 500.000000 26.315790
300 0.000037 0.009921 600.000000 26.200872
300 0.000031 0.010632 700.000000 26.119404
300 0.000026 0.010926 800.000000 26.058632
310 0.000020 0.015520 100.000000 25.641026
310 0.000038 0.015899 200.000000 25.974026
310 0.000048 0.013000 300.000000 26.086956
310 0.000041 0.010750 400.000000 26.315790
310 0.000042 0.009384 500.000000 26.178011
310 0.000038 0.009835 600.000000 26.200872
310 0.000032 0.010807 700.000000 26.022305
310 0.000025 0.011104 800.000000 26.058632
320 0.000011 0.015219 100.000000 25.641026
320 0.000056 0.015041 200.000000 25.974026
320 0.000051 0.012254 300.000000 26.086956
320 0.000042 0.009681 400.000000 26.315790
320 0.000044 0.009119 500.000000 26.178011
320 0.000036 0.010116 600.000000 26.086956
320 0.000030 0.010863 700.000000 26.022305
320 0.000024 0.011280 800.000000 26.058632
330 0.000015 0.015041 100.000000 25.641026
330 0.000076 0.013352 200.000000 25.974026
330 0.000062 0.010973 300.000000 26.086956
330 0.000046 0.008989 400.000000 26.143791
330 0.000046 0.009213 500.000000 26.178011
330 0.000039 0.010346 600.000000 26.086956
330 0.000031 0.011117 700.000000 26.022305
330 0.000023 0.011685 800.000000 26.058632
340 0.000050 0.017327 100.000000 25.641026
340 0.000074 0.012371 200.000000 25.974026
340 0.000057 0.009985 300.000000 26.086956
340 0.000050 0.008490 400.000000 26.143791
340 0.000046 0.009082 500.000000 26.178011
340 0.000038 0.010529 600.000000 25.974026
340 0.000030 0.011052 700.000000 26.022305
340 0.000027 0.011653 800.000000 26.058632
350 0.000075 0.015626 100.000000 25.641026
350 0.000077 0.011683 200.000000 25.974026
350 0.000058 0.009284 300.000000 26.086956
350 0.000051 0.008842 400.000000 26.143791
350 0.000045 0.010075 500.000000 26.041666
350 0.000037 0.011508 600.000000 25.974026
350 0.000029 0.011973 700.000000 25.925926
350 0.000027 0.012339 800.000000 26.143791
360 0.000117 0.014283 100.000000 25.641026
360 0.000079 0.010729 200.000000 25.974026
360 0.000055 0.008277 300.000000 26.086956
360 0.000058 0.008257 400.000000 26.143791
360 0.000044 0.010255 500.000000 26.041666
360 0.000034 0.011422 600.000000 25.862068
360 0.000027 0.012086 700.000000 26.022305
360 0.000027 0.012051 800.000000 26.143791
370 0.000134 0.011708 100.000000 25.641026
370 0.000086 0.009924 200.000000 25.974026
370 0.000059 0.008287 300.000000 26.086956
370 0.000055 0.009271 400.000000 25.974026
370 0.000044 0.010997 500.000000 25.906736
370 0.000033 0.011862 600.000000 25.862068
370 0.000026 0.012360 700.000000 26.022305
370 0.000024 0.012374 800.000000 26.143791
380 0.000083 0.011389 100.000000 25.641026
380 0.000052 0.009634 200.000000 25.974026
380 0.000048 0.008497 300.000000 26.086956
380 0.000041 0.009296 400.000000 25.974026
380 0.000035 0.010741 500.000000 25.906736
380 0.000025 0.011033 600.000000 25.862068
380 0.000022 0.011659 700.000000 26.022305
380 0.000020 0.011230 800.000000 26.143791
390 0.000074 0.012394 100.000000 25.641026
390 0.000044 0.009648 200.000000 25.974026
390 0.000044 0.009435 300.000000 26.086956
390 0.000037 0.010427 400.000000 25.974026
390 0.000028 0.011524 500.000000 25.773195
390 0.000020 0.011708 600.000000 25.862068
390 0.000019 0.011913 700.000000 26.022305
390 0.000021 0.011560 800.000000 26.143791
400 0.000045 0.014098 100.000000 25.641026
400 0.000018 0.011795 200.000000 25.974026
400 0.000034 0.011622 300.000000 25.862068
400 0.000025 0.012586 400.000000 25.806452
400 0.000019 0.012936 500.000000 25.773195
400 0.000011 0.013361 600.000000 25.862068
400 0.000014 0.013053 700.000000 26.119404
400 0.000016 0.012849 800.000000 26.229507
410 0.000037 0.014595 100.000000 25.641026
410 0.000024 0.012950 200.000000 25.974026
410 0.000030 0.013136 300.000000 25.862068
410 0.000022 0.013915 400.000000 25.806452
410 0.000014 0.013958 500.000000 25.773195
410 0.000009 0.014419 600.000000 25.974026
410 0.000011 0.014039 700.000000 26.119404
410 0.000016 0.013848 800.000000 26.229507
420 0.000024 0.012737 100.000000 25.641026
420 0.000033 0.012517 200.000000 25.641026
420 0.000028 0.012799 300.000000 25.862068
420 0.000024 0.013828 400.000000 25.641026
420 0.000015 0.013868 500.000000 25.773195
420 0.000013 0.014422 600.000000 25.974026
420 0.000013 0.013715 700.000000 26.119404
420 0.000018 0.013794 800.000000 26.143791
430 0.000023 0.012414 100.000000 25.641026
430 0.000035 0.013350 200.000000 25.641026
430 0.000024 0.014166 300.000000 25.641026
430 0.000017 0.014746 400.000000 25.641026
430 0.000011 0.014902 500.000000 25.773195
430 0.000011 0.014876 600.000000 25.974026
430 0.000014 0.014519 700.000000 26.119404
430 0.000020 0.014352 800.000000 26.143791
440 0.000012 0.014336 100.000000 25.641026
440 0.000026 0.014826 200.000000 25.641026
440 0.000017 0.015807 300.000000 25.641026
440 0.000012 0.016145 400.000000 25.641026
440 0.000006 0.016565 500.000000 25.773195
440 0.000008 0.016225 600.000000 26.086956
440 0.000012 0.015965 700.000000 26.119404
440 0.000021 0.015418 800.000000 26.143791
450 0.000020 0.015127 100.000000 25.000000
450 0.000027 0.015281 200.000000 25.641026
450 0.000018 0.016276 300.000000 25.641026
450 0.000012 0.016172 400.000000 25.641026
450 0.000009 0.016888 500.000000 25.773195
450 0.000009 0.016181 600.000000 26.086956
450 0.000015 0.016025 700.000000 26.119404
450 0.000023 0.015263 800.000000 26.058632
460 0.000050 0.014246 100.000000 25.000000
460 0.000033 0.015193 200.000000 25.316456
460 0.000023 0.016170 300.000000 25.423729
460 0.000012 0.015950 400.000000 25.641026
460 0.000012 0.016359 500.000000 25.906736
460 0.000014 0.015563 600.000000 26.086956
460 0.000018 0.015428 700.000000 26.119404
460 0.000027 0.014469 800.000000 25.974026
470 0.000056 0.015971 100.000000 25.000000
470 0.000026 0.017343 200.000000 25.316456
470 0.000019 0.017429 300.000000 25.423729
470 0.000009 0.017342 400.000000 25.641026
470 0.000008 0.017021 500.000000 25.906736
470 0.000014 0.016521 600.000000 26.086956
470 0.000022 0.016082 700.000000 26.119404
470 0.000025 0.014963 800.000000 25.889967
480 0.000046 0.017024 100.000000 25.000000
480 0.000028 0.018163 200.000000 25.316456
480 0.000014 0.018180 300.000000 25.423729
480 0.000007 0.018239 400.000000 25.641026
480 0.000009 0.017585 500.000000 26.041666
480 0.000014 0.017146 600.000000 26.086956
480 0.000024 0.016336 700.000000 26.119404
480 0.000027 0.015078 800.000000 25.806452
490 0.000043 0.018727 100.000000 25.000000
490 0.000024 0.019783 200.000000 25.316456
490 0.000013 0.019139 300.000000 25.423729
490 0.000009 0.019479 400.000000 25.806452
490 0.000008 0.018353 500.000000 26.041666
490 0.000014 0.018022 600.000000 26.200872
490 0.000023 0.017037 700.000000 26.022305
490 0.000024 0.015443 800.000000 25.723473
500 0.000022 0.021115 100.000000 25.000000
500 0.000015 0.021621 200.000000 25.000000
500 0.000010 0.020506 300.000000 25.423729
500 0.000004 0.020663 400.000000 25.806452
500 0.000008 0.019464 500.000000 26.041666
500 0.000013 0.018949 600.000000 26.200872
500 0.000023 0.017572 700.000000 25.925926
500 0.000019 0.015977 800.000000 25.559105
510 0.000015 0.023458 100.000000 25.000000
510 0.000011 0.022501 200.000000 25.000000
510 0.000014 0.022097 300.000000 25.423729
510 0.000007 0.021376 400.000000 25.974026
510 0.000008 0.020653 500.000000 26.178011
510 0.000017 0.019948 600.000000 26.086956
510 0.000023 0.018375 700.000000 25.830257
510 0.000017 0.016449 800.000000 25.396826
520 0.000028 0.023106 100.000000 24.390244
520 0.000015 0.021709 200.000000 25.000000
520 0.000017 0.021630 300.000000 25.641026
520 0.000008 0.020944 400.000000 25.974026
520 0.000010 0.020311 500.000000 26.178011
520 0.000022 0.019266 600.000000 26.086956
520 0.000023 0.017486 700.000000 25.735294
520 0.000018 0.015725 800.000000 25.236593
530 0.000021 0.023856 100.000000 24.390244
530 0.000020 0.021867 200.000000 25.000000
530 0.000009 0.022350 300.000000 25.641026
530 0.000005 0.021003 400.000000 25.974026
530 0.000010 0.020546 500.000000 26.178011
530 0.000023 0.019175 600.000000 26.086956
530 0.000022 0.017222 700.000000 25.641026
530 0.000017 0.015666 800.000000 25.078369
540 0.000019 0.023917 100.000000 24.390244
540 0.000018 0.021915 200.000000 25.316456
540 0.000010 0.022204 300.000000 25.862068
540 0.000009 0.020875 400.000000 26.143791
540 0.000014 0.020396 500.000000 26.178011
540 0.000023 0.018568 600.000000 25.974026
540 0.000019 0.016747 700.000000 25.454546
540 0.000015 0.015150 800.000000 24.844721
550 0.000012 0.021300 100.000000 24.390244
550 0.000021 0.021370 200.000000 25.316456
550 0.000006 0.020469 300.000000 26.086956
550 0.000009 0.019783 400.000000 26.315790
550 0.000023 0.019017 500.000000 26.178011
550 0.000028 0.017306 600.000000 25.862068
550 0.000021 0.015313 700.000000 25.362318
550 0.000016 0.013995 800.000000 24.464832
560 0.000019 0.021539 100.000000 24.390244
560 0.000026 0.021637 200.000000 25.641026
560 0.000013 0.020835 300.000000 26.086956
560 0.000015 0.020238 400.000000 26.315790
560 0.000028 0.019067 500.000000 26.178011
560 0.000029 0.017043 600.000000 25.751074
560 0.000022 0.015252 700.000000 25.179855
560 0.000016 0.013705 800.000000 24.024025
570 0.000028 0.020090 100.000000 25.000000
570 0.000010 0.021814 200.000000 25.974026
570 0.000010 0.020313 300.000000 26.315790
570 0.000015 0.020106 400.000000 26.315790
570 0.000029 0.018393 500.000000 26.178011
570 0.000027 0.016306 600.000000 25.641026
570 0.000021 0.014692 700.000000 25.000000
570 0.000017 0.013013 800.000000 23.598820
580 0.000023 0.019737 100.000000 25.000000
580 0.000012 0.020705 200.000000 25.974026
580 0.000016 0.019116 300.000000 26.315790
580 0.000021 0.018621 400.000000 26.490067
580 0.000033 0.016712 500.000000 26.041666
580 0.000025 0.014870 600.000000 25.531916
580 0.000020 0.013384 700.000000 24.734982
580 0.000019 0.011723 800.000000 23.054754
590 0.000032 0.020909 100.000000 25.641026
590 0.000013 0.019773 200.000000 26.315790
590 0.000017 0.018870 300.000000 26.548672
590 0.000030 0.017948 400.000000 26.315790
590 0.000036 0.016023 500.000000 26.041666
590 0.000027 0.013951 600.000000 25.316456
590 0.000020 0.012672 700.000000 24.305555
590 0.000021 0.011048 800.000000 22.662889
600 0.000027 0.021168 100.000000 25.641026
600 0.000014 0.019428 200.000000 26.315790
600 0.000022 0.018697 300.000000 26.548672
600 0.000039 0.017301 400.000000 26.315790
600 0.000037 0.015165 500.000000 25.773195
600 0.000028 0.013444 600.000000 25.104603
600 0.000020 0.011988 700.000000 23.809525
600 0.000021 0.010703 800.000000 22.222221
610 0.000012 0.022396 100.000000 25.641026
610 0.000020 0.018445 200.000000 26.666666
610 0.000029 0.018284 300.000000 26.548672
610 0.000042 0.016395 400.000000 26.143791
610 0.000036 0.014414 500.000000 25.641026
610 0.000029 0.013162 600.000000 24.793388
610 0.000024 0.011571 700.000000 23.178808
610 0.000022 0.011044 800.000000 21.798365
620 0.000030 0.019610 100.000000 26.315790
620 0.000032 0.017067 200.000000 26.666666
620 0.000041 0.016697 300.000000 26.548672
620 0.000047 0.014683 400.000000 25.974026
620 0.000035 0.013100 500.000000 25.380711
620 0.000026 0.012020 600.000000 24.390244
620 0.000025 0.010589 700.000000 22.653721
620 0.000023 0.010817 800.000000 21.505377
630 0.000054 0.015637 100.000000 26.315790
630 0.000043 0.015001 200.000000 26.666666
630 0.000054 0.014674 300.000000 26.315790
630 0.000056 0.013139 400.000000 25.806452
630 0.000041 0.011748 500.000000 25.000000
630 0.000030 0.011271 600.000000 23.904383
630 0.000028 0.010453 700.000000 22.082020
630 0.000025 0.011074 800.000000 21.164021
640 0.000038 0.015313 100.000000 26.315790
640 0.000043 0.015390 200.000000 26.666666
640 0.000060 0.014562 300.000000 26.086956
640 0.000052 0.012945 400.000000 25.477707
640 0.000039 0.011830 500.000000 24.752476
640 0.000028 0.010847 600.000000 23.166023
640 0.000025 0.010498 700.000000 21.538462
640 0.000027 0.010815 800.000000 20.725389
650 0.000025 0.014939 100.000000 26.315790
650 0.000036 0.016593 200.000000 26.315790
650 0.000057 0.014758 300.000000 25.862068
650 0.000042 0.012940 400.000000 25.157232
650 0.000031 0.012024 500.000000 24.271845
650 0.000025 0.010604 600.000000 22.471910
650 0.000024 0.010411 700.000000 21.084337
650 0.000026 0.010200 800.000000 20.304569
660 0.000037 0.016544 100.000000 26.315790
660 0.000056 0.016810 200.000000 25.974026
660 0.000056 0.014609 300.000000 25.641026
660 0.000040 0.013126 400.000000 24.844721
660 0.000027 0.012226 500.000000 23.809525
660 0.000028 0.010859 600.000000 21.818182
660 0.000026 0.011086 700.000000 20.771513
660 0.000022 0.010736 800.000000 19.851116
670 0.000054 0.017736 100.000000 25.641026
670 0.000066 0.016097 200.000000 25.974026
670 0.000064 0.014295 300.000000 25.210085
670 0.000040 0.012818 400.000000 24.390244
670 0.000028 0.012111 500.000000 23.041475
670 0.000029 0.010843 600.000000 21.201414
670 0.000029 0.010978 700.000000 20.348837
670 0.000018 0.010466 800.000000 19.417477
680 0.000066 0.018559 100.000000 25.641026
680 0.000074 0.016355 200.000000 25.641026
680 0.000058 0.014156 300.000000 24.793388
680 0.000039 0.012971 400.000000 23.952095
680 0.000027 0.011712 500.000000 22.222221
680 0.000028 0.011028 600.000000 20.689655
680 0.000030 0.010827 700.000000 19.886364
680 0.000014 0.010025 800.000000 19.093079
690 0.000044 0.019679 100.000000 25.641026
690 0.000064 0.016217 200.000000 25.316456
690 0.000039 0.014262 300.000000 24.390244
690 0.000028 0.013197 400.000000 23.529411
690 0.000025 0.011249 500.000000 21.459227
690 0.000027 0.010801 600.000000 20.202021
690 0.000028 0.010193 700.000000 19.444445
700 0.000076 0.018953 100.000000 25.000000
700 0.000067 0.015953 200.000000 24.691359
700 0.000038 0.013491 300.000000 24.000000
700 0.000024 0.012620 400.000000 22.857143
700 0.000029 0.010498 500.000000 20.833334
700 0.000029 0.010238 600.000000 19.867550
700 0.000023 0.009843 700.000000 18.970190
710 0.000087 0.017337 100.000000 25.000000
710 0.000060 0.014433 200.000000 24.390244
710 0.000032 0.012440 300.000000 23.622047
710 0.000018 0.011200 400.000000 21.978022
710 0.000027 0.009076 500.000000 20.161291
710 0.000029 0.009020 600.000000 19.417477
710 0.000017 0.009138 700.000000 18.567638
720 0.000091 0.015989 100.000000 24.390244
720 0.000053 0.013441 200.000000 23.809525
720 0.000031 0.012222 300.000000 23.076923
720 0.000021 0.010438 400.000000 21.164021
720 0.000028 0.008926 500.000000 19.607843
720 0.000031 0.008620 600.000000 18.987341
730 0.000081 0.014911 100.000000 23.809525
730 0.000035 0.013254 200.000000 23.529411
730 0.000019 0.012127 300.000000 22.556391
730 0.000025 0.009720 400.000000 20.304569
730 0.000033 0.008360 500.000000 19.230770
730 0.000029 0.008143 600.000000 18.518518
740 0.000055 0.015528 100.000000 23.809525
740 0.000018 0.012667 200.000000 22.988506
740 0.000005 0.011871 300.000000 21.739130
740 0.000028 0.008758 400.000000 19.704433
740 0.000031 0.007212 500.000000 18.867924
740 0.000025 0.007610 600.000000 18.072289
750 0.000035 0.015386 100.000000 23.255814
750 0.000012 0.013786 200.000000 22.471910
750 0.000009 0.012342 300.000000 20.833334
750 0.000036 0.008265 400.000000 19.047619
750 0.000034 0.005657 500.000000 18.518518
750 0.000027 0.007196 600.000000 17.751480
760 0.000018 0.014445 100.000000 22.727272
760 0.000007 0.013660 200.000000 21.978022
760 0.000013 0.011661 300.000000 20.000000
760 0.000038 0.007122 400.000000 18.604650
760 0.000034 0.005451 500.000000 18.050541
770 0.000018 0.014231 100.000000 22.222221
770 0.000010 0.013022 200.000000 21.505377
770 0.000026 0.010245 300.000000 19.230770
770 0.000042 0.006190 400.000000 18.181818
770 0.000036 0.005924 500.000000 17.605635
780 0.000028 0.012762 100.000000 21.739130
780 0.000023 0.012888 200.000000 20.833334
780 0.000042 0.009576 300.000000 18.518518
780 0.000044 0.005070 400.000000 17.857143
780 0.000036 0.005590 500.000000 17.241379
790 0.000036 0.013516 100.000000 21.276596
790 0.000026 0.012682 200.000000 19.801981
790 0.000049 0.008270 300.000000 17.964071
790 0.000043 0.004075 400.000000 17.543859
790 0.000040 0.005623 500.000000 16.891891
800 0.000022 0.013783 100.000000 20.833334
800 0.000020 0.011930 200.000000 18.867924
800 0.000053 0.006234 300.000000 17.441860
800 0.000044 0.004551 400.000000 17.167381
800 0.000042 0.006138 500.000000 16.666666
810 0.000014 0.012355 100.000000 20.408163
810 0.000030 0.008989 200.000000 18.018019
810 0.000052 0.005274 300.000000 17.142857
810 0.000045 0.005713 400.000000 16.806723
820 0.000032 0.011138 100.000000 19.607843
820 0.000045 0.007815 200.000000 17.241379
820 0.000054 0.005281 300.000000 16.853933
820 0.000045 0.006119 400.000000 16.393442
830 0.000025 0.011284 100.000000 18.518518
830 0.000057 0.006832 200.000000 16.666666
830 0.000055 0.005603 300.000000 16.574585
830 0.000045 0.006145 400.000000 16.129032
840 0.000028 0.009948 100.000000 17.241379
840 0.000070 0.005524 200.000000 16.129032
840 0.000055 0.006142 300.000000 16.304348
840 0.000046 0.005462 400.000000 15.873015
850 0.000033 0.009110 100.000000 16.393442
850 0.000074 0.005337 200.000000 15.873015
850 0.000059 0.007136 300.000000 15.957447
860 0.000076 0.007983 100.000000 15.625000
860 0.000080 0.005829 200.000000 15.625000
860 0.000058 0.007478 300.000000 15.625000
870 0.000105 0.005967 100.000000 14.925373
870 0.000080 0.007290 200.000000 15.503876
870 0.000056 0.007778 300.000000 15.384615
880 0.000125 0.007324 100.000000 14.705882
880 0.000080 0.008581 200.000000 15.503876
880 0.000052 0.007311 300.000000 15.306123
890 0.000127 0.007509 100.000000 14.705882
890 0.000081 0.009973 200.000000 15.625000
890 0.000053 0.006959 300.000000 15.306123
900 0.000133 0.009034 100.000000 14.925373
900 0.000084 0.011720 200.000000 15.625000
900 0.000059 0.007090 300.000000 15.306123
910 0.000129 0.012713 100.000000 14.925373
910 0.000081 0.012717 200.000000 15.503876
920 0.000104 0.015099 100.000000 15.384615
920 0.000078 0.013000 200.000000 15.503876
930 0.000083 0.017761 100.000000 15.625000
930 0.000077 0.013934 200.000000 15.503876
940 0.000067 0.018681 100.000000 15.873015
940 0.000077 0.013090 200.000000 15.384615
950 0.000063 0.018471 100.000000 16.129032
950 0.000081 0.012334 200.000000 15.384615
960 0.000070 0.017249 100.000000 16.129032
960 0.000075 0.012102 200.000000 15.384615
970 0.000087 0.014628 100.000000 15.873015
970 0.000069 0.012249 200.000000 15.384615
980 0.000105 0.014065 100.000000 15.625000
990 0.000129 0.013101 100.000000 15.151515
1000 0.000135 0.013851 100.000000 14.705882
1010 0.000135 0.016694 100.000000 14.492754
1020 0.000148 0.020054 100.000000 14.492754
1030 0.000153 0.023608 100.000000 14.705882
