0 0.000081 0.005178 100.000000 8.474576
0 0.000020 0.003539 200.000000 9.433962
0 0.000031 0.007397 300.000000 10.416667
0 0.000025 0.007932 400.000000 10.471204
0 0.000021 0.006161 500.000000 10.416667
0 0.000014 0.005871 600.000000 10.416667
0 0.000014 0.006177 700.000000 10.279001
0 0.000023 0.005682 800.000000 10.282776
10 0.000089 0.003697 100.000000 9.009009
10 0.000021 0.006146 200.000000 9.756098
10 0.000022 0.009256 300.000000 10.714286
10 0.000017 0.009099 400.000000 10.666667
10 0.000021 0.006704 500.000000 10.570825
10 0.000021 0.006696 600.000000 10.544815
10 0.000017 0.007202 700.000000 10.370370
10 0.000022 0.006373 800.000000 10.376135
20 0.000080 0.005166 100.000000 9.615385
20 0.000014 0.006318 200.000000 10.000000
20 0.000033 0.009533 300.000000 10.948905
20 0.000022 0.009003 400.000000 10.810811
20 0.000028 0.006685 500.000000 10.706638
20 0.000022 0.006651 600.000000 10.657193
20 0.000021 0.007232 700.000000 10.447762
20 0.000024 0.006201 800.000000 10.471204
30 0.000081 0.005392 100.000000 10.101010
30 0.000010 0.007380 200.000000 10.256411
30 0.000036 0.010135 300.000000 11.194030
30 0.000023 0.009371 400.000000 10.928962
30 0.000025 0.006946 500.000000 10.822511
30 0.000024 0.006897 600.000000 10.752688
30 0.000023 0.007498 700.000000 10.510510
30 0.000027 0.006328 800.000000 10.554090
40 0.000081 0.007326 100.000000 10.638298
40 0.000018 0.008513 200.000000 10.471204
40 0.000044 0.010764 300.000000 11.406844
40 0.000028 0.009362 400.000000 11.019283
40 0.000033 0.007073 500.000000 10.917030
40 0.000026 0.007036 600.000000 10.830325
40 0.000026 0.007562 700.000000 10.542169
40 0.000029 0.006284 800.000000 10.624170
50 0.000083 0.007111 100.000000 10.989011
50 0.000031 0.008349 200.000000 10.638298
50 0.000049 0.010875 300.000000 11.538462
50 0.000027 0.009017 400.000000 11.080333
50 0.000030 0.006985 500.000000 10.989011
50 0.000025 0.006923 600.000000 10.889292
50 0.000026 0.007298 700.000000 10.558069
50 0.000030 0.006057 800.000000 10.680908
60 0.000086 0.007603 100.000000 11.363636
60 0.000039 0.009104 200.000000 10.810811
60 0.000053 0.011254 300.000000 11.627907
60 0.000031 0.008964 400.000000 11.080333
60 0.000031 0.007254 500.000000 11.013216
60 0.000024 0.007221 600.000000 10.909091
60 0.000027 0.007487 700.000000 10.558069
60 0.000030 0.006037 800.000000 10.723861
70 0.000099 0.009274 100.000000 11.494253
70 0.000051 0.010590 200.000000 10.928962
70 0.000055 0.012126 300.000000 11.627907
70 0.000033 0.009227 400.000000 11.080333
70 0.000031 0.007530 500.000000 10.964912
70 0.000025 0.007586 600.000000 10.909091
70 0.000029 0.007699 700.000000 10.558069
70 0.000031 0.006187 800.000000 10.767160
80 0.000085 0.008980 100.000000 11.494253
80 0.000056 0.011488 200.000000 11.049724
80 0.000059 0.012004 300.000000 11.583012
80 0.000034 0.008817 400.000000 11.049724
80 0.000031 0.007246 500.000000 10.940919
80 0.000027 0.007491 600.000000 10.889292
80 0.000031 0.007514 700.000000 10.558069
80 0.000033 0.006066 800.000000 10.796222
90 0.000060 0.006902 100.000000 11.494253
90 0.000058 0.011165 200.000000 11.235955
90 0.000055 0.011591 300.000000 11.538462
90 0.000033 0.008393 400.000000 11.049724
90 0.000031 0.007332 500.000000 10.917030
90 0.000025 0.007381 600.000000 10.849910
90 0.000031 0.007177 700.000000 10.558069
90 0.000032 0.006024 800.000000 10.825439
100 0.000022 0.006903 100.000000 11.235955
100 0.000067 0.010724 200.000000 11.428572
100 0.000053 0.011238 300.000000 11.450381
100 0.000037 0.008116 400.000000 11.019283
100 0.000031 0.006975 500.000000 10.917030
100 0.000023 0.006698 600.000000 10.771993
100 0.000032 0.006594 700.000000 10.558069
100 0.000034 0.006374 800.000000 10.854816
110 0.000045 0.007094 100.000000 10.869565
110 0.000078 0.010786 200.000000 11.560694
110 0.000055 0.011239 300.000000 11.406844
110 0.000043 0.008183 400.000000 11.019283
110 0.000034 0.006911 500.000000 10.917030
110 0.000030 0.006480 600.000000 10.695188
110 0.000035 0.006535 700.000000 10.574018
110 0.000037 0.006960 800.000000 10.854816
120 0.000054 0.007056 100.000000 10.416667
120 0.000079 0.011454 200.000000 11.695907
120 0.000051 0.011218 300.000000 11.278195
120 0.000042 0.008186 400.000000 11.019283
120 0.000034 0.006978 500.000000 10.893247
120 0.000029 0.006877 600.000000 10.600707
120 0.000035 0.006533 700.000000 10.590015
120 0.000039 0.007081 800.000000 10.825439
130 0.000090 0.006955 100.000000 10.204082
130 0.000093 0.011807 200.000000 11.764706
130 0.000044 0.011765 300.000000 11.152416
130 0.000043 0.009121 400.000000 10.958904
130 0.000032 0.007484 500.000000 10.845987
130 0.000033 0.007447 600.000000 10.526316
130 0.000037 0.007141 700.000000 10.590015
130 0.000039 0.007905 800.000000 10.796222
140 0.000133 0.009095 100.000000 10.101010
140 0.000102 0.013191 200.000000 11.695907
140 0.000048 0.011886 300.000000 11.029411
140 0.000046 0.009962 400.000000 10.928962
140 0.000034 0.007977 500.000000 10.822511
140 0.000036 0.007779 600.000000 10.452962
140 0.000039 0.008044 700.000000 10.606061
140 0.000043 0.009064 800.000000 10.767160
150 0.000167 0.010612 100.000000 10.204082
150 0.000111 0.014263 200.000000 11.627907
150 0.000054 0.012248 300.000000 10.909091
150 0.000049 0.010461 400.000000 10.840109
150 0.000033 0.008312 500.000000 10.775862
150 0.000038 0.008194 600.000000 10.398614
150 0.000038 0.008559 700.000000 10.638298
150 0.000043 0.009572 800.000000 10.752688
160 0.000188 0.012375 100.000000 10.309278
160 0.000115 0.015023 200.000000 11.560694
160 0.000055 0.012460 300.000000 10.869565
160 0.000050 0.010566 400.000000 10.781672
160 0.000037 0.008433 500.000000 10.752688
160 0.000040 0.008438 600.000000 10.380623
160 0.000040 0.009083 700.000000 10.670732
160 0.000044 0.009981 800.000000 10.752688
170 0.000167 0.014954 100.000000 10.638298
170 0.000106 0.015626 200.000000 11.494253
170 0.000053 0.012178 300.000000 10.830325
170 0.000040 0.009998 400.000000 10.752688
170 0.000035 0.008186 500.000000 10.729613
170 0.000039 0.008244 600.000000 10.380623
170 0.000040 0.008781 700.000000 10.703364
170 0.000045 0.009402 800.000000 10.767160
180 0.000147 0.015992 100.000000 10.989011
180 0.000086 0.015502 200.000000 11.428572
180 0.000045 0.011004 300.000000 10.869565
180 0.000034 0.009017 400.000000 10.752688
180 0.000027 0.007618 500.000000 10.683761
180 0.000035 0.007710 600.000000 10.398614
180 0.000037 0.007925 700.000000 10.736197
180 0.000042 0.008315 800.000000 10.767160
190 0.000123 0.015148 100.000000 11.494253
190 0.000069 0.014360 200.000000 11.494253
190 0.000046 0.009139 300.000000 10.909091
190 0.000035 0.007358 400.000000 10.810811
190 0.000028 0.006667 500.000000 10.638298
190 0.000033 0.006754 600.000000 10.434783
190 0.000036 0.006796 700.000000 10.785825
190 0.000042 0.007292 800.000000 10.752688
200 0.000116 0.014646 100.000000 12.195122
200 0.000060 0.013722 200.000000 11.560694
200 0.000041 0.008328 300.000000 11.029411
200 0.000032 0.006836 400.000000 10.869565
200 0.000027 0.006525 500.000000 10.638298
200 0.000033 0.006460 600.000000 10.507881
200 0.000036 0.006398 700.000000 10.819165
200 0.000042 0.007061 800.000000 10.723861
210 0.000101 0.015257 100.000000 12.820513
210 0.000052 0.012899 200.000000 11.695907
210 0.000044 0.007560 300.000000 11.111111
210 0.000028 0.006623 400.000000 10.928962
210 0.000027 0.006781 500.000000 10.615711
210 0.000033 0.006307 600.000000 10.563380
210 0.000036 0.006189 700.000000 10.852714
210 0.000042 0.007089 800.000000 10.709505
220 0.000109 0.015480 100.000000 13.333333
220 0.000044 0.012289 200.000000 11.695907
220 0.000048 0.007174 300.000000 11.194030
220 0.000033 0.006490 400.000000 10.989011
220 0.000029 0.006933 500.000000 10.593221
220 0.000032 0.006071 600.000000 10.619469
220 0.000036 0.006091 700.000000 10.852714
220 0.000044 0.007262 800.000000 10.666667
230 0.000097 0.016684 100.000000 13.698630
230 0.000040 0.012011 200.000000 11.560694
230 0.000045 0.007260 300.000000 11.194030
230 0.000033 0.007247 400.000000 10.989011
230 0.000030 0.007783 500.000000 10.548523
230 0.000033 0.006323 600.000000 10.657193
230 0.000037 0.005994 700.000000 10.852714
230 0.000044 0.007130 800.000000 10.582010
240 0.000094 0.019493 100.000000 13.513514
240 0.000040 0.012136 200.000000 11.428572
240 0.000050 0.008315 300.000000 11.152416
240 0.000035 0.008923 400.000000 10.958904
240 0.000033 0.009361 500.000000 10.460251
240 0.000033 0.007272 600.000000 10.676157
240 0.000039 0.006497 700.000000 10.835914
240 0.000042 0.007561 800.000000 10.498688
250 0.000112 0.021817 100.000000 13.157895
250 0.000056 0.012548 200.000000 11.173184
250 0.000051 0.010361 300.000000 10.989011
250 0.000042 0.010810 400.000000 10.869565
250 0.000038 0.011270 500.000000 10.395010
250 0.000035 0.008565 600.000000 10.695188
250 0.000043 0.007974 700.000000 10.819165
250 0.000044 0.008782 800.000000 10.430247
260 0.000098 0.020752 100.000000 12.500000
260 0.000050 0.011822 200.000000 10.928962
260 0.000047 0.010781 300.000000 10.791367
260 0.000039 0.010876 400.000000 10.752688
260 0.000035 0.011201 500.000000 10.309278
260 0.000034 0.008287 600.000000 10.676157
260 0.000041 0.007908 700.000000 10.769231
260 0.000041 0.008340 800.000000 10.376135
270 0.000055 0.019891 100.000000 11.627907
270 0.000044 0.010448 200.000000 10.695188
270 0.000040 0.009818 300.000000 10.600707
270 0.000027 0.009987 400.000000 10.526316
270 0.000027 0.009755 500.000000 10.245902
270 0.000030 0.007034 600.000000 10.657193
270 0.000037 0.006676 700.000000 10.703364
270 0.000037 0.006768 800.000000 10.309278
280 0.000056 0.016516 100.000000 10.869565
280 0.000047 0.009867 200.000000 10.471204
280 0.000043 0.009632 300.000000 10.452962
280 0.000029 0.009821 400.000000 10.282776
280 0.000029 0.009043 500.000000 10.183299
280 0.000033 0.006647 600.000000 10.600707
280 0.000042 0.006471 700.000000 10.542169
280 0.000039 0.006214 800.000000 10.243278
290 0.000045 0.013159 100.000000 10.416667
290 0.000038 0.009125 200.000000 10.309278
290 0.000037 0.009329 300.000000 10.344828
290 0.000023 0.009494 400.000000 10.101010
290 0.000027 0.008111 500.000000 10.162601
290 0.000032 0.006120 600.000000 10.526316
290 0.000043 0.005939 700.000000 10.385756
290 0.000039 0.005320 800.000000 10.191083
300 0.000062 0.012453 100.000000 9.900990
300 0.000050 0.009254 200.000000 10.204082
300 0.000040 0.009122 300.000000 10.273973
300 0.000027 0.009045 400.000000 9.950249
300 0.000024 0.007549 500.000000 10.162601
300 0.000030 0.006205 600.000000 10.471204
300 0.000042 0.006558 700.000000 10.248902
300 0.000038 0.005611 800.000000 10.139417
310 0.000072 0.012446 100.000000 9.708738
310 0.000067 0.008955 200.000000 10.152285
310 0.000045 0.008807 300.000000 10.238908
310 0.000031 0.008884 400.000000 9.876543
310 0.000028 0.007154 500.000000 10.204082
310 0.000033 0.006334 600.000000 10.452962
310 0.000040 0.007000 700.000000 10.159652
310 0.000040 0.006372 800.000000 10.050251
320 0.000079 0.012240 100.000000 9.615385
320 0.000063 0.008718 200.000000 10.101010
320 0.000044 0.008099 300.000000 10.238908
320 0.000033 0.008651 400.000000 9.828010
320 0.000024 0.006751 500.000000 10.245902
320 0.000033 0.006391 600.000000 10.452962
320 0.000035 0.007164 700.000000 10.115607
320 0.000037 0.006725 800.000000 9.962640
330 0.000079 0.010956 100.000000 9.523809
330 0.000054 0.007994 200.000000 10.050251
330 0.000046 0.007114 300.000000 10.238908
330 0.000030 0.008176 400.000000 9.852217
330 0.000025 0.006049 500.000000 10.309278
330 0.000034 0.006023 600.000000 10.489511
330 0.000035 0.006847 700.000000 10.115607
330 0.000033 0.006723 800.000000 9.925558
340 0.000080 0.009428 100.000000 9.615385
340 0.000059 0.006610 200.000000 10.000000
340 0.000041 0.005728 300.000000 10.238908
340 0.000029 0.007034 400.000000 9.852217
340 0.000025 0.004953 500.000000 10.373444
340 0.000034 0.005164 600.000000 10.507881
340 0.000031 0.006060 700.000000 10.115607
340 0.000030 0.006450 800.000000 9.913259
350 0.000063 0.008971 100.000000 9.708738
350 0.000054 0.005708 200.000000 10.050251
350 0.000035 0.005461 300.000000 10.204082
350 0.000026 0.006354 400.000000 9.900990
350 0.000023 0.004232 500.000000 10.438414
350 0.000034 0.004411 600.000000 10.526316
350 0.000034 0.005168 700.000000 10.130246
350 0.000031 0.005980 800.000000 9.925558
360 0.000085 0.009053 100.000000 9.803922
360 0.000053 0.006528 200.000000 10.101010
360 0.000035 0.006500 300.000000 10.135135
360 0.000027 0.006759 400.000000 9.950249
360 0.000028 0.004513 500.000000 10.482181
360 0.000038 0.004694 600.000000 10.507881
360 0.000037 0.005112 700.000000 10.130246
360 0.000035 0.006029 800.000000 9.937888
370 0.000067 0.007709 100.000000 9.900990
370 0.000052 0.005505 200.000000 10.152285
370 0.000032 0.005574 300.000000 10.033444
370 0.000026 0.005547 400.000000 10.000000
370 0.000028 0.003739 500.000000 10.526316
370 0.000041 0.003992 600.000000 10.452962
370 0.000038 0.004719 700.000000 10.130246
370 0.000035 0.005930 800.000000 9.950249
380 0.000067 0.006856 100.000000 10.000000
380 0.000043 0.005108 200.000000 10.204082
380 0.000031 0.005439 300.000000 9.966778
380 0.000027 0.004893 400.000000 10.050251
380 0.000032 0.003606 500.000000 10.526316
380 0.000043 0.004233 600.000000 10.380623
380 0.000038 0.004846 700.000000 10.144928
380 0.000035 0.006047 800.000000 9.962640
390 0.000078 0.005715 100.000000 10.204082
390 0.000044 0.004545 200.000000 10.309278
390 0.000031 0.005277 300.000000 9.933775
390 0.000029 0.004184 400.000000 10.101010
390 0.000033 0.003364 500.000000 10.526316
390 0.000045 0.004500 600.000000 10.344828
390 0.000039 0.005071 700.000000 10.144928
390 0.000037 0.006317 800.000000 9.975062
400 0.000068 0.005024 100.000000 10.309278
400 0.000035 0.004118 200.000000 10.362695
400 0.000030 0.005182 300.000000 9.900990
400 0.000032 0.003484 400.000000 10.204082
400 0.000038 0.002864 500.000000 10.548523
400 0.000049 0.004512 600.000000 10.273973
400 0.000042 0.005407 700.000000 10.144928
400 0.000036 0.006730 800.000000 10.000000
410 0.000066 0.005895 100.000000 10.416667
410 0.000034 0.005384 200.000000 10.471204
410 0.000027 0.006111 300.000000 9.900990
410 0.000033 0.003817 400.000000 10.282776
410 0.000043 0.002764 500.000000 10.570825
410 0.000048 0.004237 600.000000 10.221465
410 0.000045 0.005661 700.000000 10.101010
410 0.000038 0.006847 800.000000 10.025063
420 0.000067 0.004117 100.000000 10.526316
420 0.000027 0.003643 200.000000 10.471204
420 0.000026 0.004683 300.000000 9.868421
420 0.000030 0.003113 400.000000 10.362695
420 0.000040 0.002970 500.000000 10.615711
420 0.000040 0.004935 600.000000 10.186757
420 0.000042 0.006677 700.000000 10.014306
420 0.000033 0.007168 800.000000 10.062893
430 0.000046 0.002941 100.000000 10.416667
430 0.000029 0.003900 200.000000 10.526316
430 0.000026 0.005021 300.000000 9.868421
430 0.000029 0.003208 400.000000 10.443864
430 0.000038 0.002963 500.000000 10.638298
430 0.000041 0.004979 600.000000 10.186757
430 0.000036 0.006787 700.000000 9.971510
430 0.000033 0.007155 800.000000 10.088272
440 0.000047 0.001718 100.000000 10.309278
440 0.000028 0.003725 200.000000 10.526316
440 0.000030 0.005094 300.000000 9.900990
440 0.000030 0.003393 400.000000 10.526316
440 0.000043 0.003352 500.000000 10.683761
440 0.000038 0.005578 600.000000 10.186757
440 0.000034 0.007372 700.000000 9.943182
440 0.000033 0.007654 800.000000 10.126582
450 0.000051 0.003927 100.000000 10.309278
450 0.000022 0.004755 200.000000 10.416667
450 0.000028 0.005560 300.000000 9.933775
450 0.000029 0.003691 400.000000 10.582010
450 0.000041 0.003413 500.000000 10.683761
450 0.000039 0.005140 600.000000 10.186757
450 0.000036 0.007098 700.000000 9.943182
450 0.000034 0.007774 800.000000 10.152285
460 0.000041 0.004588 100.000000 10.309278
460 0.000019 0.005353 200.000000 10.256411
460 0.000025 0.005618 300.000000 9.933775
460 0.000032 0.003800 400.000000 10.638298
460 0.000042 0.003726 500.000000 10.638298
460 0.000041 0.005142 600.000000 10.169492
460 0.000038 0.007209 700.000000 9.943182
460 0.000033 0.008015 800.000000 10.178117
470 0.000038 0.005116 100.000000 10.309278
470 0.000016 0.005676 200.000000 10.050251
470 0.000029 0.005294 300.000000 9.966778
470 0.000039 0.004052 400.000000 10.638298
470 0.000046 0.004409 500.000000 10.526316
470 0.000042 0.005452 600.000000 10.152285
470 0.000037 0.007288 700.000000 9.929078
470 0.000033 0.008526 800.000000 10.204082
480 0.000036 0.004840 100.000000 10.309278
480 0.000024 0.005822 200.000000 9.852217
480 0.000028 0.005264 300.000000 10.000000
480 0.000038 0.004330 400.000000 10.610080
480 0.000049 0.005001 500.000000 10.416667
480 0.000041 0.005537 600.000000 10.135135
480 0.000037 0.007177 700.000000 9.929078
480 0.000030 0.008818 800.000000 10.243278
490 0.000023 0.004539 100.000000 10.204082
490 0.000019 0.006304 200.000000 9.708738
490 0.000036 0.005056 300.000000 10.067114
490 0.000040 0.004471 400.000000 10.582010
490 0.000052 0.005683 500.000000 10.309278
490 0.000042 0.006079 600.000000 10.101010
490 0.000038 0.007679 700.000000 9.929078
490 0.000031 0.009442 800.000000 10.269576
500 0.000034 0.005571 100.000000 10.309278
500 0.000018 0.007211 200.000000 9.615385
500 0.000039 0.005261 300.000000 10.135135
500 0.000041 0.004489 400.000000 10.582010
500 0.000052 0.005235 500.000000 10.183299
500 0.000047 0.006272 600.000000 10.050251
500 0.000039 0.007959 700.000000 9.943182
500 0.000033 0.009834 800.000000 10.309278
510 0.000015 0.004635 100.000000 10.309278
510 0.000024 0.006066 200.000000 9.523809
510 0.000036 0.004804 300.000000 10.204082
510 0.000048 0.004399 400.000000 10.582010
510 0.000049 0.005551 500.000000 10.101010
510 0.000046 0.007443 600.000000 9.950249
510 0.000038 0.008418 700.000000 9.971510
510 0.000031 0.010116 800.000000 10.335917
520 0.000026 0.005041 100.000000 10.416667
520 0.000022 0.006130 200.000000 9.523809
520 0.000033 0.004400 300.000000 10.344828
520 0.000044 0.003935 400.000000 10.638298
520 0.000048 0.005287 500.000000 10.101010
520 0.000042 0.007522 600.000000 9.884679
520 0.000037 0.008265 700.000000 10.000000
520 0.000031 0.009929 800.000000 10.389610
530 0.000034 0.005564 100.000000 10.526316
530 0.000023 0.006749 200.000000 9.569378
530 0.000031 0.004514 300.000000 10.452962
530 0.000046 0.003602 400.000000 10.695188
530 0.000047 0.005272 500.000000 10.121457
530 0.000039 0.007483 600.000000 9.852217
530 0.000037 0.008305 700.000000 10.043041
530 0.000032 0.010011 800.000000 10.443864
540 0.000010 0.006296 100.000000 10.526316
540 0.000034 0.006410 200.000000 9.661836
540 0.000040 0.005098 300.000000 10.563380
540 0.000048 0.004788 400.000000 10.752688
540 0.000047 0.006483 500.000000 10.121457
540 0.000039 0.008738 600.000000 9.852217
540 0.000039 0.009410 700.000000 10.086455
540 0.000030 0.010903 800.000000 10.484928
550 0.000017 0.005805 100.000000 10.309278
550 0.000037 0.006022 200.000000 9.708738
550 0.000045 0.005019 300.000000 10.676157
550 0.000051 0.005001 400.000000 10.752688
550 0.000046 0.006856 500.000000 10.121457
550 0.000040 0.009083 600.000000 9.868421
550 0.000036 0.009767 700.000000 10.130246
550 0.000030 0.011000 800.000000 10.526316
560 0.000018 0.006488 100.000000 9.803922
560 0.000039 0.006108 200.000000 9.708738
560 0.000051 0.005177 300.000000 10.714286
560 0.000055 0.005475 400.000000 10.638298
560 0.000052 0.007137 500.000000 10.101010
560 0.000041 0.009329 600.000000 9.852217
560 0.000035 0.010209 700.000000 10.159652
560 0.000031 0.011424 800.000000 10.554090
570 0.000046 0.006902 100.000000 9.523809
570 0.000053 0.005958 200.000000 9.756098
570 0.000057 0.005980 300.000000 10.676157
570 0.000061 0.007000 400.000000 10.498688
570 0.000050 0.008185 500.000000 10.080646
570 0.000043 0.009794 600.000000 9.852217
570 0.000036 0.010946 700.000000 10.189228
570 0.000030 0.011690 800.000000 10.596026
580 0.000037 0.008428 100.000000 9.259259
580 0.000061 0.006244 200.000000 9.852217
580 0.000063 0.006325 300.000000 10.676157
580 0.000067 0.007785 400.000000 10.362695
580 0.000053 0.008550 500.000000 10.060362
580 0.000046 0.010196 600.000000 9.852217
580 0.000035 0.011858 700.000000 10.233918
580 0.000032 0.012469 800.000000 10.624170
590 0.000046 0.008887 100.000000 9.009009
590 0.000059 0.006239 200.000000 9.950249
590 0.000057 0.006340 300.000000 10.638298
590 0.000064 0.007923 400.000000 10.204082
590 0.000053 0.008545 500.000000 10.020041
590 0.000043 0.009983 600.000000 9.852217
590 0.000035 0.011638 700.000000 10.263929
590 0.000030 0.011970 800.000000 10.652463
600 0.000054 0.008193 100.000000 8.849558
600 0.000058 0.005978 200.000000 10.050251
600 0.000063 0.006170 300.000000 10.600707
600 0.000062 0.007732 400.000000 10.075566
600 0.000055 0.009331 500.000000 9.920635
600 0.000044 0.010363 600.000000 9.868421
600 0.000034 0.011902 700.000000 10.294118
600 0.000031 0.012080 800.000000 10.695188
610 0.000051 0.007517 100.000000 8.695652
610 0.000057 0.005645 200.000000 10.152285
610 0.000061 0.005822 300.000000 10.638298
610 0.000059 0.007839 400.000000 10.000000
610 0.000052 0.010220 500.000000 9.803922
610 0.000043 0.010634 600.000000 9.900990
610 0.000034 0.012115 700.000000 10.339734
610 0.000031 0.012341 800.000000 10.723861
620 0.000052 0.008432 100.000000 8.695652
620 0.000052 0.005939 200.000000 10.309278
620 0.000060 0.005645 300.000000 10.676157
620 0.000059 0.007858 400.000000 10.000000
620 0.000046 0.010326 500.000000 9.727627
620 0.000040 0.010707 600.000000 9.933775
620 0.000036 0.012280 700.000000 10.385756
620 0.000029 0.012521 800.000000 10.767160
630 0.000060 0.009051 100.000000 8.771930
630 0.000059 0.006426 200.000000 10.471204
630 0.000066 0.005953 300.000000 10.752688
630 0.000058 0.008513 400.000000 10.000000
630 0.000046 0.010932 500.000000 9.708738
630 0.000042 0.011196 600.000000 9.983361
630 0.000035 0.012648 700.000000 10.447762
630 0.000027 0.012830 800.000000 10.810811
640 0.000078 0.009434 100.000000 8.928572
640 0.000061 0.006348 200.000000 10.638298
640 0.000068 0.005776 300.000000 10.830325
640 0.000060 0.008595 400.000000 10.025063
640 0.000050 0.011275 500.000000 9.727627
640 0.000045 0.011931 600.000000 10.033444
640 0.000036 0.013340 700.000000 10.494753
640 0.000031 0.013513 800.000000 10.869565
650 0.000078 0.009173 100.000000 9.174312
650 0.000072 0.006652 200.000000 10.869565
650 0.000075 0.006351 300.000000 10.869565
650 0.000066 0.009311 400.000000 10.075566
650 0.000054 0.011926 500.000000 9.765625
650 0.000045 0.012495 600.000000 10.101010
650 0.000036 0.013648 700.000000 10.574018
650 0.000032 0.013698 800.000000 10.928962
660 0.000082 0.009409 100.000000 9.433962
660 0.000081 0.007321 200.000000 11.111111
660 0.000076 0.007001 300.000000 10.869565
660 0.000067 0.009595 400.000000 10.126582
660 0.000051 0.012159 500.000000 9.823183
660 0.000043 0.012959 600.000000 10.186757
660 0.000038 0.014167 700.000000 10.638298
660 0.000032 0.014314 800.000000 11.004127
670 0.000093 0.009191 100.000000 9.803922
670 0.000086 0.007281 200.000000 11.299435
670 0.000077 0.007409 300.000000 10.830325
670 0.000064 0.009462 400.000000 10.178117
670 0.000054 0.011802 500.000000 9.881423
670 0.000044 0.013172 600.000000 10.256411
670 0.000037 0.014240 700.000000 10.719755
670 0.000031 0.014477 800.000000 11.065007
680 0.000112 0.007990 100.000000 10.101010
680 0.000092 0.007433 200.000000 11.363636
680 0.000089 0.007888 300.000000 10.791367
680 0.000072 0.009989 400.000000 10.230179
680 0.000057 0.012458 500.000000 9.920635
680 0.000047 0.014349 600.000000 10.344828
680 0.000040 0.015303 700.000000 10.785825
680 0.000033 0.015575 800.000000 11.142061
690 0.000093 0.007392 100.000000 10.526316
690 0.000078 0.006872 200.000000 11.494253
690 0.000083 0.007942 300.000000 10.714286
690 0.000062 0.008891 400.000000 10.256411
690 0.000055 0.011291 500.000000 9.960159
690 0.000044 0.013492 600.000000 10.416667
690 0.000038 0.014352 700.000000 10.852714
690 0.000031 0.014690 800.000000 11.204482
700 0.000096 0.006600 100.000000 10.869565
700 0.000081 0.006385 200.000000 11.560694
700 0.000083 0.007759 300.000000 10.600707
700 0.000064 0.008958 400.000000 10.282776
700 0.000052 0.011200 500.000000 10.020041
700 0.000042 0.013364 600.000000 10.489511
700 0.000037 0.013921 700.000000 10.920437
700 0.000030 0.014356 800.000000 11.267606
710 0.000097 0.005734 100.000000 11.363636
710 0.000075 0.005807 200.000000 11.695907
710 0.000080 0.007529 300.000000 10.526316
710 0.000067 0.009488 400.000000 10.230179
710 0.000052 0.011537 500.000000 10.080646
710 0.000043 0.013622 600.000000 10.563380
710 0.000037 0.014138 700.000000 10.989011
710 0.000030 0.014700 800.000000 11.331445
720 0.000072 0.004238 100.000000 11.764706
720 0.000074 0.003740 200.000000 11.834319
720 0.000074 0.006623 300.000000 10.489511
720 0.000063 0.009404 400.000000 10.126582
720 0.000050 0.010721 500.000000 10.121457
720 0.000041 0.012672 600.000000 10.619469
720 0.000035 0.013165 700.000000 11.041010
720 0.000029 0.013541 800.000000 11.396011
730 0.000069 0.004003 100.000000 12.195122
730 0.000073 0.003818 200.000000 11.904762
730 0.000067 0.006322 300.000000 10.452962
730 0.000055 0.009504 400.000000 10.000000
730 0.000047 0.010323 500.000000 10.183299
730 0.000038 0.012398 600.000000 10.695188
730 0.000035 0.012962 700.000000 11.093502
730 0.000028 0.013428 800.000000 11.444921
740 0.000064 0.002370 100.000000 12.658228
740 0.000083 0.002456 200.000000 11.976048
740 0.000070 0.006146 300.000000 10.416667
740 0.000052 0.009539 400.000000 9.950249
740 0.000049 0.010431 500.000000 10.224949
740 0.000037 0.012503 600.000000 10.733453
740 0.000035 0.013057 700.000000 11.146497
740 0.000029 0.013730 800.000000 11.494253
750 0.000062 0.003141 100.000000 12.987013
750 0.000071 0.003789 200.000000 11.976048
750 0.000064 0.005349 300.000000 10.416667
750 0.000054 0.009188 400.000000 9.925558
750 0.000051 0.010622 500.000000 10.266940
750 0.000041 0.012749 600.000000 10.791367
750 0.000035 0.013432 700.000000 11.182109
750 0.000032 0.014516 800.000000 11.544011
760 0.000065 0.002108 100.000000 13.157895
760 0.000069 0.003094 200.000000 11.834319
760 0.000062 0.005817 300.000000 10.344828
760 0.000053 0.009358 400.000000 9.900990
760 0.000044 0.010391 500.000000 10.288066
760 0.000038 0.011992 600.000000 10.830325
760 0.000032 0.012386 700.000000 11.217949
760 0.000028 0.013486 800.000000 11.577424
770 0.000082 0.002884 100.000000 12.987013
770 0.000073 0.003936 200.000000 11.363636
770 0.000058 0.005789 300.000000 10.273973
770 0.000049 0.008605 400.000000 9.852217
770 0.000042 0.010114 500.000000 10.330579
770 0.000035 0.011374 600.000000 10.849910
770 0.000029 0.011722 700.000000 11.254020
770 0.000025 0.012933 800.000000 11.611031
780 0.000085 0.003939 100.000000 12.658228
780 0.000081 0.004962 200.000000 10.928962
780 0.000063 0.006141 300.000000 10.169492
780 0.000051 0.008718 400.000000 9.828010
780 0.000038 0.010994 500.000000 10.351967
780 0.000036 0.011747 600.000000 10.869565
780 0.000030 0.012198 700.000000 11.272141
780 0.000028 0.013568 800.000000 11.627907
790 0.000070 0.004542 100.000000 12.048193
790 0.000089 0.006103 200.000000 10.416667
790 0.000062 0.005979 300.000000 10.033444
790 0.000051 0.008278 400.000000 9.779951
790 0.000041 0.010550 500.000000 10.373444
790 0.000036 0.010977 600.000000 10.889292
790 0.000029 0.011640 700.000000 11.290322
790 0.000028 0.013278 800.000000 11.644833
800 0.000072 0.005066 100.000000 11.764706
800 0.000074 0.006727 200.000000 9.950249
800 0.000066 0.007393 300.000000 9.740260
800 0.000051 0.008610 400.000000 9.756098
800 0.000037 0.010528 500.000000 10.373444
800 0.000032 0.010703 600.000000 10.889292
800 0.000028 0.011223 700.000000 11.308562
800 0.000028 0.012924 800.000000 11.611031
810 0.000097 0.004447 100.000000 11.363636
810 0.000075 0.007538 200.000000 9.661836
810 0.000062 0.009423 300.000000 9.404388
810 0.000049 0.009552 400.000000 9.732360
810 0.000037 0.011418 500.000000 10.395010
810 0.000035 0.011631 600.000000 10.889292
810 0.000028 0.012063 700.000000 11.308562
810 0.000031 0.013487 800.000000 11.510792
820 0.000092 0.005796 100.000000 11.111111
820 0.000072 0.007484 200.000000 9.478673
820 0.000055 0.010107 300.000000 9.202454
820 0.000053 0.010471 400.000000 9.708738
820 0.000042 0.012501 500.000000 10.395010
820 0.000035 0.012794 600.000000 10.909091
820 0.000032 0.013649 700.000000 11.326860
820 0.000045 0.014956 800.000000 11.267606
830 0.000085 0.005699 100.000000 10.752688
830 0.000065 0.007012 200.000000 9.345795
830 0.000054 0.009637 300.000000 9.118541
830 0.000048 0.009949 400.000000 9.732360
830 0.000040 0.011503 500.000000 10.416667
830 0.000033 0.011674 600.000000 10.909091
830 0.000029 0.012810 700.000000 11.345219
830 0.000038 0.013894 800.000000 11.111111
840 0.000105 0.005075 100.000000 10.204082
840 0.000064 0.006283 200.000000 9.259259
840 0.000051 0.008460 300.000000 9.090909
840 0.000044 0.008948 400.000000 9.756098
840 0.000037 0.010225 500.000000 10.438414
840 0.000030 0.010521 600.000000 10.948905
840 0.000029 0.011859 700.000000 11.382113
840 0.000036 0.012648 800.000000 11.034483
850 0.000103 0.006740 100.000000 9.708738
850 0.000066 0.006013 200.000000 9.216590
850 0.000052 0.007695 300.000000 9.090909
850 0.000041 0.009080 400.000000 9.803922
850 0.000034 0.009788 500.000000 10.504202
850 0.000030 0.010114 600.000000 11.009174
850 0.000028 0.011647 700.000000 11.419250
850 0.000039 0.012367 800.000000 10.973937
860 0.000109 0.007262 100.000000 9.433962
860 0.000062 0.005451 200.000000 9.216590
860 0.000052 0.007348 300.000000 9.118541
860 0.000040 0.009383 400.000000 9.900990
860 0.000037 0.009683 500.000000 10.570825
860 0.000029 0.010103 600.000000 11.070110
860 0.000029 0.011752 700.000000 11.494253
870 0.000128 0.009411 100.000000 9.009009
870 0.000066 0.005935 200.000000 9.174312
870 0.000056 0.007918 300.000000 9.146341
870 0.000046 0.010256 400.000000 9.975062
870 0.000039 0.010360 500.000000 10.638298
870 0.000031 0.011072 600.000000 11.131725
870 0.000032 0.012927 700.000000 11.532125
880 0.000119 0.009323 100.000000 8.620689
880 0.000075 0.007875 200.000000 9.009009
880 0.000059 0.009724 300.000000 9.174312
880 0.000045 0.011911 400.000000 10.025063
880 0.000039 0.011793 500.000000 10.683761
880 0.000033 0.012554 600.000000 11.194030
880 0.000034 0.014451 700.000000 11.570248
890 0.000069 0.010734 100.000000 8.403361
890 0.000073 0.010070 200.000000 8.733624
890 0.000047 0.009878 300.000000 9.202454
890 0.000039 0.011739 400.000000 10.101010
890 0.000037 0.011372 500.000000 10.729613
890 0.000031 0.011748 600.000000 11.235955
890 0.000034 0.013360 700.000000 11.570248
900 0.000074 0.012056 100.000000 8.264462
900 0.000057 0.012084 200.000000 8.510638
900 0.000047 0.011084 300.000000 9.259259
900 0.000043 0.012914 400.000000 10.152285
900 0.000036 0.012390 500.000000 10.775862
900 0.000033 0.012899 600.000000 11.278195
900 0.000039 0.014268 700.000000 11.419250
910 0.000078 0.012118 100.000000 8.130081
910 0.000060 0.012315 200.000000 8.403361
910 0.000052 0.011259 300.000000 9.287926
910 0.000044 0.013032 400.000000 10.204082
910 0.000038 0.012570 500.000000 10.822511
910 0.000035 0.013515 600.000000 11.320755
910 0.000056 0.015053 700.000000 11.217949
920 0.000088 0.011521 100.000000 8.130081
920 0.000057 0.012649 200.000000 8.403361
920 0.000054 0.011861 300.000000 9.345795
920 0.000047 0.013188 400.000000 10.256411
920 0.000038 0.012733 500.000000 10.893247
920 0.000036 0.013862 600.000000 11.406844
920 0.000046 0.015226 700.000000 11.128776
930 0.000078 0.012117 100.000000 8.264462
930 0.000056 0.013554 200.000000 8.474576
930 0.000050 0.012553 300.000000 9.463722
930 0.000047 0.013630 400.000000 10.389610
930 0.000037 0.013129 500.000000 10.989011
930 0.000037 0.014399 600.000000 11.494253
930 0.000043 0.015241 700.000000 11.128776
940 0.000078 0.012079 100.000000 8.403361
940 0.000055 0.013327 200.000000 8.583691
940 0.000050 0.013062 300.000000 9.615385
940 0.000047 0.013862 400.000000 10.526316
940 0.000039 0.013488 500.000000 11.111111
940 0.000040 0.014849 600.000000 11.605416
940 0.000042 0.015340 700.000000 11.146497
950 0.000066 0.008708 100.000000 8.620689
950 0.000047 0.010214 200.000000 8.733624
950 0.000051 0.011030 300.000000 9.771987
950 0.000045 0.011486 400.000000 10.666667
950 0.000039 0.011359 500.000000 11.235955
950 0.000039 0.012994 600.000000 11.718750
950 0.000046 0.013870 700.000000 11.146497
960 0.000054 0.007483 100.000000 8.849558
960 0.000050 0.008935 200.000000 8.849558
960 0.000050 0.010547 300.000000 9.933775
960 0.000042 0.010492 400.000000 10.781672
960 0.000036 0.010466 500.000000 11.363636
960 0.000039 0.012254 600.000000 11.834319
960 0.000050 0.013409 700.000000 11.146497
970 0.000030 0.007633 100.000000 9.009009
970 0.000040 0.007167 200.000000 8.968610
970 0.000042 0.008481 300.000000 10.101010
970 0.000038 0.008089 400.000000 10.928962
970 0.000031 0.007965 500.000000 11.494253
970 0.000037 0.009965 600.000000 11.952191
980 0.000012 0.007801 100.000000 9.259259
980 0.000035 0.008622 200.000000 9.174312
980 0.000039 0.010141 300.000000 10.273973
980 0.000036 0.009200 400.000000 11.080333
980 0.000033 0.009042 500.000000 11.627907
980 0.000036 0.010823 600.000000 12.072434
990 0.000027 0.008230 100.000000 9.345795
990 0.000032 0.009381 200.000000 9.345795
990 0.000035 0.010493 300.000000 10.452962
990 0.000028 0.009124 400.000000 11.235955
990 0.000032 0.008905 500.000000 11.792453
990 0.000033 0.010503 600.000000 12.195122
1000 0.000062 0.007861 100.000000 9.174312
1000 0.000040 0.007654 200.000000 9.523809
1000 0.000033 0.009180 300.000000 10.638298
1000 0.000027 0.007691 400.000000 11.396011
1000 0.000030 0.007620 500.000000 11.904762
1000 0.000034 0.009479 600.000000 12.269938
1010 0.000087 0.008703 100.000000 8.928572
1010 0.000039 0.006796 200.000000 9.661836
1010 0.000034 0.008793 300.000000 10.791367
1010 0.000034 0.007425 400.000000 11.527377
1010 0.000030 0.007503 500.000000 12.048193
1010 0.000035 0.009227 600.000000 12.295082
1020 0.000070 0.009425 100.000000 8.695652
1020 0.000046 0.006942 200.000000 9.756098
1020 0.000041 0.009237 300.000000 10.948905
1020 0.000035 0.007904 400.000000 11.627907
1020 0.000034 0.008396 500.000000 12.135922
1020 0.000042 0.009926 600.000000 12.170385
1030 0.000059 0.010319 100.000000 8.620689
1030 0.000047 0.007438 200.000000 9.900990
1030 0.000042 0.009639 300.000000 11.070110
1030 0.000036 0.008376 400.000000 11.730206
1030 0.000037 0.009072 500.000000 12.224939
1030 0.000061 0.010695 600.000000 11.952191
1040 0.000044 0.010344 100.000000 8.620689
1040 0.000045 0.007303 200.000000 10.000000
1040 0.000040 0.008855 300.000000 11.194030
1040 0.000032 0.007315 400.000000 11.834319
1040 0.000031 0.008330 500.000000 12.345679
1040 0.000052 0.009992 600.000000 11.834319
1050 0.000042 0.011089 100.000000 8.620689
1050 0.000045 0.007920 200.000000 10.152285
1050 0.000043 0.008976 300.000000 11.320755
1050 0.000033 0.007699 400.000000 11.940298
1050 0.000035 0.009063 500.000000 12.437811
1050 0.000049 0.010469 600.000000 11.764706
1060 0.000037 0.010864 100.000000 8.695652
1060 0.000038 0.009220 200.000000 10.309278
1060 0.000038 0.009367 300.000000 11.450381
1060 0.000033 0.008146 400.000000 12.048193
1060 0.000036 0.009468 500.000000 12.531328
1060 0.000047 0.010528 600.000000 11.718750
1070 0.000046 0.010470 100.000000 8.771930
1070 0.000051 0.010577 200.000000 10.471204
1070 0.000040 0.009451 300.000000 11.583012
1070 0.000033 0.008317 400.000000 12.158054
1070 0.000039 0.009799 500.000000 12.626263
1070 0.000053 0.011148 600.000000 11.627907
1080 0.000053 0.011861 100.000000 8.849558
1080 0.000053 0.012731 200.000000 10.695188
1080 0.000043 0.011047 300.000000 11.718750
1080 0.000035 0.010093 400.000000 12.307693
1080 0.000042 0.011879 500.000000 12.755102
1090 0.000072 0.011236 100.000000 9.009009
1090 0.000055 0.012237 200.000000 10.869565
1090 0.000046 0.009596 300.000000 11.904762
1090 0.000041 0.009127 400.000000 12.461060
1090 0.000044 0.011062 500.000000 12.853471
1100 0.000093 0.010596 100.000000 9.345795
1100 0.000064 0.011883 200.000000 11.173184
1100 0.000047 0.009215 300.000000 12.096774
1100 0.000045 0.009262 400.000000 12.658228
1100 0.000047 0.011409 500.000000 12.987013
1110 0.000063 0.011759 100.000000 9.803922
1110 0.000053 0.013310 200.000000 11.560694
1110 0.000038 0.010970 300.000000 12.396694
1110 0.000041 0.010352 400.000000 12.861736
1110 0.000044 0.011942 500.000000 13.157895
1120 0.000037 0.010481 100.000000 10.309278
1120 0.000040 0.012560 200.000000 11.976048
1120 0.000034 0.010683 300.000000 12.658228
1120 0.000033 0.009832 400.000000 13.114754
1120 0.000036 0.010801 500.000000 13.262600
1130 0.000032 0.008182 100.000000 10.869565
1130 0.000039 0.011109 200.000000 12.345679
1130 0.000031 0.009029 300.000000 12.931034
1130 0.000029 0.008606 400.000000 13.333333
1130 0.000034 0.009680 500.000000 13.262600
1140 0.000040 0.005928 100.000000 11.235955
1140 0.000038 0.009660 200.000000 12.658228
1140 0.000027 0.007470 300.000000 13.157895
1140 0.000028 0.007451 400.000000 13.559322
1140 0.000053 0.008297 500.000000 13.054831
1150 0.000043 0.005116 100.000000 11.627907
1150 0.000036 0.008801 200.000000 12.903226
1150 0.000025 0.006169 300.000000 13.333333
1150 0.000026 0.006650 400.000000 13.698630
1150 0.000060 0.007892 500.000000 12.820513
1160 0.000050 0.004938 100.000000 11.904762
1160 0.000044 0.008374 200.000000 13.157895
1160 0.000034 0.006026 300.000000 13.513514
1160 0.000033 0.007347 400.000000 13.840831
1160 0.000055 0.008717 500.000000 12.690355
1170 0.000051 0.006640 100.000000 12.345679
1170 0.000043 0.008456 200.000000 13.333333
1170 0.000036 0.006749 300.000000 13.698630
1170 0.000039 0.008180 400.000000 13.986014
1170 0.000053 0.009191 500.000000 12.594459
1180 0.000051 0.011026 100.000000 12.658228
1180 0.000045 0.010128 200.000000 13.605442
1180 0.000036 0.008257 300.000000 13.824884
1180 0.000042 0.009591 400.000000 14.084507
1180 0.000056 0.010209 500.000000 12.468828
1190 0.000080 0.012895 100.000000 13.157895
1190 0.000050 0.010059 200.000000 13.793103
1190 0.000039 0.008368 300.000000 14.018692
1190 0.000046 0.010242 400.000000 14.234876
1200 0.000049 0.013355 100.000000 13.513514
1200 0.000032 0.009335 200.000000 13.986014
1200 0.000032 0.007951 300.000000 14.150944
1200 0.000039 0.009595 400.000000 14.285714
1210 0.000052 0.014042 100.000000 13.698630
1210 0.000030 0.009395 200.000000 14.084507
1210 0.000038 0.008151 300.000000 14.285714
1210 0.000041 0.009795 400.000000 14.285714
1220 0.000050 0.013539 100.000000 13.888889
1220 0.000027 0.008222 200.000000 14.184397
1220 0.000032 0.007175 300.000000 14.354067
1220 0.000037 0.008315 400.000000 13.986014
1230 0.000055 0.013353 100.000000 14.084507
1230 0.000039 0.007653 200.000000 14.285714
1230 0.000034 0.007068 300.000000 14.423077
1230 0.000078 0.007410 400.000000 13.333333
1240 0.000051 0.011902 100.000000 14.285714
1240 0.000028 0.006538 200.000000 14.285714
1240 0.000030 0.006734 300.000000 14.492754
1240 0.000067 0.007278 400.000000 12.861736
1250 0.000040 0.011026 100.000000 14.285714
1250 0.000033 0.007158 200.000000 14.388489
1250 0.000038 0.008026 300.000000 14.492754
1250 0.000059 0.007936 400.000000 12.578616
1260 0.000016 0.008274 100.000000 14.285714
1260 0.000018 0.006004 200.000000 14.388489
1260 0.000034 0.007245 300.000000 14.563107
1260 0.000065 0.008054 400.000000 12.232416
1270 0.000027 0.007495 100.000000 14.285714
1270 0.000027 0.005488 200.000000 14.388489
1270 0.000038 0.007062 300.000000 14.492754
1280 0.000021 0.004550 100.000000 14.084507
1280 0.000036 0.003421 200.000000 14.388489
1280 0.000040 0.006030 300.000000 14.423077
1290 0.000032 0.002491 100.000000 14.084507
1290 0.000034 0.002573 200.000000 14.388489
1290 0.000047 0.004932 300.000000 13.953488
1300 0.000023 0.003173 100.000000 14.084507
1300 0.000034 0.003372 200.000000 14.388489
1300 0.000101 0.004075 300.000000 12.931034
1310 0.000018 0.003605 100.000000 14.084507
1310 0.000026 0.004718 200.000000 14.492754
1310 0.000078 0.005535 300.000000 12.345679
1320 0.000022 0.004096 100.000000 14.084507
1320 0.000038 0.005983 200.000000 14.492754
1320 0.000077 0.006671 300.000000 12.000000
1330 0.000037 0.004103 100.000000 14.084507
1330 0.000047 0.006782 200.000000 14.492754
1330 0.000092 0.008830 300.000000 11.538462
1340 0.000043 0.005217 100.000000 14.084507
1340 0.000045 0.008548 200.000000 14.492754
1350 0.000056 0.004394 100.000000 14.285714
1350 0.000054 0.008711 200.000000 14.285714
1360 0.000051 0.005136 100.000000 14.285714
1360 0.000052 0.006909 200.000000 13.605442
1370 0.000053 0.005816 100.000000 14.492754
1370 0.000141 0.006322 200.000000 12.269938
1380 0.000035 0.008006 100.000000 14.492754
1380 0.000118 0.008771 200.000000 11.494253
1390 0.000059 0.009310 100.000000 14.492754
1390 0.000110 0.009512 200.000000 11.049724
1400 0.000058 0.011362 100.000000 14.492754
1410 0.000058 0.012424 100.000000 14.492754
1420 0.000049 0.012090 100.000000 13.888889
1430 0.000097 0.008990 100.000000 12.195122
1440 0.000259 0.009475 100.000000 10.101010
1450 0.000213 0.009413 100.000000 9.259259
1460 0.000225 0.011680 100.000000 8.547009
