-0.000000 0.000000 0.000000 0.000000
-0.031067 2.888054 -0.009582 2.851810
-0.064585 5.738958 -0.007223 5.667165
-0.101303 8.535486 -0.027905 8.430482
-0.142195 11.339520 -0.050199 11.208002
-0.184906 14.041360 -0.082273 13.931085
-0.236713 16.743090 -0.123213 16.632715
-0.293743 19.414190 -0.173651 19.301840
-0.351775 22.037930 -0.233047 21.940138
-0.412104 24.615430 -0.301733 24.496649
-0.469077 27.080370 -0.378406 26.988321
-0.537729 29.454710 -0.461109 29.359762
-0.609883 31.753310 -0.549680 31.674423
-0.707028 33.962280 -0.644612 33.894215
-0.822501 36.085730 -0.750926 36.029907
-0.935694 38.111240 -0.870680 38.075146
-1.022967 40.037480 -0.965535 40.003765
-1.107347 41.890890 -1.043958 41.883286
-1.156523 43.592390 -1.097453 43.595928
-1.165281 45.110470 -1.097539 45.132549
-1.139704 46.435620 -1.079571 46.475826
-1.077742 47.567320 -1.012296 47.631580
-1.006263 48.450880 -0.940558 48.527702
-0.897746 49.232390 -0.822549 49.330532
-0.757712 49.986150 -0.678413 50.098473
-0.562625 50.707270 -0.474929 50.838036
-0.317219 51.420200 -0.226844 51.556828
0.000274 52.129820 0.098466 52.274231
0.427978 52.800310 0.542954 52.956192
0.965237 53.472800 1.094712 53.634796
1.658262 54.153430 1.780752 54.319263
2.612681 54.789880 2.700571 54.983116
3.766145 55.335410 3.852185 55.566837
5.103719 55.721430 5.220484 56.033379
6.612372 55.902800 6.711049 56.233383
8.209580 55.971350 8.330771 56.337051
9.933246 55.981820 10.072855 56.352970
11.755010 55.963040 11.877274 56.313641
13.673080 55.883300 13.832717 56.258942
15.697980 55.779010 15.901051 56.177315
17.784720 55.672100 18.016003 56.108414
19.978240 55.590270 20.218102 56.053139
22.167140 55.510110 22.445238 56.003384
24.373310 55.484540 24.707520 55.994976
26.568060 55.472620 26.938049 56.001179
28.777650 55.510270 29.163651 56.015942
30.985590 55.548590 31.432320 56.070732
33.207400 55.613480 33.685131 56.140465
35.442520 55.709300 35.950035 56.241795
37.704740 55.826600 38.254959 56.369541
40.002200 55.976310 40.580753 56.535599
42.339510 56.141300 42.908165 56.714802
44.713720 56.343910 45.301182 56.909164
47.122240 56.605330 47.656528 57.179680
49.540680 56.921620 50.088451 57.490261
51.989070 57.297260 52.508774 57.860767
54.343180 57.698510 54.891350 58.274090
56.645460 58.120330 57.187729 58.694794
58.876010 58.567270 59.435738 59.148552
61.013190 59.021080 61.580570 59.614941
63.055930 59.468430 63.628815 60.068714
65.032810 59.902180 65.632759 60.500370
66.922080 60.298360 67.529289 60.911674
68.724720 60.677920 69.352699 61.301495
70.449950 61.033000 71.106712 61.660534
72.086540 61.346730 72.768814 61.967285
73.701140 61.657010 74.406204 62.266182
75.335240 61.944750 76.048264 62.546066
76.992600 62.291350 77.725800 62.913048
78.692590 62.691950 79.419281 63.318077
80.453400 63.179850 81.192490 63.818127
82.265790 63.740490 83.017395 64.376083
84.194030 64.399810 84.929771 65.027847
86.224450 65.153770 86.940552 65.772430
88.357870 65.993410 89.044632 66.583183
90.502450 66.907090 91.168327 67.483307
92.609040 67.903710 93.276268 68.451714
94.633120 68.920130 95.329277 69.433182
96.583420 69.912990 97.289574 70.403748
98.435050 70.883890 99.172310 71.358879
100.212200 71.816210 100.972107 72.286102
101.905500 72.735820 102.696556 73.178528
103.511500 73.620900 104.348251 74.072548
105.060100 74.482340 105.893524 74.884636
106.565000 75.343110 107.401512 75.746124
108.028900 76.228830 108.856781 76.621536
109.484600 77.160920 110.296936 77.539444
111.012500 78.171090 111.789558 78.548973
112.582900 79.246780 113.329453 79.629585
114.228600 80.425890 114.936211 80.817886
115.947600 81.729260 116.628883 82.110100
117.700100 83.151090 118.359329 83.535210
119.523000 84.685210 120.164772 85.072342
121.433400 86.292660 122.051407 86.696877
123.377700 87.978210 123.971634 88.372925
125.311100 89.753620 125.883774 90.130272
127.275600 91.596860 127.831184 91.964844
129.224500 93.463900 129.803024 93.851685
131.149100 95.403230 131.738327 95.750946
133.059000 97.419260 133.632858 97.722534
134.953900 99.488560 135.534927 99.770638
136.852800 101.578900 137.434708 101.840744
138.768400 103.700800 139.326294 103.930336
140.668600 105.771500 141.242661 106.037598
142.593300 107.805600 143.160706 108.075302
144.499400 109.783900 145.057831 110.067490
146.448400 111.754000 146.976562 112.024612
148.396300 113.639400 148.925064 113.905914
150.376300 115.438400 150.885590 115.763313
152.404100 117.222400 152.874863 117.582352
154.478600 118.989300 154.911423 119.359535
156.645400 120.724500 157.032867 121.145737
158.905800 122.432200 159.224823 122.865074
161.194700 124.063600 161.506866 124.536697
163.498700 125.601900 163.802277 126.135414
165.800800 127.092000 166.070831 127.633202
168.046900 128.527100 168.291733 129.067230
170.193100 129.881700 170.468552 130.442276
172.320500 131.175000 172.611679 131.702850
174.354500 132.418200 174.664764 132.946014
176.353200 133.630800 176.685730 134.145309
178.293700 134.777800 178.621826 135.282410
180.174800 135.863800 180.541153 136.363739
181.990300 136.890800 182.399734 137.392380
183.746700 137.844100 184.195160 138.352264
185.502900 138.752600 185.982727 139.259033
187.316700 139.650000 187.827484 140.158417
189.197800 140.526600 189.739441 141.037689
191.166700 141.381000 191.701187 141.883682
193.245000 142.204500 193.816650 142.718719
195.460000 143.026300 196.018066 143.524994
197.772100 143.833600 198.347595 144.323029
200.145100 144.607400 200.746094 145.096405
202.692400 145.397600 203.262939 145.872620
205.249500 146.171900 205.818146 146.664444
207.860900 146.926000 208.439789 147.423126
210.549200 147.643600 211.141251 148.145676
213.300400 148.348200 213.900085 148.850464
216.084100 149.048900 216.704514 149.546387
218.860300 149.726200 219.503220 150.231003
221.644800 150.382100 222.328751 150.886917
224.412100 151.021800 225.107803 151.523132
227.167600 151.643200 227.919128 152.153259
229.918900 152.230300 230.713699 152.742401
232.689500 152.785800 233.497482 153.286377
235.449300 153.313200 236.274582 153.803192
238.199800 153.803200 239.069199 154.309387
240.934200 154.256400 241.803391 154.761703
243.668800 154.668400 244.554504 155.178009
246.368400 155.041200 247.255478 155.566116
249.069800 155.358200 249.974609 155.887405
251.725900 155.632800 252.615311 156.168991
254.402400 155.881300 255.306900 156.436295
257.042800 156.089700 257.960968 156.645111
259.660100 156.224000 260.603516 156.789673
262.271700 156.315800 263.213470 156.880600
264.865700 156.356900 265.823090 156.935089
267.459400 156.359600 268.436615 156.922363
270.039500 156.343700 271.016998 156.915161
272.588200 156.330000 273.577728 156.905838
275.056200 156.330100 276.059479 156.905380
277.448400 156.359600 278.470093 156.931488
279.738200 156.429500 280.765076 157.003296
281.938200 156.520200 282.991852 157.085541
284.012100 156.634000 285.107513 157.185760
285.967000 156.761600 287.056091 157.307068
287.810800 156.898300 288.907440 157.441238
289.549300 157.041600 290.636841 157.583160
291.199000 157.180400 292.291779 157.727356
292.759600 157.324200 293.856537 157.884003
294.237400 157.467800 295.340271 158.046417
295.702000 157.617000 296.806244 158.207291
297.209000 157.765400 298.321289 158.364456
298.767900 157.889400 299.881073 158.482285
300.432800 158.016900 301.555145 158.621033
302.189300 158.141600 303.303192 158.756622
304.038500 158.267800 305.183472 158.869522
305.995200 158.405700 307.144775 159.010834
308.048700 158.531900 309.209869 159.136642
310.174500 158.661100 311.353271 159.260040
312.381400 158.771100 313.558594 159.369949
314.676200 158.867600 315.856781 159.465195
317.037300 158.975500 318.230988 159.561905
319.477900 159.096700 320.672638 159.681137
321.983300 159.231700 323.174286 159.806778
324.556700 159.385400 325.749512 159.951126
327.199000 159.561700 328.401672 160.125961
329.888000 159.763100 331.092987 160.323029
332.606500 159.992500 333.850220 160.563080
335.346200 160.242300 336.629456 160.817123
338.087800 160.502200 339.400818 161.072357
340.808300 160.751300 342.185059 161.331848
343.520500 160.989100 344.924896 161.579865
346.223500 161.227200 347.642853 161.823395
348.906500 161.474100 350.358826 162.073257
351.590100 161.717700 353.056244 162.313141
354.273100 161.969400 355.746857 162.577972
356.966000 162.239900 358.399902 162.894608
359.666600 162.550200 361.118591 163.247391
362.375700 162.896300 363.797852 163.656464
365.062800 163.323000 366.452484 164.131714
367.727000 163.850800 369.123352 164.683685
370.348600 164.475400 371.744354 165.306870
372.964400 165.138700 374.374237 165.964401
375.599800 165.826700 377.007385 166.666458
378.229900 166.566100 379.644958 167.416931
380.801800 167.357500 382.234741 168.204132
383.318400 168.171800 384.794403 169.005524
385.808200 169.013900 387.319244 169.844849
388.246500 169.856400 389.778748 170.680267
390.650800 170.695000 392.232605 171.502823
393.014800 171.503500 394.609497 172.285904
395.404400 172.284100 397.003052 173.060120
397.780400 173.063700 399.407349 173.844437
400.205400 173.874000 401.844879 174.646774
402.725900 174.699400 404.347717 175.469437
405.238700 175.529800 406.932129 176.308670
407.810400 176.369600 409.530792 177.156723
410.380800 177.246300 412.153748 178.019806
412.944100 178.091800 414.737213 178.883575
415.502100 178.907300 417.280579 179.729279
417.987000 179.722000 419.770813 180.565796
420.400700 180.499000 422.164886 181.375000
422.723500 181.229600 424.478180 182.128235
424.970600 181.953100 426.716583 182.873795
427.191300 182.654700 428.912445 183.591904
429.364900 183.330700 431.103271 184.292908
431.542400 184.015100 433.269440 184.966385
433.709700 184.706100 435.436768 185.653137
435.894400 185.396800 437.643250 186.358185
437.987000 186.094800 439.763245 187.055374
439.976500 186.775400 441.785309 187.738434
441.889500 187.423200 443.689209 188.400330
443.709700 188.041300 445.534760 189.028549
445.449300 188.641500 447.283844 189.633255
447.056300 189.201200 448.920654 190.205750
448.590500 189.739900 450.472748 190.763855
450.015000 190.249300 451.930389 191.278473
451.352700 190.721500 453.277130 191.758118
452.596100 191.161200 454.526062 192.203079
453.710200 191.550200 455.684875 192.594666
454.731200 191.911400 456.729401 192.960739
455.653200 192.246800 457.674438 193.294464
456.505300 192.533700 458.541504 193.584900
457.319300 192.826200 459.371216 193.866074
458.109900 193.111500 460.177826 194.150070
458.896600 193.410900 460.968994 194.444916
459.697700 193.760100 461.777283 194.778046
460.531700 194.165900 462.628967 195.164001
461.370300 194.631800 463.467682 195.622314
462.158600 195.139900 464.253510 196.108215
462.899600 195.612800 464.980225 196.592758
463.586200 195.962000 465.692444 196.953323
464.354300 196.273600 466.415771 197.261322
465.139400 196.550800 467.161896 197.519073
465.948600 196.799800 467.959717 197.752289
466.714000 197.006300 468.741089 197.995331
467.409700 197.209000 469.421448 198.184616
468.004600 197.427000 470.020050 198.412689
468.491000 197.643300 470.505188 198.649384
468.884200 197.788300 470.894073 198.819305
469.204000 197.984300 471.202057 199.060333
469.473000 198.134800 471.468292 199.241989
469.708700 198.262200 471.697388 199.412506
469.857800 198.400100 471.844421 199.572830
469.984600 198.505100 471.968048 199.677185
470.093200 198.600100 472.082855 199.783966
