0.000000 0.000000 -0.104064 -1.806273
-0.007832 1.689225 -0.109043 -0.121574
-0.029694 3.390281 -0.135981 1.564145
-0.070081 5.150463 -0.163676 3.330377
-0.123858 6.989627 -0.207930 5.179355
-0.184475 8.978383 -0.252138 7.162827
-0.253794 11.064230 -0.311166 9.247820
-0.296212 13.335200 -0.367650 11.529945
-0.345120 15.748820 -0.428471 13.955873
-0.368644 18.288060 -0.480338 16.513056
-0.406558 20.990620 -0.551726 19.256948
-0.450732 23.849210 -0.610376 22.114893
-0.505576 26.794890 -0.679364 25.055838
-0.567916 29.817300 -0.760219 28.104073
-0.634186 32.902500 -0.848684 31.227715
-0.704629 36.067260 -0.925530 34.405170
-0.763742 39.276990 -1.010426 37.644646
-0.840559 42.506460 -1.129959 40.920628
-0.944805 45.707290 -1.221647 44.172020
-1.050114 48.934630 -1.327945 47.460388
-1.142897 52.159540 -1.431442 50.726265
-1.248790 55.372460 -1.524114 53.998241
-1.352181 58.600620 -1.615613 57.287102
-1.444555 61.847430 -1.691041 60.574203
-1.528092 65.085270 -1.787827 63.855312
-1.623511 68.349680 -1.903179 67.148285
-1.697570 71.605970 -1.980043 70.443932
-1.784427 74.842930 -2.075657 73.723633
-1.892754 78.044640 -2.166656 76.968506
-2.009246 81.241000 -2.279006 80.208435
-2.118145 84.381460 -2.377193 83.396317
-2.224921 87.410700 -2.478039 86.477570
-2.344772 90.265560 -2.589841 89.350655
-2.486719 92.915770 -2.732651 92.026207
-2.649588 95.352060 -2.884144 94.481438
-2.827593 97.533080 -3.034679 96.658516
-2.992555 99.437370 -3.193279 98.614433
-3.132396 101.119600 -3.326640 100.311310
-3.196722 102.604300 -3.369412 101.808105
-3.182672 103.907400 -3.330198 103.130264
-3.061832 105.116200 -3.196434 104.365372
-2.813888 106.240500 -2.949791 105.464752
-2.431748 107.285400 -2.581960 106.493019
-1.921488 108.234600 -2.077582 107.442436
-1.282825 109.049600 -1.447409 108.265640
-0.530716 109.791000 -0.687643 109.030212
0.374458 110.404000 0.249286 109.660210
1.408134 110.856700 1.300894 110.093460
2.533142 111.185100 2.437674 110.434517
3.783818 111.364400 3.700363 110.585953
5.173439 111.489500 5.140089 110.715431
6.728517 111.518300 6.668729 110.728065
8.447661 111.482200 8.424442 110.697029
10.365340 111.411600 10.337874 110.627609
12.440570 111.376600 12.425486 110.591118
14.658270 111.336300 14.664868 110.555138
16.980990 111.294300 16.988073 110.510857
19.371510 111.225100 19.392263 110.444794
21.827520 111.168600 21.869221 110.380890
24.338230 111.128000 24.388100 110.315804
26.865460 111.086600 26.941668 110.253937
29.340250 111.018500 29.437647 110.169037
31.824380 110.949500 31.944489 110.094070
34.255590 110.895700 34.401234 110.040550
36.655720 110.832300 36.848225 109.976593
39.023530 110.760300 39.205494 109.876152
41.348270 110.661800 41.545376 109.777306
43.625630 110.563400 43.844177 109.683044
45.778700 110.472200 45.994930 109.574928
47.871130 110.381700 48.103077 109.481667
49.939530 110.289100 50.192417 109.387901
51.971720 110.194600 52.211494 109.272728
53.966400 110.084400 54.219612 109.151230
55.968740 109.922700 56.253590 108.987572
58.012520 109.724900 58.322163 108.788628
60.142410 109.502900 60.450073 108.551453
62.329410 109.265100 62.643394 108.316612
64.563430 109.013700 64.893044 108.070595
66.805840 108.790700 67.138245 107.803757
69.024790 108.566800 69.375183 107.548187
71.274060 108.316000 71.618164 107.275345
73.551630 108.056300 73.890518 106.991585
75.878910 107.783000 76.251717 106.706627
78.249380 107.482800 78.608681 106.374184
80.656160 107.159100 81.022522 106.029289
83.128450 106.823200 83.500015 105.667374
85.650170 106.498800 86.053963 105.339294
88.195570 106.179900 88.603722 105.004120
90.756270 105.878900 91.153694 104.680244
93.347120 105.574100 93.754059 104.363083
95.936460 105.267700 96.346359 104.039299
98.498850 104.969700 98.932640 103.726234
101.043100 104.696300 101.493393 103.446632
103.535900 104.414000 104.004234 103.163635
105.990700 104.117400 106.502678 102.839355
108.401400 103.830100 108.914337 102.547386
110.756600 103.530500 111.286827 102.234261
113.078300 103.210700 113.611191 101.896980
115.356600 102.887000 115.898178 101.554291
117.639100 102.533100 118.192131 101.196022
119.873200 102.178000 120.455139 100.827934
122.079200 101.811900 122.672478 100.450203
124.272600 101.407700 124.885002 100.038643
126.424700 100.975200 127.028786 99.600151
128.537100 100.456100 129.143311 99.064445
130.617700 99.856810 131.241501 98.439857
132.667800 99.216070 133.298355 97.785828
134.687400 98.553530 135.314621 97.114960
136.660100 97.926510 137.301788 96.501060
138.607400 97.314350 139.238464 95.889038
140.503400 96.738880 141.141708 95.315887
142.369000 96.204360 143.004135 94.784592
144.202100 95.695640 144.836914 94.284561
145.980300 95.244100 146.613266 93.833534
147.725300 94.841610 148.356339 93.443192
149.451200 94.497860 150.085907 93.106010
151.160400 94.251030 151.797302 92.876373
152.853900 94.142140 153.489136 92.789734
154.532700 94.132680 155.153763 92.792290
156.196500 94.120650 156.807556 92.756035
157.821400 94.007330 158.428757 92.625130
159.401200 93.838200 160.011032 92.445099
160.938600 93.578160 161.541367 92.173943
162.417600 93.276270 163.045654 91.854301
163.854200 92.938740 164.490112 91.504105
165.277700 92.622550 165.910324 91.154007
166.674900 92.299640 167.325089 90.814972
168.125300 91.946090 168.774017 90.435539
169.638900 91.526300 170.295120 89.996346
171.214100 91.062420 171.875366 89.516525
172.836600 90.569120 173.503906 88.995560
174.480800 90.035230 175.167389 88.452362
176.115700 89.513510 176.816498 87.917885
177.736600 89.009020 178.447922 87.390213
179.315600 88.539550 180.069092 86.902962
180.808000 88.123170 181.568863 86.461029
182.185700 87.753480 182.962814 86.070190
183.432400 87.482040 184.200790 85.769775
184.623100 87.293670 185.369598 85.578903
185.803900 87.231550 186.554886 85.495232
186.952000 87.297830 187.677185 85.561333
188.068600 87.451920 188.770767 85.724373
189.154900 87.728640 189.867996 85.982994
190.233600 88.157250 190.927505 86.408257
191.320100 88.781620 192.034424 87.028999
192.410500 89.600550 193.071381 87.821365
193.454200 90.684490 194.135300 88.915665
194.437900 91.988930 195.098801 90.177544
195.378100 93.548950 196.054108 91.730789
196.271500 95.327110 196.945831 93.494186
197.137400 97.277400 197.845917 95.453827
197.949900 99.411050 198.680786 97.594681
198.716100 101.702700 199.460632 99.909584
199.516800 104.092500 200.291336 102.316826
200.371000 106.590800 201.157761 104.823250
201.252400 109.169500 202.058273 107.420860
202.151000 111.754400 202.972870 110.023453
203.059200 114.350500 203.888412 112.632179
203.983900 117.000400 204.802429 115.256851
204.857600 119.562000 205.714996 117.881790
205.735000 122.179100 206.591263 120.499977
206.598600 124.790300 207.482101 123.133514
207.440900 127.377400 208.337372 125.724327
208.242800 129.908400 209.152847 128.255905
208.997300 132.350000 209.919952 130.711411
209.687300 134.653600 210.614105 133.022171
210.315800 136.812600 211.275711 135.218536
210.853400 138.781000 211.821472 137.185989
211.314900 140.528100 212.303589 138.941864
211.724000 142.072000 212.723679 140.501022
212.087800 143.489600 213.088028 141.897537
212.418900 144.848700 213.424927 143.268707
212.644500 146.170800 213.650192 144.587631
212.735200 147.467000 213.738419 145.900986
212.655400 148.727700 213.651199 147.141144
212.394800 149.931200 213.410187 148.298538
211.967700 151.060900 213.006577 149.379349
211.327800 152.041400 212.434311 150.364365
210.570500 152.900300 211.625824 151.188736
209.690200 153.609600 210.769958 151.897385
208.709700 154.127900 209.830383 152.389755
207.628600 154.446600 208.794022 152.747147
206.514300 154.663600 207.767853 152.949844
205.342600 154.839800 206.611099 153.132507
204.054700 154.916400 205.374405 153.244263
202.653200 155.003000 203.969360 153.358063
201.071000 155.004800 202.386719 153.375977
199.317900 154.934200 200.616714 153.332993
197.401000 154.857200 198.669754 153.280396
195.316900 154.772000 196.549072 153.211105
193.070500 154.750200 194.278732 153.217499
190.668800 154.808600 191.841858 153.298187
188.123400 154.966400 189.267166 153.452866
185.505500 155.209900 186.621872 153.708740
182.877200 155.502600 183.980423 153.999359
180.229400 155.806300 181.317047 154.328018
177.558300 156.111000 178.623138 154.657135
174.880600 156.428400 175.932251 154.997360
172.210900 156.745600 173.254959 155.334946
169.531800 157.057600 170.558472 155.658890
166.857300 157.367500 167.880066 155.979996
164.166400 157.687700 165.202362 156.301285
161.543900 158.015100 162.543030 156.641510
158.917500 158.348300 159.900894 156.979996
156.307000 158.685700 157.268082 157.325958
153.701700 159.029500 154.642578 157.679886
151.074500 159.379400 152.003296 158.033813
148.417600 159.744000 149.319931 158.396347
145.726100 160.131500 146.631241 158.782547
143.006700 160.516800 143.902725 159.169403
140.244900 160.894500 141.102615 159.565582
137.441200 161.249200 138.289032 159.919785
134.595200 161.560200 135.411362 160.229950
131.711200 161.840600 132.518723 160.516846
128.789000 162.129400 129.582535 160.817566
125.847000 162.402500 126.617218 161.101288
122.922800 162.662800 123.657173 161.387650
120.011500 162.917000 120.729057 161.655197
117.096200 163.164900 117.794853 161.927307
114.183400 163.417600 114.874924 162.201416
111.271300 163.676400 111.931114 162.467865
108.360000 163.930000 108.991539 162.744461
105.444700 164.185400 106.059464 163.019638
102.540700 164.434900 103.127388 163.279480
99.644400 164.672400 100.242165 163.547302
96.744730 164.928100 97.296661 163.811752
93.849290 165.223100 94.402946 164.120621
90.952140 165.530200 91.479393 164.442520
88.065380 165.851200 88.584816 164.768112
85.150470 166.191600 85.659431 165.124481
82.242610 166.531500 82.714424 165.468414
79.311830 166.862600 79.745674 165.808395
76.393260 167.201900 76.804855 166.135880
73.438700 167.538900 73.833199 166.494614
70.485150 167.863400 70.840500 166.835251
67.519840 168.167700 67.843575 167.139175
64.540850 168.441900 64.858330 167.426071
61.540400 168.697200 61.845318 167.691483
58.537190 168.941400 58.819801 167.954224
55.533930 169.185000 55.800316 168.223434
52.543330 169.420200 52.801025 168.469559
49.571870 169.640200 49.839149 168.692398
46.635500 169.839600 46.909504 168.897888
43.710130 170.017100 43.978844 169.080368
40.823360 170.176600 41.085144 169.253754
37.953040 170.328300 38.215355 169.421005
35.132860 170.473500 35.391056 169.591995
32.385260 170.602800 32.612774 169.753006
29.704360 170.713400 29.926296 169.883301
27.093420 170.807100 27.291395 169.998138
24.583170 170.877300 24.776138 170.099518
22.209330 170.937800 22.391098 170.190460
19.944280 171.027800 20.120081 170.315994
17.748010 171.142200 17.893276 170.443298
15.606760 171.273100 15.722974 170.588852
13.545460 171.403600 13.648555 170.724869
11.568070 171.540200 11.652026 170.874176
9.709170 171.687300 9.779510 171.031189
7.998637 171.853700 8.057743 171.195358
6.432635 172.024100 6.481057 171.365326
4.995356 172.227700 5.022483 171.558563
3.674361 172.460800 3.682066 171.799988
2.475555 172.738700 2.464495 172.079727
1.394096 173.060700 1.386302 172.397018
0.435287 173.448800 0.408915 172.782181
-0.481995 173.905100 -0.455538 173.210312
-1.324858 174.456900 -1.307678 173.744400
-2.065394 175.091700 -2.076342 174.349106
-2.762100 175.808500 -2.761484 175.057037
-3.408457 176.720100 -3.420396 175.956223
-3.994755 177.763900 -3.966197 176.989288
-4.506015 178.951500 -4.473507 178.185928
-4.930925 180.367000 -4.898561 179.581223
-5.212692 181.952900 -5.174276 181.188599
-5.351521 183.714600 -5.289995 182.970642
-5.392321 185.625500 -5.308689 184.899704
-5.387940 187.682900 -5.291579 186.992264
-5.372151 189.871900 -5.258617 189.224823
-5.386586 192.193400 -5.261312 191.554092
-5.406023 194.585200 -5.261906 193.976669
-5.440439 197.017600 -5.278208 196.430267
-5.475977 199.456500 -5.336698 198.885605
-5.514842 201.934200 -5.379526 201.359039
-5.560062 204.406700 -5.428391 203.844147
-5.616804 206.863600 -5.496183 206.297852
-5.692115 209.294100 -5.567062 208.729202
-5.775682 211.678200 -5.645396 211.123810
-5.860771 213.990100 -5.732026 213.448212
-5.940900 216.159300 -5.813116 215.617386
-6.023283 218.169400 -5.887896 217.652298
-6.114588 220.000600 -5.974898 219.493759
-6.209081 221.641100 -6.069546 221.157135
-6.290085 223.094700 -6.152171 222.637985
-6.323739 224.427000 -6.198298 224.020432
-6.274326 225.732300 -6.137663 225.328613
-6.132258 226.985000 -5.978624 226.597427
-5.842543 228.167200 -5.662964 227.815247
-5.392446 229.278300 -5.215706 228.918228
-4.842747 230.275700 -4.676247 229.939301
-4.162700 231.192700 -4.006887 230.878387
-3.339169 232.032200 -3.153907 231.713684
-2.397566 232.795000 -2.178810 232.495789
-1.278517 233.345000 -1.064073 233.031250
0.002398 233.849400 0.252191 233.555054
1.451824 234.167300 1.701210 233.825592
3.063341 234.394700 3.378850 234.103729
4.818404 234.521700 5.171420 234.243744
6.718857 234.529500 7.112076 234.241699
8.771869 234.476900 9.176651 234.181351
10.950050 234.353500 11.373968 234.065094
13.283690 234.242600 13.705468 233.944153
15.698180 234.114100 16.115002 233.813019
18.109840 234.011200 18.529783 233.700546
20.538930 233.937000 20.974974 233.626984
23.000350 233.896100 23.416744 233.563858
25.454510 233.895700 25.876839 233.525803
27.927720 233.889300 28.358940 233.485565
30.407900 233.872000 30.867676 233.446213
32.882140 233.853600 33.349815 233.397552
35.338500 233.829000 35.839237 233.352966
37.779520 233.790500 38.306583 233.282883
40.179400 233.727500 40.730427 233.201248
42.552300 233.662400 43.107136 233.114944
44.907840 233.595600 45.468147 233.034180
47.226940 233.520600 47.801083 232.941605
49.522840 233.434600 50.112392 232.850052
51.803140 233.370200 52.400021 232.754929
54.049950 233.306500 54.654514 232.666977
56.280590 233.226500 56.891285 232.571503
58.445580 233.147900 59.068035 232.470398
60.619970 233.086700 61.241344 232.392822
62.750480 233.037500 63.392124 232.329147
64.846290 232.998000 65.515633 232.279556
66.907940 232.934300 67.561386 232.192841
68.927460 232.866900 69.578804 232.108292
70.887740 232.814900 71.535103 232.039276
72.825750 232.758300 73.457077 231.965530
74.737930 232.699000 75.371422 231.903076
76.618370 232.622200 77.271492 231.828934
78.487810 232.513200 79.151955 231.722229
80.415420 232.376500 81.095596 231.591629
82.423060 232.187700 83.109718 231.394531
84.524370 231.969700 85.244492 231.176041
86.709120 231.699600 87.439667 230.894730
89.024130 231.380400 89.762489 230.564667
91.467840 231.021200 92.197189 230.195969
94.024580 230.649200 94.764389 229.821075
96.704300 230.258000 97.458672 229.407013
99.500260 229.890100 100.250504 229.035110
102.390800 229.569300 103.135704 228.708542
105.358500 229.285100 106.106560 228.408005
108.344900 229.013100 109.103767 228.133102
111.363200 228.734900 112.110321 227.845322
114.373200 228.477600 115.103157 227.587311
117.360000 228.229400 118.108673 227.330383
120.339400 228.001300 121.095955 227.100037
123.309400 227.796900 124.064987 226.892990
126.241200 227.623100 127.017029 226.710190
129.151600 227.477500 129.953674 226.531555
132.012600 227.318900 132.794556 226.371887
134.854400 227.154700 135.650452 226.192490
137.658300 226.984100 138.466949 226.013870
140.441600 226.780700 141.266510 225.792999
143.209300 226.535400 144.052383 225.543243
145.977400 226.238300 146.839111 225.231247
148.746000 225.862600 149.650375 224.839798
151.518600 225.402500 152.427704 224.374268
154.265800 224.858900 155.199310 223.819839
157.017900 224.208100 157.958038 223.153870
159.770300 223.494500 160.750290 222.410706
162.519400 222.782200 163.508194 221.690826
165.292700 222.111000 166.308777 221.016861
168.051700 221.507000 169.065994 220.401184
170.813300 220.973200 171.854492 219.852005
173.565300 220.491000 174.608337 219.359222
176.245800 220.043100 177.309174 218.916214
178.818800 219.633700 179.896210 218.480484
181.257200 219.251600 182.339828 218.067322
183.679400 218.884000 184.759277 217.681610
186.086900 218.497600 187.189453 217.259293
188.454700 218.100200 189.605835 216.836319
190.804000 217.716300 191.942627 216.442490
193.140800 217.373500 194.271881 216.095535
195.432100 217.054600 196.558319 215.766327
197.727600 216.759200 198.858871 215.461609
199.972100 216.485600 201.093735 215.174820
202.098700 216.237900 203.226257 214.913544
204.042400 215.996300 205.195297 214.663757
205.749800 215.775100 206.933670 214.442627
207.241200 215.583400 208.432053 214.257690
208.613300 215.379500 209.802231 214.077133
209.946100 215.165400 211.114441 213.881775
211.132200 214.943200 212.317963 213.672958
212.136600 214.744800 213.315903 213.489655
213.062500 214.534600 214.247406 213.295578
213.959300 214.314400 215.143112 213.096191
214.824000 214.088800 216.021484 212.896652
215.687900 213.834700 216.898148 212.652985
216.575000 213.526600 217.802155 212.355789
217.490900 213.157600 218.754547 211.987885
218.457300 212.700900 219.749710 211.531952
219.480700 212.125200 220.803772 210.943008
220.511700 211.370900 221.870850 210.180939
221.550800 210.459100 222.935928 209.245468
222.555600 209.363300 223.934357 208.135788
223.474400 208.082600 224.858505 206.828857
224.312800 206.641100 225.698959 205.354843
225.044800 205.038200 226.451431 203.680161
225.610700 203.260200 227.009521 201.841766
225.969900 201.350200 227.402313 199.909912
226.110100 199.367200 227.524826 197.880539
226.043000 197.305000 227.442535 195.792328
225.807700 195.159800 227.194962 193.624649
225.430000 192.956900 226.817703 191.419601
224.916600 190.707600 226.299423 189.151978
224.270500 188.432400 225.628204 186.846191
223.514900 186.121900 224.873871 184.538101
222.660400 183.771100 224.000610 182.156158
221.783100 181.391000 223.132706 179.775284
220.891900 178.998600 222.229340 177.368805
220.021400 176.587400 221.362305 174.954453
219.223500 174.200300 220.568115 172.560715
218.482200 171.834800 219.824417 170.183563
217.818500 169.568700 219.157196 167.916290
217.216600 167.458800 218.543671 165.788834
216.650700 165.491600 217.972809 163.830032
216.110800 163.682800 217.427307 162.012512
215.577800 162.017400 216.890686 160.311554
214.999400 160.430000 216.310318 158.725540
214.344800 158.975700 215.630859 157.249603
213.573800 157.662600 214.864761 155.929398
212.660500 156.532700 213.960312 154.808044
211.582500 155.560200 212.881744 153.814575
210.426600 154.805400 211.723145 153.052917
209.163000 154.246200 210.459290 152.529846
207.764200 153.857100 209.069290 152.148605
206.280800 153.652300 207.586075 151.950546
204.678000 153.573200 205.960480 151.859222
202.976300 153.576200 204.234467 151.885681
201.140400 153.649700 202.409561 151.973053
199.175800 153.795100 200.427429 152.145493
197.094000 154.001100 198.331055 152.361084
194.884400 154.205500 196.103867 152.585648
192.560300 154.427500 193.756805 152.814163
190.124200 154.677200 191.306549 153.072906
187.577500 154.946500 188.732697 153.357819
184.929000 155.250800 186.058655 153.677444
182.198300 155.594600 183.324020 154.030548
179.402300 155.944800 180.512253 154.397186
176.570000 156.287200 177.656067 154.761627
173.734500 156.623600 174.784210 155.121628
170.901000 156.954000 171.932053 155.475540
168.081500 157.295300 169.096603 155.840103
165.284900 157.640900 166.285080 156.201660
162.507400 157.987500 163.499878 156.557541
159.747400 158.333400 160.726593 156.913025
156.984600 158.680600 157.946243 157.272934
154.216200 159.032100 155.158112 157.635635
151.439500 159.399800 152.372162 158.011581
148.640500 159.792600 149.557755 158.421448
145.813800 160.206400 146.739136 158.833664
142.963600 160.610300 143.877991 159.243118
140.057000 160.997100 140.952362 159.644592
137.092200 161.347900 137.965759 160.001617
134.059200 161.649400 134.919647 160.309021
130.993600 161.935400 131.834045 160.601746
127.858900 162.233700 128.682785 160.905533
124.683800 162.520100 125.470505 161.202911
121.492100 162.798700 122.255600 161.496155
118.297400 163.082000 119.033554 161.788971
115.103400 163.377800 115.812462 162.087646
111.913100 163.672600 112.595352 162.389557
108.723500 163.966800 109.354919 162.698318
105.531500 164.253700 106.138969 162.999527
102.343500 164.537500 102.931488 163.286499
99.161640 164.825900 99.736237 163.590805
95.959550 165.164700 96.516899 163.939056
92.746890 165.547500 93.287964 164.334824
89.526460 165.956000 90.061005 164.746155
86.297890 166.381500 86.815498 165.190613
83.033610 166.817100 83.524910 165.633270
79.736970 167.238800 80.196709 166.072388
76.427180 167.629500 76.864014 166.480927
73.050320 167.986400 73.454727 166.859222
69.640860 168.315400 70.017014 167.197800
66.194370 168.637100 66.552101 167.541809
62.710330 168.931500 63.055599 167.842575
59.214430 169.199600 59.543247 168.130264
55.734640 169.446800 56.036785 168.405197
52.271980 169.681900 52.561775 168.656693
48.833520 169.903400 49.135021 168.872116
45.431860 170.116400 45.716537 169.095673
42.051610 170.315300 42.336967 169.302292
38.742450 170.482700 39.019524 169.471619
35.535340 170.629700 35.797642 169.649292
32.460880 170.758300 32.705376 169.794968
29.526980 170.862700 29.751471 169.923782
26.736320 170.955000 26.936485 170.031311
24.096640 171.032400 24.277529 170.120575
21.599520 171.132300 21.768764 170.227966
19.316590 171.344600 19.374779 170.394135
17.201760 171.658400 17.051641 170.646698
15.089840 171.971500 14.838450 170.959793
12.980420 172.284000 12.744889 171.337540
10.872410 172.596000 10.743396 171.720367
8.838192 172.907600 8.877910 172.047318
7.132350 173.177000 7.165753 172.313065
5.611287 173.387400 5.630515 172.533890
4.309371 173.544500 4.309212 172.703964
3.237420 173.651900 3.246794 172.816971
2.375838 173.729600 2.378778 172.895599
1.679549 173.799100 1.672408 172.979599
1.056923 173.859600 1.040103 173.037460
0.465217 173.909300 0.448500 173.083023
-0.128030 173.962400 -0.135031 173.124191
-0.720230 174.003300 -0.723344 173.167847
-1.330594 174.023800 -1.341105 173.190735
-2.080426 174.055200 -2.082594 173.214844
-2.997577 174.094600 -2.999818 173.258820
-4.098643 174.120700 -4.102118 173.285110
-5.416520 174.168000 -5.426270 173.342102
-6.936037 174.228300 -6.958652 173.416809
-8.609358 174.340400 -8.636555 173.547653
-10.463980 174.413000 -10.493052 173.629425
-12.494230 174.495000 -12.546399 173.736801
-14.662590 174.544200 -14.702978 173.785477
-17.028510 174.612700 -17.073738 173.876526
-19.515490 174.656900 -19.568983 173.940109
-22.153150 174.694500 -22.216373 173.996582
-24.891700 174.736800 -24.975859 174.064941
-27.728470 174.787700 -27.813274 174.143723
-30.668830 174.869400 -30.764080 174.246017
-33.671140 174.970100 -33.796963 174.364548
-36.734690 175.074800 -36.872269 174.487885
-39.843610 175.165700 -40.012325 174.589279
-43.001160 175.252500 -43.168789 174.687454
-46.184910 175.351700 -46.349327 174.790878
-49.374400 175.443100 -49.543175 174.896790
-52.557440 175.526000 -52.743389 174.984467
-55.757590 175.616000 -55.960659 175.086609
-58.925860 175.702900 -59.139740 175.185120
-62.130070 175.804700 -62.329651 175.294434
-65.328080 175.907300 -65.524704 175.405029
-68.537660 176.003100 -68.730164 175.494766
-71.749230 176.080900 -71.939247 175.586487
-74.976500 176.145900 -75.197693 175.667191
-78.208790 176.218000 -78.434921 175.740021
-81.447070 176.257900 -81.672035 175.794891
-84.692180 176.290600 -84.932991 175.840790
-87.936790 176.288700 -88.184547 175.846375
-91.211290 176.258400 -91.459915 175.831146
-94.484440 176.204800 -94.741875 175.800278
-97.757000 176.121600 -98.029228 175.759689
-101.045200 176.004400 -101.357140 175.675018
-104.339000 175.862100 -104.668495 175.557953
-107.640300 175.694600 -107.951637 175.422775
-110.948600 175.520500 -111.231842 175.280807
-114.267700 175.326000 -114.604858 175.130341
-117.598500 175.123100 -117.926094 174.944839
-120.942600 174.923200 -121.302879 174.770370
-124.293900 174.718800 -124.632111 174.589218
-127.663000 174.505900 -128.023041 174.393219
-131.048900 174.295300 -131.425003 174.204834
-134.443100 174.072500 -134.818207 174.008209
-137.847200 173.848200 -138.219025 173.799469
-141.262000 173.635000 -141.650162 173.594055
-144.675300 173.415500 -145.089951 173.390732
-148.093400 173.189000 -148.495392 173.193588
-151.506600 172.967300 -151.926971 172.984024
-154.901800 172.728300 -155.297775 172.782974
-158.292900 172.494700 -158.685196 172.570450
-161.632200 172.250400 -162.002594 172.353668
-164.974900 172.022600 -165.361740 172.158524
-168.236000 171.803200 -168.637817 171.963287
-171.502400 171.597000 -171.921005 171.794922
-174.668300 171.359900 -175.098526 171.569031
-177.746400 171.132500 -178.205994 171.370880
-180.803200 170.903300 -181.266815 171.167511
-183.778700 170.687800 -184.273819 170.975967
-186.701500 170.475800 -187.195511 170.779007
-189.566000 170.268000 -190.053238 170.591537
-192.391300 170.070600 -192.876694 170.410034
-195.149900 169.858100 -195.645966 170.212448
-197.876000 169.626400 -198.381348 169.998627
-200.552400 169.372500 -201.072250 169.756775
-203.199000 169.063700 -203.723984 169.459381
-205.787000 168.703000 -206.351562 169.102646
-208.326100 168.290400 -208.911713 168.686447
-210.824000 167.881700 -211.443008 168.307480
-213.258300 167.488200 -213.907089 167.939392
-215.584000 167.155500 -216.271561 167.633148
-217.825600 166.951000 -218.545883 167.448212
-219.976700 166.840100 -220.715469 167.352539
-222.030600 166.826400 -222.798523 167.344315
-223.989000 166.912900 -224.793533 167.452286
-225.824600 167.087900 -226.658813 167.626419
-227.550100 167.325800 -228.389252 167.854889
-229.178200 167.608800 -230.019424 168.150513
-230.692700 167.920100 -231.547638 168.461060
-232.121600 168.192100 -232.966324 168.723907
-233.453600 168.409000 -234.277039 168.944824
-234.669500 168.528300 -235.499069 169.078629
-235.786800 168.548000 -236.597656 169.111893
-236.809500 168.431800 -237.638931 169.002548
-237.749100 168.202200 -238.475616 168.745789
-238.622500 167.871000 -239.317917 168.419662
-239.423500 167.439100 -240.027359 168.059784
-240.167900 166.948100 -240.778473 167.603027
-240.836500 166.406300 -241.506180 167.084213
-241.484000 165.802100 -242.058029 166.485153
-242.133500 165.204600 -242.721863 165.899002
-242.760700 164.564800 -243.348282 165.268311
-243.373200 163.846400 -243.973587 164.565277
-243.956600 163.041100 -244.552261 163.807907
-244.490700 162.132200 -245.105316 162.918472
-244.987900 161.116800 -245.635773 161.872650
-245.418700 159.925400 -246.075073 160.716309
-245.815100 158.551700 -246.487610 159.364182
-246.200000 156.991700 -246.889862 157.801483
-246.613900 155.230000 -247.313126 156.033478
-246.967700 153.214300 -247.676666 154.010956
-247.267000 150.943600 -247.984161 151.753128
-247.521500 148.451900 -248.256409 149.230942
-247.763400 145.749400 -248.531479 146.520142
-248.018000 142.841100 -248.808273 143.615234
-248.277200 139.720500 -249.094849 140.478775
-248.523100 136.389500 -249.368744 137.141907
-248.773200 132.870500 -249.638535 133.614243
-249.015800 129.335700 -249.907745 130.088043
-249.218400 125.814900 -250.122879 126.558174
-249.397800 122.286300 -250.327133 123.040466
-249.565200 118.755000 -250.502777 119.517990
-249.697400 115.238200 -250.649460 115.993683
-249.820200 111.741900 -250.805954 112.478821
-249.943300 108.268400 -250.941788 109.010986
-250.044800 104.815000 -251.064926 105.559853
-250.125300 101.386800 -251.157028 102.137314
-250.189300 97.986010 -251.233398 98.741417
-250.244000 94.598780 -251.330460 95.310623
-250.305600 91.259170 -251.404419 91.945114
-250.400100 87.936680 -251.531769 88.602051
-250.549700 84.645240 -251.683411 85.257141
-250.690200 81.356670 -251.847137 81.943962
-250.847000 78.103800 -252.026779 78.688400
-251.020300 74.824490 -252.215836 75.381767
-251.181200 71.549630 -252.387680 72.078690
-251.353200 68.299410 -252.595383 68.826561
-251.504400 65.068130 -252.751099 65.608871
-251.635100 61.852520 -252.895813 62.381245
-251.747700 58.661860 -253.035477 59.168034
-251.845300 55.489840 -253.141403 55.990417
-251.935900 52.343660 -253.252777 52.839138
-252.030900 49.220080 -253.368378 49.704365
-252.144000 46.116710 -253.502609 46.603054
-252.285100 43.039160 -253.673233 43.534138
-252.447800 39.988030 -253.844254 40.484859
-252.625400 36.956390 -254.043869 37.476337
-252.810700 33.954820 -254.247437 34.474762
-252.984400 30.978070 -254.437332 31.506784
-253.097600 28.028950 -254.551193 28.554436
-253.116300 25.101150 -254.586288 25.629648
-253.041100 22.203360 -254.532227 22.739075
-252.848100 19.324220 -254.358292 19.848965
-252.488000 16.480910 -254.023438 17.026205
-251.943700 13.650460 -253.505707 14.168587
-251.206200 10.846250 -252.795715 11.335613
-250.269300 8.064427 -251.894394 8.557572
-249.119400 5.314832 -250.760696 5.782769
-247.746000 2.616861 -249.434143 3.097690
-246.166100 -0.017969 -247.888855 0.462923
-244.406300 -2.619939 -246.159164 -2.145470
-242.507000 -5.201607 -244.277359 -4.769059
-240.543700 -7.805212 -242.312927 -7.418191
-238.527600 -10.441420 -240.314957 -10.090131
-236.482900 -13.102670 -238.275208 -12.791762
-234.463000 -15.778320 -236.242142 -15.515617
-232.508700 -18.481870 -234.287064 -18.270691
-230.631700 -21.211600 -232.402573 -21.045116
-228.850200 -23.973140 -230.608200 -23.858749
-227.120500 -26.731510 -228.881439 -26.653028
-225.420200 -29.466820 -227.188995 -29.410238
-223.756600 -32.175260 -225.534805 -32.154442
-222.113500 -34.852880 -223.906967 -34.837902
-220.503000 -37.487790 -222.294205 -37.502651
-218.945600 -40.020000 -220.737091 -40.067593
-217.473700 -42.350380 -219.266708 -42.412140
-216.081800 -44.449900 -217.883911 -44.523487
-214.778200 -46.310220 -216.584717 -46.393517
-213.569900 -47.963370 -215.401230 -48.041580
-212.469800 -49.406600 -214.300842 -49.514889
-211.402700 -50.703570 -213.250549 -50.824734
-210.350300 -51.866650 -212.199768 -51.999233
-209.329000 -52.882180 -211.199066 -53.013077
-208.342100 -53.712810 -210.244781 -53.840668
-207.433900 -54.314810 -209.331070 -54.460518
-206.639200 -54.750770 -208.584976 -54.898354
-205.846700 -55.112410 -207.794342 -55.272640
-205.046500 -55.376850 -207.017227 -55.529869
-204.238300 -55.572130 -206.209534 -55.745331
-203.340400 -55.720010 -205.351440 -55.883472
-202.343700 -55.812630 -204.374115 -56.000286
-201.230000 -55.831900 -203.259750 -56.022530
-199.966900 -55.727910 -201.997147 -55.932774
-198.511800 -55.515700 -200.555191 -55.749496
-196.896300 -55.177990 -198.914352 -55.425575
-195.101200 -54.675310 -197.110214 -54.950619
-193.144500 -53.980020 -195.154892 -54.273396
-191.089500 -53.059560 -193.114182 -53.370403
-188.959500 -51.870660 -190.980392 -52.213993
-186.748300 -50.457590 -188.735916 -50.833824
-184.446800 -48.882240 -186.381134 -49.263245
-181.997000 -47.211720 -183.928741 -47.637505
-179.497700 -45.532110 -181.363541 -45.947464
-176.845100 -43.764640 -178.668839 -44.196404
-174.079200 -41.951340 -175.865555 -42.390278
-171.182700 -40.094050 -172.929352 -40.553570
-168.181500 -38.252180 -169.875076 -38.719383
-165.080700 -36.437440 -166.709213 -36.905052
-161.936900 -34.664440 -163.513702 -35.166897
-158.730900 -32.961050 -160.260117 -33.468296
-155.498500 -31.326070 -156.979797 -31.839401
-152.284900 -29.754520 -153.705872 -30.271128
-149.069300 -28.182760 -150.446289 -28.720394
-145.857700 -26.612150 -147.197632 -27.169342
-142.641000 -25.057000 -143.944855 -25.631176
-139.402500 -23.486330 -140.653046 -24.083073
-136.173000 -21.934650 -137.399017 -22.549503
-132.945300 -20.377060 -134.134003 -21.020344
-129.754900 -18.849320 -130.915268 -19.515783
-126.594800 -17.311780 -127.729599 -17.994471
-123.481600 -15.777190 -124.587234 -16.469484
-120.382000 -14.275260 -121.458214 -14.975413
-117.290900 -12.878730 -118.335480 -13.597734
-114.140500 -11.587510 -115.146721 -12.317080
-110.985900 -10.399830 -111.942490 -11.150633
-107.823700 -9.243398 -108.764954 -10.011279
-104.639900 -8.124757 -105.583839 -8.920293
-101.445300 -7.020636 -102.370834 -7.824797
-98.266820 -5.927679 -99.171921 -6.744678
-95.057020 -4.924307 -95.926537 -5.778719
-91.816180 -3.988153 -92.658264 -4.855944
-88.560330 -3.139167 -89.380501 -4.035229
-85.275670 -2.357662 -86.056808 -3.279060
-81.984180 -1.642797 -82.688942 -2.562864
-78.695610 -0.956720 -79.351830 -1.892082
-75.422800 -0.300680 -76.064346 -1.257941
-72.166360 0.319994 -72.788307 -0.664975
-68.928530 0.923302 -69.515602 -0.085766
-65.700550 1.500442 -66.277817 0.466976
-62.489590 2.047975 -63.027691 0.998163
-59.295260 2.577472 -59.811127 1.492860
-56.128970 3.091711 -56.622120 1.986730
-52.988540 3.575444 -53.465488 2.461422
-49.868360 4.040344 -50.335140 2.901756
-46.776300 4.464286 -47.223526 3.314640
-43.712180 4.856902 -44.167568 3.697414
-40.666360 5.223322 -41.101753 4.049757
-37.689290 5.564962 -38.116047 4.382917
-34.786240 5.888495 -35.182377 4.706978
-31.996720 6.190015 -32.360802 4.983113
-29.296910 6.465571 -29.633717 5.248072
-26.720990 6.720779 -27.032640 5.485285
-24.320240 6.954131 -24.588722 5.709811
-22.089310 7.159574 -22.321508 5.902582
-20.016680 7.362635 -20.212902 6.096670
-18.106820 7.551445 -18.288874 6.279963
-16.337750 7.702083 -16.495596 6.427707
-14.726050 7.819683 -14.846882 6.542380
-13.313500 7.930153 -13.413774 6.646844
-12.128270 8.022018 -12.222161 6.739329
-11.139240 8.100664 -11.207773 6.816906
-10.287410 8.195045 -10.348119 6.900956
-9.518219 8.309922 -9.576297 7.029186
-8.789252 8.478175 -8.856623 7.199966
-8.149181 8.669320 -8.216897 7.378219
-7.829442 8.769976 -7.894546 7.467491
-7.799252 8.787461 -7.867033 7.480037
-7.813018 8.786625 -7.877018 7.478006
-7.809395 8.788143 -7.872163 7.478315
-7.809451 8.779000 -7.874972 7.478570
-7.809131 8.771007 -7.876472 7.476619
-7.804822 8.762953 -7.877223 7.480157
-7.800766 8.755551 -7.869903 7.473899
-7.795082 8.750163 -7.872239 7.474122
-7.789514 8.745234 -7.874419 7.475743
-7.784930 8.740517 -7.877640 7.488764
-7.780166 8.734843 -7.873836 7.474085
-7.775784 8.730871 -7.876679 7.473258
-7.771600 8.726560 -7.872212 7.473850
-7.768634 8.723581 -7.875193 7.477879
-7.766879 8.721761 -7.876170 7.475497
-7.765762 8.717584 -7.875805 7.479252
-7.763983 8.714586 -7.875300 7.476554
-7.763294 8.713489 -7.877744 7.478381
-7.762963 8.712553 -7.877810 7.480993
-7.763086 8.713488 -7.871699 7.476068
-7.762455 8.714167 -7.875702 7.477554
-7.753295 8.722145 -7.879415 7.492551
-7.717107 8.742340 -7.831438 7.505766
-7.658875 8.770779 -7.764843 7.521513
-7.513039 8.836058 -7.606618 7.568250
-7.175297 8.982757 -7.281281 7.712529
-6.640897 9.236569 -6.769297 7.935151
-5.930743 9.644152 -6.069898 8.317897
-5.120740 10.257790 -5.264329 8.880438
-4.260731 11.080700 -4.391066 9.680863
-3.414512 12.135620 -3.563121 10.694351
-2.599066 13.467900 -2.756922 11.988644
-1.884998 15.083310 -2.047564 13.542686
-1.260100 16.974890 -1.429848 15.407467
-0.766019 19.117060 -0.916955 17.562679
-0.469374 21.489410 -0.609368 19.914227
-0.353107 24.066230 -0.487570 22.478237
-0.356192 26.850340 -0.482138 25.292097
-0.405744 29.836580 -0.516350 28.314781
-0.459357 33.017600 -0.559099 31.528603
-0.512628 36.392400 -0.599308 34.932404
-0.584304 39.835620 -0.670218 38.420650
-0.669138 43.283040 -0.732359 41.908352
-0.775721 46.706780 -0.836714 45.419765
-0.884520 50.132480 -0.955279 48.896339
-0.993630 53.521590 -1.055775 52.321419
-1.089707 56.883700 -1.158781 55.722294
-1.185006 60.248880 -1.261637 59.142517
-1.270319 63.565850 -1.355938 62.493267
-1.374798 66.868940 -1.486030 65.819267
-1.472152 70.155470 -1.586157 69.151215
-1.562229 73.416080 -1.682896 72.431534
-1.660434 76.636610 -1.786984 75.678436
-1.775229 79.852040 -1.894881 78.903862
-1.895797 83.032260 -2.016500 82.113289
-2.017852 86.185380 -2.127001 85.313484
-2.146481 89.329260 -2.253842 88.469872
-2.263400 92.442530 -2.364001 91.596954
-2.372203 95.538220 -2.470468 94.718597
-2.465941 98.605540 -2.556941 97.829369
-2.540211 101.651500 -2.626308 100.898758
-2.582148 104.696700 -2.661904 103.955795
-2.595436 107.674300 -2.669789 106.947998
-2.621977 110.691900 -2.702262 109.917206
-2.648827 113.786700 -2.734353 112.998337
-2.681214 116.967200 -2.761677 116.149902
-2.721440 120.204500 -2.794603 119.367424
-2.774777 123.506700 -2.844511 122.679771
-2.842109 126.902400 -2.904162 126.082573
-2.924595 130.351000 -2.982416 129.531235
-3.024507 133.819600 -3.067720 133.012772
-3.138966 137.262500 -3.172979 136.437973
-3.265946 140.693500 -3.289189 139.876434
-3.389718 144.095500 -3.416692 143.229004
-3.526115 147.467500 -3.540660 146.609207
-3.671472 150.775300 -3.681659 149.913254
-3.794318 154.003900 -3.806472 153.129257
-3.904131 157.172200 -3.894844 156.322617
-3.996788 160.276500 -3.999861 159.463272
-4.071651 163.334000 -4.063601 162.531219
-4.122556 166.368900 -4.120753 165.590454
-4.194278 169.380900 -4.205405 168.626022
-4.264263 172.440400 -4.267993 171.688553
-4.319751 175.547300 -4.342389 174.791779
-4.393173 178.705600 -4.418838 177.969086
-4.501446 181.892900 -4.533740 181.172348
-4.607667 185.156000 -4.629042 184.429016
-4.701222 188.477800 -4.709798 187.826523
-4.806531 191.849500 -4.805751 191.256836
-4.887285 195.207400 -4.885195 194.650482
-4.976513 198.565600 -4.969086 198.027405
-5.057617 201.890800 -5.051582 201.373154
-5.132018 205.179500 -5.137390 204.657745
-5.210165 208.394000 -5.207433 207.869095
-5.281372 211.451500 -5.272798 210.935577
-5.354878 214.365600 -5.314356 213.858047
-5.416052 217.205700 -5.352942 216.670364
-5.469074 220.014000 -5.389139 219.527206
-5.505322 222.798100 -5.410238 222.330292
-5.545023 225.571400 -5.414108 225.158493
-5.563610 228.337300 -5.382798 228.010086
-5.598680 231.130300 -5.407162 230.783966
-5.715519 233.992700 -5.515981 233.651306
-5.886862 236.912900 -5.672068 236.569901
-6.076718 239.911700 -5.861708 239.585541
-6.214931 243.011500 -5.976972 242.686966
-6.364206 246.210000 -6.111884 245.894455
-6.521044 249.542600 -6.238395 249.241043
-6.657659 252.972000 -6.366736 252.674408
-6.794881 256.491900 -6.491367 256.205719
-6.924264 260.026600 -6.616334 259.741425
-7.052122 263.522600 -6.736431 263.250366
-7.164917 266.998200 -6.840839 266.707947
-7.284815 270.457200 -6.951584 270.141754
-7.417194 273.852800 -7.067929 273.520538
-7.523524 277.174400 -7.168205 276.846741
-7.651625 280.358300 -7.277586 280.039856
-7.782923 283.414900 -7.391288 283.127228
-7.918403 286.315200 -7.534492 286.043884
-8.055697 289.119300 -7.658041 288.901520
-8.185460 291.911300 -7.775124 291.699707
-8.314789 294.668400 -7.892047 294.496887
-8.425515 297.433700 -8.010365 297.282349
-8.486769 300.239900 -8.058928 300.085571
-8.528132 303.087600 -8.098055 302.949371
-8.538802 306.012500 -8.100389 305.870911
-8.512542 309.030900 -8.067913 308.906677
-8.446156 312.111900 -7.993931 311.990326
-8.351900 315.297900 -7.904604 315.178589
-8.211642 318.520500 -7.773342 318.454010
-8.031870 321.816300 -7.581784 321.763428
-7.798255 325.179400 -7.338403 325.142761
-7.513710 328.583000 -7.058444 328.532257
-7.227060 332.070400 -6.771318 332.018463
-6.930360 335.644600 -6.487276 335.566956
-6.634241 339.252200 -6.207687 339.153717
-6.353320 342.849100 -5.919773 342.714844
-6.099343 346.409700 -5.663382 346.257507
-5.858059 349.945000 -5.411011 349.794403
-5.647279 353.444000 -5.187141 353.290039
-5.439992 356.885000 -4.978541 356.724304
-5.251048 360.315600 -4.793538 360.174042
-5.098453 363.671600 -4.631647 363.544464
-4.951017 366.989800 -4.457790 366.862732
-4.804541 370.256900 -4.285011 370.140839
