0.000000 0.000000 0.000012 0.000003
-0.017534 0.283467 -0.026082 0.285374
-0.060000 0.627936 -0.084193 0.626053
-0.141534 1.081913 -0.176022 1.075508
-0.293459 1.604140 -0.465626 1.641899
-0.522492 2.173020 -0.704526 2.208341
-0.839493 2.758285 -0.782825 2.586194
-1.242764 3.333105 -1.143142 3.113847
-1.761568 3.880703 -1.684747 3.699075
-2.415527 4.382391 -2.317819 4.212758
-3.215512 4.824434 -3.100059 4.650695
-4.177130 5.153468 -4.032405 4.971449
-5.299329 5.360943 -5.117590 5.185970
-6.558994 5.427674 -6.350732 5.243673
-7.950411 5.389282 -7.734070 5.197761
-9.480377 5.263869 -9.251575 5.070877
-11.152740 5.088360 -10.919973 4.891288
-12.964270 4.901812 -12.736341 4.697424
-14.913410 4.697363 -14.683699 4.488733
-17.004780 4.494630 -16.794409 4.276566
-19.224270 4.290984 -19.015923 4.059957
-21.564480 4.100217 -21.344341 3.855807
-23.969500 3.908970 -23.747923 3.652050
-26.461360 3.716343 -26.231581 3.432026
-28.997620 3.492898 -28.753860 3.207660
-31.515860 3.271990 -31.260956 2.979495
-34.026260 3.051261 -33.761360 2.746746
-36.533450 2.843137 -36.252010 2.523170
-39.049180 2.638855 -38.781315 2.300888
-41.538400 2.436154 -41.210060 2.101410
-44.015190 2.223683 -43.664738 1.866007
-46.483350 2.028253 -46.135094 1.663467
-48.933140 1.820295 -48.552029 1.445468
-51.328710 1.575304 -50.930012 1.184505
-53.701960 1.337479 -53.298019 0.941782
-56.038080 1.110756 -55.619553 0.710920
-58.330390 0.883063 -57.918629 0.470100
-60.536580 0.662366 -60.118305 0.237865
-62.620220 0.461718 -62.213863 0.021572
-64.570470 0.320188 -64.149696 -0.123021
-66.375630 0.255567 -65.981827 -0.199045
-67.990520 0.345560 -67.590744 -0.111685
-69.403760 0.611089 -69.007500 0.126837
-70.681710 1.080744 -70.240601 0.547698
-71.814190 1.753829 -71.374321 1.204833
-72.810710 2.601772 -72.423447 2.029344
-73.659320 3.554385 -73.308449 3.011249
-74.401710 4.718510 -74.055199 4.177445
-75.018160 6.110247 -74.711304 5.613036
-75.539300 7.706095 -75.235245 7.219589
-75.980690 9.486418 -75.674988 9.024276
-76.379030 11.414990 -76.091110 10.969683
-76.702710 13.494070 -76.426292 13.060848
-76.964630 15.687850 -76.710487 15.260307
-77.198810 17.993590 -76.972435 17.596024
-77.402440 20.301510 -77.184471 19.906635
-77.573400 22.614340 -77.376617 22.218504
-77.734200 24.898110 -77.560799 24.486591
-77.908780 27.180670 -77.733963 26.757803
-78.064690 29.440670 -77.896255 29.057261
-78.198100 31.701300 -78.024521 31.307089
-78.346240 34.000930 -78.167847 33.618572
-78.507180 36.347540 -78.322983 35.984505
-78.700400 38.735230 -78.514206 38.363720
-78.895930 41.194680 -78.704987 40.829308
-79.100340 43.724740 -78.905342 43.336685
-79.318630 46.299200 -79.124138 45.922493
-79.508610 48.902070 -79.306480 48.538078
-79.697420 51.529450 -79.485039 51.176476
-79.900390 54.113500 -79.671822 53.768845
-80.092730 56.670630 -79.855637 56.333054
-80.280860 59.213100 -80.031914 58.893383
-80.474010 61.695670 -80.221634 61.395233
-80.696040 64.136290 -80.437897 63.843338
-80.945180 66.559290 -80.692757 66.251648
-81.219160 68.948800 -80.953819 68.658463
-81.542260 71.291910 -81.263268 70.998489
-81.910890 73.584740 -81.599747 73.290070
-82.326990 75.851980 -81.986145 75.587761
-82.765640 78.069230 -82.400345 77.825211
-83.284090 80.280970 -82.888626 80.019226
-83.856430 82.430700 -83.467789 82.160095
-84.492780 84.584160 -84.098000 84.328117
-85.212300 86.715560 -84.827011 86.445145
-85.996320 88.820790 -85.611259 88.555565
-86.860390 90.918090 -86.462288 90.666389
-87.802500 93.003510 -87.375443 92.767738
-88.749010 95.068170 -88.288933 94.843613
-89.747960 97.163510 -89.285019 96.949837
-90.774930 99.219550 -90.302528 99.026344
-91.840000 101.277400 -91.364502 101.108643
-92.914780 103.296100 -92.421402 103.130470
-94.015070 105.267400 -93.489403 105.127861
-95.123350 107.187800 -94.570343 107.059975
-96.223200 109.067700 -95.637611 108.941910
-97.263380 110.813500 -96.651535 110.701050
-98.241750 112.423300 -97.612839 112.324516
-99.124850 113.865700 -98.479309 113.780342
-99.918840 115.113700 -99.279335 115.039627
-100.633200 116.204600 -99.963493 116.139412
-101.305600 117.126600 -100.584793 117.056946
-101.873900 117.899200 -101.159065 117.827698
-102.405300 118.508600 -101.669037 118.458755
-102.901800 118.981600 -102.142166 118.932556
-103.418300 119.366800 -102.627525 119.336449
-103.954800 119.734800 -103.124443 119.674995
-104.533600 120.029100 -103.676682 119.988380
-105.136200 120.256600 -104.251724 120.224380
-105.801600 120.452000 -104.843887 120.386429
-106.640800 120.599400 -105.648140 120.569992
-107.630100 120.643400 -106.573227 120.614944
-108.711300 120.530800 -107.610352 120.541077
-109.893600 120.252600 -108.785255 120.235657
-111.159800 119.776100 -110.074783 119.769623
-112.496700 119.062200 -111.411102 119.083717
-113.898700 118.106700 -112.811371 118.153450
-115.384500 116.988900 -114.244118 117.104256
-116.978000 115.737300 -115.825722 115.873283
-118.659900 114.366200 -117.496307 114.537117
-120.438900 112.893300 -119.278259 113.096336
-122.328200 111.322200 -121.189629 111.546051
-124.284900 109.650200 -123.192253 109.899185
-126.332000 107.913600 -125.283867 108.179474
-128.461900 106.101400 -127.435608 106.393425
-130.662300 104.214900 -129.672470 104.516762
-132.923400 102.303500 -131.948990 102.610970
-135.189200 100.390400 -134.229843 100.722321
-137.468500 98.469440 -136.504257 98.817192
-139.748000 96.546090 -138.777817 96.905106
-142.020800 94.620440 -141.029938 95.008095
-144.286200 92.690670 -143.257996 93.107300
-146.547500 90.774040 -145.484390 91.207626
-148.833300 88.871460 -147.756378 89.312500
-151.113400 86.978090 -150.010056 87.451187
-153.379000 85.085390 -152.270935 85.572891
-155.629200 83.206150 -154.510941 83.723366
-157.861400 81.326710 -156.720917 81.873657
-160.058500 79.464550 -158.896957 80.036613
-162.221300 77.608580 -161.059891 78.222626
-164.376700 75.774280 -163.226868 76.410194
-166.524800 73.967130 -165.361938 74.625679
-168.668400 72.191080 -167.469559 72.886162
-170.783100 70.468000 -169.555878 71.164421
-172.829900 68.807490 -171.583145 69.482536
-174.785600 67.216050 -173.524139 67.887642
-176.663800 65.684200 -175.413574 66.333679
-178.444800 64.197390 -177.194138 64.869354
-180.100300 62.765190 -178.881210 63.476273
-181.648600 61.419590 -180.443405 62.162796
-183.088500 60.110320 -181.903046 60.876015
-184.404500 58.801210 -183.226700 59.591408
-185.549500 57.458340 -184.354599 58.285072
-186.455000 56.066080 -185.287201 56.920895
-187.120600 54.647590 -185.931870 55.595371
-187.525600 53.213090 -186.357254 54.204666
-187.748500 51.772320 -186.610092 52.797375
-187.716500 50.330420 -186.579956 51.363304
-187.519800 48.954720 -186.421204 49.963539
-187.091900 47.667580 -186.025192 48.715195
-186.478200 46.430560 -185.448181 47.467552
-185.743700 45.217520 -184.697449 46.255630
-184.898100 44.044150 -183.855698 45.079762
-183.968900 42.858990 -182.924149 43.885525
-182.972800 41.628580 -181.930511 42.647881
-181.887200 40.344680 -180.847763 41.353115
-180.726700 38.951790 -179.708664 39.958424
-179.492700 37.459110 -178.484329 38.457458
-178.162100 35.849180 -177.161926 36.847477
-176.710600 34.142700 -175.728241 35.160946
-175.171800 32.296660 -174.203796 33.285816
-173.559000 30.363270 -172.604752 31.365570
-171.867000 28.346750 -170.955917 29.335417
-170.123400 26.259270 -169.250366 27.220562
-168.337100 24.097840 -167.480270 25.031836
-166.581500 21.908660 -165.727814 22.850334
-164.835100 19.714670 -163.962982 20.644361
-163.104500 17.573870 -162.204346 18.453554
-161.377300 15.429150 -160.499405 16.335543
-159.682200 13.303470 -158.801346 14.222010
-158.088000 11.153610 -157.204117 12.066541
-156.652500 8.940913 -155.757523 9.838502
-155.433700 6.640524 -154.524658 7.511826
-154.451100 4.275819 -153.528793 5.108421
-153.690900 1.836084 -152.759598 2.658176
-153.116700 -0.684920 -152.192764 0.126504
-152.659200 -3.301845 -151.750046 -2.522724
-152.323800 -6.003442 -151.422943 -5.229594
-152.034900 -8.818435 -151.153107 -8.031731
-151.705400 -11.696490 -150.830597 -10.924289
-151.368100 -14.689410 -150.502502 -13.902809
-151.018300 -17.760610 -150.180206 -16.961891
-150.658400 -20.884570 -149.829041 -20.096916
-150.317300 -24.039630 -149.510574 -23.256264
-149.995500 -27.198720 -149.194992 -26.426226
-149.688200 -30.326210 -148.900726 -29.555870
-149.392500 -33.448800 -148.610565 -32.658344
-149.124700 -36.525700 -148.352280 -35.741474
-148.881400 -39.588890 -148.113052 -38.798073
-148.663600 -42.621440 -147.917419 -41.843903
-148.444100 -45.622170 -147.727234 -44.854839
-148.225800 -48.590750 -147.548126 -47.817963
-148.013500 -51.538440 -147.370560 -50.772560
-147.797700 -54.448530 -147.182129 -53.711548
-147.579700 -57.330200 -146.977600 -56.573738
-147.341500 -60.171640 -146.749176 -59.405987
-147.099100 -62.956470 -146.517349 -62.196033
-146.873600 -65.641890 -146.311859 -64.880150
-146.684200 -68.188960 -146.153564 -67.434296
-146.575000 -70.550950 -146.072571 -69.811089
-146.515200 -72.689370 -146.050201 -71.971588
-146.496000 -74.588600 -146.064102 -73.879143
-146.520100 -76.249210 -146.106995 -75.536896
-146.562400 -77.644470 -146.140793 -76.946655
-146.614700 -78.752900 -146.192963 -78.085617
-146.644400 -79.571930 -146.190887 -78.916977
-146.661300 -80.195760 -146.185455 -79.558884
-146.655800 -80.746170 -146.185562 -80.141075
-146.626400 -81.202170 -146.175674 -80.627716
-146.606400 -81.580050 -146.145508 -81.017639
-146.554400 -81.887990 -146.126160 -81.344421
-146.509800 -82.072680 -146.086990 -81.528984
-146.481300 -82.147900 -146.067795 -81.599144
-146.467500 -82.144490 -146.087738 -81.576691
-146.474300 -82.148460 -146.060089 -81.607498
-146.483700 -82.145920 -146.026337 -81.615929
-146.487400 -82.144780 -146.062607 -81.624519
-146.492900 -82.150980 -146.084976 -81.540436
-146.495200 -82.155360 -146.084167 -81.540512
-146.494300 -82.156570 -146.084259 -81.538963
-146.487800 -82.148430 -146.082550 -81.537682
-146.487300 -82.140910 -146.085175 -81.541199
-146.486500 -82.135050 -146.082443 -81.541237
-146.488100 -82.132520 -146.073410 -81.536530
-146.489000 -82.133460 -146.087173 -81.537384
-146.484700 -82.133480 -146.085342 -81.537369
-146.484900 -82.133510 -146.084686 -81.538734
-146.480100 -82.133670 -146.081848 -81.539124
-146.472100 -82.131890 -146.080566 -81.538956
-146.477500 -82.133220 -146.081955 -81.535477
-146.525000 -82.162010 -146.087067 -81.539902
-146.565900 -82.217300 -146.075134 -81.559204
-146.590600 -82.310130 -146.044693 -81.628677
-146.581800 -82.426170 -145.988510 -81.721794
-146.551800 -82.574220 -145.955872 -81.859879
-146.475900 -82.778480 -145.863037 -82.045021
-146.351300 -83.116710 -145.719055 -82.368721
-146.156300 -83.574440 -145.512466 -82.800087
-145.879500 -84.106160 -145.225677 -83.344063
-145.491300 -84.682600 -144.920059 -83.838852
-144.895700 -85.318510 -144.365219 -84.412270
-144.077500 -86.065360 -143.586365 -85.149765
-142.947400 -86.840620 -142.414108 -85.922928
-141.509200 -87.543350 -140.946930 -86.617676
-139.798500 -88.087580 -139.201523 -87.150726
-137.828100 -88.433330 -137.222458 -87.488930
-135.614800 -88.607530 -134.971664 -87.647720
-133.180100 -88.696560 -132.547913 -87.724693
-130.552000 -88.680490 -129.912933 -87.674797
-127.723900 -88.575690 -127.064636 -87.556717
-124.683500 -88.464330 -124.047050 -87.422211
-121.460200 -88.294280 -120.837959 -87.254158
-118.086600 -88.040550 -117.467644 -87.019585
-114.579400 -87.745070 -113.965858 -86.739197
-110.975100 -87.438680 -110.387833 -86.460732
-107.385700 -87.146760 -106.794876 -86.190758
-103.821100 -86.859660 -103.236382 -85.928978
-100.261700 -86.572000 -99.683662 -85.669991
-96.736140 -86.293870 -96.127029 -85.426880
-93.228880 -86.017520 -92.615898 -85.176605
-89.760830 -85.757500 -89.137497 -84.938728
-86.314280 -85.511300 -85.715088 -84.696625
-82.904810 -85.266650 -82.291763 -84.468407
-79.525840 -84.982830 -78.899628 -84.197296
-76.174850 -84.684980 -75.530785 -83.918694
-72.849640 -84.375480 -72.208519 -83.603943
-69.556400 -84.051650 -68.905739 -83.289581
-66.269780 -83.744240 -65.636543 -82.999214
-62.988460 -83.463860 -62.350117 -82.747513
-59.725320 -83.192290 -59.098640 -82.490875
-56.511930 -82.928720 -55.868584 -82.255569
-53.287950 -82.677770 -52.630348 -82.042130
-50.102380 -82.423820 -49.403496 -81.832954
-46.961330 -82.161740 -46.213627 -81.597626
-43.795000 -81.913070 -43.022430 -81.387634
-40.605850 -81.669580 -39.837448 -81.165520
-37.446990 -81.429200 -36.727177 -80.920891
-34.324130 -81.178460 -33.595341 -80.682152
-31.234230 -80.938930 -30.493538 -80.467522
-28.164850 -80.719500 -27.429617 -80.235191
-25.130870 -80.512870 -24.412161 -80.021545
-22.128140 -80.313820 -21.382978 -79.834358
-19.203440 -80.118030 -18.457336 -79.645485
-16.439970 -79.929640 -15.676859 -79.463432
-13.862420 -79.730950 -13.081428 -79.294662
-11.471000 -79.505250 -10.675059 -79.099983
-9.267307 -79.258710 -8.490426 -78.861824
-7.272311 -78.940490 -6.442004 -78.579292
-5.472914 -78.549550 -4.675118 -78.218964
-3.867830 -78.086270 -3.048764 -77.748016
-2.385605 -77.503960 -1.561197 -77.194130
-1.027851 -76.800120 -0.262151 -76.544632
0.166806 -75.911920 0.916193 -75.697639
1.182030 -74.883010 1.911435 -74.744408
1.977241 -73.709730 2.748626 -73.605743
2.625592 -72.432540 3.392786 -72.330200
3.046312 -71.053430 3.801715 -70.968849
3.332790 -69.610070 4.078187 -69.561790
3.505748 -68.096830 4.229239 -68.059166
3.623078 -66.505600 4.347053 -66.469070
3.673887 -64.790020 4.402052 -64.765465
3.664022 -62.925430 4.389606 -62.915756
3.591227 -60.915700 4.315747 -60.911983
3.485568 -58.760380 4.206729 -58.752964
3.375737 -56.493750 4.103987 -56.487759
3.243097 -54.203520 3.965109 -54.208698
3.069795 -51.907210 3.806974 -51.913006
2.871709 -49.612280 3.624565 -49.642002
2.690256 -47.318710 3.449551 -47.361298
2.514617 -45.039680 3.262572 -45.101166
2.336487 -42.787040 3.100336 -42.858231
2.176053 -40.574230 2.927780 -40.624035
2.023801 -38.441270 2.771138 -38.499737
1.895520 -36.414710 2.626543 -36.452076
1.766675 -34.458180 2.487608 -34.506290
1.645582 -32.544470 2.354482 -32.585506
1.524724 -30.674470 2.215195 -30.706211
1.412389 -28.840280 2.083439 -28.868061
1.305986 -27.028700 1.939982 -27.050810
1.191105 -25.239530 1.796471 -25.255146
1.067365 -23.476920 1.652404 -23.500725
0.934574 -21.765460 1.491232 -21.781784
0.802905 -20.140230 1.346066 -20.159359
0.699503 -18.615910 1.207556 -18.646976
0.601767 -17.196320 1.094924 -17.221563
0.507341 -15.885810 0.997492 -15.911405
0.417035 -14.726660 0.896527 -14.743964
0.351258 -13.760620 0.832094 -13.771098
0.299516 -12.930350 0.769437 -12.934696
0.263868 -12.153000 0.720172 -12.161132
0.238575 -11.391050 0.669179 -11.391640
0.198165 -10.644890 0.615484 -10.649490
0.151201 -9.907869 0.555139 -9.916587
0.091011 -9.183499 0.463323 -9.193320
0.016860 -8.476707 0.362903 -8.494880
-0.070862 -7.778389 0.268100 -7.808625
-0.158415 -7.094030 0.178493 -7.115812
-0.234301 -6.412690 0.114532 -6.445846
-0.307917 -5.742297 0.046776 -5.775905
-0.360353 -5.068979 -0.010306 -5.114436
-0.401589 -4.328040 -0.059076 -4.370819
-0.431289 -3.483170 -0.098279 -3.531706
-0.464543 -2.555900 -0.127799 -2.609024
-0.487938 -1.556277 -0.166416 -1.601239
-0.499710 -0.485171 -0.173869 -0.536792
-0.511556 0.679747 -0.225844 0.628914
-0.388368 1.890361 -0.020313 1.830263
-0.387786 3.050660 -0.098184 2.958741
-0.473375 4.175334 -0.232724 4.045287
-0.669462 5.262875 -0.489259 5.111320
-0.929674 6.291946 -0.764575 6.088482
-1.229340 7.289411 -1.080655 7.070437
-1.438607 8.249384 -1.320990 8.032728
-1.565470 8.946937 -1.451032 8.737231
-1.615795 9.324632 -1.509292 9.123426
-1.635852 9.404838 -1.531266 9.201730
-1.640332 9.376167 -1.527230 9.184250
-1.643540 9.371050 -1.526714 9.182899
